# Diamond Light Source Ltd.
# Data extracted from: /dls/b21/data/2017/mx13440-2/processed/b21-369037_00003.dat
q(1/A)          Column          Error           
0.0040000000    0.8749542600    0.0218738560    
0.0042415885    0.9002564200    0.0208685870    
0.0044831771    0.6871489700    0.0169731100    
0.0047247656    0.5321840900    0.0144628060    
0.0049663541    0.4517407100    0.0125629020    
0.0052079426    0.3710352900    0.0117156060    
0.0054495312    0.2735599200    0.0092745498    
0.0056911197    0.2526673500    0.0084035909    
0.0059327082    0.2057114700    0.0075826253    
0.0061742967    0.1678706900    0.0065642634    
0.0064158853    0.1567152400    0.0062786637    
0.0066574738    0.1262238700    0.0053244326    
0.0068990623    0.1163987400    0.0051592836    
0.0071406509    0.1079014300    0.0048794714    
0.0073822394    0.0905165280    0.0043201182    
0.0076238279    0.0868631350    0.0041316580    
0.0078654164    0.0768848410    0.0039493090    
0.0081070050    0.0738242660    0.0036683573    
0.0083485935    0.0654368240    0.0033349694    
0.0085901820    0.0592691620    0.0031955790    
0.0088317705    0.0550468380    0.0029985923    
0.0090733591    0.0540186100    0.0029513520    
0.0093149476    0.0492617480    0.0027158881    
0.0095565361    0.0468660400    0.0026490252    
0.0097981247    0.0417751600    0.0025010134    
0.0100397130    0.0472353780    0.0025692658    
0.0102813020    0.0410961440    0.0024515904    
0.0105228900    0.0390158170    0.0022377106    
0.0107644790    0.0372083410    0.0022079088    
0.0110060670    0.0332493450    0.0020348269    
0.0112476560    0.0384722530    0.0021780625    
0.0114892440    0.0333003420    0.0019972218    
0.0117308330    0.0321556010    0.0019533136    
0.0119724210    0.0318475320    0.0019169962    
0.0122140100    0.0307071500    0.0018653265    
0.0124555980    0.0285657740    0.0017449323    
0.0126971870    0.0307071500    0.0018653265    
0.0129387760    0.0314436690    0.0017858804    
0.0131803640    0.0276704280    0.0017029971    
0.0134219530    0.0271049300    0.0016256457    
0.0136635410    0.0279062560    0.0016559316    
0.0139051300    0.0248601510    0.0015629443    
0.0141467180    0.0249672120    0.0015308380    
0.0143883070    0.0275246030    0.0015838629    
0.0146298950    0.0267954740    0.0015627438    
0.0148714840    0.0252474160    0.0015280431    
0.0151130720    0.0248834790    0.0015005302    
0.0153546610    0.0247356860    0.0014401673    
0.0155962490    0.0266950330    0.0015113086    
0.0158378380    0.0211530130    0.0013143843    
0.0160794260    0.0239298570    0.0013979972    
0.0163210150    0.0246862090    0.0013887078    
0.0165626030    0.0215845570    0.0013234341    
0.0168041920    0.0207867130    0.0012512131    
0.0170457800    0.0216484890    0.0012846015    
0.0172873690    0.0204101420    0.0012398278    
0.0175289580    0.0229966710    0.0013082349    
0.0177705460    0.0245799650    0.0013291323    
0.0180121350    0.0248036090    0.0013201629    
0.0182537230    0.0228868670    0.0012541926    
0.0184953120    0.0213953660    0.0012093376    
0.0187369000    0.0228308380    0.0012492479    
0.0189784890    0.0218484870    0.0011901629    
0.0192200770    0.0212746520    0.0011930233    
0.0194616660    0.0210259680    0.0011556917    
0.0197032540    0.0227039410    0.0012101241    
0.0199448430    0.0207689460    0.0011574081    
0.0201864310    0.0204542650    0.0011398716    
0.0204280200    0.0217968730    0.0011536129    
0.0206696080    0.0215359470    0.0011303441    
0.0209111970    0.0191450120    0.0010891217    
0.0211527850    0.0190408880    0.0010529635    
0.0213943740    0.0192464500    0.0010610911    
0.0216359620    0.0181280870    0.0010346246    
0.0218775510    0.0207674460    0.0011022216    
0.0221191400    0.0220528690    0.0011152615    
0.0223607280    0.0214818690    0.0010933984    
0.0226023170    0.0202538560    0.0010936054    
0.0228439050    0.0217541600    0.0010836519    
0.0230854940    0.0211236950    0.0010655495    
0.0233270820    0.0199633850    0.0010336649    
0.0235686710    0.0206552380    0.0010581999    
0.0238102590    0.0196457960    0.0010104707    
0.0240518480    0.0207913240    0.0010331292    
0.0242934360    0.0212442940    0.0010595691    
0.0245350250    0.0192270300    0.0009955379    
0.0247766130    0.0189935040    0.0009834463    
0.0250182020    0.0187102820    0.0009861185    
0.0252597900    0.0202031760    0.0010002063    
0.0255013790    0.0210111960    0.0010120737    
0.0257429670    0.0191353690    0.0009677172    
0.0259845560    0.0177901820    0.0009223780    
0.0262261450    0.0190597010    0.0009602138    
0.0264677330    0.0206156990    0.0009873129    
0.0267093220    0.0190991170    0.0009432382    
0.0269509100    0.0183244750    0.0009290878    
0.0271924990    0.0195855770    0.0009534110    
0.0274340870    0.0178806530    0.0009160536    
0.0276756760    0.0201148670    0.0009556862    
0.0279172640    0.0190019290    0.0009271992    
0.0281588530    0.0191530560    0.0009193761    
0.0284004410    0.0194501550    0.0009347148    
0.0286420300    0.0191039200    0.0009086808    
0.0288836180    0.0185793470    0.0009055019    
0.0291252070    0.0197766910    0.0009151561    
0.0293667950    0.0195601300    0.0009210506    
0.0296083840    0.0188026790    0.0008923356    
0.0298499720    0.0177363610    0.0008695966    
0.0300915610    0.0187179820    0.0008903236    
0.0303331490    0.0196574990    0.0009048097    
0.0305747380    0.0182170420    0.0008597153    
0.0308163270    0.0182170420    0.0008597153    
0.0310579150    0.0196650960    0.0008975847    
0.0312995040    0.0181808900    0.0008561047    
0.0315410920    0.0183670950    0.0008563702    
0.0317826810    0.0178544490    0.0008416668    
0.0320242690    0.0186130940    0.0008513431    
0.0322658580    0.0187059790    0.0008656095    
0.0325074460    0.0179180540    0.0008327226    
0.0327490350    0.0203085710    0.0008838171    
0.0329906230    0.0191674580    0.0008495826    
0.0332322120    0.0187899740    0.0008462579    
0.0334738000    0.0180685150    0.0008187626    
0.0337153890    0.0197910150    0.0008556402    
0.0339569770    0.0181798200    0.0008212806    
0.0341985660    0.0178987040    0.0008161106    
0.0344401540    0.0186668470    0.0008225595    
0.0346817430    0.0191428320    0.0008402770    
0.0349233310    0.0196705740    0.0008480587    
0.0351649200    0.0194475130    0.0008277411    
0.0354065090    0.0183495630    0.0008085784    
0.0356480970    0.0191953640    0.0008155328    
0.0358896860    0.0175021660    0.0007874597    
0.0361312740    0.0186422190    0.0008014916    
0.0363728630    0.0200828230    0.0008296138    
0.0366144510    0.0180126060    0.0007921935    
0.0368560400    0.0178180790    0.0007761677    
0.0370976280    0.0192993100    0.0008177380    
0.0373392170    0.0180163720    0.0007825812    
0.0375808050    0.0180010840    0.0007739271    
0.0378223940    0.0188329270    0.0007916070    
0.0380639820    0.0168034970    0.0007507249    
0.0383055710    0.0187372020    0.0007773501    
0.0385471590    0.0198574490    0.0008033464    
0.0387887480    0.0188334470    0.0007854090    
0.0390303360    0.0188501990    0.0007767089    
0.0392719250    0.0193769610    0.0007864866    
0.0395135140    0.0183235190    0.0007648089    
0.0397551020    0.0188496080    0.0007909120    
0.0399966910    0.0188508250    0.0007613777    
0.0402382790    0.0183824520    0.0007574358    
0.0404798680    0.0186663150    0.0007576424    
0.0407214560    0.0182545790    0.0007566766    
0.0409630450    0.0187446800    0.0007546324    
0.0412046330    0.0181435350    0.0007469575    
0.0414462220    0.0191685440    0.0007612801    
0.0416878100    0.0178256190    0.0007332480    
0.0419293990    0.0186555740    0.0007492259    
0.0421709870    0.0178653810    0.0007305698    
0.0424125760    0.0181272370    0.0007394254    
0.0426541640    0.0190417010    0.0007463031    
0.0428957530    0.0181772260    0.0007300149    
0.0431373410    0.0177254540    0.0007200474    
0.0433789300    0.0179719320    0.0007200302    
0.0436205180    0.0196989560    0.0007521096    
0.0438621070    0.0183469480    0.0007275038    
0.0441036960    0.0184641820    0.0007281562    
0.0443452840    0.0178628300    0.0007105452    
0.0445868730    0.0185777270    0.0007320650    
0.0448284610    0.0173045690    0.0006977876    
0.0450700500    0.0178732430    0.0007333481    
0.0453116380    0.0166893320    0.0007103451    
0.0455532270    0.0190102180    0.0007799987    
0.0457948150    0.0171423860    0.0007397486    
0.0460364040    0.0172619320    0.0007442148    
0.0462779920    0.0188331030    0.0007895247    
0.0465195810    0.0177739470    0.0007670024    
0.0467611690    0.0174816790    0.0007636907    
0.0470027580    0.0175484030    0.0007651467    
0.0472443460    0.0184840130    0.0008013836    
0.0474859350    0.0190526600    0.0008036879    
0.0477275230    0.0185043840    0.0007985231    
0.0479691120    0.0187970940    0.0008059188    
0.0482107000    0.0193418200    0.0008254888    
0.0484522890    0.0189533030    0.0008126161    
0.0486938780    0.0176296520    0.0007892116    
0.0489354660    0.0183687870    0.0008078583    
0.0491770550    0.0189389030    0.0008297284    
0.0494186430    0.0184469520    0.0008028005    
0.0496602320    0.0193778830    0.0007998108    
0.0499018200    0.0194758230    0.0007904993    
0.0501434090    0.0169252340    0.0007249974    
0.0503849970    0.0173891860    0.0007277148    
0.0506265860    0.0181307650    0.0007377304    
0.0508681740    0.0175430400    0.0007222355    
0.0511097630    0.0196173150    0.0007601555    
0.0513513510    0.0181138240    0.0007171332    
0.0515929400    0.0189981330    0.0007463171    
0.0518345280    0.0185680900    0.0007260698    
0.0520761170    0.0186773940    0.0007365645    
0.0523177050    0.0190575970    0.0007218580    
0.0525592940    0.0176595590    0.0007080838    
0.0528008830    0.0176946380    0.0006903336    
0.0530424710    0.0189746280    0.0007171735    
0.0532840600    0.0181823520    0.0006982890    
0.0535256480    0.0187991570    0.0007100344    
0.0537672370    0.0174027850    0.0006774025    
0.0540088250    0.0174760600    0.0006802547    
0.0542504140    0.0172239200    0.0006781912    
0.0544920020    0.0182754020    0.0006927273    
0.0547335910    0.0170805110    0.0006648580    
0.0549751790    0.0185068450    0.0006892309    
0.0552167680    0.0181074380    0.0006824497    
0.0554583560    0.0176336090    0.0006660122    
0.0556999450    0.0194038070    0.0006965561    
0.0559415330    0.0180040360    0.0006756794    
0.0561831220    0.0190401980    0.0006879503    
0.0564247100    0.0179889910    0.0006667164    
0.0566662990    0.0195159140    0.0006917232    
0.0569078870    0.0179035120    0.0006690857    
0.0571494760    0.0179958310    0.0006642382    
0.0573910650    0.0182836910    0.0006593268    
0.0576326530    0.0181540410    0.0006620098    
0.0578742420    0.0193351510    0.0006818982    
0.0581158300    0.0175801370    0.0006440864    
0.0583574190    0.0193246320    0.0006740240    
0.0585990070    0.0190682970    0.0006733250    
0.0588405960    0.0176937250    0.0006473796    
0.0590821840    0.0176224040    0.0006400745    
0.0593237730    0.0191467400    0.0006690412    
0.0595653610    0.0176885360    0.0006454638    
0.0598069500    0.0178293490    0.0006339387    
0.0600485380    0.0180459320    0.0006412343    
0.0602901270    0.0170058320    0.0006230455    
0.0605317150    0.0186516840    0.0006489751    
0.0607733040    0.0182395660    0.0006389041    
0.0610148920    0.0175767850    0.0006305636    
0.0612564810    0.0184962760    0.0006439577    
0.0614980690    0.0189321670    0.0006452065    
0.0617396580    0.0177740080    0.0006392866    
0.0619812470    0.0184071700    0.0006499798    
0.0622228350    0.0175178060    0.0006300717    
0.0624644240    0.0170008040    0.0006162787    
0.0627060120    0.0189570130    0.0006560345    
0.0629476010    0.0192685880    0.0006656223    
0.0631891890    0.0177764570    0.0006352787    
0.0634307780    0.0180449530    0.0006371894    
0.0636723660    0.0186865230    0.0006478386    
0.0639139550    0.0188885810    0.0006501718    
0.0641555430    0.0182307540    0.0006320377    
0.0643971320    0.0182071690    0.0006377693    
0.0646387200    0.0180047310    0.0006227066    
0.0648803090    0.0186689940    0.0006395892    
0.0651218970    0.0175073290    0.0006073225    
0.0653634860    0.0174330540    0.0006106533    
0.0656050740    0.0177914770    0.0006153311    
0.0658466630    0.0193612940    0.0006386702    
0.0660882520    0.0177551920    0.0006100756    
0.0663298400    0.0186769080    0.0006267560    
0.0665714290    0.0184705520    0.0006201804    
0.0668130170    0.0187823510    0.0006274743    
0.0670546060    0.0182549400    0.0006150246    
0.0672961940    0.0179619390    0.0006075716    
0.0675377830    0.0188459800    0.0006173206    
0.0677793710    0.0184565120    0.0006148756    
0.0680209600    0.0169165940    0.0005816045    
0.0682625480    0.0184255890    0.0006074737    
0.0685041370    0.0167566890    0.0005774737    
0.0687457250    0.0185287570    0.0006155767    
0.0689873140    0.0190447460    0.0006146665    
0.0692289020    0.0179933170    0.0005974583    
0.0694704910    0.0184799640    0.0006050069    
0.0697120790    0.0185807970    0.0006047534    
0.0699536680    0.0189556140    0.0006137107    
0.0701952560    0.0179734790    0.0005971288    
0.0704368450    0.0189061300    0.0006143667    
0.0706784340    0.0174415690    0.0005957927    
0.0709200220    0.0198160100    0.0006294763    
0.0711616110    0.0175285980    0.0005915615    
0.0714031990    0.0175070230    0.0005959460    
0.0716447880    0.0178829460    0.0006052460    
0.0718863760    0.0184177180    0.0006058984    
0.0721279650    0.0178783910    0.0005913646    
0.0723695530    0.0177826040    0.0005865940    
0.0726111420    0.0187486550    0.0006060579    
0.0728527300    0.0181716810    0.0005880218    
0.0730943190    0.0187504580    0.0006014212    
0.0733359070    0.0184469520    0.0005929075    
0.0735774960    0.0180117020    0.0005881029    
0.0738190840    0.0183303900    0.0005870423    
0.0740606730    0.0198859960    0.0006128203    
0.0743022610    0.0178354160    0.0005808011    
0.0745438500    0.0185756640    0.0005900754    
0.0747854380    0.0177369830    0.0005706781    
0.0750270270    0.0181384250    0.0005817902    
0.0752686160    0.0175647700    0.0005654299    
0.0755102040    0.0192039130    0.0005920820    
0.0757517930    0.0191787990    0.0005938534    
0.0759933810    0.0187236800    0.0005775504    
0.0762349700    0.0188662010    0.0005872792    
0.0764765580    0.0179780630    0.0005679486    
0.0767181470    0.0181773930    0.0005702755    
0.0769597350    0.0188309700    0.0005759487    
0.0772013240    0.0178224640    0.0005591404    
0.0774429120    0.0182581740    0.0005631914    
0.0776845010    0.0189868070    0.0005719540    
0.0779260890    0.0182818110    0.0005647270    
0.0781676780    0.0187027460    0.0005672710    
0.0784092660    0.0181751320    0.0005603633    
0.0786508550    0.0186282490    0.0005626868    
0.0788924430    0.0197497420    0.0005849369    
0.0791340320    0.0185927780    0.0005636764    
0.0793756210    0.0193301240    0.0005763130    
0.0796172090    0.0186388980    0.0005602043    
0.0798587980    0.0187031920    0.0005665033    
0.0801003860    0.0185406260    0.0005636516    
0.0803419750    0.0181581980    0.0005499960    
0.0805835630    0.0179267000    0.0005508741    
0.0808251520    0.0191278800    0.0005682663    
0.0810667400    0.0182499900    0.0005550726    
0.0813083290    0.0197975600    0.0005712684    
0.0815499170    0.0181278480    0.0005547031    
0.0817915060    0.0192430230    0.0005676927    
0.0820330940    0.0187596130    0.0005546396    
0.0822746830    0.0178689050    0.0005427294    
0.0825162710    0.0194379040    0.0005634767    
0.0827578600    0.0189073040    0.0005575460    
0.0829994480    0.0182333220    0.0005404987    
0.0832410370    0.0190711790    0.0005592264    
0.0834826250    0.0188101230    0.0005489814    
0.0837242140    0.0190896590    0.0005519917    
0.0839658030    0.0194918660    0.0005591976    
0.0842073910    0.0189379360    0.0005494453    
0.0844489800    0.0174258530    0.0005237454    
0.0846905680    0.0185948010    0.0005370095    
0.0849321570    0.0185410590    0.0005422846    
0.0851737450    0.0183788820    0.0005332255    
0.0854153340    0.0182475090    0.0005346144    
0.0856569220    0.0184490120    0.0005339136    
0.0858985110    0.0177694210    0.0005295465    
0.0861400990    0.0183408520    0.0005323462    
0.0863816880    0.0179010990    0.0005278746    
0.0866232760    0.0183994900    0.0005395304    
0.0868648650    0.0178643200    0.0005247407    
0.0871064530    0.0183931890    0.0005340903    
0.0873480420    0.0188662010    0.0005366303    
0.0875896300    0.0178538680    0.0005233062    
0.0878312190    0.0181929550    0.0005276091    
0.0880728080    0.0178852500    0.0005215445    
0.0883143960    0.0186687290    0.0005325235    
0.0885559850    0.0186060830    0.0005335660    
0.0887975730    0.0182903650    0.0005264641    
0.0890391620    0.0188131000    0.0005342561    
0.0892807500    0.0180000880    0.0005207037    
0.0895223390    0.0177043970    0.0005151767    
0.0897639270    0.0196800370    0.0005396350    
0.0900055160    0.0191932750    0.0005341780    
0.0902471040    0.0191135530    0.0005352866    
0.0904886930    0.0184685530    0.0005215358    
0.0907302810    0.0178892400    0.0005088417    
0.0909718700    0.0187087950    0.0005295885    
0.0912134580    0.0188299340    0.0005226506    
0.0914550470    0.0186652590    0.0005270906    
0.0916966350    0.0190765510    0.0005260621    
0.0919382240    0.0191364490    0.0005287199    
0.0921798120    0.0179430840    0.0005087295    
0.0924214010    0.0187796590    0.0005204538    
0.0926629900    0.0181104120    0.0005081904    
0.0929045780    0.0187351860    0.0005222383    
0.0931461670    0.0182544010    0.0005096292    
0.0933877550    0.0178454420    0.0005047453    
0.0936293440    0.0183913080    0.0005144548    
0.0938709320    0.0191670290    0.0005239945    
0.0941125210    0.0188098000    0.0005149988    
0.0943541090    0.0185559950    0.0005115125    
0.0945956980    0.0188166840    0.0005159615    
0.0948372860    0.0179277930    0.0005010971    
0.0950788750    0.0187338800    0.0005108185    
0.0953204630    0.0187960140    0.0005136597    
0.0955620520    0.0189431490    0.0005148051    
0.0958036400    0.0192679040    0.0005166196    
0.0960452290    0.0189770160    0.0005127051    
0.0962868170    0.0192575000    0.0005187705    
0.0965284060    0.0195033860    0.0005197670    
0.0967699940    0.0190878310    0.0005141999    
0.0970115830    0.0196192210    0.0005159381    
0.0972531720    0.0193100310    0.0005135211    
0.0974947600    0.0201403000    0.0005238763    
0.0977363490    0.0191096360    0.0005083717    
0.0979779370    0.0186958670    0.0005047410    
0.0982195260    0.0192754460    0.0005127827    
0.0984611140    0.0198031080    0.0005166810    
0.0987027030    0.0203319960    0.0005240971    
0.0989442910    0.0202591900    0.0005234391    
0.0991858800    0.0192827630    0.0005090299    
0.0994274680    0.0198121760    0.0005137794    
0.0996690570    0.0202527450    0.0005159203    
0.0999106450    0.0191599420    0.0005057877    
0.1001522300    0.0196613280    0.0005083315    
0.1003938200    0.0207726800    0.0005244222    
0.1006354100    0.0205860850    0.0005198771    
0.1008770000    0.0216216420    0.0005339084    
0.1011185900    0.0205537440    0.0005205565    
0.1013601800    0.0205176540    0.0005206453    
0.1016017700    0.0211014710    0.0005244322    
0.1018433500    0.0210396640    0.0005354453    
0.1020849400    0.0217934740    0.0005524865    
0.1023265300    0.0222951260    0.0005632166    
0.1025681200    0.0219295820    0.0005557584    
0.1028097100    0.0217168040    0.0005612870    
0.1030513000    0.0222479480    0.0005700855    
0.1032928800    0.0234580930    0.0005909008    
0.1035344700    0.0216483140    0.0005600783    
0.1037760600    0.0224265690    0.0005798251    
0.1040176500    0.0224036140    0.0005819611    
0.1042592400    0.0234972030    0.0005977945    
0.1045008300    0.0201059160    0.0005496621    
0.1047424200    0.0219264120    0.0005792212    
0.1049840000    0.0214929450    0.0005762784    
0.1052255900    0.0204908560    0.0005644200    
0.1054671800    0.0199795910    0.0005539212    
0.1057087700    0.0196133770    0.0005525443    
0.1059503600    0.0205285600    0.0005673991    
0.1061919500    0.0184981180    0.0005382730    
0.1064335400    0.0190897340    0.0005333660    
0.1066751200    0.0186638050    0.0005194420    
0.1069167100    0.0184709090    0.0005152722    
0.1071583000    0.0194684630    0.0005221849    
0.1073998900    0.0194366390    0.0005200235    
0.1076414800    0.0197343430    0.0005277996    
0.1078830700    0.0193393990    0.0005150311    
0.1081246600    0.0187551420    0.0005102614    
0.1083662400    0.0189000480    0.0005058482    
0.1086078300    0.0193712370    0.0005177181    
0.1088494200    0.0181989080    0.0004953115    
0.1090910100    0.0201668560    0.0005200131    
0.1093326000    0.0195163020    0.0005088517    
0.1095741900    0.0186594670    0.0004988734    
0.1098157700    0.0182124870    0.0004879706    
0.1100573600    0.0187998640    0.0004994244    
0.1102989500    0.0195635010    0.0005049591    
0.1105405400    0.0182151940    0.0004869955    
0.1107821300    0.0190961970    0.0005009727    
0.1110237200    0.0196136330    0.0005027484    
0.1112653100    0.0202081490    0.0005156214    
0.1115068900    0.0187767270    0.0004899018    
0.1117484800    0.0193950410    0.0004971453    
0.1119900700    0.0186955520    0.0004861320    
0.1122316600    0.0191080760    0.0004932040    
0.1124732500    0.0193257380    0.0004932668    
0.1127148400    0.0193248200    0.0004927621    
0.1129564300    0.0189041610    0.0004890825    
0.1131980100    0.0187910370    0.0004851825    
0.1134396000    0.0188724960    0.0004874483    
0.1136811900    0.0177763210    0.0004719008    
0.1139227800    0.0187543460    0.0004827889    
0.1141643700    0.0185294140    0.0004763676    
0.1144059600    0.0187190960    0.0004790329    
0.1146475500    0.0185873900    0.0004799244    
0.1148891300    0.0187514210    0.0004759796    
0.1151307200    0.0190575170    0.0004850010    
0.1153723100    0.0188601720    0.0004768999    
0.1156139000    0.0186455440    0.0004780909    
0.1158554900    0.0180021000    0.0004648122    
0.1160970800    0.0192029880    0.0004849487    
0.1163386700    0.0186734430    0.0004743059    
0.1165802500    0.0191066880    0.0004793177    
0.1168218400    0.0180949410    0.0004633640    
0.1170634300    0.0184025710    0.0004677276    
0.1173050200    0.0177901820    0.0004611890    
0.1175466100    0.0185927780    0.0004701386    
0.1177882000    0.0184132240    0.0004654496    
0.1180297800    0.0185129020    0.0004669262    
0.1182713700    0.0181951650    0.0004648648    
0.1185129600    0.0192831010    0.0004758722    
0.1187545500    0.0187199520    0.0004679988    
0.1189961400    0.0182076040    0.0004606937    
0.1192377300    0.0180880350    0.0004566463    
0.1194793200    0.0188087170    0.0004650156    
0.1197209000    0.0193897830    0.0004723599    
0.1199624900    0.0194681310    0.0004724495    
0.1202040800    0.0180921160    0.0004521616    
0.1204456700    0.0192361270    0.0004715644    
0.1206872600    0.0179274150    0.0004503011    
0.1209288500    0.0187055400    0.0004633151    
0.1211704400    0.0192240970    0.0004673538    
0.1214120200    0.0186462370    0.0004586219    
0.1216536100    0.0189448100    0.0004612461    
0.1218952000    0.0181106640    0.0004485807    
0.1221367900    0.0189789030    0.0004624876    
0.1223783800    0.0188384000    0.0004577067    
0.1226199700    0.0187374030    0.0004581012    
0.1228615600    0.0183016130    0.0004523400    
0.1231031400    0.0186485790    0.0004562023    
0.1233447300    0.0184759430    0.0004538845    
0.1235863200    0.0179212040    0.0004490134    
0.1238279100    0.0185856020    0.0004522325    
0.1240695000    0.0189483000    0.0004554301    
0.1243110900    0.0182318590    0.0004465429    
0.1245526800    0.0184264300    0.0004500950    
0.1247942600    0.0182492340    0.0004444428    
0.1250358500    0.0191828210    0.0004576428    
0.1252774400    0.0188390240    0.0004525422    
0.1255190300    0.0185579830    0.0004479939    
0.1257606200    0.0188988980    0.0004538496    
0.1260022100    0.0178325860    0.0004404786    
0.1262437900    0.0184772070    0.0004468258    
0.1264853800    0.0182141560    0.0004430632    
0.1267269700    0.0181247810    0.0004397199    
0.1269685600    0.0185458920    0.0004449875    
0.1272101500    0.0188448470    0.0004485597    
0.1274517400    0.0183682980    0.0004458903    
0.1276933300    0.0195859640    0.0004536511    
0.1279349100    0.0182260310    0.0004428283    
0.1281765000    0.0188447750    0.0004493224    
0.1284180900    0.0184476590    0.0004421217    
0.1286596800    0.0186103880    0.0004453827    
0.1289012700    0.0186015240    0.0004437748    
0.1291428600    0.0185312980    0.0004438714    
0.1293844500    0.0191591870    0.0004477472    
0.1296260300    0.0185441080    0.0004425310    
0.1298676200    0.0189559650    0.0004474182    
0.1301092100    0.0188296080    0.0004436949    
0.1303508000    0.0189754350    0.0004443031    
0.1305923900    0.0179799410    0.0004368492    
0.1308339800    0.0183808290    0.0004403936    
0.1310755700    0.0182802290    0.0004373561    
0.1313171500    0.0185900600    0.0004401324    
0.1315587400    0.0188869900    0.0004430832    
0.1318003300    0.0186832370    0.0004419670    
0.1320419200    0.0193341280    0.0004459084    
0.1322835100    0.0190580260    0.0004445342    
0.1325251000    0.0182342200    0.0004346412    
0.1327666900    0.0187578640    0.0004399329    
0.1330082700    0.0186443670    0.0004386000    
0.1332498600    0.0182192120    0.0004342834    
0.1334914500    0.0188296080    0.0004436949    
0.1337330400    0.0178630590    0.0004265216    
0.1339746300    0.0181037750    0.0004304327    
0.1342162200    0.0186105620    0.0004362383    
0.1344578000    0.0188662010    0.0004406596    
0.1346993900    0.0180883710    0.0004288560    
0.1349409800    0.0191490140    0.0004437686    
0.1351825700    0.0190334280    0.0004392070    
0.1354241600    0.0183628990    0.0004320981    
0.1356657500    0.0195796720    0.0004467265    
0.1359073400    0.0184276920    0.0004360439    
0.1361489200    0.0190079760    0.0004387365    
0.1363905100    0.0192301790    0.0004409386    
0.1366321000    0.0188106380    0.0004359269    
0.1368736900    0.0191743240    0.0004401209    
0.1371152800    0.0189612580    0.0004355746    
0.1373568700    0.0184476250    0.0004313538    
0.1375984600    0.0187699190    0.0004361561    
0.1378400400    0.0182145970    0.0004289649    
0.1380816300    0.0181163520    0.0004255902    
0.1383232200    0.0192450410    0.0004409317    
0.1385648100    0.0180674710    0.0004274006    
0.1388064000    0.0182781900    0.0004268089    
0.1390479900    0.0178633630    0.0004201110    
0.1392895800    0.0181204220    0.0004273399    
0.1395311600    0.0177372000    0.0004191189    
0.1397727500    0.0189157190    0.0004328188    
0.1400143400    0.0187029220    0.0004302081    
0.1402559300    0.0182807330    0.0004295704    
0.1404975200    0.0188019800    0.0004310069    
0.1407391100    0.0187622960    0.0004308904    
0.1409806900    0.0194233040    0.0004415528    
0.1412222800    0.0183642830    0.0004251265    
0.1414638700    0.0183277310    0.0004255364    
0.1417054600    0.0195325250    0.0004358896    
0.1419470500    0.0184336950    0.0004281121    
0.1421886400    0.0183982020    0.0004235351    
0.1424302300    0.0185475980    0.0004264097    
0.1426718100    0.0183347590    0.0004247846    
0.1429134000    0.0185574010    0.0004265224    
0.1431549900    0.0183392670    0.0004250032    
0.1433965800    0.0190633400    0.0004334817    
0.1436381700    0.0188029730    0.0004276718    
0.1438797600    0.0185019890    0.0004239073    
0.1441213500    0.0186469970    0.0004262240    
0.1443629300    0.0176764410    0.0004143422    
0.1446045200    0.0183652430    0.0004226644    
0.1448461100    0.0181220590    0.0004198567    
0.1450877000    0.0181311540    0.0004173876    
0.1453292900    0.0187538150    0.0004281068    
0.1455708800    0.0184069930    0.0004218416    
0.1458124700    0.0192697040    0.0004354805    
0.1460540500    0.0187709170    0.0004229143    
0.1462956400    0.0189917830    0.0004283255    
0.1465372300    0.0190390210    0.0004275464    
0.1467788200    0.0183153980    0.0004188634    
0.1470204100    0.0178772860    0.0004142970    
0.1472620000    0.0182770810    0.0004184250    
0.1475035900    0.0188423260    0.0004242003    
0.1477451700    0.0185676550    0.0004228668    
0.1479867600    0.0187234920    0.0004220601    
0.1482283500    0.0187842790    0.0004254893    
0.1484699400    0.0185412510    0.0004209574    
0.1487115300    0.0182604060    0.0004190327    
0.1489531200    0.0183968930    0.0004155434    
0.1491947000    0.0187042190    0.0004221623    
0.1494362900    0.0186255970    0.0004192148    
0.1496778800    0.0186762090    0.0004212084    
0.1499194700    0.0182790000    0.0004160771    
0.1501610600    0.0186427920    0.0004209904    
0.1504026500    0.0181089190    0.0004127406    
0.1506442400    0.0185452990    0.0004214841    
0.1508858200    0.0185192040    0.0004195926    
0.1511274100    0.0184869100    0.0004160933    
0.1513690000    0.0184400840    0.0004155660    
0.1516105900    0.0186542210    0.0004192225    
0.1518521800    0.0182227680    0.0004137266    
0.1520937700    0.0180252120    0.0004104065    
0.1523353600    0.0188568430    0.0004200795    
0.1525769400    0.0186824850    0.0004195399    
0.1528185300    0.0181705860    0.0004132882    
0.1530601200    0.0193902620    0.0004259796    
0.1533017100    0.0189891390    0.0004237634    
0.1535433000    0.0186157650    0.0004155346    
0.1537848900    0.0190005960    0.0004196530    
0.1540264800    0.0191315290    0.0004220304    
0.1542680600    0.0190009930    0.0004202772    
0.1545096500    0.0185807680    0.0004136215    
0.1547512400    0.0193542400    0.0004241659    
0.1549928300    0.0182210840    0.0004112577    
0.1552344200    0.0192366720    0.0004220964    
0.1554760100    0.0185371670    0.0004145036    
0.1557176000    0.0189175570    0.0004202864    
0.1559591800    0.0182137280    0.0004105691    
0.1562007700    0.0190079840    0.0004169781    
0.1564423600    0.0187521920    0.0004135619    
0.1566839500    0.0190243500    0.0004206909    
0.1569255400    0.0192102240    0.0004198016    
0.1571671300    0.0191875230    0.0004197066    
0.1574087100    0.0187708490    0.0004128703    
0.1576503000    0.0194235480    0.0004247678    
0.1578918900    0.0178241200    0.0004018888    
0.1581334800    0.0184720090    0.0004115064    
0.1583750700    0.0187511910    0.0004153620    
0.1586166600    0.0187168140    0.0004247245    
0.1588582500    0.0180200110    0.0004162653    
0.1590998300    0.0179410980    0.0004201997    
0.1593414200    0.0184722200    0.0004292384    
0.1595830100    0.0192141740    0.0004402245    
0.1598246000    0.0193484040    0.0004408766    
0.1600661900    0.0191324990    0.0004426732    
0.1603077800    0.0183180060    0.0004352802    
0.1605493700    0.0186586520    0.0004400332    
0.1607909500    0.0185741870    0.0004401268    
0.1610325400    0.0194417440    0.0004531149    
0.1612741300    0.0181263500    0.0004377018    
0.1615157200    0.0183119400    0.0004417970    
0.1617573100    0.0189890910    0.0004504644    
0.1619989000    0.0182688260    0.0004454486    
0.1622404900    0.0183659000    0.0004445242    
0.1624820700    0.0190857030    0.0004576762    
0.1627236600    0.0183203040    0.0004472359    
0.1629652500    0.0189696520    0.0004545015    
0.1632068400    0.0189561160    0.0004477961    
0.1634484300    0.0191378420    0.0004429154    
0.1636900200    0.0181708620    0.0004310541    
0.1639316100    0.0181596020    0.0004281449    
0.1641731900    0.0188258890    0.0004355791    
0.1644147800    0.0180032360    0.0004225832    
0.1646563700    0.0185115550    0.0004300364    
0.1648979600    0.0177558470    0.0004176979    
0.1651395500    0.0180627510    0.0004232811    
0.1653811400    0.0190573630    0.0004322298    
0.1656227200    0.0176480690    0.0004180645    
0.1658643100    0.0182227030    0.0004215103    
0.1661059000    0.0186473360    0.0004258981    
0.1663474900    0.0188326230    0.0004250604    
0.1665890800    0.0181472150    0.0004170947    
0.1668306700    0.0179415300    0.0004167943    
0.1670722600    0.0182910120    0.0004187440    
0.1673138400    0.0182004480    0.0004175469    
0.1675554300    0.0178417920    0.0004113809    
0.1677970200    0.0184928970    0.0004207280    
0.1680386100    0.0179404000    0.0004148693    
0.1682802000    0.0187287680    0.0004213236    
0.1685217900    0.0187344010    0.0004199652    
0.1687633800    0.0179879390    0.0004110522    
0.1690049600    0.0183809890    0.0004181820    
0.1692465500    0.0182261970    0.0004111637    
0.1694881400    0.0183585900    0.0004154208    
0.1697297300    0.0175766840    0.0004052682    
0.1699713200    0.0181160820    0.0004134411    
0.1702129100    0.0181067370    0.0004095122    
0.1704545000    0.0184705370    0.0004146758    
0.1706960800    0.0178431090    0.0004092413    
0.1709376700    0.0183478740    0.0004102709    
0.1711792600    0.0179836530    0.0004076679    
0.1714208500    0.0187839360    0.0004143627    
0.1716624400    0.0186116900    0.0004150303    
0.1719040300    0.0181341070    0.0004061006    
0.1721456200    0.0182061590    0.0004085345    
0.1723872000    0.0180319810    0.0004065756    
0.1726287900    0.0178462830    0.0004040351    
0.1728703800    0.0175202560    0.0004012039    
0.1731119700    0.0184887860    0.0004100527    
0.1733535600    0.0179834120    0.0004045560    
0.1735951500    0.0183533860    0.0004063508    
0.1738367300    0.0178422430    0.0004020931    
0.1740783200    0.0188886450    0.0004117920    
0.1743199100    0.0185333210    0.0004083379    
0.1745615000    0.0185437020    0.0004075785    
0.1748030900    0.0177690180    0.0003981244    
0.1750446800    0.0187977960    0.0004140644    
0.1752862700    0.0173473120    0.0003925374    
0.1755278500    0.0181674530    0.0004073584    
0.1757694400    0.0182239480    0.0004031886    
0.1760110300    0.0182440420    0.0004041280    
0.1762526200    0.0181664690    0.0004011324    
0.1764942100    0.0178942660    0.0003985370    
0.1767358000    0.0178601810    0.0003978765    
0.1769773900    0.0185793470    0.0004049528    
0.1772189700    0.0176793130    0.0003957174    
0.1774605600    0.0179041850    0.0003993526    
0.1777021500    0.0184334090    0.0004035008    
0.1779437400    0.0179513960    0.0003983302    
0.1781853300    0.0179690800    0.0003995102    
0.1784269200    0.0181858670    0.0003982731    
0.1786685100    0.0188530540    0.0004065009    
0.1789100900    0.0183570100    0.0003997272    
0.1791516800    0.0176346580    0.0003924631    
0.1793932700    0.0181014140    0.0003977612    
0.1796348600    0.0179739980    0.0003945805    
0.1798764500    0.0181472410    0.0003964775    
0.1801180400    0.0182464290    0.0003976966    
0.1803596200    0.0175750790    0.0003928925    
0.1806012100    0.0180147370    0.0003946200    
0.1808428000    0.0185552200    0.0004003584    
0.1810843900    0.0177200630    0.0003900411    
0.1813259800    0.0179961160    0.0003937400    
0.1815675700    0.0187073730    0.0004007598    
0.1818091600    0.0182360420    0.0003954093    
0.1820507400    0.0184240580    0.0003977136    
0.1822923300    0.0182805070    0.0003953524    
0.1825339200    0.0180919390    0.0003945168    
0.1827755100    0.0180129130    0.0003920485    
0.1830171000    0.0180730670    0.0003958028    
0.1832586900    0.0183733000    0.0003951476    
0.1835002800    0.0183169480    0.0003949416    
0.1837418600    0.0174475310    0.0003844150    
0.1839834500    0.0176630650    0.0003882227    
0.1842250400    0.0183902970    0.0003953303    
0.1844666300    0.0184633490    0.0003957139    
0.1847082200    0.0184384830    0.0003951809    
0.1849498100    0.0174913360    0.0003852867    
0.1851914000    0.0172843720    0.0003849536    
0.1854329800    0.0176610730    0.0003871516    
0.1856745700    0.0183432030    0.0003949573    
0.1859161600    0.0179103140    0.0003875275    
0.1861577500    0.0184637220    0.0003934691    
0.1863993400    0.0180316370    0.0003898789    
0.1866409300    0.0179141220    0.0003867959    
0.1868825200    0.0182080290    0.0003932335    
0.1871241000    0.0175081690    0.0003825152    
0.1873656900    0.0176371740    0.0003859791    
0.1876072800    0.0182090450    0.0003891924    
0.1878488700    0.0186332850    0.0003972630    
0.1880904600    0.0188577710    0.0003987102    
0.1883320500    0.0178492110    0.0003849460    
0.1885736300    0.0175951190    0.0003829553    
0.1888152200    0.0186163180    0.0003937812    
0.1890568100    0.0186066130    0.0003947256    
0.1892984000    0.0186839190    0.0003934547    
0.1895399900    0.0181989620    0.0003896003    
0.1897815800    0.0180738540    0.0003882588    
0.1900231700    0.0177986180    0.0003852912    
0.1902647500    0.0177710660    0.0003839757    
0.1905063400    0.0178537860    0.0003873030    
0.1907479300    0.0174654720    0.0003810371    
0.1909895200    0.0178806230    0.0003840193    
0.1912311100    0.0178449540    0.0003841402    
0.1914727000    0.0178923550    0.0003842712    
0.1917142900    0.0178409090    0.0003848565    
0.1919558700    0.0178337230    0.0003815191    
0.1921974600    0.0180733640    0.0003873556    
0.1924390500    0.0186163180    0.0003937812    
0.1926806400    0.0179406580    0.0003850423    
0.1929222300    0.0183148490    0.0003896776    
0.1931638200    0.0177487480    0.0003804856    
0.1934054100    0.0180614420    0.0003871000    
0.1936469900    0.0178044670    0.0003813298    
0.1938885800    0.0171743500    0.0003764820    
0.1941301700    0.0181956210    0.0003857464    
0.1943717600    0.0176893860    0.0003822109    
0.1946133500    0.0181485310    0.0003836290    
0.1948549400    0.0178386300    0.0003829408    
0.1950965300    0.0179514020    0.0003837733    
0.1953381100    0.0173216720    0.0003767362    
0.1955797000    0.0180888500    0.0003857433    
0.1958212900    0.0182153620    0.0003849557    
0.1960628800    0.0178445360    0.0003811404    
0.1963044700    0.0173650200    0.0003753776    
0.1965460600    0.0189775430    0.0003956231    
0.1967876400    0.0167861130    0.0003682369    
0.1970292300    0.0176521600    0.0003779810    
0.1972708200    0.0180903180    0.0003843787    
0.1975124100    0.0179689760    0.0003828389    
0.1977540000    0.0181774160    0.0003849282    
0.1979955900    0.0178445360    0.0003811404    
0.1982371800    0.0175904630    0.0003792775    
0.1984787600    0.0180386310    0.0003797817    
0.1987203500    0.0183121460    0.0003848584    
0.1989619400    0.0174205620    0.0003756142    
0.1992035300    0.0177165610    0.0003780622    
0.1994451200    0.0178039420    0.0003792367    
0.1996867100    0.0185081100    0.0003859208    
0.1999283000    0.0178200980    0.0003794088    
0.2001698800    0.0179226890    0.0003809890    
0.2004114700    0.0181004750    0.0003839883    
0.2006530600    0.0177800020    0.0003775296    
0.2008946500    0.0174731780    0.0003750957    
0.2011362400    0.0187509940    0.0003859831    
0.2013778300    0.0184582620    0.0003861426    
0.2016194200    0.0176880590    0.0003752391    
0.2018610000    0.0180755950    0.0003808977    
0.2021025900    0.0184801920    0.0003855063    
0.2023441800    0.0177460710    0.0003768091    
0.2025857700    0.0178280990    0.0003780399    
0.2028273600    0.0182195450    0.0003837608    
0.2030689500    0.0187578440    0.0003880195    
0.2033105400    0.0183861150    0.0003819680    
0.2035521200    0.0182821330    0.0003824580    
0.2037937100    0.0187425800    0.0003866299    
0.2040353000    0.0183534890    0.0003834477    
0.2042768900    0.0177405140    0.0003756763    
0.2045184800    0.0181639460    0.0003785799    
0.2047600700    0.0176452820    0.0003758572    
0.2050016500    0.0188581800    0.0003889318    
0.2052432400    0.0181256440    0.0003809388    
0.2054848300    0.0182150950    0.0003803074    
0.2057264200    0.0188581590    0.0003894286    
0.2059680100    0.0179217110    0.0003755761    
0.2062096000    0.0185214500    0.0003831295    
0.2064511900    0.0180016480    0.0003770030    
0.2066927700    0.0178585700    0.0003771628    
0.2069343600    0.0178134440    0.0003762098    
0.2071759500    0.0187550370    0.0003859028    
0.2074175400    0.0179462860    0.0003772527    
0.2076591300    0.0178582650    0.0003757346    
0.2079007200    0.0188421060    0.0003890142    
0.2081423100    0.0192759930    0.0003897522    
0.2083838900    0.0181102870    0.0003786146    
0.2086254800    0.0189456040    0.0003878584    
0.2088670700    0.0177634000    0.0003747353    
0.2091086600    0.0184283780    0.0003830113    
0.2093502500    0.0184043170    0.0003811962    
0.2095918400    0.0188262980    0.0003876153    
0.2098334300    0.0177531510    0.0003756913    
0.2100750100    0.0183461410    0.0003831269    
0.2103166000    0.0182689920    0.0003826859    
0.2105581900    0.0176542480    0.0003733476    
0.2107997800    0.0178799680    0.0003778676    
0.2110413700    0.0177759430    0.0003747498    
0.2112829600    0.0177366320    0.0003769488    
0.2115245400    0.0184637850    0.0003816918    
0.2117661300    0.0180831060    0.0003801288    
0.2120077200    0.0184506460    0.0003821558    
0.2122493100    0.0177502630    0.0003781791    
0.2124909000    0.0182381230    0.0003807882    
0.2127324900    0.0186365680    0.0003875057    
0.2129740800    0.0179938670    0.0003777524    
0.2132156600    0.0183110800    0.0003810676    
0.2134572500    0.0180831060    0.0003801288    
0.2136988400    0.0181080420    0.0003801493    
0.2139404300    0.0182815700    0.0003800422    
0.2141820200    0.0181966780    0.0003808370    
0.2144236100    0.0185255110    0.0003853632    
0.2146652000    0.0183584650    0.0003831338    
0.2149067800    0.0180617820    0.0003783454    
0.2151483700    0.0183516680    0.0003871453    
0.2153899600    0.0183805200    0.0003923201    
0.2156315500    0.0183752270    0.0003961062    
0.2158731400    0.0184532610    0.0003984368    
0.2161147300    0.0180282910    0.0003987623    
0.2163563200    0.0185072250    0.0004050196    
0.2165979000    0.0178675610    0.0004009365    
0.2168394900    0.0184968060    0.0004082275    
0.2170810800    0.0186680950    0.0004147441    
0.2173226700    0.0180887350    0.0004079589    
0.2175642600    0.0176661320    0.0004053956    
0.2178058500    0.0186225240    0.0004177723    
0.2180474400    0.0175459930    0.0004074957    
0.2182890200    0.0177123050    0.0004126960    
0.2185306100    0.0181020610    0.0004145268    
0.2187722000    0.0182139640    0.0004210829    
0.2190137900    0.0177946440    0.0004154046    
0.2192553800    0.0173100730    0.0004135536    
0.2194969700    0.0170659350    0.0004080705    
0.2197385500    0.0174060580    0.0004095827    
0.2199801400    0.0178330180    0.0004101984    
0.2202217300    0.0179268240    0.0004073227    
0.2204633200    0.0176102880    0.0004017934    
0.2207049100    0.0178346680    0.0004017184    
0.2209465000    0.0171922220    0.0003944166    
0.2211880900    0.0178897450    0.0004003272    
0.2214296700    0.0165347250    0.0003843207    
0.2216712600    0.0171381360    0.0003907159    
0.2219128500    0.0172984460    0.0003914317    
0.2221544400    0.0174885840    0.0003955317    
0.2223960300    0.0172984460    0.0003914317    
0.2226376200    0.0167069790    0.0003876966    
0.2228792100    0.0174258640    0.0003930091    
0.2231207900    0.0178069990    0.0003972837    
0.2233623800    0.0182578960    0.0003997547    
0.2236039700    0.0174319290    0.0003922490    
0.2238455600    0.0173759590    0.0003897092    
0.2240871500    0.0175593370    0.0003924425    
0.2243287400    0.0175598460    0.0003904116    
0.2245703300    0.0172742280    0.0003897875    
0.2248119100    0.0173751490    0.0003903789    
0.2250535000    0.0167407410    0.0003830522    
0.2252950900    0.0171173680    0.0003888303    
0.2255366800    0.0174836330    0.0003892949    
0.2257782700    0.0178819530    0.0003946576    
0.2260198600    0.0178627720    0.0003930871    
0.2262614500    0.0172799710    0.0003864885    
0.2265030300    0.0180601740    0.0003945753    
0.2267446200    0.0169292020    0.0003834693    
0.2269862100    0.0180008580    0.0003927174    
0.2272278000    0.0173241690    0.0003863193    
0.2274693900    0.0169354870    0.0003807891    
0.2277109800    0.0172842120    0.0003881398    
0.2279525600    0.0173089910    0.0003848343    
0.2281941500    0.0169877480    0.0003821575    
0.2284357400    0.0166156320    0.0003774331    
0.2286773300    0.0174030020    0.0003875957    
0.2289189200    0.0171138830    0.0003820101    
0.2291605100    0.0165542940    0.0003778968    
0.2294021000    0.0172063180    0.0003836913    
0.2296436800    0.0170109380    0.0003849259    
0.2298852700    0.0172000290    0.0003833604    
0.2301268600    0.0167118080    0.0003817910    
0.2303684500    0.0169912190    0.0003827201    
0.2306100400    0.0171330180    0.0003848416    
0.2308516300    0.0184142390    0.0003981515    
0.2310932200    0.0168830320    0.0003832107    
0.2313348000    0.0171346460    0.0003842003    
0.2315763900    0.0167555690    0.0003803176    
0.2318179800    0.0170314420    0.0003852912    
0.2320595700    0.0171675950    0.0003852298    
0.2323011600    0.0167090700    0.0003812313    
0.2325427500    0.0175875790    0.0003911249    
0.2327843400    0.0169773900    0.0003857502    
0.2330259200    0.0167527390    0.0003797645    
0.2332675100    0.0173339430    0.0003868259    
0.2335091000    0.0171668960    0.0003862853    
0.2337506900    0.0168961330    0.0003812559    
0.2339922800    0.0173734430    0.0003888711    
0.2342338700    0.0177732630    0.0003926415    
0.2344754600    0.0168630580    0.0003836479    
0.2347170400    0.0168936880    0.0003818819    
0.2349586300    0.0166109310    0.0003795855    
0.2352002200    0.0171639210    0.0003890855    
0.2354418100    0.0166479300    0.0003809286    
0.2356834000    0.0174343720    0.0003895523    
0.2359249900    0.0166008820    0.0003777809    
0.2361665700    0.0166708300    0.0003818526    
0.2364081600    0.0176032640    0.0003902213    
0.2366497500    0.0174580150    0.0003907640    
0.2368913400    0.0169058510    0.0003829403    
0.2371329300    0.0180054530    0.0003976739    
0.2373745200    0.0175544140    0.0003911620    
0.2376161100    0.0170924560    0.0003859808    
0.2378576900    0.0174487130    0.0003913409    
0.2380992800    0.0167091960    0.0003808379    
0.2383408700    0.0170376240    0.0003856285    
0.2385824600    0.0164294790    0.0003771166    
0.2388240500    0.0171804710    0.0003873762    
0.2390656400    0.0172972950    0.0003888260    
0.2393072300    0.0170799750    0.0003853062    
0.2395488100    0.0173365090    0.0003887266    
0.2397904000    0.0169629160    0.0003857201    
0.2400319900    0.0174853180    0.0003921619    
0.2402735800    0.0170580800    0.0003878840    
0.2405151700    0.0177104100    0.0003945400    
0.2407567600    0.0169635450    0.0003834610    
0.2409983500    0.0176259840    0.0003930496    
0.2412399300    0.0170799750    0.0003853062    
0.2414815200    0.0163885550    0.0003797964    
0.2417231100    0.0168506920    0.0003817889    
0.2419647000    0.0173688840    0.0003911276    
0.2422062900    0.0170656560    0.0003871565    
0.2424478800    0.0165238570    0.0003810943    
0.2426894600    0.0166693610    0.0003846548    
0.2429310500    0.0171232230    0.0003872685    
0.2431726400    0.0167670410    0.0003829529    
0.2434142300    0.0168393970    0.0003823188    
0.2436558200    0.0165544270    0.0003829213    
0.2438974100    0.0166568810    0.0003806355    
0.2441390000    0.0166675580    0.0003824807    
0.2443805800    0.0164623320    0.0003803842    
0.2446221700    0.0174569610    0.0003921180    
0.2448637600    0.0171446550    0.0003895507    
0.2451053500    0.0167174410    0.0003825191    
0.2453469400    0.0164123880    0.0003830323    
0.2455885300    0.0166124100    0.0003813156    
0.2458301200    0.0168585930    0.0003865592    
0.2460717000    0.0172787540    0.0003882131    
0.2463132900    0.0170350830    0.0003858676    
0.2465548800    0.0169084300    0.0003865857    
0.2467964700    0.0165626680    0.0003808768    
0.2470380600    0.0162088040    0.0003779724    
0.2472796500    0.0175714620    0.0003934019    
0.2475212400    0.0173285590    0.0003930197    
0.2477628200    0.0174473200    0.0003952053    
0.2480044100    0.0172435850    0.0003888981    
0.2482460000    0.0165797880    0.0003814723    
0.2484875900    0.0168816780    0.0003858732    
0.2487291800    0.0160173080    0.0003758647    
0.2489707700    0.0174487130    0.0003913409    
0.2492123600    0.0174716660    0.0003939419    
0.2494539400    0.0171325980    0.0003892767    
0.2496955300    0.0164829620    0.0003824981    
0.2499371200    0.0166935690    0.0003835829    
0.2501787100    0.0170732810    0.0003922043    
0.2504203000    0.0173709780    0.0003908775    
0.2506618900    0.0171352770    0.0003860629    
0.2509034700    0.0173844240    0.0003915768    
0.2511450600    0.0164447530    0.0003801811    
0.2513866500    0.0171085350    0.0003887300    
0.2516282400    0.0166364010    0.0003806648    
0.2518698300    0.0168404190    0.0003851314    
0.2521114200    0.0158292030    0.0003724776    
0.2523530100    0.0174061600    0.0003912732    
0.2525945900    0.0171550700    0.0003874935    
0.2528361800    0.0169742520    0.0003882937    
0.2530777700    0.0169647530    0.0003846695    
0.2533193600    0.0169904610    0.0003845610    
0.2535609500    0.0172578630    0.0003889235    
0.2538025400    0.0169305320    0.0003850833    
0.2540441300    0.0169568090    0.0003853820    
0.2542857100    0.0175507680    0.0003916645    
0.2545273000    0.0171438650    0.0003891311    
0.2547688900    0.0166742770    0.0003808342    
0.2550104800    0.0170555410    0.0003881274    
0.2552520700    0.0170725990    0.0003898301    
0.2554936600    0.0172907450    0.0003884825    
0.2557352500    0.0173973640    0.0003911743    
0.2559768300    0.0177671990    0.0003936620    
0.2562184200    0.0175186150    0.0003928099    
0.2564600100    0.0172461120    0.0003875775    
0.2567016000    0.0161672500    0.0003776199    
0.2569431900    0.0174964210    0.0003913297    
0.2571847800    0.0170725370    0.0003860234    
0.2574263700    0.0166824310    0.0003821183    
0.2576679500    0.0167699570    0.0003839218    
0.2579095400    0.0162502990    0.0003783234    
0.2581511300    0.0166392140    0.0003808289    
0.2583927200    0.0168569380    0.0003829145    
0.2586343100    0.0168218220    0.0003813306    
0.2588759000    0.0168138110    0.0003840211    
0.2591174800    0.0166519800    0.0003791401    
0.2593590700    0.0165565840    0.0003784424    
0.2596006600    0.0168106040    0.0003826526    
0.2598422500    0.0166535790    0.0003812575    
0.2600838400    0.0160998580    0.0003751261    
0.2603254300    0.0159484750    0.0003746624    
0.2605670200    0.0166155430    0.0003810864    
0.2608086000    0.0170767940    0.0003832888    
0.2610501900    0.0170365140    0.0003848156    
0.2612917800    0.0169097060    0.0003843115    
0.2615333700    0.0174276590    0.0003892081    
0.2617749600    0.0170170870    0.0003852624    
0.2620165500    0.0166050350    0.0003796490    
0.2622581400    0.0176137280    0.0003934617    
0.2624997200    0.0171447530    0.0003865708    
0.2627413100    0.0173951260    0.0003932169    
0.2629829000    0.0167584620    0.0003800897    
0.2632244900    0.0169830850    0.0003856805    
0.2634660800    0.0167063460    0.0003806741    
0.2637076700    0.0159680670    0.0003730694    
0.2639492600    0.0167525240    0.0003821233    
0.2641908400    0.0172306060    0.0003882106    
0.2644324300    0.0167641050    0.0003835868    
0.2646740200    0.0172572540    0.0003863672    
0.2649156100    0.0169437840    0.0003869897    
0.2651572000    0.0173180710    0.0003891947    
0.2653987900    0.0163250750    0.0003798584    
0.2656403800    0.0172085020    0.0003885023    
0.2658819600    0.0169004280    0.0003834081    
0.2661235500    0.0166732740    0.0003828135    
0.2663651400    0.0168628650    0.0003832469    
0.2666067300    0.0173880430    0.0003899802    
0.2668483200    0.0168251970    0.0003830840    
0.2670899100    0.0163028100    0.0003802679    
0.2673314900    0.0168773080    0.0003832783    
0.2675730800    0.0171703630    0.0003894317    
0.2678146700    0.0167433090    0.0003856432    
0.2680562600    0.0167088160    0.0003820218    
0.2682978500    0.0169598600    0.0003855510    
0.2685394400    0.0163550600    0.0003773017    
0.2687810300    0.0170807290    0.0003875982    
0.2690226100    0.0175356420    0.0003898735    
0.2692642000    0.0165713030    0.0003839284    
0.2695057900    0.0160998580    0.0003751261    
0.2697473800    0.0166183510    0.0003812511    
0.2699889700    0.0170706840    0.0003885727    
0.2702305600    0.0163942010    0.0003814668    
0.2704721500    0.0170706840    0.0003885727    
0.2707137300    0.0168628650    0.0003832469    
0.2709553200    0.0167346510    0.0003843240    
0.2711969100    0.0162312570    0.0003775732    
0.2714385000    0.0165106570    0.0003798817    
0.2716800900    0.0167699570    0.0003843248    
0.2719216800    0.0175826920    0.0004022120    
0.2721632700    0.0170654210    0.0003990342    
0.2724048500    0.0171624040    0.0004053106    
0.2726464400    0.0168857710    0.0004094197    
0.2728880300    0.0173499450    0.0004153368    
0.2731296200    0.0172022760    0.0004158732    
0.2733712100    0.0167972030    0.0004142725    
0.2736128000    0.0167139630    0.0004188976    
0.2738543800    0.0169567510    0.0004194852    
0.2740959700    0.0162375210    0.0004144437    
0.2743375600    0.0162798790    0.0004179828    
0.2745791500    0.0163009170    0.0004200486    
0.2748207400    0.0168577570    0.0004301344    
0.2750623300    0.0170333590    0.0004323689    
0.2753039200    0.0165121300    0.0004302310    
0.2755455000    0.0168999280    0.0004339024    
0.2757870900    0.0167431800    0.0004383392    
0.2760286800    0.0166563390    0.0004350233    
0.2762702700    0.0171393040    0.0004494806    
0.2765118600    0.0169583830    0.0004293606    
0.2767534500    0.0169353550    0.0004274098    
0.2769950400    0.0168973230    0.0004234931    
0.2772366200    0.0170471460    0.0004209493    
0.2774782100    0.0171311980    0.0004225099    
0.2777198000    0.0166617410    0.0004177200    
0.2779613900    0.0170269940    0.0004212229    
0.2782029800    0.0166563750    0.0004085686    
0.2784445700    0.0171844490    0.0004185109    
0.2786861600    0.0169557640    0.0004145428    
0.2789277400    0.0169979170    0.0004104532    
0.2791693300    0.0163894230    0.0004033575    
0.2794109200    0.0167766380    0.0004100409    
0.2796525100    0.0169131470    0.0004110512    
0.2798941000    0.0179580460    0.0004187629    
0.2801356900    0.0168031780    0.0004092254    
0.2803772800    0.0171317280    0.0004168563    
0.2806188600    0.0163838060    0.0003993675    
0.2808604500    0.0169015740    0.0004034489    
0.2811020400    0.0163041250    0.0003977799    
0.2813436300    0.0163977260    0.0004007799    
0.2815852200    0.0169267750    0.0004031327    
0.2818268100    0.0161876660    0.0003963567    
0.2820683900    0.0167634520    0.0004044379    
0.2823099800    0.0166205730    0.0004023986    
0.2825515700    0.0166168060    0.0003988161    
0.2827931600    0.0163026720    0.0003997723    
0.2830347500    0.0164146610    0.0003988184    
0.2832763400    0.0167411750    0.0004007636    
0.2835179300    0.0169906140    0.0004037381    
0.2837595100    0.0165273360    0.0004004936    
0.2840011000    0.0155443100    0.0003888509    
0.2842426900    0.0171354880    0.0004042243    
0.2844842800    0.0170976450    0.0004059378    
0.2847258700    0.0170052000    0.0004054608    
0.2849674600    0.0168153160    0.0004042797    
0.2852090500    0.0165422090    0.0003989841    
0.2854506300    0.0169543490    0.0004056343    
0.2856922200    0.0165320390    0.0003993200    
0.2859338100    0.0175310550    0.0004118404    
0.2861754000    0.0173346980    0.0004073400    
0.2864169900    0.0167380750    0.0004001165    
0.2866585800    0.0165736850    0.0003999760    
0.2869001700    0.0165073260    0.0003982586    
0.2871417500    0.0168338670    0.0004017183    
0.2873833400    0.0163864780    0.0003980162    
0.2876249300    0.0167053570    0.0004023344    
0.2878665200    0.0166685780    0.0004043914    
0.2881081100    0.0163753320    0.0003938153    
0.2883497000    0.0172233710    0.0004061845    
0.2885912900    0.0162722180    0.0003946593    
0.2888328700    0.0164666160    0.0003971608    
0.2890744600    0.0163440330    0.0003947788    
0.2893160500    0.0163526190    0.0003953323    
0.2895576400    0.0166443750    0.0004009820    
0.2897992300    0.0165931650    0.0003964260    
0.2900408200    0.0166113900    0.0003975428    
0.2902824000    0.0167409760    0.0004021439    
0.2905239900    0.0167252540    0.0004002677    
0.2907655800    0.0166377610    0.0003963619    
0.2910071700    0.0165338930    0.0003951228    
0.2912487600    0.0172656050    0.0004043789    
0.2914903500    0.0164307890    0.0003934460    
0.2917319400    0.0170319870    0.0003992359    
0.2919735200    0.0162490340    0.0003911174    
0.2922151100    0.0166105110    0.0003947060    
0.2924567000    0.0170963180    0.0004011850    
0.2926982900    0.0161010430    0.0003894780    
0.2929398800    0.0164049780    0.0003952146    
0.2931814700    0.0172800220    0.0004015354    
0.2934230600    0.0159564890    0.0003870017    
0.2936646400    0.0162887000    0.0003882666    
0.2939062300    0.0164996760    0.0003944177    
0.2941478200    0.0161803390    0.0003881171    
0.2943894100    0.0171365640    0.0004013566    
0.2946310000    0.0164301940    0.0003919736    
0.2948725900    0.0159777980    0.0003874046    
0.2951141800    0.0165453590    0.0003934912    
0.2953557600    0.0168553240    0.0003998466    
0.2955973500    0.0159500920    0.0003854884    
0.2958389400    0.0160119050    0.0003855214    
0.2960805300    0.0166955890    0.0003939568    
0.2963221200    0.0164488820    0.0003903147    
0.2965637100    0.0161868950    0.0003870514    
0.2968053000    0.0153878170    0.0003765467    
0.2970468800    0.0161829460    0.0003872893    
0.2972884700    0.0166778140    0.0003920124    
0.2975300600    0.0170279560    0.0003961061    
0.2977716500    0.0161140100    0.0003867486    
0.2980132400    0.0160178570    0.0003864496    
0.2982548300    0.0163507080    0.0003874401    
0.2984964100    0.0162756460    0.0003859867    
0.2987380000    0.0165401050    0.0003899624    
0.2989795900    0.0167791110    0.0003919112    
0.2992211800    0.0159296320    0.0003814455    
0.2994627700    0.0156552260    0.0003792491    
0.2997043600    0.0160681300    0.0003852039    
0.2999459500    0.0161209360    0.0003856948    
0.3001875300    0.0164601970    0.0003891615    
0.3004291200    0.0160717300    0.0003885417    
0.3006707100    0.0158656940    0.0003806792    
0.3009123000    0.0167361460    0.0003928413    
0.3011538900    0.0161606360    0.0003833670    
0.3013954800    0.0167883450    0.0003928778    
0.3016370700    0.0166169460    0.0003905817    
0.3018786500    0.0158916760    0.0003819629    
0.3021202400    0.0163204340    0.0003869401    
0.3023618300    0.0159370120    0.0003840523    
0.3026034200    0.0168528850    0.0003940646    
0.3028450100    0.0160009750    0.0003842571    
0.3030866000    0.0160825120    0.0003856596    
0.3033281900    0.0163342550    0.0003863999    
0.3035697700    0.0166933950    0.0003916221    
0.3038113600    0.0167730240    0.0003928421    
0.3040529500    0.0169800380    0.0003938211    
0.3042945400    0.0165113490    0.0003882069    
0.3045361300    0.0160799360    0.0003854870    
0.3047777200    0.0171610930    0.0003966359    
0.3050193100    0.0167546560    0.0003921968    
0.3052608900    0.0166561470    0.0003920450    
0.3055024800    0.0169119150    0.0004000649    
0.3057440700    0.0166699190    0.0003893608    
0.3059856600    0.0159296320    0.0003814455    
0.3062272500    0.0154142830    0.0003761820    
0.3064688400    0.0164439080    0.0003895392    
0.3067104200    0.0160010810    0.0003811943    
0.3069520100    0.0161644770    0.0003850869    
0.3071936000    0.0158485300    0.0003821420    
0.3074351900    0.0156248710    0.0003798536    
0.3076767800    0.0160940430    0.0003834089    
0.3079183700    0.0150015900    0.0003739894    
0.3081599600    0.0167637410    0.0003953449    
0.3084015400    0.0163415940    0.0003859262    
0.3086431300    0.0167274860    0.0003901736    
0.3088847200    0.0160328160    0.0003843573    
0.3091263100    0.0162718690    0.0003862231    
0.3093679000    0.0164205830    0.0003885508    
0.3096094900    0.0163088430    0.0003852602    
0.3098510800    0.0157450570    0.0003824366    
0.3100926600    0.0160461620    0.0003842359    
0.3103342500    0.0160553630    0.0003843460    
0.3105758400    0.0161976880    0.0003887569    
0.3108174300    0.0160442750    0.0003830940    
0.3110590200    0.0163359320    0.0003884007    
0.3113006100    0.0161333530    0.0003830433    
0.3115422000    0.0161512410    0.0003861989    
0.3117837800    0.0167669010    0.0003920540    
0.3120253700    0.0157494970    0.0003810858    
0.3122669600    0.0156215790    0.0003773284    
0.3125085500    0.0161934890    0.0003869879    
0.3127501400    0.0164843150    0.0003897317    
0.3129917300    0.0161936060    0.0003879891    
0.3132333100    0.0157588270    0.0003817588    
0.3134749000    0.0159892440    0.0003839754    
0.3137164900    0.0161841070    0.0003848997    
0.3139580800    0.0161631890    0.0003845110    
0.3141996700    0.0162691790    0.0003860505    
0.3144412600    0.0162589010    0.0003863509    
0.3146828500    0.0168283560    0.0003939220    
0.3149244300    0.0166937300    0.0003907706    
0.3151660200    0.0162555220    0.0003875859    
0.3154076100    0.0157589360    0.0003823228    
0.3156492000    0.0153173920    0.0003784669    
0.3158907900    0.0159204980    0.0003813361    
0.3161323800    0.0160508960    0.0003830337    
0.3163739700    0.0161357470    0.0003841845    
0.3166155500    0.0161169020    0.0003859298    
0.3168571400    0.0160035220    0.0003828857    
0.3170987300    0.0161841740    0.0003858847    
0.3173403200    0.0158621460    0.0003820264    
0.3175819100    0.0161908320    0.0003868140    
0.3178235000    0.0165062010    0.0003897049    
0.3180650900    0.0156893220    0.0003817591    
0.3183066700    0.0169301400    0.0003955467    
0.3185482600    0.0169333400    0.0003957295    
0.3187898500    0.0164264100    0.0003870667    
0.3190314400    0.0160804020    0.0003845050    
0.3192730300    0.0158892590    0.0003817945    
0.3195146200    0.0158713470    0.0003821371    
0.3197562100    0.0164523900    0.0003882182    
0.3199977900    0.0161079850    0.0003848346    
0.3202393800    0.0163377410    0.0003889938    
0.3204809700    0.0158565270    0.0003837879    
0.3207225600    0.0166834500    0.0003932327    
0.3209641500    0.0154856600    0.0003787142    
0.3212057400    0.0162664920    0.0003858781    
0.3214473200    0.0165835560    0.0003899046    
0.3216889100    0.0166722440    0.0003908034    
0.3219305000    0.0161604760    0.0003863093    
0.3221720900    0.0161960210    0.0003861672    
0.3224136800    0.0161762490    0.0003843869    
0.3226552700    0.0161256770    0.0003880358    
0.3228968600    0.0167300570    0.0003924822    
0.3231384400    0.0161442120    0.0003892715    
0.3233800300    0.0163946460    0.0003873952    
0.3236216200    0.0157126670    0.0003795286    
0.3238632100    0.0165154020    0.0003898135    
0.3241048000    0.0155558560    0.0003787358    
0.3243463900    0.0161249580    0.0003854602    
0.3245879800    0.0167454210    0.0003925187    
0.3248295600    0.0164728990    0.0003890271    
0.3250711500    0.0163718390    0.0003878320    
0.3253127400    0.0163571770    0.0003887959    
0.3255543300    0.0162173380    0.0003875578    
0.3257959200    0.0164452960    0.0003924456    
0.3260375100    0.0163488770    0.0003868541    
0.3262791000    0.0170681030    0.0003967181    
0.3265206800    0.0161303730    0.0003848208    
0.3267622700    0.0166499070    0.0003921154    
0.3270038600    0.0169818850    0.0003955699    
0.3272454500    0.0157195380    0.0003800273    
0.3274870400    0.0158621460    0.0003820264    
0.3277286300    0.0158400090    0.0003831637    
0.3279702200    0.0167576260    0.0003936710    
0.3282118000    0.0173925730    0.0004040416    
0.3284533900    0.0160528200    0.0003841751    
0.3286949800    0.0167469570    0.0004062929    
0.3289365700    0.0166383080    0.0004104785    
0.3291781600    0.0153587260    0.0003977557    
0.3294197500    0.0156875700    0.0004066813    
0.3296613300    0.0156653490    0.0004105437    
0.3299029200    0.0161910620    0.0004179121    
0.3301445100    0.0172287990    0.0004373299    
0.3303861000    0.0163799580    0.0004292715    
0.3306276900    0.0166899910    0.0004366475    
0.3308692800    0.0160534220    0.0004284341    
0.3311108700    0.0164483520    0.0004372644    
0.3313524500    0.0160844170    0.0004372768    
0.3315940400    0.0165368210    0.0004427565    
0.3318356300    0.0168834860    0.0004531765    
0.3320772200    0.0156730840    0.0004370529    
0.3323188100    0.0166002700    0.0004539933    
0.3325604000    0.0164027010    0.0004506169    
0.3328019900    0.0154595400    0.0004420622    
0.3330435700    0.0166874270    0.0004545110    
0.3332851600    0.0166413280    0.0004479695    
0.3335267500    0.0169812790    0.0004384547    
0.3337683400    0.0160303280    0.0004260012    
0.3340099300    0.0158167800    0.0004203262    
0.3342515200    0.0169598600    0.0004310591    
0.3344931100    0.0164945120    0.0004207291    
0.3347346900    0.0160676070    0.0004166733    
0.3349762800    0.0160640780    0.0004144965    
0.3352178700    0.0162817170    0.0004157072    
0.3354594600    0.0159608800    0.0004095227    
0.3357010500    0.0170234070    0.0004239982    
0.3359426400    0.0165963030    0.0004200586    
0.3361842300    0.0160848430    0.0004055575    
0.3364258100    0.0161957830    0.0004062936    
0.3366674000    0.0170935040    0.0004179103    
0.3369089900    0.0160058420    0.0004029257    
0.3371505800    0.0164668850    0.0004078661    
0.3373921700    0.0164857200    0.0004090863    
0.3376337600    0.0172294070    0.0004178745    
0.3378753400    0.0158029790    0.0004003642    
0.3381169300    0.0164150010    0.0004060831    
0.3383585200    0.0157500690    0.0004021331    
0.3386001100    0.0161952330    0.0004017543    
0.3388417000    0.0162814460    0.0004042663    
0.3390832900    0.0161991480    0.0003992797    
0.3393248800    0.0162637940    0.0004030832    
0.3395664600    0.0167765900    0.0004085779    
0.3398080500    0.0168758440    0.0004092993    
0.3400496400    0.0156331220    0.0003925492    
0.3402912300    0.0162720990    0.0003998650    
0.3405328200    0.0163357940    0.0004030152    
0.3407744100    0.0169457490    0.0004106326    
0.3410160000    0.0163876120    0.0004042936    
0.3412575800    0.0159828490    0.0003949092    
0.3414991700    0.0163088150    0.0003986068    
0.3417407600    0.0167013880    0.0004044738    
0.3419823500    0.0168825710    0.0004036860    
0.3422239400    0.0164130110    0.0003997233    
0.3424655300    0.0166362930    0.0004033707    
0.3427071200    0.0162029660    0.0003968503    
0.3429487000    0.0166108300    0.0004022807    
0.3431902900    0.0167044490    0.0004051424    
0.3434318800    0.0160911730    0.0004007792    
0.3436734700    0.0162631370    0.0003956043    
0.3439150600    0.0162367150    0.0003943786    
0.3441566500    0.0172418950    0.0004089019    
0.3443982300    0.0170086060    0.0004056573    
0.3446398200    0.0158108490    0.0003900645    
0.3448814100    0.0161088330    0.0003947817    
0.3451230000    0.0160879090    0.0003949812    
0.3453645900    0.0161073040    0.0003952192    
0.3456061800    0.0162823830    0.0003958383    
0.3458477700    0.0163702080    0.0003995111    
0.3460893500    0.0159723140    0.0003941679    
0.3463309400    0.0162558740    0.0003946112    
0.3465725300    0.0163449560    0.0003958417    
0.3468141200    0.0155431220    0.0003874898    
0.3470557100    0.0154215700    0.0003849383    
0.3472973000    0.0154346670    0.0003859873    
0.3475388900    0.0162009990    0.0003930476    
0.3477804700    0.0162563290    0.0003956728    
0.3480220600    0.0160182000    0.0003929146    
0.3482636500    0.0159333820    0.0003914233    
0.3485052400    0.0167438150    0.0004051450    
0.3487468300    0.0162902670    0.0003953296    
0.3489884200    0.0163641290    0.0003960738    
0.3492300100    0.0157265910    0.0003868104    
0.3494715900    0.0159726120    0.0003925055    
0.3497131800    0.0155553400    0.0003846986    
0.3499547700    0.0162053980    0.0003949014    
0.3501963600    0.0159626080    0.0003901451    
0.3504379500    0.0163257830    0.0003956095    
0.3506795400    0.0163055480    0.0003958170    
0.3509211300    0.0160594200    0.0003935707    
0.3511627100    0.0166509070    0.0004009067    
0.3514043000    0.0160500660    0.0003907683    
0.3516458900    0.0160372270    0.0003915014    
0.3518874800    0.0168016700    0.0003998132    
0.3521290700    0.0160907800    0.0003914116    
0.3523706600    0.0160876810    0.0003922658    
0.3526122400    0.0156334960    0.0003863952    
0.3528538300    0.0162175570    0.0003941459    
0.3530954200    0.0163824160    0.0003967489    
0.3533370100    0.0158510550    0.0003895184    
0.3535786000    0.0167182370    0.0004026446    
0.3538201900    0.0162700220    0.0003929911    
0.3540617800    0.0160792030    0.0003927602    
0.3543033600    0.0158663760    0.0003877930    
0.3545449500    0.0165031620    0.0003965457    
0.3547865400    0.0163848030    0.0003939292    
0.3550281300    0.0158727060    0.0003899328    
0.3552697200    0.0153809360    0.0003829707    
0.3555113100    0.0158294360    0.0003891047    
0.3557529000    0.0163804030    0.0003961198    
0.3559944800    0.0168267400    0.0003990562    
0.3562360700    0.0162944200    0.0003976615    
0.3564776600    0.0160464600    0.0003899876    
0.3567192500    0.0160448210    0.0003904092    
0.3569608400    0.0160953760    0.0003901408    
0.3572024300    0.0159695720    0.0003900823    
0.3574440200    0.0166625380    0.0003974035    
0.3576856000    0.0163564330    0.0003950783    
0.3579271900    0.0161276360    0.0003912677    
0.3581687800    0.0159729050    0.0003908640    
0.3584103700    0.0164533030    0.0003953476    
0.3586519600    0.0165381140    0.0003996999    
0.3588935500    0.0164745770    0.0003962021    
0.3591351400    0.0157838630    0.0003881017    
0.3593767200    0.0165682130    0.0003958299    
0.3596183100    0.0157454050    0.0003852970    
0.3598599000    0.0158453290    0.0003879745    
0.3601014900    0.0160976360    0.0003913469    
0.3603430800    0.0159143470    0.0003889655    
0.3605846700    0.0170260590    0.0004018666    
0.3608262500    0.0159053950    0.0003894453    
0.3610678400    0.0161683150    0.0003919088    
0.3613094300    0.0164814830    0.0003980988    
0.3615510200    0.0162075880    0.0003919407    
0.3617926100    0.0163790780    0.0003935641    
0.3620342000    0.0161778150    0.0003920239    
0.3622757900    0.0160748940    0.0003903329    
0.3625173700    0.0161561130    0.0003916130    
0.3627589600    0.0163259710    0.0003941127    
0.3630005500    0.0158449570    0.0003873853    
0.3632421400    0.0161926610    0.0003914653    
0.3634837300    0.0158983770    0.0003895070    
0.3637253200    0.0164033130    0.0003960951    
0.3639669100    0.0165432490    0.0003980839    
0.3642084900    0.0151836090    0.0003786448    
0.3644500800    0.0160395910    0.0003900511    
0.3646916700    0.0165322870    0.0003964452    
0.3649332600    0.0167135550    0.0003963720    
0.3651748500    0.0160386350    0.0003894525    
0.3654164400    0.0161914630    0.0003929319    
0.3656580300    0.0159904010    0.0003898938    
0.3658996100    0.0162873000    0.0003926076    
0.3661412000    0.0155698410    0.0003845871    
0.3663827900    0.0163274520    0.0003977576    
0.3666243800    0.0169103300    0.0003978075    
0.3668659700    0.0164641890    0.0003945853    
0.3671075600    0.0160980230    0.0003903196    
0.3673491500    0.0160753990    0.0003893136    
0.3675907300    0.0161261780    0.0003916937    
0.3678323200    0.0157594910    0.0003851807    
0.3680739100    0.0153788130    0.0003827992    
0.3683155000    0.0166594620    0.0003972172    
0.3685570900    0.0164671130    0.0003947688    
0.3687986800    0.0163066100    0.0003953771    
0.3690402600    0.0162913620    0.0003948913    
0.3692818500    0.0158323690    0.0003859258    
0.3695234400    0.0159182090    0.0003881336    
0.3697650300    0.0166663220    0.0003962560    
0.3700066200    0.0158973120    0.0003883172    
0.3702482100    0.0162180660    0.0003905984    
0.3704898000    0.0159371370    0.0003883643    
0.3707313800    0.0165513010    0.0003966731    
0.3709729700    0.0161804860    0.0003911709    
0.3712145600    0.0164798300    0.0003970179    
0.3714561500    0.0163708240    0.0003960039    
0.3716977400    0.0158823580    0.0003872594    
0.3719393300    0.0164967380    0.0003942348    
0.3721809200    0.0161845190    0.0003909258    
0.3724225000    0.0155140980    0.0003827434    
0.3726640900    0.0161588800    0.0003907628    
0.3729056800    0.0165179660    0.0003950807    
0.3731472700    0.0159383630    0.0003873604    
0.3733888600    0.0157503330    0.0003868098    
0.3736304500    0.0159530730    0.0003900285    
0.3738720400    0.0162299180    0.0003944463    
0.3741136200    0.0161208170    0.0003913327    
0.3743552100    0.0159466010    0.0003884796    
0.3745968000    0.0162153450    0.0003904196    
0.3748383900    0.0157760880    0.0003858168    
0.3750799800    0.0156935070    0.0003849502    
0.3753215700    0.0159870220    0.0003891180    
0.3755631500    0.0166128170    0.0003957677    
0.3758047400    0.0155869740    0.0003840741    
0.3760463300    0.0159377870    0.0003889580    
0.3762879200    0.0159860470    0.0003901357    
0.3765295100    0.0156378890    0.0003873328    
0.3767711000    0.0164082640    0.0003934711    
0.3770126900    0.0157147680    0.0003847778    
0.3772542700    0.0166128170    0.0003957677    
0.3774958600    0.0154821290    0.0003814906    
0.3777374500    0.0162950390    0.0003921112    
0.3779790400    0.0158593710    0.0003878536    
0.3782206300    0.0154945310    0.0003830776    
0.3784622200    0.0160968940    0.0003897199    
0.3787038100    0.0168174910    0.0003998502    
0.3789453900    0.0155716490    0.0003853377    
0.3791869800    0.0163048320    0.0003947543    
0.3794285700    0.0161858350    0.0003905022    
0.3796701600    0.0162711510    0.0003925606    
0.3799117500    0.0165661330    0.0003947676    
0.3801533400    0.0157786600    0.0003865740    
0.3803949300    0.0164517770    0.0003923768    
0.3806365100    0.0159999720    0.0003883992    
0.3808781000    0.0160445150    0.0003887937    
0.3811196900    0.0155048990    0.0003845109    
0.3813612800    0.0155446540    0.0003832641    
0.3816028700    0.0165001900    0.0003963599    
0.3818444600    0.0159895910    0.0003892959    
0.3820860500    0.0159302100    0.0003862508    
0.3823276300    0.0158740190    0.0003855689    
0.3825692200    0.0155681100    0.0003808445    
0.3828108100    0.0163488500    0.0003897004    
0.3830524000    0.0159583060    0.0003865912    
0.3832939900    0.0163030870    0.0003901645    
0.3835355800    0.0163124240    0.0003902762    
0.3837771600    0.0166026290    0.0003928585    
0.3840187500    0.0160383810    0.0003878488    
0.3842603400    0.0161548910    0.0003899827    
0.3845019300    0.0161381700    0.0003853359    
0.3847435200    0.0164836850    0.0003901532    
0.3849851100    0.0155778530    0.0003804005    
0.3852267000    0.0169098150    0.0004061997    
0.3854682800    0.0165535700    0.0004097619    
0.3857098700    0.0162614620    0.0004107949    
0.3859514600    0.0156316920    0.0004071526    
0.3861930500    0.0157218340    0.0004107565    
0.3864346400    0.0163244130    0.0004229066    
0.3866762300    0.0166884770    0.0004306077    
0.3869178200    0.0158565930    0.0004219806    
0.3871594000    0.0161184730    0.0004304769    
0.3874009900    0.0158027560    0.0004274138    
0.3876425800    0.0161676770    0.0004355350    
0.3878841700    0.0156419680    0.0004302052    
0.3881257600    0.0172490980    0.0004545537    
0.3883673500    0.0158342420    0.0004386570    
0.3886089400    0.0155404880    0.0004371104    
0.3888505200    0.0160505350    0.0004461926    
0.3890921100    0.0161889440    0.0004505629    
0.3893337000    0.0159494080    0.0004522040    
0.3895752900    0.0157670310    0.0004512239    
0.3898168800    0.0161676330    0.0004384065    
0.3900584700    0.0160024790    0.0004281432    
0.3903000600    0.0163791640    0.0004317788    
0.3905416400    0.0163495920    0.0004271576    
0.3907832300    0.0161773790    0.0004239625    
0.3910248200    0.0161410830    0.0004219981    
0.3912664100    0.0154101320    0.0004105356    
0.3915080000    0.0161199580    0.0004178905    
0.3917495900    0.0160851710    0.0004192488    
0.3919911700    0.0161851280    0.0004212821    
0.3922327600    0.0159258080    0.0004107920    
0.3924743500    0.0160688360    0.0004142058    
0.3927159400    0.0163052980    0.0004149589    
0.3929575300    0.0158208480    0.0004115215    
0.3931991200    0.0160771000    0.0004129126    
0.3934407100    0.0160230590    0.0004115246    
0.3936822900    0.0162059920    0.0004152653    
0.3939238800    0.0155218110    0.0004069217    
0.3941654700    0.0156391580    0.0004084570    
0.3944070600    0.0152022370    0.0004035676    
0.3946486500    0.0157541390    0.0004118817    
0.3948902400    0.0163454010    0.0004165194    
0.3951318300    0.0157350790    0.0004083248    
0.3953734100    0.0166281990    0.0004204621    
0.3956150000    0.0159115120    0.0004123482    
0.3958565900    0.0163167150    0.0004163294    
0.3960981800    0.0162597220    0.0004171903    
0.3963397700    0.0151704270    0.0004040064    
0.3965813600    0.0155469980    0.0004089899    
0.3968229500    0.0157732930    0.0004133726    
0.3970645300    0.0155285440    0.0004112169    
0.3973061200    0.0162342100    0.0004184686    
0.3975477100    0.0155475940    0.0004082998    
0.3977893000    0.0160676070    0.0004166733    
0.3980308900    0.0165436270    0.0004222567    
0.3982724800    0.0158514990    0.0004138617    
0.3985140700    0.0158543140    0.0004140764    
0.3987556500    0.0159632910    0.0004162134    
0.3989972400    0.0150020400    0.0004029663    
0.3992388300    0.0158533060    0.0004167596    
0.3994804200    0.0162226340    0.0004214027    
0.3997220100    0.0170393680    0.0004343443    
0.3999636000    0.0154399260    0.0004091572    
0.4002051800    0.0158395090    0.0004163968    
0.4004467700    0.0157082930    0.0004125200    
0.4006883600    0.0161694600    0.0004214457    
0.4009299500    0.0160076860    0.0004195154    
0.4011715400    0.0156639630    0.0004155321    
0.4014131300    0.0157135520    0.0004165546    
0.4016547200    0.0162030010    0.0004258054    
0.4018963000    0.0165849390    0.0004290803    
0.4021378900    0.0165065150    0.0004316997    
0.4023794800    0.0158744740    0.0004197892    
0.4026210700    0.0159277490    0.0004210509    
0.4028626600    0.0162500440    0.0004239783    
0.4031042500    0.0153427260    0.0004136122    
0.4033458400    0.0158556370    0.0004204689    
0.4035874200    0.0159737230    0.0004252484    
0.4038290100    0.0155983060    0.0004185297    
0.4040706000    0.0160486680    0.0004252889    
0.4043121900    0.0160623790    0.0004270037    
0.4045537800    0.0163552730    0.0004320507    
0.4047953700    0.0154302080    0.0004221517    
0.4050369600    0.0165178050    0.0004318473    
0.4052785400    0.0156592880    0.0004219928    
0.4055201300    0.0161905070    0.0004288970    
0.4057617200    0.0160411620    0.0004296397    
0.4060033100    0.0159859950    0.0004261796    
0.4062449000    0.0154302080    0.0004221517    
0.4064864900    0.0153622320    0.0004204493    
0.4067280800    0.0159739630    0.0004303166    
0.4069696600    0.0163764240    0.0004375221    
0.4072112500    0.0158278240    0.0004317393    
0.4074528400    0.0157839530    0.0004321533    
0.4076944300    0.0158300590    0.0004303617    
0.4079360200    0.0159485080    0.0004305692    
0.4081776100    0.0160353920    0.0004335473    
0.4084191900    0.0156365330    0.0004289217    
0.4086607800    0.0158006620    0.0004295625    
0.4089023700    0.0162948870    0.0004399206    
0.4091439600    0.0156146400    0.0004312515    
0.4093855500    0.0165266250    0.0004447207    
0.4096271400    0.0156827180    0.0004344593    
0.4098687300    0.0151202490    0.0004330690    
0.4101103100    0.0163400590    0.0004397003    
0.4103519000    0.0160230190    0.0004393580    
0.4105934900    0.0152177760    0.0004273577    
0.4108350800    0.0155126140    0.0004337602    
0.4110766700    0.0167336060    0.0004502904    
0.4113182600    0.0160942740    0.0004433163    
0.4115598500    0.0162044010    0.0004463497    
0.4118014300    0.0160099390    0.0004454084    
0.4120430200    0.0157986760    0.0004407265    
0.4122846100    0.0169451650    0.0004605073    
0.4125262000    0.0152844960    0.0004417780    
0.4127677900    0.0156571610    0.0004391777    
0.4130093800    0.0157591190    0.0004425602    
0.4132509700    0.0155566690    0.0004403615    
0.4134925500    0.0169935000    0.0004637082    
0.4137341400    0.0167406090    0.0004588621    
0.4139757300    0.0155083870    0.0004445507    
0.4142173200    0.0164755990    0.0004559000    
0.4144589100    0.0156413750    0.0004487317    
0.4147005000    0.0153852810    0.0004441348    
0.4149420800    0.0156143070    0.0004511223    
0.4151836700    0.0160640340    0.0004554539    
0.4154252600    0.0159034240    0.0004501770    
0.4156668500    0.0159791580    0.0004478573    
0.4159084400    0.0152762250    0.0004378958    
0.4161500300    0.0161959850    0.0004495417    
0.4163916200    0.0157030810    0.0004430880    
0.4166332000    0.0152364210    0.0004340878    
0.4168747900    0.0156757290    0.0004390082    
0.4171163800    0.0159347990    0.0004467896    
0.4173579700    0.0159009830    0.0004432357    
0.4175995600    0.0162729750    0.0004553774    
0.4178411500    0.0152532620    0.0004336885    
0.4180827400    0.0161905410    0.0004483556    
0.4183243200    0.0157874070    0.0004440555    
0.4185659100    0.0164097630    0.0004540783    
0.4188075000    0.0156527960    0.0004432602    
0.4190490900    0.0165365690    0.0004588184    
0.4192906800    0.0153597560    0.0004417445    
0.4195322700    0.0154700270    0.0004469538    
0.4197738600    0.0155733320    0.0004484437    
0.4200154400    0.0166690910    0.0004682994    
0.4202570300    0.0157845240    0.0004564213    
0.4204986200    0.0162621710    0.0004601477    
0.4207402100    0.0161540610    0.0004617331    
0.4209818000    0.0164253090    0.0004636515    
0.4212233900    0.0151194400    0.0004474069    
0.4214649800    0.0168631230    0.0004737505    
0.4217065600    0.0164443700    0.0004690739    
0.4219481500    0.0163884130    0.0004697769    
0.4221897400    0.0157286260    0.0004622070    
0.4224313300    0.0160941940    0.0004711224    
0.4226729200    0.0157910940    0.0004676918    
0.4229145100    0.0165053140    0.0004794735    
0.4231560900    0.0144295340    0.0004465829    
0.4233976800    0.0157114340    0.0004667678    
0.4236392700    0.0159594090    0.0004722628    
0.4238808600    0.0168684380    0.0004871529    
0.4241224500    0.0157323980    0.0004707262    
0.4243640400    0.0173136920    0.0004977337    
0.4246056300    0.0155960600    0.0004734782    
0.4248472100    0.0158307620    0.0004794999    
0.4250888000    0.0162483330    0.0004874744    
0.4253303900    0.0157896980    0.0004879783    
0.4255719800    0.0160370040    0.0004848580    
0.4258135700    0.0152841970    0.0004741709    
0.4260551600    0.0158865390    0.0004877212    
0.4262967500    0.0162898250    0.0004918278    
0.4265383300    0.0151776170    0.0004790014    
0.4267799200    0.0162865990    0.0004985953    
0.4270215100    0.0157370250    0.0004889256    
0.4272631000    0.0158032540    0.0004950618    
0.4275046900    0.0154402490    0.0004914685    
0.4277462800    0.0159975160    0.0005056331    
0.4279878700    0.0155882900    0.0005023256    
0.4282294500    0.0153619130    0.0004929873    
0.4284710400    0.0163825490    0.0005107093    
0.4287126300    0.0157500170    0.0005036300    
0.4289542200    0.0161803030    0.0005124354    
0.4291958100    0.0153942960    0.0005021066    
0.4294374000    0.0168978440    0.0005309169    
0.4296789900    0.0162396810    0.0005187576    
0.4299205700    0.0153028680    0.0005089658    
0.4301621600    0.0158254950    0.0005228891    
0.4304037500    0.0155911820    0.0005211557    
0.4306453400    0.0170846900    0.0005516934    
0.4308869300    0.0155440150    0.0005192891    
0.4311285200    0.0155813040    0.0005231690    
0.4313701000    0.0159801530    0.0005335618    
0.4316116900    0.0157714580    0.0005334775    
0.4318532800    0.0165521650    0.0005480969    
0.4320948700    0.0153908480    0.0005319855    
0.4323364600    0.0163394780    0.0005530075    
0.4325780500    0.0149073300    0.0005313889    
0.4328196400    0.0156977580    0.0005498685    
0.4330612200    0.0155181710    0.0005552838    
0.4333028100    0.0161766800    0.0005656044    
0.4335444000    0.0158594000    0.0005582773    
0.4337859900    0.0164520430    0.0005717480    
0.4340275800    0.0163527270    0.0005745762    
0.4342691700    0.0161592670    0.0005767490    
0.4345107600    0.0161292440    0.0005805042    
0.4347523400    0.0152575650    0.0005674350    
0.4349939300    0.0157111030    0.0005806991    
0.4352355200    0.0157384130    0.0005898220    
0.4354771100    0.0155249600    0.0005910251    
0.4357187000    0.0161442120    0.0006154923    
0.4359602900    0.0148332090    0.0005813593    
0.4362018800    0.0163530240    0.0006154542    
0.4364434600    0.0159863140    0.0006130471    
0.4366850500    0.0155893130    0.0006128791    
0.4369266400    0.0159579730    0.0006298109    
0.4371682300    0.0155088690    0.0006233541    
0.4374098200    0.0166580420    0.0006559098    
0.4376514100    0.0153577500    0.0006376959    
0.4378930000    0.0160893580    0.0006618277    
0.4381345800    0.0165537520    0.0006832465    
0.4383761700    0.0158610950    0.0006819217    
0.4386177600    0.0164583530    0.0006828075    
0.4388593500    0.0145910300    0.0006525307    
0.4391009400    0.0158349410    0.0006910935    
0.4393425300    0.0165117980    0.0007152054    
0.4395841100    0.0166732070    0.0007332868    
0.4398257000    0.0154513510    0.0007227837    
0.4400672900    0.0163471850    0.0007588990    
0.4403088800    0.0161603660    0.0007766176    
0.4405504700    0.0147336050    0.0007670008    
0.4407920600    0.0161648550    0.0008358648    
0.4410336500    0.0138123460    0.0007948112    
0.4412752300    0.0152035320    0.0008369269    
0.4415168200    0.0176186390    0.0009471839    
0.4417584100    0.0152055950    0.0011946644    
0.4420000000    0.0175650840    0.0019516760    