# Diamond Light Source Ltd.
# Data extracted from: /dls/b21/data/2017/mx13440-2/processed/b21-369037_00016.dat
q(1/A)          Column          Error           
0.0040000000    0.8462830200    0.0215094920    
0.0042415885    0.9145146900    0.0210302740    
0.0044831771    0.6869580300    0.0169683940    
0.0047247656    0.5296785900    0.0144267160    
0.0049663541    0.4579021700    0.0126465290    
0.0052079426    0.3590978600    0.0115239990    
0.0054495312    0.2876296200    0.0095087420    
0.0056911197    0.2657299500    0.0086168841    
0.0059327082    0.1975510800    0.0074296730    
0.0061742967    0.1896360300    0.0069758743    
0.0064158853    0.1576776200    0.0062970374    
0.0066574738    0.1347211300    0.0054999673    
0.0068990623    0.1138516100    0.0051018124    
0.0071406509    0.1005917800    0.0047106417    
0.0073822394    0.0993549960    0.0045254961    
0.0076238279    0.0817308210    0.0040071832    
0.0078654164    0.0746326110    0.0038904938    
0.0081070050    0.0719814370    0.0036217791    
0.0083485935    0.0676275820    0.0033898644    
0.0085901820    0.0590804460    0.0031900442    
0.0088317705    0.0602570890    0.0031368588    
0.0090733591    0.0552932380    0.0029855542    
0.0093149476    0.0484996080    0.0026944227    
0.0095565361    0.0510443410    0.0027642060    
0.0097981247    0.0399672700    0.0024459572    
0.0100397130    0.0424720850    0.0024359411    
0.0102813020    0.0346515290    0.0022508587    
0.0105228900    0.0348991890    0.0021160742    
0.0107644790    0.0357572340    0.0021641263    
0.0110060670    0.0361034850    0.0021200697    
0.0112476560    0.0318047540    0.0019800775    
0.0114892440    0.0306565420    0.0019160339    
0.0117308330    0.0313163090    0.0019273856    
0.0119724210    0.0290701020    0.0018312443    
0.0122140100    0.0308118970    0.0018682456    
0.0124555980    0.0297299860    0.0017798877    
0.0126971870    0.0282064790    0.0017875130    
0.0129387760    0.0317391400    0.0017940023    
0.0131803640    0.0263005590    0.0016600766    
0.0134219530    0.0286569610    0.0016713079    
0.0136635410    0.0247550080    0.0015594189    
0.0139051300    0.0251479450    0.0015717466    
0.0141467180    0.0261801370    0.0015673638    
0.0143883070    0.0237812090    0.0014720199    
0.0146298950    0.0266057970    0.0015569865    
0.0148714840    0.0244083000    0.0015022270    
0.0151130720    0.0264143880    0.0015457852    
0.0153546610    0.0263215160    0.0014854091    
0.0155962490    0.0238648870    0.0014287534    
0.0158378380    0.0248213480    0.0014236020    
0.0160794260    0.0259644370    0.0014560133    
0.0163210150    0.0207743890    0.0012737595    
0.0165626030    0.0212540700    0.0013130808    
0.0168041920    0.0228891480    0.0013127826    
0.0170457800    0.0235476210    0.0013395774    
0.0172873690    0.0224373880    0.0012997630    
0.0175289580    0.0241063140    0.0013392397    
0.0177705460    0.0251479450    0.0013442142    
0.0180121350    0.0239537690    0.0012971693    
0.0182537230    0.0208192000    0.0011960318    
0.0184953120    0.0207060530    0.0011895316    
0.0187369000    0.0218677780    0.0012224460    
0.0189784890    0.0202868730    0.0011466819    
0.0192200770    0.0186603100    0.0011171636    
0.0194616660    0.0214011550    0.0011657952    
0.0197032540    0.0186352720    0.0010961925    
0.0199448430    0.0216014400    0.0011802127    
0.0201864310    0.0193689980    0.0011090656    
0.0204280200    0.0211804290    0.0011370250    
0.0206696080    0.0192761370    0.0010692477    
0.0209111970    0.0202546260    0.0011200834    
0.0211527850    0.0210730470    0.0011075747    
0.0213943740    0.0195920040    0.0010704255    
0.0216359620    0.0193037040    0.0010674973    
0.0218775510    0.0200013890    0.0010815512    
0.0221191400    0.0192274650    0.0010412256    
0.0223607280    0.0195286030    0.0010423597    
0.0226023170    0.0212517850    0.0011200674    
0.0228439050    0.0184562170    0.0009979979    
0.0230854940    0.0206879460    0.0010543554    
0.0233270820    0.0193157620    0.0010166191    
0.0235686710    0.0205411020    0.0010551255    
0.0238102590    0.0230696020    0.0010948349    
0.0240518480    0.0178088510    0.0009560292    
0.0242934360    0.0183854720    0.0009855648    
0.0245350250    0.0199431450    0.0010137670    
0.0247766130    0.0195482000    0.0009975649    
0.0250182020    0.0188090000    0.0009885791    
0.0252597900    0.0194550050    0.0009813752    
0.0255013790    0.0202743120    0.0009940299    
0.0257429670    0.0187386440    0.0009575000    
0.0259845560    0.0195063910    0.0009657103    
0.0262261450    0.0189576820    0.0009575075    
0.0264677330    0.0192863940    0.0009548188    
0.0267093220    0.0203046370    0.0009724158    
0.0269509100    0.0192612540    0.0009524077    
0.0271924990    0.0199977200    0.0009632563    
0.0274340870    0.0179695200    0.0009181996    
0.0276756760    0.0166139850    0.0008684269    
0.0279172640    0.0212581550    0.0009805656    
0.0281588530    0.0179565150    0.0008900714    
0.0284004410    0.0185466090    0.0009126190    
0.0286420300    0.0183208400    0.0008897386    
0.0288836180    0.0199859980    0.0009390241    
0.0291252070    0.0179507220    0.0008717641    
0.0293667950    0.0180805050    0.0008854061    
0.0296083840    0.0201098890    0.0009227050    
0.0298499720    0.0185412810    0.0008889864    
0.0300915610    0.0179083850    0.0008707355    
0.0303331490    0.0193605870    0.0008978257    
0.0305747380    0.0197938660    0.0008960262    
0.0308163270    0.0183336630    0.0008623430    
0.0310579150    0.0170793050    0.0008363771    
0.0312995040    0.0189415610    0.0008737091    
0.0315410920    0.0192800910    0.0008772745    
0.0317826810    0.0179684840    0.0008442330    
0.0320242690    0.0174400610    0.0008239654    
0.0322658580    0.0187007810    0.0008653689    
0.0325074460    0.0194993300    0.0008685692    
0.0327490350    0.0186110170    0.0008459553    
0.0329906230    0.0191244850    0.0008485118    
0.0332322120    0.0183656200    0.0008365311    
0.0334738000    0.0184344080    0.0008268962    
0.0337153890    0.0194526750    0.0008481769    
0.0339569770    0.0192133270    0.0008441851    
0.0341985660    0.0193073720    0.0008474996    
0.0344401540    0.0191689670    0.0008334333    
0.0346817430    0.0193587550    0.0008448853    
0.0349233310    0.0186416450    0.0008254659    
0.0351649200    0.0183150300    0.0008031672    
0.0354065090    0.0185938060    0.0008138288    
0.0356480970    0.0196056980    0.0008240890    
0.0358896860    0.0191620260    0.0008238398    
0.0361312740    0.0186714880    0.0008020091    
0.0363728630    0.0176104140    0.0007767620    
0.0366144510    0.0182165860    0.0007965557    
0.0368560400    0.0180159340    0.0007803567    
0.0370976280    0.0179776630    0.0007891318    
0.0373392170    0.0181473010    0.0007853105    
0.0375808050    0.0186946360    0.0007885856    
0.0378223940    0.0186281070    0.0007871812    
0.0380639820    0.0181735820    0.0007806222    
0.0383055710    0.0199249100    0.0008014974    
0.0385471590    0.0208916390    0.0008238858    
0.0387887480    0.0195158530    0.0007994005    
0.0390303360    0.0181410750    0.0007618535    
0.0392719250    0.0184141680    0.0007665918    
0.0395135140    0.0183503410    0.0007652621    
0.0397551020    0.0167210610    0.0007448153    
0.0399966910    0.0173391700    0.0007301108    
0.0402382790    0.0181277370    0.0007520653    
0.0404798680    0.0185074120    0.0007543058    
0.0407214560    0.0184690020    0.0007610020    
0.0409630450    0.0177068260    0.0007333418    
0.0412046330    0.0188148440    0.0007605450    
0.0414462220    0.0185284740    0.0007483580    
0.0416878100    0.0178809730    0.0007342836    
0.0419293990    0.0182292520    0.0007405127    
0.0421709870    0.0187265580    0.0007478667    
0.0424125760    0.0180015870    0.0007367559    
0.0426541640    0.0185977830    0.0007374500    
0.0428957530    0.0183480340    0.0007333349    
0.0431373410    0.0187732330    0.0007409204    
0.0433789300    0.0179380980    0.0007192522    
0.0436205180    0.0186887130    0.0007324684    
0.0438621070    0.0188032800    0.0007363933    
0.0441036960    0.0181432660    0.0007217004    
0.0443452840    0.0184512450    0.0007220530    
0.0445868730    0.0190628340    0.0007414583    
0.0448284610    0.0197189140    0.0007447731    
0.0450700500    0.0181690890    0.0007392898    
0.0453116380    0.0192538950    0.0007628671    
0.0455532270    0.0184610230    0.0007685425    
0.0457948150    0.0200736770    0.0008003899    
0.0460364040    0.0183477350    0.0007671574    
0.0462779920    0.0174050250    0.0007588952    
0.0465195810    0.0168755950    0.0007472639    
0.0467611690    0.0181772280    0.0007786269    
0.0470027580    0.0195780420    0.0008080723    
0.0472443460    0.0192083060    0.0008168203    
0.0474859350    0.0179289260    0.0007795185    
0.0477275230    0.0193260230    0.0008159454    
0.0479691120    0.0182046250    0.0007930059    
0.0482107000    0.0195125510    0.0008290089    
0.0484522890    0.0174154740    0.0007788437    
0.0486938780    0.0186843580    0.0008123634    
0.0489354660    0.0183281630    0.0008068524    
0.0491770550    0.0180977990    0.0008109818    
0.0494186430    0.0187561760    0.0008093887    
0.0496602320    0.0170623200    0.0007504000    
0.0499018200    0.0174816710    0.0007488325    
0.0501434090    0.0169515780    0.0007254606    
0.0503849970    0.0181454910    0.0007432683    
0.0506265860    0.0191460490    0.0007579993    
0.0508681740    0.0193514330    0.0007584424    
0.0511097630    0.0178450290    0.0007249047    
0.0513513510    0.0175978850    0.0007067481    
0.0515929400    0.0193738830    0.0007535567    
0.0518345280    0.0170302110    0.0006952555    
0.0520761170    0.0194562620    0.0007516610    
0.0523177050    0.0181775910    0.0007048967    
0.0525592940    0.0183074770    0.0007208562    
0.0528008830    0.0178512710    0.0006932859    
0.0530424710    0.0189151570    0.0007159492    
0.0532840600    0.0182577300    0.0006996377    
0.0535256480    0.0180432480    0.0006955161    
0.0537672370    0.0187159760    0.0007023981    
0.0540088250    0.0187947800    0.0007053555    
0.0542504140    0.0170856530    0.0006753697    
0.0544920020    0.0178765660    0.0006850315    
0.0547335910    0.0184470010    0.0006908456    
0.0549751790    0.0180141400    0.0006798999    
0.0552167680    0.0187966750    0.0006952201    
0.0554583560    0.0189866980    0.0006909967    
0.0556999450    0.0178235440    0.0006674969    
0.0559415330    0.0180750850    0.0006769173    
0.0561831220    0.0181154660    0.0006709432    
0.0564247100    0.0183545410    0.0006733628    
0.0566662990    0.0171819780    0.0006489543    
0.0569078870    0.0181735150    0.0006740184    
0.0571494760    0.0184075110    0.0006716996    
0.0573910650    0.0183499180    0.0006604280    
0.0576326530    0.0178593850    0.0006565241    
0.0578742420    0.0194980720    0.0006846699    
0.0581158300    0.0183065720    0.0006571676    
0.0583574190    0.0174390420    0.0006402074    
0.0585990070    0.0189679210    0.0006714571    
0.0588405960    0.0182334440    0.0006570877    
0.0590821840    0.0183147700    0.0006524366    
0.0593237730    0.0185103830    0.0006577378    
0.0595653610    0.0183193830    0.0006567817    
0.0598069500    0.0185229490    0.0006460620    
0.0600485380    0.0177220120    0.0006353649    
0.0602901270    0.0188723690    0.0006562566    
0.0605317150    0.0178563950    0.0006349003    
0.0607733040    0.0176304100    0.0006280574    
0.0610148920    0.0196072560    0.0006658973    
0.0612564810    0.0177739040    0.0006311698    
0.0614980690    0.0184213090    0.0006363536    
0.0617396580    0.0198379130    0.0006752904    
0.0619812470    0.0178513700    0.0006400026    
0.0622228350    0.0184418260    0.0006463857    
0.0624644240    0.0175990950    0.0006269418    
0.0627060120    0.0170225260    0.0006215748    
0.0629476010    0.0181368630    0.0006456894    
0.0631891890    0.0192014090    0.0006601581    
0.0634307780    0.0193445730    0.0006596445    
0.0636723660    0.0182322600    0.0006398269    
0.0639139550    0.0172724320    0.0006216484    
0.0641555430    0.0181599710    0.0006307218    
0.0643971320    0.0180904400    0.0006356333    
0.0646387200    0.0189040200    0.0006379798    
0.0648803090    0.0173932650    0.0006172639    
0.0651218970    0.0185976850    0.0006258619    
0.0653634860    0.0173212890    0.0006086080    
0.0656050740    0.0181482210    0.0006213832    
0.0658466630    0.0171233490    0.0006005421    
0.0660882520    0.0187980890    0.0006276499    
0.0663298400    0.0179357840    0.0006141095    
0.0665714290    0.0190275010    0.0006293738    
0.0668130170    0.0194896570    0.0006390910    
0.0670546060    0.0184984470    0.0006190269    
0.0672961940    0.0180391300    0.0006087912    
0.0675377830    0.0180523430    0.0006040986    
0.0677793710    0.0169564320    0.0005892768    
0.0680209600    0.0169918550    0.0005828158    
0.0682625480    0.0185606250    0.0006096109    
0.0685041370    0.0182640930    0.0006028049    
0.0687457250    0.0193209820    0.0006285116    
0.0689873140    0.0183254740    0.0006028638    
0.0692289020    0.0175916620    0.0005906702    
0.0694704910    0.0184550270    0.0006045145    
0.0697120790    0.0179065960    0.0005935979    
0.0699536680    0.0190695320    0.0006154665    
0.0701952560    0.0186824640    0.0006087076    
0.0704368450    0.0174239330    0.0005897108    
0.0706784340    0.0191254600    0.0006238037    
0.0709200220    0.0185710980    0.0006092979    
0.0711616110    0.0177233140    0.0005947555    
0.0714031990    0.0191043260    0.0006224526    
0.0716447880    0.0192705340    0.0006282015    
0.0718863760    0.0189904850    0.0006151621    
0.0721279650    0.0183036360    0.0005982731    
0.0723695530    0.0187062020    0.0006015509    
0.0726111420    0.0184888320    0.0006017602    
0.0728527300    0.0185661080    0.0005942866    
0.0730943190    0.0183402570    0.0005947236    
0.0733359070    0.0184418260    0.0005927427    
0.0735774960    0.0174115920    0.0005781424    
0.0738190840    0.0191146940    0.0005993864    
0.0740606730    0.0181624050    0.0005855794    
0.0743022610    0.0187002390    0.0005946330    
0.0745438500    0.0181582400    0.0005833267    
0.0747854380    0.0177136980    0.0005702241    
0.0750270270    0.0203347630    0.0006159222    
0.0752686160    0.0184151380    0.0005788749    
0.0755102040    0.0202205540    0.0006074677    
0.0757517930    0.0179050430    0.0005737146    
0.0759933810    0.0177567290    0.0005623613    
0.0762349700    0.0181847420    0.0005764951    
0.0764765580    0.0188699270    0.0005817848    
0.0767181470    0.0180292520    0.0005678681    
0.0769597350    0.0182445880    0.0005668318    
0.0772013240    0.0179402700    0.0005609074    
0.0774429120    0.0179231210    0.0005579224    
0.0776845010    0.0195327190    0.0005800376    
0.0779260890    0.0175093880    0.0005525914    
0.0781676780    0.0182331200    0.0005600258    
0.0784092660    0.0177900980    0.0005543190    
0.0786508550    0.0188269750    0.0005656016    
0.0788924430    0.0185838460    0.0005673300    
0.0791340320    0.0176821490    0.0005496230    
0.0793756210    0.0195824160    0.0005799811    
0.0796172090    0.0187683790    0.0005620686    
0.0798587980    0.0183892200    0.0005616502    
0.0801003860    0.0189123510    0.0005691949    
0.0803419750    0.0188859400    0.0005608311    
0.0805835630    0.0180063350    0.0005520196    
0.0808251520    0.0177048280    0.0005466432    
0.0810667400    0.0178904840    0.0005495019    
0.0813083290    0.0189680760    0.0005590950    
0.0815499170    0.0179870590    0.0005524681    
0.0817915060    0.0195557920    0.0005722081    
0.0820330940    0.0195085100    0.0005655235    
0.0822746830    0.0185725650    0.0005532354    
0.0825162710    0.0180118070    0.0005423374    
0.0827578600    0.0184089530    0.0005500727    
0.0829994480    0.0180520600    0.0005377307    
0.0832410370    0.0183937380    0.0005491280    
0.0834826250    0.0179399350    0.0005360581    
0.0837242140    0.0187333040    0.0005467394    
0.0839658030    0.0184439650    0.0005438829    
0.0842073910    0.0179764780    0.0005352418    
0.0844489800    0.0182236050    0.0005355253    
0.0846905680    0.0191012750    0.0005441981    
0.0849321570    0.0180760760    0.0005353672    
0.0851737450    0.0184047080    0.0005335258    
0.0854153340    0.0194481620    0.0005518458    
0.0856569220    0.0179650250    0.0005267905    
0.0858985110    0.0187268570    0.0005435501    
0.0861400990    0.0184284390    0.0005335416    
0.0863816880    0.0183785410    0.0005347935    
0.0866232760    0.0191219280    0.0005499441    
0.0868648650    0.0185527730    0.0005346820    
0.0871064530    0.0188066940    0.0005399854    
0.0873480420    0.0184489480    0.0005305893    
0.0875896300    0.0184009350    0.0005311893    
0.0878312190    0.0185856160    0.0005331984    
0.0880728080    0.0178042590    0.0005202900    
0.0883143960    0.0196506290    0.0005462725    
0.0885559850    0.0177289950    0.0005207657    
0.0887975730    0.0191336470    0.0005383889    
0.0890391620    0.0187168660    0.0005328139    
0.0892807500    0.0186275500    0.0005296279    
0.0895223390    0.0195128870    0.0005407743    
0.0897639270    0.0183580000    0.0005211221    
0.0900055160    0.0175678910    0.0005109882    
0.0902471040    0.0186136760    0.0005281671    
0.0904886930    0.0182131190    0.0005178446    
0.0907302810    0.0186366820    0.0005192908    
0.0909718700    0.0191532020    0.0005357670    
0.0912134580    0.0178965190    0.0005094611    
0.0914550470    0.0184368660    0.0005237831    
0.0916966350    0.0178820160    0.0005092546    
0.0919382240    0.0185469750    0.0005204407    
0.0921798120    0.0185293060    0.0005169013    
0.0924214010    0.0181688130    0.0005118483    
0.0926629900    0.0186898840    0.0005161849    
0.0929045780    0.0189046180    0.0005245215    
0.0931461670    0.0192876770    0.0005237814    
0.0933877550    0.0188395500    0.0005185416    
0.0936293440    0.0195515200    0.0005303601    
0.0938709320    0.0187320680    0.0005179429    
0.0941125210    0.0191287900    0.0005192752    
0.0943541090    0.0181420430    0.0005057046    
0.0945956980    0.0196883800    0.0005277040    
0.0948372860    0.0185529100    0.0005096876    
0.0950788750    0.0190628660    0.0005152126    
0.0953204630    0.0190854940    0.0005175281    
0.0955620520    0.0180847010    0.0005029353    
0.0958036400    0.0181270150    0.0005010216    
0.0960452290    0.0185839990    0.0005072977    
0.0962868170    0.0192940620    0.0005191906    
0.0965284060    0.0191933100    0.0005155470    
0.0967699940    0.0189994390    0.0005129366    
0.0970115830    0.0200613870    0.0005216472    
0.0972531720    0.0192500560    0.0005126517    
0.0974947600    0.0190721140    0.0005097237    
0.0977363490    0.0188474380    0.0005048019    
0.0979779370    0.0199712280    0.0005216002    
0.0982195260    0.0186700310    0.0005045954    
0.0984611140    0.0196089280    0.0005140701    
0.0987027030    0.0190297820    0.0005069654    
0.0989442910    0.0199831520    0.0005197886    
0.0991858800    0.0198550550    0.0005164566    
0.0994274680    0.0198732700    0.0005144995    
0.0996690570    0.0208252310    0.0005230885    
0.0999106450    0.0213570660    0.0005339267    
0.1001522300    0.0202471180    0.0005157769    
0.1003938200    0.0210183880    0.0005274413    
0.1006354100    0.0208297440    0.0005228721    
0.1008770000    0.0212070460    0.0005286913    
0.1011185900    0.0208511790    0.0005242366    
0.1013601800    0.0212119750    0.0005293078    
0.1016017700    0.0202877460    0.0005141496    
0.1018433500    0.0193445730    0.0005133517    
0.1020849400    0.0215773850    0.0005496643    
0.1023265300    0.0207954160    0.0005438685    
0.1025681200    0.0213039420    0.0005476972    
0.1028097100    0.0207100720    0.0005480466    
0.1030513000    0.0222271620    0.0005697400    
0.1032928800    0.0225885090    0.0005797646    
0.1035344700    0.0221493130    0.0005664434    
0.1037760600    0.0220156920    0.0005744093    
0.1040176500    0.0220346780    0.0005770693    
0.1042592400    0.0223047370    0.0005823473    
0.1045008300    0.0219781620    0.0005746047    
0.1047424200    0.0218897260    0.0005786561    
0.1049840000    0.0208999810    0.0005681945    
0.1052255900    0.0208737270    0.0005695895    
0.1054671800    0.0202043320    0.0005569504    
0.1057087700    0.0196701750    0.0005532669    
0.1059503600    0.0191274890    0.0005476184    
0.1061919500    0.0190253760    0.0005458145    
0.1064335400    0.0186672840    0.0005273581    
0.1066751200    0.0181527700    0.0005122100    
0.1069167100    0.0192848810    0.0005264301    
0.1071583000    0.0188469570    0.0005137108    
0.1073998900    0.0184714990    0.0005068776    
0.1076414800    0.0179648340    0.0005035111    
0.1078830700    0.0180588020    0.0004976180    
0.1081246600    0.0186389020    0.0005086070    
0.1083662400    0.0197204280    0.0005166383    
0.1086078300    0.0204171430    0.0005314370    
0.1088494200    0.0193124360    0.0005101689    
0.1090910100    0.0189681990    0.0005042523    
0.1093326000    0.0189670680    0.0005015707    
0.1095741900    0.0195476600    0.0005105377    
0.1098157700    0.0186126160    0.0004932333    
0.1100573600    0.0187017950    0.0004980509    
0.1102989500    0.0187371740    0.0004941111    
0.1105405400    0.0189781080    0.0004970203    
0.1107821300    0.0194062250    0.0005049528    
0.1110237200    0.0189640240    0.0004942841    
0.1112653100    0.0192029290    0.0005025636    
0.1115068900    0.0185798330    0.0004872587    
0.1117484800    0.0183067870    0.0004829295    
0.1119900700    0.0189936490    0.0004899242    
0.1122316600    0.0180337240    0.0004790717    
0.1124732500    0.0189427710    0.0004882871    
0.1127148400    0.0193068890    0.0004924650    
0.1129564300    0.0190127570    0.0004904171    
0.1131980100    0.0185478620    0.0004819659    
0.1134396000    0.0185777610    0.0004835598    
0.1136811900    0.0186856240    0.0004837525    
0.1139227800    0.0187491350    0.0004826548    
0.1141643700    0.0178753650    0.0004678197    
0.1144059600    0.0186526180    0.0004781151    
0.1146475500    0.0179628180    0.0004717267    
0.1148891300    0.0187824470    0.0004763070    
0.1151307200    0.0189164870    0.0004831360    
0.1153723100    0.0182280410    0.0004687746    
0.1156139000    0.0181378940    0.0004714721    
0.1158554900    0.0185010170    0.0004711437    
0.1160970800    0.0193568160    0.0004868195    
0.1163386700    0.0187284740    0.0004749383    
0.1165802500    0.0178992780    0.0004638613    
0.1168218400    0.0188372340    0.0004727068    
0.1170634300    0.0189441510    0.0004744943    
0.1173050200    0.0189326730    0.0004757013    
0.1175466100    0.0178507620    0.0004605977    
0.1177882000    0.0187609790    0.0004697590    
0.1180297800    0.0183311570    0.0004645640    
0.1182713700    0.0193180860    0.0004789281    
0.1185129600    0.0173640570    0.0004515097    
0.1187545500    0.0186211760    0.0004666976    
0.1189961400    0.0190299320    0.0004709168    
0.1192377300    0.0181867360    0.0004578269    
0.1194793200    0.0186195940    0.0004626075    
0.1197209000    0.0193498830    0.0004718080    
0.1199624900    0.0178236350    0.0004519923    
0.1202040800    0.0193185020    0.0004671705    
0.1204456700    0.0178439460    0.0004541165    
0.1206872600    0.0178545890    0.0004493231    
0.1209288500    0.0184135270    0.0004596206    
0.1211704400    0.0184577280    0.0004578799    
0.1214120200    0.0195432240    0.0004694582    
0.1216536100    0.0182883940    0.0004531219    
0.1218952000    0.0191275450    0.0004609381    
0.1221367900    0.0186468860    0.0004583606    
0.1223783800    0.0185552260    0.0004541905    
0.1226199700    0.0187433930    0.0004581107    
0.1228615600    0.0187994860    0.0004583877    
0.1231031400    0.0185876120    0.0004553927    
0.1233447300    0.0178242750    0.0004457462    
0.1235863200    0.0191533770    0.0004641283    
0.1238279100    0.0182834140    0.0004484787    
0.1240695000    0.0187241660    0.0004526656    
0.1243110900    0.0178113050    0.0004413013    
0.1245526800    0.0178167910    0.0004425252    
0.1247942600    0.0184064780    0.0004462914    
0.1250358500    0.0191774910    0.0004575156    
0.1252774400    0.0196706050    0.0004623581    
0.1255190300    0.0188447410    0.0004513791    
0.1257606200    0.0189808150    0.0004547689    
0.1260022100    0.0195027100    0.0004605797    
0.1262437900    0.0180291750    0.0004413140    
0.1264853800    0.0179074060    0.0004392554    
0.1267269700    0.0183223790    0.0004420489    
0.1269685600    0.0184339990    0.0004435815    
0.1272101500    0.0180497350    0.0004389338    
0.1274517400    0.0187852120    0.0004508595    
0.1276933300    0.0184250190    0.0004399397    
0.1279349100    0.0185221390    0.0004463490    
0.1281765000    0.0185610680    0.0004458653    
0.1284180900    0.0178387280    0.0004347032    
0.1286596800    0.0183281630    0.0004419313    
0.1289012700    0.0183105830    0.0004402295    
0.1291428600    0.0179734470    0.0004370786    
0.1293844500    0.0186203590    0.0004413448    
0.1296260300    0.0182961330    0.0004395012    
0.1298676200    0.0184333800    0.0004411465    
0.1301092100    0.0190961330    0.0004467619    
0.1303508000    0.0179925330    0.0004325828    
0.1305923900    0.0176884490    0.0004332334    
0.1308339800    0.0183229780    0.0004396390    
0.1310755700    0.0178985580    0.0004327061    
0.1313171500    0.0181786100    0.0004351740    
0.1315587400    0.0186739080    0.0004405155    
0.1318003300    0.0185317150    0.0004401100    
0.1320419200    0.0182697870    0.0004334008    
0.1322835100    0.0181508870    0.0004337653    
0.1325251000    0.0179598590    0.0004312989    
0.1327666900    0.0182575320    0.0004339657    
0.1330082700    0.0184122570    0.0004358007    
0.1332498600    0.0182038010    0.0004340394    
0.1334914500    0.0183226710    0.0004376207    
0.1337330400    0.0180413600    0.0004285854    
0.1339746300    0.0183852140    0.0004337052    
0.1342162200    0.0184111580    0.0004338347    
0.1344578000    0.0183567650    0.0004346090    
0.1346993900    0.0184594450    0.0004331724    
0.1349409800    0.0180641620    0.0004309550    
0.1351825700    0.0190585350    0.0004394355    
0.1354241600    0.0188762060    0.0004380350    
0.1356657500    0.0184126160    0.0004331481    
0.1359073400    0.0179274520    0.0004300250    
0.1361489200    0.0190431900    0.0004390817    
0.1363905100    0.0183656820    0.0004308535    
0.1366321000    0.0186640170    0.0004341643    
0.1368736900    0.0180176440    0.0004265801    
0.1371152800    0.0177856190    0.0004217966    
0.1373568700    0.0183719150    0.0004304079    
0.1375984600    0.0183391540    0.0004310623    
0.1378400400    0.0180378430    0.0004268191    
0.1380816300    0.0182112700    0.0004266444    
0.1383232200    0.0182499340    0.0004293211    
0.1385648100    0.0187194510    0.0004349833    
0.1388064000    0.0176454080    0.0004192977    
0.1390479900    0.0185992070    0.0004286169    
0.1392895800    0.0189113350    0.0004365058    
0.1395311600    0.0186926460    0.0004301994    
0.1397727500    0.0178708820    0.0004206369    
0.1400143400    0.0189747280    0.0004332627    
0.1402559300    0.0181545560    0.0004280259    
0.1404975200    0.0183819030    0.0004261056    
0.1407391100    0.0181338250    0.0004235534    
0.1409806900    0.0181835900    0.0004271698    
0.1412222800    0.0185067620    0.0004267132    
0.1414638700    0.0185992070    0.0004286169    
0.1417054600    0.0180295010    0.0004187250    
0.1419470500    0.0190945460    0.0004356580    
0.1421886400    0.0187050030    0.0004269925    
0.1424302300    0.0185718460    0.0004266291    
0.1426718100    0.0184280520    0.0004258048    
0.1429134000    0.0183954380    0.0004245980    
0.1431549900    0.0190628120    0.0004332457    
0.1433965800    0.0183091230    0.0004247611    
0.1436381700    0.0181267480    0.0004198527    
0.1438797600    0.0185939440    0.0004249004    
0.1441213500    0.0182619660    0.0004217420    
0.1443629300    0.0175453040    0.0004127450    
0.1446045200    0.0175627180    0.0004132690    
0.1448461100    0.0186616030    0.0004260018    
0.1450877000    0.0180108470    0.0004159427    
0.1453292900    0.0184359640    0.0004244044    
0.1455708800    0.0187981370    0.0004262408    
0.1458124700    0.0182607930    0.0004238680    
0.1460540500    0.0184323010    0.0004190242    
0.1462956400    0.0184939760    0.0004226160    
0.1465372300    0.0186497930    0.0004230947    
0.1467788200    0.0180996250    0.0004163309    
0.1470204100    0.0182658550    0.0004187170    
0.1472620000    0.0183486150    0.0004191848    
0.1475035900    0.0176723030    0.0004107617    
0.1477451700    0.0180714750    0.0004171204    
0.1479867600    0.0183188130    0.0004174161    
0.1482283500    0.0185381790    0.0004226341    
0.1484699400    0.0185743180    0.0004212741    
0.1487115300    0.0179573250    0.0004154829    
0.1489531200    0.0187014380    0.0004189106    
0.1491947000    0.0184323010    0.0004190242    
0.1494362900    0.0186864510    0.0004198408    
0.1496778800    0.0183101350    0.0004170019    
0.1499194700    0.0187284020    0.0004211023    
0.1501610600    0.0188086860    0.0004228006    
0.1504026500    0.0184142390    0.0004161477    
0.1506442400    0.0179942840    0.0004151176    
0.1508858200    0.0193599260    0.0004289515    
0.1511274100    0.0188094640    0.0004196493    
0.1513690000    0.0187439260    0.0004189175    
0.1516105900    0.0185831070    0.0004183645    
0.1518521800    0.0183585630    0.0004152076    
0.1520937700    0.0184499230    0.0004151557    
0.1523353600    0.0189077370    0.0004205875    
0.1525769400    0.0185736880    0.0004182584    
0.1528185300    0.0181749350    0.0004132802    
0.1530601200    0.0188516030    0.0004199627    
0.1533017100    0.0189933160    0.0004237511    
0.1535433000    0.0190742340    0.0004205619    
0.1537848900    0.0186895380    0.0004161459    
0.1540264800    0.0186515480    0.0004166448    
0.1542680600    0.0186890310    0.0004167549    
0.1545096500    0.0186860650    0.0004147342    
0.1547512400    0.0186332700    0.0004161327    
0.1549928300    0.0197007700    0.0004275710    
0.1552344200    0.0185461460    0.0004143938    
0.1554760100    0.0184022910    0.0004129356    
0.1557176000    0.0191830090    0.0004231661    
0.1559591800    0.0184029660    0.0004126392    
0.1562007700    0.0183442830    0.0004095767    
0.1564423600    0.0188108090    0.0004141502    
0.1566839500    0.0185168490    0.0004149841    
0.1569255400    0.0184711750    0.0004115900    
0.1571671300    0.0184663010    0.0004116858    
0.1574087100    0.0189926000    0.0004152442    
0.1576503000    0.0190559760    0.0004206709    
0.1578918900    0.0184533010    0.0004088637    
0.1581334800    0.0187876410    0.0004149496    
0.1583750700    0.0184148450    0.0004115627    
0.1586166600    0.0190295750    0.0004281989    
0.1588582500    0.0190724480    0.0004281891    
0.1590998300    0.0195595130    0.0004386820    
0.1593414200    0.0183673730    0.0004279591    
0.1595830100    0.0195617540    0.0004441267    
0.1598246000    0.0190517780    0.0004374232    
0.1600661900    0.0194241250    0.0004459722    
0.1603077800    0.0187575540    0.0004404104    
0.1605493700    0.0188298350    0.0004419857    
0.1607909500    0.0181832570    0.0004354100    
0.1610325400    0.0180110810    0.0004360640    
0.1612741300    0.0187658610    0.0004452942    
0.1615157200    0.0189675180    0.0004495733    
0.1617573100    0.0186419560    0.0004462660    
0.1619989000    0.0180574410    0.0004428025    
0.1622404900    0.0182747470    0.0004433581    
0.1624820700    0.0189597070    0.0004560997    
0.1627236600    0.0185444260    0.0004499008    
0.1629652500    0.0178321790    0.0004406030    
0.1632068400    0.0183903600    0.0004410019    
0.1634484300    0.0175236290    0.0004237659    
0.1636900200    0.0187996220    0.0004383876    
0.1639316100    0.0182151050    0.0004287391    
0.1641731900    0.0180549350    0.0004265077    
0.1644147800    0.0182461430    0.0004253654    
0.1646563700    0.0193253670    0.0004393264    
0.1648979600    0.0186546670    0.0004280801    
0.1651395500    0.0185535510    0.0004289337    
0.1653811400    0.0184836420    0.0004256148    
0.1656227200    0.0184847300    0.0004278002    
0.1658643100    0.0177985070    0.0004165174    
0.1661059000    0.0181461970    0.0004200779    
0.1663474900    0.0181176460    0.0004168557    
0.1665890800    0.0184680220    0.0004207068    
0.1668306700    0.0187206030    0.0004256882    
0.1670722600    0.0182955130    0.0004187373    
0.1673138400    0.0195552570    0.0004327486    
0.1675554300    0.0187850980    0.0004220571    
0.1677970200    0.0181241280    0.0004164541    
0.1680386100    0.0183286510    0.0004192761    
0.1682802000    0.0182687410    0.0004160592    
0.1685217900    0.0185691970    0.0004180513    
0.1687633800    0.0182552670    0.0004140379    
0.1690049600    0.0182046770    0.0004161137    
0.1692465500    0.0182396780    0.0004112586    
0.1694881400    0.0184380670    0.0004162612    
0.1697297300    0.0175718000    0.0004051556    
0.1699713200    0.0179789880    0.0004118166    
0.1702129100    0.0178887440    0.0004069830    
0.1704545000    0.0184747120    0.0004146650    
0.1706960800    0.0187295890    0.0004192258    
0.1709376700    0.0186454310    0.0004135269    
0.1711792600    0.0177938800    0.0004054549    
0.1714208500    0.0178009440    0.0004033189    
0.1716624400    0.0185232470    0.0004139855    
0.1719040300    0.0183109040    0.0004080187    
0.1721456200    0.0182469240    0.0004089348    
0.1723872000    0.0175870650    0.0004014726    
0.1726287900    0.0180333630    0.0004060909    
0.1728703800    0.0177817460    0.0004041306    
0.1731119700    0.0182927210    0.0004078160    
0.1733535600    0.0187244830    0.0004127501    
0.1735951500    0.0179075670    0.0004013294    
0.1738367300    0.0182721200    0.0004068516    
0.1740783200    0.0183359210    0.0004056659    
0.1743199100    0.0184921940    0.0004078279    
0.1745615000    0.0177862600    0.0003991122    
0.1748030900    0.0183883200    0.0004049466    
0.1750446800    0.0188199270    0.0004142505    
0.1752862700    0.0187987990    0.0004085730    
0.1755278500    0.0177240960    0.0004023012    
0.1757694400    0.0176481500    0.0003967129    
0.1760110300    0.0182837190    0.0004045110    
0.1762526200    0.0182853900    0.0004023872    
0.1764942100    0.0183507230    0.0004035319    
0.1767358000    0.0175450780    0.0003942963    
0.1769773900    0.0179300440    0.0003977585    
0.1772189700    0.0176566910    0.0003954092    
0.1774605600    0.0182376030    0.0004029979    
0.1777021500    0.0188786190    0.0004082878    
0.1779437400    0.0178845540    0.0003975327    
0.1781853300    0.0177864880    0.0003974200    
0.1784269200    0.0174309090    0.0003898645    
0.1786685100    0.0174984130    0.0003915702    
0.1789100900    0.0183171020    0.0003992369    
0.1791516800    0.0183719710    0.0004005280    
0.1793932700    0.0178255070    0.0003946634    
0.1796348600    0.0179430240    0.0003941856    
0.1798764500    0.0176485920    0.0003909381    
0.1801180400    0.0185619910    0.0004010651    
0.1803596200    0.0180004490    0.0003975634    
0.1806012100    0.0171714660    0.0003852197    
0.1808428000    0.0181096290    0.0003954671    
0.1810843900    0.0180498730    0.0003935995    
0.1813259800    0.0182064230    0.0003959790    
0.1815675700    0.0179640440    0.0003926626    
0.1818091600    0.0184366840    0.0003975233    
0.1820507400    0.0189081650    0.0004028488    
0.1822923300    0.0172240340    0.0003837049    
0.1825339200    0.0179063000    0.0003924330    
0.1827755100    0.0177093400    0.0003886769    
0.1830171000    0.0183280160    0.0003985293    
0.1832586900    0.0182662440    0.0003939399    
0.1835002800    0.0173668950    0.0003845095    
0.1837418600    0.0170955220    0.0003804646    
0.1839834500    0.0180846820    0.0003927742    
0.1842250400    0.0180708380    0.0003918272    
0.1844666300    0.0181614630    0.0003924109    
0.1847082200    0.0184079570    0.0003947988    
0.1849498100    0.0174864760    0.0003851796    
0.1851914000    0.0173309970    0.0003854189    
0.1854329800    0.0177240410    0.0003877872    
0.1856745700    0.0180065410    0.0003912617    
0.1859161600    0.0181149030    0.0003896805    
0.1861577500    0.0172011940    0.0003797256    
0.1863993400    0.0180519100    0.0003900438    
0.1866409300    0.0179341920    0.0003869588    
0.1868825200    0.0175407340    0.0003859070    
0.1871241000    0.0180881400    0.0003887451    
0.1873656900    0.0180460570    0.0003903733    
0.1876072800    0.0184534690    0.0003917413    
0.1878488700    0.0176967020    0.0003870965    
0.1880904600    0.0170574530    0.0003791481    
0.1883320500    0.0173628720    0.0003796127    
0.1885736300    0.0174235760    0.0003810310    
0.1888152200    0.0177534500    0.0003844936    
0.1890568100    0.0179903240    0.0003880796    
0.1892984000    0.0175853380    0.0003816592    
0.1895399900    0.0177436430    0.0003846422    
0.1897815800    0.0180354790    0.0003877925    
0.1900231700    0.0175852180    0.0003829212    
0.1902647500    0.0178075980    0.0003843168    
0.1905063400    0.0180672110    0.0003895569    
0.1907479300    0.0182501280    0.0003894482    
0.1909895200    0.0168779810    0.0003730453    
0.1912311100    0.0173853150    0.0003791080    
0.1914727000    0.0170540690    0.0003751093    
0.1917142900    0.0178940490    0.0003853756    
0.1919558700    0.0181143540    0.0003844557    
0.1921974600    0.0180766420    0.0003873369    
0.1924390500    0.0172205130    0.0003786787    
0.1926806400    0.0179274120    0.0003848467    
0.1929222300    0.0178621690    0.0003847783    
0.1931638200    0.0180699890    0.0003838601    
0.1934054100    0.0179237170    0.0003855677    
0.1936469900    0.0181179510    0.0003846187    
0.1938885800    0.0176728670    0.0003818539    
0.1941301700    0.0179044210    0.0003825941    
0.1943717600    0.0180312250    0.0003858326    
0.1946133500    0.0172841450    0.0003743297    
0.1948549400    0.0178747650    0.0003832752    
0.1950965300    0.0175281010    0.0003791688    
0.1953381100    0.0172840920    0.0003762750    
0.1955797000    0.0173519180    0.0003777515    
0.1958212900    0.0178036390    0.0003805274    
0.1960628800    0.0181651180    0.0003844954    
0.1963044700    0.0183093260    0.0003853955    
0.1965460600    0.0182631800    0.0003880516    
0.1967876400    0.0169591150    0.0003700782    
0.1970292300    0.0180518230    0.0003821829    
0.1972708200    0.0175790670    0.0003788557    
0.1975124100    0.0184613970    0.0003879952    
0.1977540000    0.0184494320    0.0003877437    
0.1979955900    0.0184499650    0.0003874983    
0.1982371800    0.0178798950    0.0003823319    
0.1984787600    0.0186171530    0.0003857701    
0.1987203500    0.0174580110    0.0003757236    
0.1989619400    0.0182982470    0.0003849065    
0.1992035300    0.0179294040    0.0003802736    
0.1994451200    0.0177586160    0.0003787011    
0.1996867100    0.0182857580    0.0003835423    
0.1999283000    0.0180897230    0.0003822151    
0.2001698800    0.0175452660    0.0003769038    
0.2004114700    0.0183071830    0.0003861209    
0.2006530600    0.0182719290    0.0003826634    
0.2008946500    0.0180559670    0.0003812467    
0.2011362400    0.0178879260    0.0003769431    
0.2013778300    0.0181381770    0.0003827267    
0.2016194200    0.0183516330    0.0003821599    
0.2018610000    0.0181909350    0.0003820580    
0.2021025900    0.0183142640    0.0003837184    
0.2023441800    0.0183890350    0.0003835213    
0.2025857700    0.0181196630    0.0003810657    
0.2028273600    0.0179154870    0.0003804922    
0.2030689500    0.0183835170    0.0003840750    
0.2033105400    0.0182461430    0.0003804584    
0.2035521200    0.0181330760    0.0003808428    
0.2037937100    0.0186496650    0.0003856168    
0.2040353000    0.0180280330    0.0003799799    
0.2042768900    0.0180139450    0.0003785077    
0.2045184800    0.0173542910    0.0003699947    
0.2047600700    0.0180965960    0.0003805806    
0.2050016500    0.0180590470    0.0003805491    
0.2052432400    0.0187849230    0.0003877510    
0.2054848300    0.0183291050    0.0003814427    
0.2057264200    0.0182017100    0.0003825375    
0.2059680100    0.0182314730    0.0003787553    
0.2062096000    0.0186985350    0.0003849033    
0.2064511900    0.0183755230    0.0003808450    
0.2066927700    0.0189445730    0.0003884075    
0.2069343600    0.0184677740    0.0003830038    
0.2071759500    0.0183846720    0.0003820204    
0.2074175400    0.0177668800    0.0003753101    
0.2076591300    0.0178770120    0.0003758795    
0.2079007200    0.0183310210    0.0003836487    
0.2081423100    0.0187427820    0.0003842703    
0.2083838900    0.0183663880    0.0003812292    
0.2086254800    0.0181465290    0.0003795382    
0.2088670700    0.0176399160    0.0003733786    
0.2091086600    0.0180890120    0.0003794156    
0.2093502500    0.0181071520    0.0003780536    
0.2095918400    0.0182625780    0.0003817150    
0.2098334300    0.0180264030    0.0003785189    
0.2100750100    0.0181090800    0.0003805907    
0.2103166000    0.0181837750    0.0003817393    
0.2105581900    0.0180282190    0.0003772287    
0.2107997800    0.0179149170    0.0003781842    
0.2110413700    0.0189162460    0.0003865291    
0.2112829600    0.0183083450    0.0003829226    
0.2115245400    0.0188688470    0.0003858023    
0.2117661300    0.0186133140    0.0003856077    
0.2120077200    0.0177491630    0.0003747686    
0.2122493100    0.0188408210    0.0003895693    
0.2124909000    0.0182807440    0.0003811799    
0.2127324900    0.0188649860    0.0003898190    
0.2129740800    0.0183218480    0.0003811266    
0.2132156600    0.0176717430    0.0003743039    
0.2134572500    0.0186692340    0.0003861865    
0.2136988400    0.0177200460    0.0003760024    
0.2139404300    0.0184344550    0.0003815750    
0.2141820200    0.0178011750    0.0003766232    
0.2144236100    0.0187848260    0.0003879970    
0.2146652000    0.0186331400    0.0003859357    
0.2149067800    0.0176209920    0.0003736483    
0.2151483700    0.0177586950    0.0003807864    
0.2153899600    0.0180656680    0.0003888914    
0.2156315500    0.0182164680    0.0003943365    
0.2158731400    0.0180525090    0.0003940319    
0.2161147300    0.0180056460    0.0003984564    
0.2163563200    0.0180944690    0.0004004221    
0.2165979000    0.0180604700    0.0004030391    
0.2168394900    0.0189780520    0.0004134465    
0.2170810800    0.0184602500    0.0004123716    
0.2173226700    0.0185896110    0.0004135111    
0.2175642600    0.0185726500    0.0004156089    
0.2178058500    0.0178584140    0.0004090547    
0.2180474400    0.0176357300    0.0004084797    
0.2182890200    0.0175439600    0.0004106730    
0.2185306100    0.0175371330    0.0004079506    
0.2187722000    0.0179266700    0.0004176907    
0.2190137900    0.0179738970    0.0004174336    
0.2192553800    0.0172953860    0.0004133207    
0.2194969700    0.0180269210    0.0004193441    
0.2197385500    0.0179793350    0.0004162151    
0.2199801400    0.0183468690    0.0004160085    
0.2202217300    0.0174777290    0.0004021324    
0.2204633200    0.0174679240    0.0004001104    
0.2207049100    0.0178568500    0.0004019123    
0.2209465000    0.0179292180    0.0004027259    
0.2211880900    0.0179743320    0.0004012168    
0.2214296700    0.0170927440    0.0003906977    
0.2216712600    0.0171957090    0.0003913172    
0.2219128500    0.0171253960    0.0003894148    
0.2221544400    0.0165089280    0.0003842404    
0.2223960300    0.0169217330    0.0003870923    
0.2226376200    0.0172150100    0.0003934924    
0.2228792100    0.0173412710    0.0003919995    
0.2231207900    0.0174653280    0.0003933992    
0.2233623800    0.0178940670    0.0003956967    
0.2236039700    0.0176653280    0.0003948114    
0.2238455600    0.0170827770    0.0003863537    
0.2240871500    0.0172826360    0.0003892841    
0.2243287400    0.0167392640    0.0003811274    
0.2245703300    0.0176035620    0.0003934309    
0.2248119100    0.0177824380    0.0003948729    
0.2250535000    0.0176911850    0.0003937212    
0.2252950900    0.0171744220    0.0003894237    
0.2255366800    0.0167681850    0.0003811936    
0.2257782700    0.0179205230    0.0003950281    
0.2260198600    0.0172351630    0.0003860662    
0.2262614500    0.0170677630    0.0003840547    
0.2265030300    0.0169606430    0.0003823224    
0.2267446200    0.0179404880    0.0003947018    
0.2269862100    0.0173705830    0.0003857273    
0.2272278000    0.0174054780    0.0003871710    
0.2274693900    0.0179750460    0.0003922477    
0.2277109800    0.0176453880    0.0003921197    
0.2279525600    0.0166113300    0.0003769466    
0.2281941500    0.0166220530    0.0003779692    
0.2284357400    0.0170738600    0.0003825490    
0.2286773300    0.0166818730    0.0003794276    
0.2289189200    0.0173307700    0.0003843697    
0.2291605100    0.0167825450    0.0003804402    
0.2294021000    0.0173555040    0.0003852975    
0.2296436800    0.0175635060    0.0003910734    
0.2298852700    0.0168279390    0.0003791384    
0.2301268600    0.0176750640    0.0003925854    
0.2303684500    0.0169003150    0.0003816419    
0.2306100400    0.0167825800    0.0003808326    
0.2308516300    0.0176173320    0.0003893868    
0.2310932200    0.0175305180    0.0003904357    
0.2313348000    0.0177155220    0.0003906041    
0.2315763900    0.0173291260    0.0003867184    
0.2318179800    0.0173055510    0.0003883254    
0.2320595700    0.0167220870    0.0003801456    
0.2323011600    0.0178087800    0.0003935222    
0.2325427500    0.0172087770    0.0003868362    
0.2327843400    0.0172443050    0.0003887167    
0.2330259200    0.0177292150    0.0003906213    
0.2332675100    0.0166646130    0.0003792312    
0.2335091000    0.0173272300    0.0003880311    
0.2337506900    0.0176138820    0.0003892155    
0.2339922800    0.0175861580    0.0003911901    
0.2342338700    0.0173867690    0.0003882949    
0.2344754600    0.0163871760    0.0003781432    
0.2347170400    0.0165610520    0.0003780510    
0.2349586300    0.0177076220    0.0003918613    
0.2352002200    0.0170621580    0.0003878765    
0.2354418100    0.0172794090    0.0003880320    
0.2356834000    0.0173077030    0.0003880807    
0.2359249900    0.0170088120    0.0003823412    
0.2361665700    0.0170771680    0.0003864246    
0.2364081600    0.0165779270    0.0003786336    
0.2366497500    0.0167973580    0.0003832457    
0.2368913400    0.0174995010    0.0003895517    
0.2371329300    0.0171048170    0.0003875466    
0.2373745200    0.0175495360    0.0003910533    
0.2376161100    0.0169308580    0.0003840985    
0.2378576900    0.0169524880    0.0003856824    
0.2380992800    0.0170082720    0.0003841777    
0.2383408700    0.0173819250    0.0003894513    
0.2385824600    0.0166066440    0.0003790918    
0.2388240500    0.0174900460    0.0003907963    
0.2390656400    0.0170128730    0.0003855624    
0.2393072300    0.0172229530    0.0003868618    
0.2395488100    0.0175146810    0.0003906647    
0.2397904000    0.0170195820    0.0003863102    
0.2400319900    0.0169880520    0.0003864916    
0.2402735800    0.0161186690    0.0003769998    
0.2405151700    0.0178372920    0.0003958958    
0.2407567600    0.0167421880    0.0003808980    
0.2409983500    0.0167974250    0.0003836469    
0.2412399300    0.0171534360    0.0003860802    
0.2414815200    0.0162784110    0.0003784654    
0.2417231100    0.0169930230    0.0003833446    
0.2419647000    0.0169149870    0.0003859295    
0.2422062900    0.0170609140    0.0003870490    
0.2424478800    0.0163611020    0.0003791602    
0.2426894600    0.0175875890    0.0003950522    
0.2429310500    0.0170396590    0.0003862687    
0.2431726400    0.0162202500    0.0003766046    
0.2434142300    0.0166264540    0.0003798410    
0.2436558200    0.0165941020    0.0003833266    
0.2438974100    0.0175044310    0.0003901451    
0.2441390000    0.0170928810    0.0003872762    
0.2443805800    0.0169586070    0.0003860215    
0.2446221700    0.0170118450    0.0003870329    
0.2448637600    0.0164231480    0.0003812128    
0.2451053500    0.0165290420    0.0003803047    
0.2453469400    0.0172925630    0.0003931143    
0.2455885300    0.0168965490    0.0003845093    
0.2458301200    0.0171551870    0.0003898906    
0.2460717000    0.0171693150    0.0003869280    
0.2463132900    0.0168381130    0.0003835770    
0.2465548800    0.0170097660    0.0003876885    
0.2467964700    0.0170396590    0.0003862687    
0.2470380600    0.0176053240    0.0003938640    
0.2472796500    0.0172407830    0.0003896284    
0.2475212400    0.0162454660    0.0003804861    
0.2477628200    0.0167175660    0.0003867984    
0.2480044100    0.0174755420    0.0003914506    
0.2482460000    0.0166629270    0.0003823744    
0.2484875900    0.0159158630    0.0003746205    
0.2487291800    0.0179439230    0.0003977729    
0.2489707700    0.0176193560    0.0003931952    
0.2492123600    0.0167386570    0.0003855360    
0.2494539400    0.0163939140    0.0003807394    
0.2496955300    0.0171971480    0.0003906425    
0.2499371200    0.0166977420    0.0003835775    
0.2501787100    0.0174828660    0.0003968258    
0.2504203000    0.0166978840    0.0003831766    
0.2506618900    0.0171392110    0.0003860535    
0.2509034700    0.0169739810    0.0003868729    
0.2511450600    0.0165719860    0.0003815959    
0.2513866500    0.0168300500    0.0003854996    
0.2516282400    0.0169191330    0.0003838325    
0.2518698300    0.0177426850    0.0003952590    
0.2521114200    0.0165696040    0.0003810363    
0.2523530100    0.0168473650    0.0003848879    
0.2525945900    0.0177015630    0.0003935625    
0.2528361800    0.0162413810    0.0003797660    
0.2530777700    0.0166984450    0.0003815853    
0.2533193600    0.0177427890    0.0003929283    
0.2535609500    0.0171654440    0.0003878268    
0.2538025400    0.0165230400    0.0003803680    
0.2540441300    0.0169520970    0.0003852749    
0.2542857100    0.0169691830    0.0003850670    
0.2545273000    0.0173598520    0.0003915203    
0.2547688900    0.0171826900    0.0003865429    
0.2550104800    0.0168830300    0.0003861059    
0.2552520700    0.0171924380    0.0003911415    
0.2554936600    0.0170416160    0.0003856201    
0.2557352500    0.0169352940    0.0003858910    
0.2559768300    0.0174134700    0.0003896694    
0.2562184200    0.0171967570    0.0003891306    
0.2564600100    0.0165359930    0.0003794616    
0.2567016000    0.0165771870    0.0003823243    
0.2569431900    0.0169227990    0.0003848079    
0.2571847800    0.0170328900    0.0003855214    
0.2574263700    0.0168440480    0.0003839115    
0.2576679500    0.0168883120    0.0003852206    
0.2579095400    0.0169590130    0.0003864314    
0.2581511300    0.0172706950    0.0003879341    
0.2583927200    0.0171652990    0.0003863472    
0.2586343100    0.0170331960    0.0003836656    
0.2588759000    0.0170634240    0.0003868074    
0.2591174800    0.0169148840    0.0003820683    
0.2593590700    0.0163271390    0.0003757587    
0.2596006600    0.0174328900    0.0003896165    
0.2598422500    0.0166664040    0.0003813513    
0.2600838400    0.0167944230    0.0003830790    
0.2603254300    0.0168239580    0.0003847550    
0.2605670200    0.0162963580    0.0003773559    
0.2608086000    0.0168570360    0.0003807616    
0.2610501900    0.0173706780    0.0003885173    
0.2612917800    0.0174201910    0.0003900151    
0.2615333700    0.0169101250    0.0003833323    
0.2617749600    0.0167158840    0.0003817845    
0.2620165500    0.0171297600    0.0003855473    
0.2622581400    0.0169234600    0.0003856213    
0.2624997200    0.0167130140    0.0003816194    
0.2627413100    0.0170259590    0.0003889679    
0.2629829000    0.0178224640    0.0003919155    
0.2632244900    0.0167244340    0.0003826791    
0.2634660800    0.0168144360    0.0003818505    
0.2637076700    0.0169395720    0.0003841973    
0.2639492600    0.0169657130    0.0003844936    
0.2641908400    0.0170684240    0.0003863256    
0.2644324300    0.0169963610    0.0003861812    
0.2646740200    0.0171054450    0.0003846106    
0.2649156100    0.0167446790    0.0003846557    
0.2651572000    0.0171121450    0.0003868201    
0.2653987900    0.0162410130    0.0003788265    
0.2656403800    0.0172212570    0.0003885922    
0.2658819600    0.0170000800    0.0003844834    
0.2661235500    0.0170113280    0.0003866211    
0.2663651400    0.0165272850    0.0003793616    
0.2666067300    0.0168760550    0.0003841424    
0.2668483200    0.0163234930    0.0003772769    
0.2670899100    0.0167239150    0.0003850943    
0.2673314900    0.0171510730    0.0003863207    
0.2675730800    0.0158234260    0.0003737933    
0.2678146700    0.0167475370    0.0003856382    
0.2680562600    0.0161278660    0.0003752697    
0.2682978500    0.0173231660    0.0003896045    
0.2685394400    0.0167246890    0.0003814884    
0.2687810300    0.0174452880    0.0003916583    
0.2690226100    0.0168895050    0.0003825701    
0.2692642000    0.0165755900    0.0003839247    
0.2695057900    0.0164885940    0.0003795751    
0.2697473800    0.0162639700    0.0003771118    
0.2699889700    0.0168537210    0.0003860418    
0.2702305600    0.0162032980    0.0003791867    
0.2704721500    0.0171278370    0.0003891685    
0.2707137300    0.0169713800    0.0003844247    
0.2709553200    0.0165623480    0.0003822872    
0.2711969100    0.0162091850    0.0003772640    
0.2714385000    0.0164798560    0.0003794745    
0.2716800900    0.0167212700    0.0003837132    
0.2719216800    0.0171454900    0.0003971247    
0.2721632700    0.0163610890    0.0003906586    
0.2724048500    0.0164973580    0.0003973249    
0.2726464400    0.0171887300    0.0004130188    
0.2728880300    0.0172556650    0.0004141492    
0.2731296200    0.0172779050    0.0004167284    
0.2733712100    0.0168742510    0.0004151638    
0.2736128000    0.0174125380    0.0004275027    
0.2738543800    0.0168586680    0.0004182121    
0.2740959700    0.0167406210    0.0004207568    
0.2743375600    0.0170907320    0.0004282060    
0.2745791500    0.0168049740    0.0004264343    
0.2748207400    0.0173358430    0.0004361305    
0.2750623300    0.0173687600    0.0004365443    
0.2753039200    0.0155661750    0.0004176676    
0.2755455000    0.0158594660    0.0004202750    
0.2757870900    0.0160845890    0.0004295720    
0.2760286800    0.0167312210    0.0004359395    
0.2762702700    0.0166749490    0.0004432883    
0.2765118600    0.0164972260    0.0004234236    
0.2767534500    0.0175884640    0.0004355128    
0.2769950400    0.0176566160    0.0004328434    
0.2772366200    0.0167826160    0.0004176124    
0.2774782100    0.0170639330    0.0004216209    
0.2777198000    0.0168036850    0.0004194373    
0.2779613900    0.0174181290    0.0004259743    
0.2782029800    0.0166317090    0.0004082092    
0.2784445700    0.0168637960    0.0004145304    
0.2786861600    0.0167180130    0.0004115690    
0.2789277400    0.0166166680    0.0004057677    
0.2791693300    0.0171291840    0.0004123028    
0.2794109200    0.0168521290    0.0004109053    
0.2796525100    0.0159796310    0.0003994908    
0.2798941000    0.0167132310    0.0004039322    
0.2801356900    0.0157822290    0.0003965434    
0.2803772800    0.0160419550    0.0004033240    
0.2806188600    0.0170118450    0.0004068935    
0.2808604500    0.0165117630    0.0003987139    
0.2811020400    0.0164063180    0.0003989691    
0.2813436300    0.0167065400    0.0004044800    
0.2815852200    0.0160486120    0.0003924816    
0.2818268100    0.0170175520    0.0004063332    
0.2820683900    0.0161539940    0.0003969627    
0.2823099800    0.0168204880    0.0004047552    
0.2825515700    0.0167270200    0.0004000809    
0.2827931600    0.0162001380    0.0003984577    
0.2830347500    0.0164875970    0.0003996479    
0.2832763400    0.0173983110    0.0004084966    
0.2835179300    0.0165830650    0.0003988112    
0.2837595100    0.0167167860    0.0004027264    
0.2840011000    0.0161915420    0.0003968086    
0.2842426900    0.0162632280    0.0003937470    
0.2844842800    0.0164569690    0.0003982043    
0.2847258700    0.0169328210    0.0004045407    
0.2849674600    0.0169369660    0.0004056831    
0.2852090500    0.0168454670    0.0004025687    
0.2854506300    0.0164645300    0.0003996763    
0.2856922200    0.0166431570    0.0004006040    
0.2859338100    0.0161430460    0.0003951458    
0.2861754000    0.0162198500    0.0003939690    
0.2864169900    0.0160736490    0.0003920402    
0.2866585800    0.0170805310    0.0004059894    
0.2869001700    0.0166372200    0.0003997669    
0.2871417500    0.0170496170    0.0004042282    
0.2873833400    0.0163529300    0.0003975533    
0.2876249300    0.0164294740    0.0003989429    
0.2878665200    0.0156046730    0.0003912187    
0.2881081100    0.0165033390    0.0003952966    
0.2883497000    0.0162705100    0.0003947339    
0.2885912900    0.0160858810    0.0003923386    
0.2888328700    0.0172377380    0.0004062974    
0.2890744600    0.0159486400    0.0003899201    
0.2893160500    0.0164149580    0.0003960301    
0.2895576400    0.0163596850    0.0003974827    
0.2897992300    0.0160204530    0.0003894705    
0.2900408200    0.0163309460    0.0003941179    
0.2902824000    0.0167073520    0.0004016840    
0.2905239900    0.0166727240    0.0003995832    
0.2907655800    0.0163593800    0.0003929774    
0.2910071700    0.0165859380    0.0003956892    
0.2912487600    0.0161719470    0.0003913077    
0.2914903500    0.0168123900    0.0003979334    
0.2917319400    0.0163162260    0.0003907028    
0.2919735200    0.0167903940    0.0003975241    
0.2922151100    0.0161370670    0.0003889862    
0.2924567000    0.0171668610    0.0004019560    
0.2926982900    0.0166899470    0.0003964817    
0.2929398800    0.0165241610    0.0003965925    
0.2931814700    0.0159786460    0.0003860658    
0.2934230600    0.0171625340    0.0004013050    
0.2936646400    0.0166450160    0.0003924358    
0.2939062300    0.0167967160    0.0003978969    
0.2941478200    0.0167342730    0.0003946499    
0.2943894100    0.0157785500    0.0003850718    
0.2946310000    0.0164443250    0.0003920876    
0.2948725900    0.0165649650    0.0003944039    
0.2951141800    0.0162694480    0.0003901423    
0.2953557600    0.0167558140    0.0003986091    
0.2955973500    0.0166069580    0.0003932914    
0.2958389400    0.0163786430    0.0003898572    
0.2960805300    0.0156965550    0.0003819351    
0.2963221200    0.0163239420    0.0003887755    
0.2965637100    0.0166542680    0.0003925449    
0.2968053000    0.0164428870    0.0003891876    
0.2970468800    0.0162618440    0.0003881783    
0.2972884700    0.0170232240    0.0003959960    
0.2975300600    0.0161665360    0.0003859032    
0.2977716500    0.0169261450    0.0003963197    
0.2980132400    0.0162464300    0.0003891430    
0.2982548300    0.0160891780    0.0003842757    
0.2984964100    0.0163534850    0.0003868549    
0.2987380000    0.0158829130    0.0003820835    
0.2989795900    0.0158959170    0.0003814044    
0.2992211800    0.0162722000    0.0003854716    
0.2994627700    0.0164958760    0.0003892443    
0.2997043600    0.0161375210    0.0003859812    
0.2999459500    0.0165039150    0.0003901951    
0.3001875300    0.0162072710    0.0003861064    
0.3004291200    0.0168279000    0.0003975218    
0.3006707100    0.0166557200    0.0003899878    
0.3009123000    0.0161691700    0.0003860761    
0.3011538900    0.0160197680    0.0003816395    
0.3013954800    0.0170778080    0.0003961952    
0.3016370700    0.0164012330    0.0003879844    
0.3018786500    0.0157771230    0.0003805309    
0.3021202400    0.0161049570    0.0003843238    
0.3023618300    0.0165247350    0.0003910153    
0.3026034200    0.0157151630    0.0003804778    
0.3028450100    0.0159688530    0.0003838179    
0.3030866000    0.0164478660    0.0003899614    
0.3033281900    0.0159459170    0.0003817260    
0.3035697700    0.0162111480    0.0003858703    
0.3038113600    0.0164188300    0.0003886182    
0.3040529500    0.0166739820    0.0003902015    
0.3042945400    0.0171363720    0.0003954313    
0.3045361300    0.0161955720    0.0003868168    
0.3047777200    0.0161573710    0.0003848084    
0.3050193100    0.0158872600    0.0003818568    
0.3052608900    0.0160518800    0.0003848144    
0.3055024800    0.0169829050    0.0004008480    
0.3057440700    0.0161925130    0.0003836916    
0.3059856600    0.0161443600    0.0003839544    
0.3062272500    0.0160616440    0.0003839467    
0.3064688400    0.0160611050    0.0003849249    
0.3067104200    0.0161963660    0.0003834601    
0.3069520100    0.0163525840    0.0003872672    
0.3071936000    0.0163415580    0.0003879865    
0.3074351900    0.0161375210    0.0003859812    
0.3076767800    0.0162539370    0.0003852553    
0.3079183700    0.0163396400    0.0003902577    
0.3081599600    0.0160879740    0.0003872407    
0.3084015400    0.0158268050    0.0003797461    
0.3086431300    0.0160768520    0.0003824571    
0.3088847200    0.0174101160    0.0004004707    
0.3091263100    0.0162306890    0.0003856805    
0.3093679000    0.0160483600    0.0003840684    
0.3096094900    0.0161951310    0.0003838614    
0.3098510800    0.0163907400    0.0003901451    
0.3100926600    0.0164372270    0.0003888358    
0.3103342500    0.0161980730    0.0003859968    
0.3105758400    0.0169300890    0.0003973937    
0.3108174300    0.0167165250    0.0003909830    
0.3110590200    0.0167929930    0.0003937420    
0.3113006100    0.0165652770    0.0003880829    
0.3115422000    0.0162852330    0.0003877437    
0.3117837800    0.0162856770    0.0003863333    
0.3120253700    0.0162797910    0.0003873945    
0.3122669600    0.0163826110    0.0003863565    
0.3125085500    0.0164016380    0.0003894130    
0.3127501400    0.0162862880    0.0003873299    
0.3129917300    0.0165794290    0.0003925293    
0.3132333100    0.0166697590    0.0003925830    
0.3134749000    0.0158373060    0.0003820936    
0.3137164900    0.0155847710    0.0003776531    
0.3139580800    0.0163324470    0.0003864653    
0.3141996700    0.0163745540    0.0003872449    
0.3144412600    0.0157954790    0.0003807522    
0.3146828500    0.0160769850    0.0003849740    
0.3149244300    0.0165519200    0.0003890533    
0.3151660200    0.0159553640    0.0003839375    
0.3154076100    0.0162181990    0.0003877999    
0.3156492000    0.0164349770    0.0003919762    
0.3158907900    0.0158978110    0.0003810114    
0.3161323800    0.0156352230    0.0003779889    
0.3163739700    0.0161129740    0.0003838599    
0.3166155500    0.0165928400    0.0003915323    
0.3168571400    0.0158342300    0.0003808022    
0.3170987300    0.0160784960    0.0003845694    
0.3173403200    0.0161060910    0.0003848992    
0.3175819100    0.0157613500    0.0003815961    
0.3178235000    0.0167315700    0.0003923018    
0.3180650900    0.0158614070    0.0003837936    
0.3183066700    0.0156504850    0.0003802516    
0.3185482600    0.0166697590    0.0003925830    
0.3187898500    0.0156468000    0.0003777173    
0.3190314400    0.0157909980    0.0003809763    
0.3192730300    0.0160957850    0.0003842144    
0.3195146200    0.0163728390    0.0003880735    
0.3197562100    0.0160448650    0.0003833267    
0.3199977900    0.0159472530    0.0003828566    
0.3202393800    0.0155461710    0.0003794007    
0.3204809700    0.0161121430    0.0003868152    
0.3207225600    0.0159375330    0.0003842881    
0.3209641500    0.0162683870    0.0003881134    
0.3212057400    0.0172411680    0.0003972155    
0.3214473200    0.0154608540    0.0003764228    
0.3216889100    0.0161639190    0.0003847462    
0.3219305000    0.0163221610    0.0003881830    
0.3221720900    0.0162467510    0.0003867178    
0.3224136800    0.0158430230    0.0003803543    
0.3226552700    0.0168213050    0.0003962619    
0.3228968600    0.0165781290    0.0003906418    
0.3231384400    0.0162898630    0.0003909692    
0.3233800300    0.0163900910    0.0003872876    
0.3236216200    0.0156166540    0.0003783147    
0.3238632100    0.0155082060    0.0003776876    
0.3241048000    0.0156713730    0.0003800866    
0.3243463900    0.0162125950    0.0003864526    
0.3245879800    0.0164832180    0.0003893794    
0.3248295600    0.0161468540    0.0003851044    
0.3250711500    0.0156508760    0.0003791437    
0.3253127400    0.0160662290    0.0003852691    
0.3255543300    0.0166109770    0.0003921787    
0.3257959200    0.0163190130    0.0003908816    
0.3260375100    0.0162802740    0.0003859880    
0.3262791000    0.0162521360    0.0003870653    
0.3265206800    0.0158597260    0.0003815257    
0.3267622700    0.0156482260    0.0003800846    
0.3270038600    0.0168389900    0.0003938474    
0.3272454500    0.0158713110    0.0003818044    
0.3274870400    0.0162624600    0.0003867632    
0.3277286300    0.0168734000    0.0003954100    
0.3279702200    0.0162444630    0.0003875426    
0.3282118000    0.0155204110    0.0003816238    
0.3284533900    0.0162965300    0.0003870266    
0.3286949800    0.0164269690    0.0004023367    
0.3289365700    0.0163299660    0.0004066007    
0.3291781600    0.0167035080    0.0004147461    
0.3294197500    0.0168531280    0.0004214599    
0.3296613300    0.0162525860    0.0004181097    
0.3299029200    0.0163914560    0.0004204320    
0.3301445100    0.0161697070    0.0004236160    
0.3303861000    0.0161054820    0.0004256006    
0.3306276900    0.0166282510    0.0004357786    
0.3308692800    0.0160146690    0.0004278572    
0.3311108700    0.0157813810    0.0004282478    
0.3313524500    0.0159967550    0.0004360230    
0.3315940400    0.0158804180    0.0004338200    
0.3318356300    0.0163315720    0.0004456460    
0.3320772200    0.0162535650    0.0004450110    
0.3323188100    0.0159005520    0.0004442604    
0.3325604000    0.0154946980    0.0004379061    
0.3328019900    0.0155689790    0.0004435625    
0.3330435700    0.0161753760    0.0004474212    
0.3332851600    0.0161183140    0.0004408125    
0.3335267500    0.0156750240    0.0004211951    
0.3337683400    0.0164106750    0.0004309654    
0.3340099300    0.0157230490    0.0004190207    
0.3342515200    0.0164513120    0.0004244882    
0.3344931100    0.0162753550    0.0004178666    
0.3347346900    0.0158362920    0.0004136057    
0.3349762800    0.0161023830    0.0004149327    
0.3352178700    0.0164151350    0.0004173489    
0.3354594600    0.0159879580    0.0004098130    
0.3357010500    0.0165119170    0.0004175218    
0.3359426400    0.0163472270    0.0004168367    
0.3361842300    0.0162746050    0.0004078861    
0.3364258100    0.0158754050    0.0004021991    
0.3366674000    0.0173543290    0.0004210282    
0.3369089900    0.0160318150    0.0004031965    
0.3371505800    0.0157452390    0.0003987734    
0.3373921700    0.0164303970    0.0004083425    
0.3376337600    0.0161810110    0.0004049050    
0.3378753400    0.0156769040    0.0003987086    
0.3381169300    0.0161794490    0.0004031029    
0.3383585200    0.0157867510    0.0004025451    
0.3386001100    0.0159914630    0.0003991634    
0.3388417000    0.0164374840    0.0004061425    
0.3390832900    0.0153681890    0.0003888501    
0.3393248800    0.0164889820    0.0004058077    
0.3395664600    0.0155781970    0.0003936600    
0.3398080500    0.0157894160    0.0003958503    
0.3400496400    0.0168112830    0.0004070159    
0.3402912300    0.0169355690    0.0004078788    
0.3405328200    0.0168083700    0.0004087463    
0.3407744100    0.0162446970    0.0004019930    
0.3410160000    0.0161936010    0.0004018375    
0.3412575800    0.0159003690    0.0003938342    
0.3414991700    0.0165964750    0.0004020509    
0.3417407600    0.0159231150    0.0003948824    
0.3419823500    0.0161927290    0.0003952975    
0.3422239400    0.0165933620    0.0004018576    
0.3424655300    0.0163090090    0.0003993278    
0.3427071200    0.0162956350    0.0003979282    
0.3429487000    0.0159049550    0.0003935857    
0.3431902900    0.0156879950    0.0003925681    
0.3434318800    0.0155178790    0.0003935203    
0.3436734700    0.0168262260    0.0004023387    
0.3439150600    0.0166535710    0.0003993536    
0.3441566500    0.0158216830    0.0003916450    
0.3443982300    0.0162300970    0.0003962097    
0.3446398200    0.0158160760    0.0003900747    
0.3448814100    0.0164235430    0.0003985639    
0.3451230000    0.0164227520    0.0003990150    
0.3453645900    0.0161609960    0.0003958224    
0.3456061800    0.0162586180    0.0003954943    
0.3458477700    0.0156443610    0.0003904994    
0.3460893500    0.0156761360    0.0003904420    
0.3463309400    0.0160694030    0.0003922869    
0.3465725300    0.0161391540    0.0003932871    
0.3468141200    0.0160892770    0.0003941840    
0.3470557100    0.0161185070    0.0003934856    
0.3472973000    0.0163857290    0.0003976463    
0.3475388900    0.0160249040    0.0003908513    
0.3477804700    0.0161459050    0.0003942719    
0.3480220600    0.0159944780    0.0003925690    
0.3482636500    0.0154002320    0.0003847654    
0.3485052400    0.0160335300    0.0003964035    
0.3487468300    0.0160747350    0.0003926511    
0.3489884200    0.0166566800    0.0003995430    
0.3492300100    0.0155510170    0.0003845917    
0.3494715900    0.0161899540    0.0003951120    
0.3497131800    0.0158458690    0.0003882206    
0.3499547700    0.0163836840    0.0003970126    
0.3501963600    0.0155387230    0.0003848766    
0.3504379500    0.0164075010    0.0003965432    
0.3506795400    0.0162914110    0.0003955904    
0.3509211300    0.0162381670    0.0003956999    
0.3511627100    0.0159032280    0.0003917479    
0.3514043000    0.0163975250    0.0003949205    
0.3516458900    0.0161474270    0.0003927896    
0.3518874800    0.0156746650    0.0003861177    
0.3521290700    0.0165241610    0.0003965925    
0.3523706600    0.0157389800    0.0003879374    
0.3526122400    0.0158869330    0.0003894605    
0.3528538300    0.0168163710    0.0004013008    
0.3530954200    0.0161281130    0.0003936028    
0.3533370100    0.0159901890    0.0003911698    
0.3535786000    0.0156665690    0.0003897205    
0.3538201900    0.0164742760    0.0003953953    
0.3540617800    0.0158349570    0.0003897116    
0.3543033600    0.0156061290    0.0003845461    
0.3545449500    0.0166033590    0.0003976924    
0.3547865400    0.0164654660    0.0003948428    
0.3550281300    0.0163566980    0.0003957781    
0.3552697200    0.0164157550    0.0003955891    
0.3555113100    0.0159302190    0.0003902872    
0.3557529000    0.0163279690    0.0003954303    
0.3559944800    0.0160178600    0.0003892925    
0.3562360700    0.0161249550    0.0003955333    
0.3564776600    0.0166294810    0.0003969540    
0.3567192500    0.0162872830    0.0003932933    
0.3569608400    0.0162705310    0.0003922033    
0.3572024300    0.0160127630    0.0003905552    
0.3574440200    0.0159472460    0.0003887261    
0.3576856000    0.0161229240    0.0003921936    
0.3579271900    0.0162180520    0.0003923085    
0.3581687800    0.0162075160    0.0003936693    
0.3584103700    0.0159074050    0.0003886798    
0.3586519600    0.0166976950    0.0004015679    
0.3588935500    0.0157936720    0.0003878742    
0.3591351400    0.0161133840    0.0003920775    
0.3593767200    0.0159680000    0.0003885400    
0.3596183100    0.0151283550    0.0003776193    
0.3598599000    0.0158029380    0.0003874014    
0.3601014900    0.0164641050    0.0003957214    
0.3603430800    0.0161380240    0.0003916350    
0.3605846700    0.0164618520    0.0003950971    
0.3608262500    0.0161392990    0.0003922439    
0.3610678400    0.0160688530    0.0003906472    
0.3613094300    0.0164672900    0.0003978721    
0.3615510200    0.0160609520    0.0003901094    
0.3617926100    0.0164312510    0.0003941357    
0.3620342000    0.0162492950    0.0003928344    
0.3622757900    0.0158809180    0.0003879168    
0.3625173700    0.0157815220    0.0003869927    
0.3627589600    0.0159885380    0.0003899643    
0.3630005500    0.0164844020    0.0003950698    
0.3632421400    0.0166044560    0.0003963566    
0.3634837300    0.0160943030    0.0003918453    
0.3637253200    0.0159971530    0.0003911062    
0.3639669100    0.0164141580    0.0003964726    
0.3642084900    0.0171051340    0.0004018347    
0.3644500800    0.0161394430    0.0003912089    
0.3646916700    0.0158053790    0.0003875777    
0.3649332600    0.0158819230    0.0003863312    
0.3651748500    0.0159680000    0.0003885400    
0.3654164400    0.0160725680    0.0003914321    
0.3656580300    0.0161475280    0.0003917503    
0.3658996100    0.0161597780    0.0003910132    
0.3661412000    0.0158029380    0.0003874014    
0.3663827900    0.0164875970    0.0003996479    
0.3666243800    0.0161010470    0.0003881179    
0.3668659700    0.0161476280    0.0003907192    
0.3671075600    0.0164719990    0.0003947725    
0.3673491500    0.0153357220    0.0003801986    
0.3675907300    0.0158268460    0.0003879875    
0.3678323200    0.0161221670    0.0003895334    
0.3680739100    0.0162223300    0.0003931026    
0.3683155000    0.0157458710    0.0003861185    
0.3685570900    0.0163584640    0.0003934097    
0.3687986800    0.0165320900    0.0003980460    
0.3690402600    0.0161528660    0.0003931546    
0.3692818500    0.0155364270    0.0003822488    
0.3695234400    0.0163016960    0.0003927265    
0.3697650300    0.0168406460    0.0003982676    
0.3700066200    0.0151153180    0.0003785935    
0.3702482100    0.0160818950    0.0003889011    
0.3704898000    0.0157056390    0.0003854798    
0.3707313800    0.0165752140    0.0003969044    
0.3709729700    0.0155520190    0.0003834457    
0.3712145600    0.0164083170    0.0003961005    
0.3714561500    0.0155905770    0.0003863981    
0.3716977400    0.0154814680    0.0003822876    
0.3719393300    0.0158422630    0.0003862818    
0.3721809200    0.0159345840    0.0003878417    
0.3724225000    0.0160573030    0.0003893323    
0.3726640900    0.0165322700    0.0003951969    
0.3729056800    0.0153513940    0.0003808212    
0.3731472700    0.0159715800    0.0003877100    
0.3733888600    0.0155940050    0.0003848319    
0.3736304500    0.0158151780    0.0003882853    
0.3738720400    0.0164650040    0.0003972375    
0.3741136200    0.0152426180    0.0003804714    
0.3743552100    0.0163206190    0.0003929543    
0.3745968000    0.0157409600    0.0003846129    
0.3748383900    0.0160075250    0.0003885825    
0.3750799800    0.0158118650    0.0003863454    
0.3753215700    0.0164654660    0.0003948428    
0.3755631500    0.0163160020    0.0003921617    
0.3758047400    0.0161597780    0.0003910132    
0.3760463300    0.0159523380    0.0003890814    
0.3762879200    0.0154009750    0.0003828767    
0.3765295100    0.0162665580    0.0003949869    
0.3767711000    0.0160263910    0.0003888115    
0.3770126900    0.0162284300    0.0003909614    
0.3772542700    0.0163160020    0.0003921617    
0.3774958600    0.0159665020    0.0003873585    
0.3777374500    0.0159414960    0.0003877803    
0.3779790400    0.0154946240    0.0003833143    
0.3782206300    0.0158784280    0.0003877403    
0.3784622200    0.0162999430    0.0003921157    
0.3787038100    0.0158053790    0.0003875777    
0.3789453900    0.0152813330    0.0003816757    
0.3791869800    0.0161378720    0.0003926734    
0.3794285700    0.0159835440    0.0003880004    
0.3796701600    0.0159068330    0.0003880870    
0.3799117500    0.0161665360    0.0003899232    
0.3801533400    0.0161908830    0.0003915367    
0.3803949300    0.0157642440    0.0003840371    
0.3806365100    0.0158258620    0.0003862265    
0.3808781000    0.0157104020    0.0003846708    
0.3811196900    0.0162250960    0.0003932851    
0.3813612800    0.0150774310    0.0003774078    
0.3816028700    0.0161434200    0.0003919969    
0.3818444600    0.0162978390    0.0003929758    
0.3820860500    0.0157478940    0.0003839808    
0.3823276300    0.0159819590    0.0003868239    
0.3825692200    0.0158432050    0.0003841412    
0.3828108100    0.0158521200    0.0003836813    
0.3830524000    0.0166092530    0.0003943422    
0.3832939900    0.0162238780    0.0003891614    
0.3835355800    0.0153277380    0.0003782609    
0.3837771600    0.0156036210    0.0003808027    
0.3840187500    0.0159682890    0.0003869466    
0.3842603400    0.0158492290    0.0003862221    
0.3845019300    0.0151126820    0.0003728402    
0.3847435200    0.0158144020    0.0003820974    
0.3849851100    0.0166414760    0.0003931179    
0.3852267000    0.0158028200    0.0003926242    
0.3854682800    0.0164475670    0.0004083911    
0.3857098700    0.0159872040    0.0004072595    
0.3859514600    0.0161892550    0.0004142928    
0.3861930500    0.0161787970    0.0004166252    
0.3864346400    0.0159693830    0.0004182244    
0.3866762300    0.0167060550    0.0004307745    
0.3869178200    0.0152459420    0.0004137180    
0.3871594000    0.0159645780    0.0004283574    
0.3874009900    0.0169309460    0.0004423463    
0.3876425800    0.0154946060    0.0004263135    
0.3878841700    0.0170570730    0.0004491815    
0.3881257600    0.0158432050    0.0004355752    
0.3883673500    0.0164737260    0.0004473650    
0.3886089400    0.0151551400    0.0004315970    
0.3888505200    0.0159716730    0.0004450333    
0.3890921100    0.0174004720    0.0004670531    
0.3893337000    0.0156373560    0.0004476962    
0.3895752900    0.0161370280    0.0004564241    
0.3898168800    0.0154500610    0.0004285076    
0.3900584700    0.0153681890    0.0004195140    
0.3903000600    0.0161242710    0.0004283464    
0.3905416400    0.0157537260    0.0004192431    
0.3907832300    0.0157063580    0.0004176868    
0.3910248200    0.0156733460    0.0004157811    
0.3912664100    0.0161274860    0.0004199240    
0.3915080000    0.0161154790    0.0004177743    
0.3917495900    0.0160916260    0.0004192746    
0.3919911700    0.0160052310    0.0004188760    
0.3922327600    0.0159001960    0.0004104045    
0.3924743500    0.0150930370    0.0004013765    
0.3927159400    0.0162268650    0.0004139022    
0.3929575300    0.0155061160    0.0004073510    
0.3931991200    0.0156591550    0.0004074535    
0.3934407100    0.0163567310    0.0004157297    
0.3936822900    0.0160738350    0.0004135112    
0.3939238800    0.0164666780    0.0004190659    
0.3941654700    0.0167866270    0.0004231176    
0.3944070600    0.0154336410    0.0004065710    
0.3946486500    0.0165248700    0.0004217779    
0.3948902400    0.0158421440    0.0004100002    
0.3951318300    0.0164086630    0.0004169150    
0.3953734100    0.0163259690    0.0004165656    
0.3956150000    0.0157682100    0.0004104301    
0.3958565900    0.0157493250    0.0004089699    
0.3960981800    0.0158806600    0.0004122414    
0.3963397700    0.0167151010    0.0004240172    
0.3965813600    0.0153598230    0.0004064640    
0.3968229500    0.0155089820    0.0004098376    
0.3970645300    0.0163842670    0.0004223366    
0.3973061200    0.0157983450    0.0004127554    
0.3975477100    0.0158327000    0.0004119692    
0.3977893000    0.0160739440    0.0004166976    
0.3980308900    0.0157740320    0.0004122609    
0.3982724800    0.0154906160    0.0004090667    
0.3985140700    0.0159472140    0.0004152301    
0.3987556500    0.0160890430    0.0004177915    
0.3989972400    0.0155389200    0.0004100564    
0.3992388300    0.0150602890    0.0004061458    
0.3994804200    0.0154630310    0.0004113614    
0.3997220100    0.0156510540    0.0004162161    
0.3999636000    0.0163895230    0.0004214930    
0.4002051800    0.0157913340    0.0004157054    
0.4004467700    0.0166136730    0.0004241827    
0.4006883600    0.0158574810    0.0004173021    
0.4009299500    0.0163989220    0.0004245520    
0.4011715400    0.0159240930    0.0004189101    
0.4014131300    0.0157312650    0.0004167314    
0.4016547200    0.0161201910    0.0004246569    
0.4018963000    0.0163361760    0.0004257910    
0.4021378900    0.0160730130    0.0004259340    
0.4023794800    0.0158700620    0.0004196726    
0.4026210700    0.0162905270    0.0004257597    
0.4028626600    0.0164888240    0.0004270226    
0.4031042500    0.0159069670    0.0004210904    
0.4033458400    0.0158177900    0.0004199084    
0.4035874200    0.0156184360    0.0004204342    
0.4038290100    0.0162900300    0.0004276497    
0.4040706000    0.0171033070    0.0004389795    
0.4043121900    0.0157628590    0.0004229450    
0.4045537800    0.0158030420    0.0004246350    
0.4047953700    0.0154721060    0.0004226657    
0.4050369600    0.0166373750    0.0004333473    
0.4052785400    0.0164166510    0.0004320171    
0.4055201300    0.0171174130    0.0004409420    
0.4057617200    0.0156570690    0.0004244059    
0.4060033100    0.0157884570    0.0004234794    
0.4062449000    0.0165459160    0.0004370868    
0.4064864900    0.0159791840    0.0004287493    
0.4067280800    0.0155175570    0.0004240656    
0.4069696600    0.0163017580    0.0004364629    
0.4072112500    0.0159882530    0.0004338615    
0.4074528400    0.0156139640    0.0004297602    
0.4076944300    0.0154045780    0.0004244797    
0.4079360200    0.0151189820    0.0004191639    
0.4081776100    0.0164176470    0.0004386235    
0.4084191900    0.0161262080    0.0004355254    
0.4086607800    0.0160064220    0.0004322903    
0.4089023700    0.0162072450    0.0004386750    
0.4091439600    0.0165628750    0.0004440912    
0.4093855500    0.0158042030    0.0004348317    
0.4096271400    0.0158829130    0.0004371628    
0.4098687300    0.0167280960    0.0004554498    
0.4101103100    0.0165366070    0.0004422754    
0.4103519000    0.0159583460    0.0004384095    
0.4105934900    0.0152615390    0.0004279123    
0.4108350800    0.0160781940    0.0004415354    
0.4110766700    0.0155539310    0.0004340679    
0.4113182600    0.0149422740    0.0004270965    
0.4115598500    0.0160401120    0.0004440196    
0.4118014300    0.0156833980    0.0004407815    
0.4120430200    0.0156836650    0.0004390583    
0.4122846100    0.0164274880    0.0004533554    
0.4125262000    0.0162631890    0.0004556391    
0.4127677900    0.0158252250    0.0004414671    
0.4130093800    0.0153074450    0.0004361113    
0.4132509700    0.0163249790    0.0004510420    
0.4134925500    0.0158376390    0.0004475982    
0.4137341400    0.0161575550    0.0004507379    
0.4139757300    0.0158990050    0.0004500519    
0.4142173200    0.0156260300    0.0004439285    
0.4144589100    0.0160102580    0.0004539292    
0.4147005000    0.0155860860    0.0004469617    
0.4149420800    0.0156881480    0.0004521249    
0.4151836700    0.0159304740    0.0004534936    
0.4154252600    0.0161283170    0.0004532859    
0.4156668500    0.0164892210    0.0004548859    
0.4159084400    0.0157488380    0.0004445562    
0.4161500300    0.0157424140    0.0004431407    
0.4163916200    0.0154612370    0.0004396017    
0.4166332000    0.0161718350    0.0004471523    
0.4168747900    0.0156222080    0.0004381973    
0.4171163800    0.0154294160    0.0004395863    
0.4173579700    0.0160200810    0.0004448307    
0.4175995600    0.0158353070    0.0004491495    
0.4178411500    0.0155202270    0.0004374065    
0.4180827400    0.0169183860    0.0004582590    
0.4183243200    0.0154583690    0.0004393426    
0.4185659100    0.0164177640    0.0004541259    
0.4188075000    0.0161127550    0.0004496631    
0.4190490900    0.0160610860    0.0004521112    
0.4192906800    0.0157873210    0.0004477884    
0.4195322700    0.0159692030    0.0004540445    
0.4197738600    0.0162403050    0.0004578823    
0.4200154400    0.0154149540    0.0004502756    
0.4202570300    0.0157801380    0.0004562945    
0.4204986200    0.0156588910    0.0004514693    
0.4207402100    0.0157537490    0.0004559128    
0.4209818000    0.0154786780    0.0004500300    
0.4212233900    0.0157240840    0.0004562019    
0.4214649800    0.0159536430    0.0004607340    
0.4217065600    0.0159716200    0.0004622180    
0.4219481500    0.0162223090    0.0004673251    
0.4221897400    0.0164575100    0.0004727296    
0.4224313300    0.0162413810    0.0004732061    
0.4226729200    0.0156205300    0.0004650945    
0.4229145100    0.0163336320    0.0004769071    
0.4231560900    0.0153651180    0.0004607693    
0.4233976800    0.0154713930    0.0004631240    
0.4236392700    0.0165836730    0.0004813438    
0.4238808600    0.0162167680    0.0004775839    
0.4241224500    0.0157139450    0.0004703847    
0.4243640400    0.0166079430    0.0004874159    
0.4246056300    0.0163964600    0.0004854084    
0.4248472100    0.0157247250    0.0004778250    
0.4250888000    0.0151326300    0.0004703750    
0.4253303900    0.0154234700    0.0004822190    
0.4255719800    0.0156515180    0.0004789287    
0.4258135700    0.0154564270    0.0004767687    
0.4260551600    0.0157623730    0.0004857440    
0.4262967500    0.0154984970    0.0004796665    
0.4265383300    0.0159139340    0.0004904146    
0.4267799200    0.0164499300    0.0005010195    
0.4270215100    0.0155656060    0.0004861878    
0.4272631000    0.0161399570    0.0005002384    
0.4275046900    0.0156705480    0.0004950514    
0.4277462800    0.0157693910    0.0005019453    
0.4279878700    0.0157134200    0.0005042676    
0.4282294500    0.0148357060    0.0004844030    
0.4284710400    0.0157095070    0.0005000391    
0.4287126300    0.0152948450    0.0004962303    
0.4289542200    0.0152996850    0.0004982263    
0.4291958100    0.0146696350    0.0004900781    
0.4294374000    0.0162594470    0.0005207191    
0.4296789900    0.0154068440    0.0005052103    
0.4299205700    0.0157386200    0.0005160897    
0.4301621600    0.0153547550    0.0005149819    
0.4304037500    0.0165272850    0.0005364984    
0.4306453400    0.0163141060    0.0005390332    
0.4308869300    0.0158345340    0.0005240466    
0.4311285200    0.0153135530    0.0005185823    
0.4313701000    0.0163497260    0.0005396214    
0.4316116900    0.0160737580    0.0005384912    
0.4318532800    0.0156403530    0.0005327125    
0.4320948700    0.0156807000    0.0005368969    
0.4323364600    0.0150438600    0.0005305560    
0.4325780500    0.0164938710    0.0005588735    
0.4328196400    0.0167139480    0.0005673084    
0.4330612200    0.0164474710    0.0005715891    
0.4333028100    0.0163105780    0.0005678614    
0.4335444000    0.0155406440    0.0005525617    
0.4337859900    0.0155337230    0.0005554848    
0.4340275800    0.0162674510    0.0005729965    
0.4342691700    0.0167309980    0.0005867817    
0.4345107600    0.0160203270    0.0005784605    
0.4347523400    0.0158862440    0.0005789269    
0.4349939300    0.0151488470    0.0005701344    
0.4352355200    0.0151152850    0.0005779474    
0.4354771100    0.0155881270    0.0005921440    
0.4357187000    0.0159520550    0.0006117334    
0.4359602900    0.0161502650    0.0006065359    
0.4362018800    0.0151906560    0.0005930955    
0.4364434600    0.0168044680    0.0006284515    
0.4366850500    0.0161871830    0.0006244341    
0.4369266400    0.0157795900    0.0006261939    
0.4371682300    0.0151288430    0.0006155839    
0.4374098200    0.0161628480    0.0006459973    
0.4376514100    0.0169417730    0.0006696824    
0.4378930000    0.0161121030    0.0006622034    
0.4381345800    0.0159007190    0.0006695410    
0.4383761700    0.0163549570    0.0006923606    
0.4386177600    0.0159157040    0.0006713634    
0.4388593500    0.0160164990    0.0006835675    
0.4391009400    0.0155290070    0.0006842898    
0.4393425300    0.0162594470    0.0007096205    
0.4395841100    0.0164106460    0.0007273891    
0.4398257000    0.0163934860    0.0007443898    
0.4400672900    0.0158847660    0.0007479844    
0.4403088800    0.0170513510    0.0007976286    
0.4405504700    0.0158072800    0.0007943457    
0.4407920600    0.0166356680    0.0008478322    
0.4410336500    0.0151802140    0.0008331225    
0.4412752300    0.0154756580    0.0008442664    
0.4415168200    0.0157301920    0.0008948594    
0.4417584100    0.0155767120    0.0012089873    
0.4420000000    0.0192945440    0.0020452176    