# Diamond Light Source Ltd.
# Data extracted from: /dls/b21/data/2017/mx13440-2/processed/b21-369037_00029.dat
q(1/A)          Column          Error           
0.0040000000    0.8104970700    0.0210252930    
0.0042415885    0.8699270900    0.0204873130    
0.0044831771    0.6765778000    0.0168200960    
0.0047247656    0.5398143700    0.0145471350    
0.0049663541    0.4090967900    0.0119396620    
0.0052079426    0.3534655300    0.0114199530    
0.0054495312    0.2715928800    0.0092291017    
0.0056911197    0.2645539100    0.0085877832    
0.0059327082    0.2060119500    0.0075782719    
0.0061742967    0.1746018200    0.0066858493    
0.0064158853    0.1590668700    0.0063173524    
0.0066574738    0.1299273100    0.0053949379    
0.0068990623    0.1179202300    0.0051861260    
0.0071406509    0.0928748390    0.0045210764    
0.0073822394    0.0997406930    0.0045289916    
0.0076238279    0.0831086750    0.0040361141    
0.0078654164    0.0706145530    0.0037799104    
0.0081070050    0.0699958220    0.0035673174    
0.0083485935    0.0613673440    0.0032253960    
0.0085901820    0.0625516830    0.0032785991    
0.0088317705    0.0560438800    0.0030216835    
0.0090733591    0.0492138460    0.0028133683    
0.0093149476    0.0525682910    0.0028018993    
0.0095565361    0.0515228980    0.0027738996    
0.0097981247    0.0440558120    0.0025650285    
0.0100397130    0.0398642870    0.0023572247    
0.0102813020    0.0371965110    0.0023293359    
0.0105228900    0.0386581750    0.0022245280    
0.0107644790    0.0330605270    0.0020784975    
0.0110060670    0.0363920670    0.0021260473    
0.0112476560    0.0324686500    0.0019983073    
0.0114892440    0.0317799210    0.0019485520    
0.0117308330    0.0321901880    0.0019518169    
0.0119724210    0.0330305550    0.0019497320    
0.0122140100    0.0278017800    0.0017725768    
0.0124555980    0.0299797200    0.0017852664    
0.0126971870    0.0276887650    0.0017689703    
0.0129387760    0.0275174190    0.0016684886    
0.0131803640    0.0273892740    0.0016921150    
0.0134219530    0.0263536070    0.0016008676    
0.0136635410    0.0255794390    0.0015833275    
0.0139051300    0.0229332900    0.0014991961    
0.0141467180    0.0261192010    0.0015637156    
0.0143883070    0.0250894110    0.0015102051    
0.0146298950    0.0248167000    0.0015019750    
0.0148714840    0.0261040570    0.0015517251    
0.0151130720    0.0213891740    0.0013893762    
0.0153546610    0.0241694660    0.0014217333    
0.0155962490    0.0235533250    0.0014177436    
0.0158378380    0.0263927570    0.0014662643    
0.0160794260    0.0237046060    0.0013895886    
0.0163210150    0.0245439890    0.0013828971    
0.0165626030    0.0214474000    0.0013175033    
0.0168041920    0.0227607530    0.0013075711    
0.0170457800    0.0236448700    0.0013407775    
0.0172873690    0.0233616970    0.0013247203    
0.0175289580    0.0227883120    0.0013005976    
0.0177705460    0.0213618420    0.0012374583    
0.0180121350    0.0215152220    0.0012279386    
0.0182537230    0.0218675470    0.0012243476    
0.0184953120    0.0217487020    0.0012176935    
0.0187369000    0.0208623910    0.0011926235    
0.0189784890    0.0212096060    0.0011711046    
0.0192200770    0.0208188730    0.0011786366    
0.0194616660    0.0218581990    0.0011768059    
0.0197032540    0.0205218520    0.0011490031    
0.0199448430    0.0228377980    0.0012121044    
0.0201864310    0.0209712000    0.0011526814    
0.0204280200    0.0201567840    0.0011079171    
0.0206696080    0.0201780410    0.0010927022    
0.0209111970    0.0198367020    0.0011071767    
0.0211527850    0.0206174560    0.0010942610    
0.0213943740    0.0201882240    0.0010853257    
0.0216359620    0.0203777850    0.0010955165    
0.0218775510    0.0201298770    0.0010837561    
0.0221191400    0.0184514060    0.0010188084    
0.0223607280    0.0197606870    0.0010473143    
0.0226023170    0.0208489480    0.0011081091    
0.0228439050    0.0184132590    0.0009956750    
0.0230854940    0.0212295020    0.0010668226    
0.0233270820    0.0191640400    0.0010114393    
0.0235686710    0.0202770030    0.0010470999    
0.0238102590    0.0185060330    0.0009794431    
0.0240518480    0.0175625880    0.0009482906    
0.0242934360    0.0199239440    0.0010247771    
0.0245350250    0.0190227090    0.0009889436    
0.0247766130    0.0179282640    0.0009542252    
0.0250182020    0.0208387260    0.0010393412    
0.0252597900    0.0180762290    0.0009448597    
0.0255013790    0.0200812540    0.0009881339    
0.0257429670    0.0184997800    0.0009502699    
0.0259845560    0.0188886060    0.0009491882    
0.0262261450    0.0179485790    0.0009305905    
0.0264677330    0.0185340950    0.0009349214    
0.0267093220    0.0182130540    0.0009198981    
0.0269509100    0.0187465830    0.0009385030    
0.0271924990    0.0195808510    0.0009520535    
0.0274340870    0.0202681250    0.0009740239    
0.0276756760    0.0181603860    0.0009068864    
0.0279172640    0.0201256790    0.0009529785    
0.0281588530    0.0202475950    0.0009440490    
0.0284004410    0.0193994910    0.0009322801    
0.0286420300    0.0189679400    0.0009042611    
0.0288836180    0.0188830830    0.0009116839    
0.0291252070    0.0197251770    0.0009127723    
0.0293667950    0.0169569820    0.0008564569    
0.0296083840    0.0182046070    0.0008768851    
0.0298499720    0.0194761870    0.0009100625    
0.0300915610    0.0191338440    0.0008989864    
0.0303331490    0.0166155040    0.0008307752    
0.0305747380    0.0186147250    0.0008679160    
0.0308163270    0.0188170590    0.0008726202    
0.0310579150    0.0196547340    0.0008961788    
0.0312995040    0.0178922890    0.0008481758    
0.0315410920    0.0174431150    0.0008334643    
0.0317826810    0.0186785520    0.0008597501    
0.0320242690    0.0183315820    0.0008437795    
0.0322658580    0.0188969610    0.0008688832    
0.0325074460    0.0201873260    0.0008827302    
0.0327490350    0.0188746030    0.0008509328    
0.0329906230    0.0178405250    0.0008185794    
0.0332322120    0.0183989020    0.0008363137    
0.0334738000    0.0186135310    0.0008299363    
0.0337153890    0.0179315500    0.0008133916    
0.0339569770    0.0183915010    0.0008249716    
0.0341985660    0.0184830280    0.0008282443    
0.0344401540    0.0177867300    0.0008018877    
0.0346817430    0.0187618770    0.0008307899    
0.0349233310    0.0178324450    0.0008064110    
0.0351649200    0.0185183750    0.0008066731    
0.0354065090    0.0178397800    0.0007962283    
0.0356480970    0.0195600650    0.0008221708    
0.0358896860    0.0175625880    0.0007877897    
0.0361312740    0.0179062790    0.0007844883    
0.0363728630    0.0185948770    0.0007972488    
0.0366144510    0.0182436860    0.0007962197    
0.0368560400    0.0182775010    0.0007850859    
0.0370976280    0.0182468450    0.0007940920    
0.0373392170    0.0189865820    0.0008023295    
0.0375808050    0.0178546340    0.0007697679    
0.0378223940    0.0176223250    0.0007647437    
0.0380639820    0.0184992590    0.0007866685    
0.0383055710    0.0175304220    0.0007509208    
0.0385471590    0.0179904690    0.0007636529    
0.0387887480    0.0189477330    0.0007867618    
0.0390303360    0.0185138150    0.0007687443    
0.0392719250    0.0201224720    0.0008004290    
0.0395135140    0.0171295730    0.0007385083    
0.0397551020    0.0171786340    0.0007540583    
0.0399966910    0.0192311260    0.0007680172    
0.0402382790    0.0189260080    0.0007675510    
0.0404798680    0.0186176930    0.0007556688    
0.0407214560    0.0180818950    0.0007521077    
0.0409630450    0.0174535040    0.0007272293    
0.0412046330    0.0174214980    0.0007309898    
0.0414462220    0.0185456590    0.0007478331    
0.0416878100    0.0171474390    0.0007182272    
0.0419293990    0.0188770810    0.0007526785    
0.0421709870    0.0178784400    0.0007298843    
0.0424125760    0.0182304360    0.0007405608    
0.0426541640    0.0196922710    0.0007579559    
0.0428957530    0.0185392620    0.0007362882    
0.0431373410    0.0173583720    0.0007116239    
0.0433789300    0.0176086240    0.0007117864    
0.0436205180    0.0184733680    0.0007273882    
0.0438621070    0.0172921290    0.0007053606    
0.0441036960    0.0185879320    0.0007296401    
0.0443452840    0.0183801080    0.0007198206    
0.0445868730    0.0173784460    0.0007071189    
0.0448284610    0.0168665950    0.0006880028    
0.0450700500    0.0180967880    0.0007369582    
0.0453116380    0.0194201690    0.0007652619    
0.0455532270    0.0189926210    0.0007786215    
0.0457948150    0.0185305040    0.0007681141    
0.0460364040    0.0182410260    0.0007640325    
0.0462779920    0.0179917490    0.0007706819    
0.0465195810    0.0167702910    0.0007440613    
0.0467611690    0.0174694180    0.0007624279    
0.0470027580    0.0184343950    0.0007832024    
0.0472443460    0.0188517120    0.0008082605    
0.0474859350    0.0185296460    0.0007915473    
0.0477275230    0.0182156000    0.0007912351    
0.0479691120    0.0178865450    0.0007851322    
0.0482107000    0.0184129570    0.0008043738    
0.0484522890    0.0194251810    0.0008215976    
0.0486938780    0.0192046760    0.0008226379    
0.0489354660    0.0189233700    0.0008188943    
0.0491770550    0.0189983400    0.0008299464    
0.0494186430    0.0175277420    0.0007815234    
0.0496602320    0.0170555320    0.0007493770    
0.0499018200    0.0188810620    0.0007773210    
0.0501434090    0.0173457660    0.0007329924    
0.0503849970    0.0176476370    0.0007321473    
0.0506265860    0.0196703380    0.0007674130    
0.0508681740    0.0177642520    0.0007258277    
0.0511097630    0.0184792040    0.0007368141    
0.0513513510    0.0178117830    0.0007102023    
0.0515929400    0.0184515370    0.0007345441    
0.0518345280    0.0182082300    0.0007180625    
0.0520761170    0.0184259420    0.0007306361    
0.0523177050    0.0192806670    0.0007251241    
0.0525592940    0.0180949590    0.0007158255    
0.0528008830    0.0186693160    0.0007081675    
0.0530424710    0.0190874190    0.0007183645    
0.0532840600    0.0178140170    0.0006902791    
0.0535256480    0.0178675130    0.0006913148    
0.0537672370    0.0180675320    0.0006893193    
0.0540088250    0.0173777190    0.0006774540    
0.0542504140    0.0180047160    0.0006924891    
0.0544920020    0.0178611470    0.0006839387    
0.0547335910    0.0175522630    0.0006730986    
0.0549751790    0.0180234140    0.0006792830    
0.0552167680    0.0184963860    0.0006888414    
0.0554583560    0.0190428630    0.0006912122    
0.0556999450    0.0191786850    0.0006916011    
0.0559415330    0.0180835980    0.0006762882    
0.0561831220    0.0185443480    0.0006780485    
0.0564247100    0.0180160700    0.0006663484    
0.0566662990    0.0189760070    0.0006811990    
0.0569078870    0.0174329010    0.0006593729    
0.0571494760    0.0184869350    0.0006723633    
0.0573910650    0.0178092140    0.0006498674    
0.0576326530    0.0178418940    0.0006554384    
0.0578742420    0.0168382090    0.0006355173    
0.0581158300    0.0182168900    0.0006547926    
0.0583574190    0.0176329320    0.0006430069    
0.0585990070    0.0192794820    0.0006761609    
0.0588405960    0.0175058890    0.0006430949    
0.0590821840    0.0185040210    0.0006550352    
0.0593237730    0.0183040780    0.0006533006    
0.0595653610    0.0182062680    0.0006539884    
0.0598069500    0.0184348720    0.0006437737    
0.0600485380    0.0192943030    0.0006621788    
0.0602901270    0.0171664390    0.0006251648    
0.0605317150    0.0172292640    0.0006229253    
0.0607733040    0.0181474120    0.0006364575    
0.0610148920    0.0186591220    0.0006488412    
0.0612564810    0.0176878110    0.0006289062    
0.0614980690    0.0176327680    0.0006218598    
0.0617396580    0.0194936010    0.0006686250    
0.0619812470    0.0176953600    0.0006364579    
0.0622228350    0.0171331300    0.0006223033    
0.0624644240    0.0183825620    0.0006399987    
0.0627060120    0.0189302780    0.0006547173    
0.0629476010    0.0171773030    0.0006276450    
0.0631891890    0.0181377420    0.0006408656    
0.0634307780    0.0184467770    0.0006434052    
0.0636723660    0.0167113400    0.0006118456    
0.0639139550    0.0192188460    0.0006549765    
0.0641555430    0.0179428630    0.0006262102    
0.0643971320    0.0178923600    0.0006314077    
0.0646387200    0.0178719100    0.0006195970    
0.0648803090    0.0180739920    0.0006284943    
0.0651218970    0.0187645260    0.0006279309    
0.0653634860    0.0177289970    0.0006150121    
0.0656050740    0.0181484320    0.0006206633    
0.0658466630    0.0174617260    0.0006057406    
0.0660882520    0.0191306760    0.0006324406    
0.0663298400    0.0186492360    0.0006254753    
0.0665714290    0.0179032060    0.0006097856    
0.0668130170    0.0188170590    0.0006272353    
0.0670546060    0.0179180560    0.0006085291    
0.0672961940    0.0177101730    0.0006025123    
0.0675377830    0.0181111670    0.0006043775    
0.0677793710    0.0168148090    0.0005861274    
0.0680209600    0.0175506220    0.0005916313    
0.0682625480    0.0173588360    0.0005888582    
0.0685041370    0.0181223360    0.0005997618    
0.0687457250    0.0182969120    0.0006109161    
0.0689873140    0.0167988250    0.0005765342    
0.0692289020    0.0178277280    0.0005939277    
0.0694704910    0.0189454690    0.0006117811    
0.0697120790    0.0181790260    0.0005973999    
0.0699536680    0.0175586240    0.0005898935    
0.0701952560    0.0180058080    0.0005968867    
0.0704368450    0.0185183750    0.0006072414    
0.0706784340    0.0181065980    0.0006062537    
0.0709200220    0.0175506220    0.0005916313    
0.0711616110    0.0171046070    0.0005836017    
0.0714031990    0.0180481900    0.0006042981    
0.0716447880    0.0190009390    0.0006230653    
0.0718863760    0.0193637770    0.0006204554    
0.0721279650    0.0170514350    0.0005767734    
0.0723695530    0.0180257770    0.0005898214    
0.0726111420    0.0180940770    0.0005946083    
0.0728527300    0.0176688670    0.0005790737    
0.0730943190    0.0179704830    0.0005880122    
0.0733359070    0.0174105310    0.0005752601    
0.0735774960    0.0180988500    0.0005887556    
0.0738190840    0.0187514290    0.0005929722    
0.0740606730    0.0181578020    0.0005848234    
0.0743022610    0.0181096500    0.0005844864    
0.0745438500    0.0183403220    0.0005855614    
0.0747854380    0.0175992150    0.0005677166    
0.0750270270    0.0180725660    0.0005799762    
0.0752686160    0.0195341580    0.0005955093    
0.0755102040    0.0182071200    0.0005757597    
0.0757517930    0.0185969760    0.0005840141    
0.0759933810    0.0182839970    0.0005699850    
0.0762349700    0.0184159200    0.0005794724    
0.0764765580    0.0185575750    0.0005762777    
0.0767181470    0.0185940020    0.0005760219    
0.0769597350    0.0185886540    0.0005714853    
0.0772013240    0.0181959470    0.0005642324    
0.0774429120    0.0190769630    0.0005749308    
0.0776845010    0.0186452130    0.0005660470    
0.0779260890    0.0178862100    0.0005578556    
0.0781676780    0.0168692830    0.0005380466    
0.0784092660    0.0186964360    0.0005676021    
0.0786508550    0.0186814400    0.0005627553    
0.0788924430    0.0187133830    0.0005686409    
0.0791340320    0.0174535040    0.0005454220    
0.0793756210    0.0177202540    0.0005510737    
0.0796172090    0.0179186090    0.0005485574    
0.0798587980    0.0181752760    0.0005577233    
0.0801003860    0.0172446980    0.0005428877    
0.0803419750    0.0172801240    0.0005358339    
0.0805835630    0.0186904300    0.0005617531    
0.0808251520    0.0185560610    0.0005589784    
0.0810667400    0.0186570930    0.0005604980    
0.0813083290    0.0182333930    0.0005475222    
0.0815499170    0.0188255230    0.0005645399    
0.0817915060    0.0179735060    0.0005479320    
0.0820330940    0.0188252360    0.0005548847    
0.0822746830    0.0186115420    0.0005531707    
0.0825162710    0.0175462960    0.0005346599    
0.0827578600    0.0182185200    0.0005465829    
0.0829994480    0.0185374000    0.0005442768    
0.0832410370    0.0179583920    0.0005419588    
0.0834826250    0.0179461200    0.0005355262    
0.0837242140    0.0188488980    0.0005477850    
0.0839658030    0.0177930010    0.0005335766    
0.0842073910    0.0185547170    0.0005431489    
0.0844489800    0.0189034110    0.0005447873    
0.0846905680    0.0182988740    0.0005320249    
0.0849321570    0.0183662080    0.0005390182    
0.0851737450    0.0184081600    0.0005329545    
0.0854153340    0.0181374890    0.0005323056    
0.0856569220    0.0177536870    0.0005230730    
0.0858985110    0.0175185160    0.0005251093    
0.0861400990    0.0182468450    0.0005302882    
0.0863816880    0.0182891870    0.0005328706    
0.0866232760    0.0187144920    0.0005434201    
0.0868648650    0.0168800080    0.0005094147    
0.0871064530    0.0183298100    0.0005324745    
0.0873480420    0.0184212300    0.0005295731    
0.0875896300    0.0186334780    0.0005339127    
0.0878312190    0.0182523940    0.0005277816    
0.0880728080    0.0184757580    0.0005293935    
0.0883143960    0.0183019380    0.0005265791    
0.0885559850    0.0186339240    0.0005332692    
0.0887975730    0.0180764680    0.0005226945    
0.0890391620    0.0177653610    0.0005184895    
0.0892807500    0.0196508680    0.0005433478    
0.0895223390    0.0175835210    0.0005127459    
0.0897639270    0.0178725160    0.0005135865    
0.0900055160    0.0179273630    0.0005155885    
0.0902471040    0.0184955910    0.0005258760    
0.0904886930    0.0178181830    0.0005116029    
0.0907302810    0.0189686340    0.0005232851    
0.0909718700    0.0188693900    0.0005311635    
0.0912134580    0.0191281440    0.0005260864    
0.0914550470    0.0192104720    0.0005340365    
0.0916966350    0.0178403950    0.0005080693    
0.0919382240    0.0188826230    0.0005245173    
0.0921798120    0.0184717910    0.0005154974    
0.0924214010    0.0182559990    0.0005124775    
0.0926629900    0.0183192530    0.0005104460    
0.0929045780    0.0188751360    0.0005235021    
0.0931461670    0.0180081800    0.0005055208    
0.0933877550    0.0190662440    0.0005210445    
0.0936293440    0.0189749440    0.0005218729    
0.0938709320    0.0194028590    0.0005265212    
0.0941125210    0.0181138800    0.0005047235    
0.0943541090    0.0184514060    0.0005094042    
0.0945956980    0.0188805580    0.0005161629    
0.0948372860    0.0185236970    0.0005086932    
0.0950788750    0.0189629270    0.0005132619    
0.0953204630    0.0186350480    0.0005107889    
0.0955620520    0.0179728380    0.0005007935    
0.0958036400    0.0186512700    0.0005076233    
0.0960452290    0.0185821910    0.0005066823    
0.0962868170    0.0177159120    0.0004969249    
0.0965284060    0.0187203480    0.0005085624    
0.0967699940    0.0184854800    0.0005053621    
0.0970115830    0.0181607280    0.0004957435    
0.0972531720    0.0199952530    0.0005218718    
0.0974947600    0.0185656210    0.0005023242    
0.0977363490    0.0189249700    0.0005052500    
0.0979779370    0.0190684960    0.0005090818    
0.0982195260    0.0189531180    0.0005078145    
0.0984611140    0.0195632870    0.0005128736    
0.0987027030    0.0195109920    0.0005127375    
0.0989442910    0.0191947490    0.0005088385    
0.0991858800    0.0190180960    0.0005048656    
0.0994274680    0.0200529250    0.0005162180    
0.0996690570    0.0191775390    0.0005013843    
0.0999106450    0.0210010630    0.0005288414    
0.1001522300    0.0206456760    0.0005202221    
0.1003938200    0.0206129320    0.0005217210    
0.1006354100    0.0206765030    0.0005203386    
0.1008770000    0.0209604410    0.0005249963    
0.1011185900    0.0202240640    0.0005156919    
0.1013601800    0.0209912990    0.0005259342    
0.1016017700    0.0200325300    0.0005103105    
0.1018433500    0.0211615460    0.0005362942    
0.1020849400    0.0214573140    0.0005474945    
0.1023265300    0.0210308300    0.0005463014    
0.1025681200    0.0213948340    0.0005482252    
0.1028097100    0.0205171770    0.0005448532    
0.1030513000    0.0209661230    0.0005526978    
0.1032928800    0.0209028940    0.0005570640    
0.1035344700    0.0220399500    0.0005643853    
0.1037760600    0.0216056020    0.0005683717    
0.1040176500    0.0224357240    0.0005816190    
0.1042592400    0.0219646120    0.0005772172    
0.1045008300    0.0222567360    0.0005775615    
0.1047424200    0.0222660900    0.0005829299    
0.1049840000    0.0218068290    0.0005797147    
0.1052255900    0.0199877940    0.0005567220    
0.1054671800    0.0199581830    0.0005529028    
0.1057087700    0.0194225580    0.0005491333    
0.1059503600    0.0201466100    0.0005613633    
0.1061919500    0.0188248700    0.0005422986    
0.1064335400    0.0192629600    0.0005350822    
0.1066751200    0.0192640540    0.0005270411    
0.1069167100    0.0188672370    0.0005200922    
0.1071583000    0.0179369730    0.0005005721    
0.1073998900    0.0194415180    0.0005194110    
0.1076414800    0.0181342100    0.0005052900    
0.1078830700    0.0185776560    0.0005041282    
0.1081246600    0.0185816720    0.0005072342    
0.1083662400    0.0187022790    0.0005025389    
0.1086078300    0.0186031500    0.0005066891    
0.1088494200    0.0183935230    0.0004973039    
0.1090910100    0.0186699460    0.0004996896    
0.1093326000    0.0187244290    0.0004977719    
0.1095741900    0.0182516820    0.0004927491    
0.1098157700    0.0176303970    0.0004794836    
0.1100573600    0.0181554180    0.0004901502    
0.1102989500    0.0188495580    0.0004950136    
0.1105405400    0.0185183750    0.0004903917    
0.1107821300    0.0173816930    0.0004773317    
0.1110237200    0.0185857010    0.0004887590    
0.1112653100    0.0185283730    0.0004930829    
0.1115068900    0.0188935510    0.0004907830    
0.1117484800    0.0189250930    0.0004904454    
0.1119900700    0.0190124790    0.0004895962    
0.1122316600    0.0191344850    0.0004929015    
0.1124732500    0.0194009710    0.0004935819    
0.1127148400    0.0194875300    0.0004941873    
0.1129564300    0.0196878680    0.0004984670    
0.1131980100    0.0185546690    0.0004814930    
0.1134396000    0.0187103220    0.0004847169    
0.1136811900    0.0191294270    0.0004888936    
0.1139227800    0.0190277900    0.0004856620    
0.1141643700    0.0182124210    0.0004716598    
0.1144059600    0.0184869350    0.0004754327    
0.1146475500    0.0187861600    0.0004818548    
0.1148891300    0.0189074380    0.0004773327    
0.1151307200    0.0190694300    0.0004845203    
0.1153723100    0.0187629350    0.0004750491    
0.1156139000    0.0190493680    0.0004826106    
0.1158554900    0.0188170590    0.0004745975    
0.1160970800    0.0185177930    0.0004755976    
0.1163386700    0.0187930270    0.0004752021    
0.1165802500    0.0185771980    0.0004720136    
0.1168218400    0.0184028470    0.0004666807    
0.1170634300    0.0190423420    0.0004751684    
0.1173050200    0.0176245960    0.0004584394    
0.1175466100    0.0182597800    0.0004653023    
0.1177882000    0.0181070920    0.0004609626    
0.1180297800    0.0185116630    0.0004663021    
0.1182713700    0.0191309720    0.0004760480    
0.1185129600    0.0186823580    0.0004677904    
0.1187545500    0.0186011730    0.0004659037    
0.1189961400    0.0185205900    0.0004640309    
0.1192377300    0.0189032960    0.0004662154    
0.1194793200    0.0183469190    0.0004586730    
0.1197209000    0.0187080240    0.0004633766    
0.1199624900    0.0182281320    0.0004565602    
0.1202040800    0.0184732910    0.0004563045    
0.1204456700    0.0184135060    0.0004607698    
0.1206872600    0.0178130310    0.0004482773    
0.1209288500    0.0188056130    0.0004639474    
0.1211704400    0.0176101830    0.0004467231    
0.1214120200    0.0182826430    0.0004535366    
0.1216536100    0.0184026350    0.0004540056    
0.1218952000    0.0183183730    0.0004505578    
0.1221367900    0.0180751670    0.0004507537    
0.1223783800    0.0180572780    0.0004475330    
0.1226199700    0.0179401580    0.0004476654    
0.1228615600    0.0180309240    0.0004483973    
0.1231031400    0.0179544010    0.0004470476    
0.1233447300    0.0187948160    0.0004571879    
0.1235863200    0.0190975750    0.0004629120    
0.1238279100    0.0179664770    0.0004440569    
0.1240695000    0.0178726570    0.0004417380    
0.1243110900    0.0189806850    0.0004550271    
0.1245526800    0.0187841620    0.0004538508    
0.1247942600    0.0178022540    0.0004383941    
0.1250358500    0.0178478930    0.0004408567    
0.1252774400    0.0174021200    0.0004343748    
0.1255190300    0.0193509910    0.0004568693    
0.1257606200    0.0184909400    0.0004483393    
0.1260022100    0.0188062070    0.0004517539    
0.1262437900    0.0185799590    0.0004474826    
0.1264853800    0.0190481740    0.0004525030    
0.1267269700    0.0187159770    0.0004462514    
0.1269685600    0.0178905820    0.0004364855    
0.1272101500    0.0185508300    0.0004444667    
0.1274517400    0.0183744310    0.0004453835    
0.1276933300    0.0192519840    0.0004491805    
0.1279349100    0.0186507260    0.0004473741    
0.1281765000    0.0185392370    0.0004450841    
0.1284180900    0.0190654160    0.0004488777    
0.1286596800    0.0190190500    0.0004496594    
0.1289012700    0.0183524400    0.0004402191    
0.1291428600    0.0175392590    0.0004312643    
0.1293844500    0.0180656290    0.0004342147    
0.1296260300    0.0185274030    0.0004417552    
0.1298676200    0.0181166200    0.0004368305    
0.1301092100    0.0183113080    0.0004369755    
0.1303508000    0.0183138180    0.0004359197    
0.1305923900    0.0180072100    0.0004366106    
0.1308339800    0.0188907270    0.0004458784    
0.1310755700    0.0183474150    0.0004375880    
0.1313171500    0.0187598950    0.0004415621    
0.1315587400    0.0195324180    0.0004500031    
0.1318003300    0.0185094370    0.0004393332    
0.1320419200    0.0179810870    0.0004294622    
0.1322835100    0.0189256480    0.0004424103    
0.1325251000    0.0191993930    0.0004454148    
0.1327666900    0.0176387410    0.0004260516    
0.1330082700    0.0187398760    0.0004391489    
0.1332498600    0.0185434500    0.0004375598    
0.1334914500    0.0187701330    0.0004424163    
0.1337330400    0.0186900880    0.0004357149    
0.1339746300    0.0182505560    0.0004316108    
0.1342162200    0.0182357190    0.0004312600    
0.1344578000    0.0179239410    0.0004289547    
0.1346993900    0.0184570450    0.0004326398    
0.1349409800    0.0187503860    0.0004385530    
0.1351825700    0.0192871060    0.0004415480    
0.1354241600    0.0182237960    0.0004298974    
0.1356657500    0.0186645700    0.0004355938    
0.1359073400    0.0181224170    0.0004318535    
0.1361489200    0.0184938460    0.0004321983    
0.1363905100    0.0187666380    0.0004350241    
0.1366321000    0.0186911080    0.0004339734    
0.1368736900    0.0189329330    0.0004367717    
0.1371152800    0.0178639800    0.0004222326    
0.1373568700    0.0189428070    0.0004365351    
0.1375984600    0.0183470110    0.0004306525    
0.1378400400    0.0180865440    0.0004268973    
0.1380816300    0.0178398080    0.0004217791    
0.1383232200    0.0181167720    0.0004272538    
0.1385648100    0.0174657800    0.0004196759    
0.1388064000    0.0185784900    0.0004297400    
0.1390479900    0.0183982450    0.0004257986    
0.1392895800    0.0184953990    0.0004311762    
0.1395311600    0.0191430230    0.0004348442    
0.1397727500    0.0183330500    0.0004255453    
0.1400143400    0.0180027880    0.0004215289    
0.1402559300    0.0182230480    0.0004283332    
0.1404975200    0.0174522180    0.0004147070    
0.1407391100    0.0180027880    0.0004215289    
0.1409806900    0.0177007500    0.0004209694    
0.1412222800    0.0183655280    0.0004245868    
0.1414638700    0.0182602830    0.0004241991    
0.1417054600    0.0184532330    0.0004231236    
0.1419470500    0.0192286040    0.0004366755    
0.1421886400    0.0186711900    0.0004261097    
0.1424302300    0.0185188410    0.0004255238    
0.1426718100    0.0181004990    0.0004215121    
0.1429134000    0.0182841770    0.0004228191    
0.1431549900    0.0175547290    0.0004152712    
0.1433965800    0.0178929190    0.0004194165    
0.1436381700    0.0177643900    0.0004151510    
0.1438797600    0.0184634820    0.0004229141    
0.1441213500    0.0192105990    0.0004320535    
0.1443629300    0.0185216040    0.0004235792    
0.1446045200    0.0185987630    0.0004247887    
0.1448461100    0.0192682020    0.0004323660    
0.1450877000    0.0179689250    0.0004149745    
0.1453292900    0.0178472080    0.0004170865    
0.1455708800    0.0185229670    0.0004226169    
0.1458124700    0.0180514190    0.0004209403    
0.1460540500    0.0183893980    0.0004180488    
0.1462956400    0.0187496140    0.0004250313    
0.1465372300    0.0180126650    0.0004153207    
0.1467788200    0.0180957140    0.0004158012    
0.1470204100    0.0186063840    0.0004221099    
0.1472620000    0.0186976310    0.0004226600    
0.1475035900    0.0181836320    0.0004161766    
0.1477451700    0.0188458750    0.0004254679    
0.1479867600    0.0183900450    0.0004177398    
0.1482283500    0.0181393560    0.0004175764    
0.1484699400    0.0194271350    0.0004303350    
0.1487115300    0.0181744780    0.0004175008    
0.1489531200    0.0188357820    0.0004199230    
0.1491947000    0.0181137950    0.0004149044    
0.1494362900    0.0191793780    0.0004248469    
0.1496778800    0.0183433160    0.0004168935    
0.1499194700    0.0184864380    0.0004178860    
0.1501610600    0.0184520010    0.0004182848    
0.1504026500    0.0190187870    0.0004224312    
0.1506442400    0.0181339310    0.0004162400    
0.1508858200    0.0189166200    0.0004235182    
0.1511274100    0.0190085450    0.0004213730    
0.1513690000    0.0180277600    0.0004103582    
0.1516105900    0.0190002960    0.0004225419    
0.1518521800    0.0185500500    0.0004168814    
0.1520937700    0.0184162990    0.0004142942    
0.1523353600    0.0182383590    0.0004125945    
0.1525769400    0.0183989020    0.0004158010    
0.1528185300    0.0184889090    0.0004163493    
0.1530601200    0.0180050130    0.0004099466    
0.1533017100    0.0191471820    0.0004249686    
0.1535433000    0.0181787220    0.0004100927    
0.1537848900    0.0182207920    0.0004104157    
0.1540264800    0.0182274300    0.0004114009    
0.1542680600    0.0187753360    0.0004172297    
0.1545096500    0.0190099130    0.0004178255    
0.1547512400    0.0186084440    0.0004153712    
0.1549928300    0.0182847190    0.0004114383    
0.1552344200    0.0180688100    0.0004085499    
0.1554760100    0.0187662140    0.0004165131    
0.1557176000    0.0191197330    0.0004219756    
0.1559591800    0.0182678240    0.0004106425    
0.1562007700    0.0183928190    0.0004096407    
0.1564423600    0.0185032140    0.0004102718    
0.1566839500    0.0185201420    0.0004145377    
0.1569255400    0.0185288320    0.0004117518    
0.1571671300    0.0189086260    0.0004161021    
0.1574087100    0.0185226880    0.0004095976    
0.1576503000    0.0188633830    0.0004180524    
0.1578918900    0.0188622480    0.0004128880    
0.1581334800    0.0183141730    0.0004092106    
0.1583750700    0.0191520120    0.0004192308    
0.1586166600    0.0179663260    0.0004155800    
0.1588582500    0.0184238380    0.0004203552    
0.1590998300    0.0185127660    0.0004262854    
0.1593414200    0.0189215150    0.0004338610    
0.1595830100    0.0187717890    0.0004345601    
0.1598246000    0.0188270780    0.0004343297    
0.1600661900    0.0189498610    0.0004399811    
0.1603077800    0.0190130700    0.0004428836    
0.1605493700    0.0194380840    0.0004485446    
0.1607909500    0.0181201300    0.0004341474    
0.1610325400    0.0185484690    0.0004420062    
0.1612741300    0.0184902640    0.0004414976    
0.1615157200    0.0193379830    0.0004534139    
0.1617573100    0.0183640850    0.0004424118    
0.1619989000    0.0177879160    0.0004389737    
0.1622404900    0.0185541460    0.0004462143    
0.1624820700    0.0187951660    0.0004535874    
0.1627236600    0.0181201300    0.0004442062    
0.1629652500    0.0179753140    0.0004418527    
0.1632068400    0.0180204860    0.0004360362    
0.1634484300    0.0185665730    0.0004356862    
0.1636900200    0.0176747760    0.0004245752    
0.1639316100    0.0184244070    0.0004306932    
0.1641731900    0.0179727030    0.0004250399    
0.1644147800    0.0179068750    0.0004209015    
0.1646563700    0.0181046310    0.0004247293    
0.1648979600    0.0181702220    0.0004219931    
0.1651395500    0.0180750610    0.0004228735    
0.1653811400    0.0183232880    0.0004232711    
0.1656227200    0.0180762290    0.0004225541    
0.1658643100    0.0181460630    0.0004200748    
0.1661059000    0.0184435310    0.0004230123    
0.1663474900    0.0183529710    0.0004190657    
0.1665890800    0.0180521370    0.0004154585    
0.1668306700    0.0176437090    0.0004127819    
0.1670722600    0.0182911750    0.0004182001    
0.1673138400    0.0181912560    0.0004168974    
0.1675554300    0.0179277660    0.0004118334    
0.1677970200    0.0177955340    0.0004121811    
0.1680386100    0.0179797880    0.0004147832    
0.1682802000    0.0181600450    0.0004143365    
0.1685217900    0.0186762120    0.0004187660    
0.1687633800    0.0185313130    0.0004166708    
0.1690049600    0.0180009880    0.0004132974    
0.1692465500    0.0187430490    0.0004164094    
0.1694881400    0.0179263660    0.0004099664    
0.1697297300    0.0183324190    0.0004133497    
0.1699713200    0.0177301020    0.0004084800    
0.1702129100    0.0183921270    0.0004121889    
0.1704545000    0.0175495880    0.0004036789    
0.1706960800    0.0180962060    0.0004115964    
0.1709376700    0.0185288320    0.0004117518    
0.1711792600    0.0181764580    0.0004093132    
0.1714208500    0.0182244670    0.0004076134    
0.1716624400    0.0185632110    0.0004139492    
0.1719040300    0.0177966110    0.0004017795    
0.1721456200    0.0173724060    0.0003985503    
0.1723872000    0.0188079150    0.0004146899    
0.1726287900    0.0183836960    0.0004095390    
0.1728703800    0.0175570900    0.0004011020    
0.1731119700    0.0180233770    0.0004043312    
0.1733535600    0.0177459480    0.0004013524    
0.1735951500    0.0182696860    0.0004048948    
0.1738367300    0.0176873120    0.0003998218    
0.1740783200    0.0174246950    0.0003949970    
0.1743199100    0.0180991930    0.0004030011    
0.1745615000    0.0178610160    0.0003994843    
0.1748030900    0.0183188290    0.0004037100    
0.1750446800    0.0178846200    0.0004033555    
0.1752862700    0.0178868370    0.0003980754    
0.1755278500    0.0177921640    0.0004026036    
0.1757694400    0.0182476530    0.0004029250    
0.1760110300    0.0180715190    0.0004016885    
0.1762526200    0.0175979250    0.0003942909    
0.1764942100    0.0183345700    0.0004028846    
0.1767358000    0.0178224990    0.0003969386    
0.1769773900    0.0177386540    0.0003951692    
0.1772189700    0.0179778000    0.0003985239    
0.1774605600    0.0178131270    0.0003978167    
0.1777021500    0.0182708710    0.0004011944    
0.1779437400    0.0187068630    0.0004060956    
0.1781853300    0.0173552810    0.0003921159    
0.1784269200    0.0180776000    0.0003965683    
0.1786685100    0.0178510730    0.0003950358    
0.1789100900    0.0181442460    0.0003968860    
0.1791516800    0.0179284750    0.0003952034    
0.1793932700    0.0182722050    0.0003991125    
0.1796348600    0.0181777280    0.0003962933    
0.1798764500    0.0174692800    0.0003884941    
0.1801180400    0.0185274320    0.0004002249    
0.1803596200    0.0177483060    0.0003943095    
0.1806012100    0.0179764340    0.0003936865    
0.1808428000    0.0177056110    0.0003905755    
0.1810843900    0.0182990010    0.0003958450    
0.1813259800    0.0177945790    0.0003910188    
0.1815675700    0.0170573750    0.0003821796    
0.1818091600    0.0176070550    0.0003880239    
0.1820507400    0.0177680990    0.0003900604    
0.1822923300    0.0184972580    0.0003971710    
0.1825339200    0.0177959780    0.0003907666    
0.1827755100    0.0185191860    0.0003970018    
0.1830171000    0.0178876610    0.0003932541    
0.1832586900    0.0180457290    0.0003910989    
0.1835002800    0.0178190880    0.0003890297    
0.1837418600    0.0185171680    0.0003955071    
0.1839834500    0.0177957800    0.0003891706    
0.1842250400    0.0173506840    0.0003834932    
0.1844666300    0.0179923060    0.0003901244    
0.1847082200    0.0177399880    0.0003871183    
0.1849498100    0.0176066050    0.0003860503    
0.1851914000    0.0176498110    0.0003884948    
0.1854329800    0.0180298400    0.0003906628    
0.1856745700    0.0181936400    0.0003928312    
0.1859161600    0.0170189840    0.0003772693    
0.1861577500    0.0175876770    0.0003835207    
0.1863993400    0.0177156130    0.0003859437    
0.1866409300    0.0181340140    0.0003886554    
0.1868825200    0.0181436590    0.0003920262    
0.1871241000    0.0180377030    0.0003877507    
0.1873656900    0.0176333570    0.0003854343    
0.1876072800    0.0177882600    0.0003841679    
0.1878488700    0.0186861210    0.0003973073    
0.1880904600    0.0180855640    0.0003899526    
0.1883320500    0.0177447550    0.0003833177    
0.1885736300    0.0177072390    0.0003836728    
0.1888152200    0.0178533590    0.0003851250    
0.1890568100    0.0184078110    0.0003920995    
0.1892984000    0.0178832300    0.0003844301    
0.1895399900    0.0174610990    0.0003811232    
0.1897815800    0.0176274740    0.0003829346    
0.1900231700    0.0183012950    0.0003901849    
0.1902647500    0.0185191630    0.0003914635    
0.1905063400    0.0180419180    0.0003888308    
0.1907479300    0.0177433380    0.0003835557    
0.1909895200    0.0176859790    0.0003814256    
0.1912311100    0.0172871160    0.0003775956    
0.1914727000    0.0182408580    0.0003874899    
0.1917142900    0.0171237300    0.0003765504    
0.1919558700    0.0178930970    0.0003816556    
0.1921974600    0.0179434830    0.0003854582    
0.1924390500    0.0172468930    0.0003785273    
0.1926806400    0.0179104110    0.0003842162    
0.1929222300    0.0177957860    0.0003836154    
0.1931638200    0.0179791180    0.0003824479    
0.1934054100    0.0178571730    0.0003844032    
0.1936469900    0.0171960220    0.0003742690    
0.1938885800    0.0178210550    0.0003830050    
0.1941301700    0.0179524690    0.0003826610    
0.1943717600    0.0168772830    0.0003728478    
0.1946133500    0.0180527290    0.0003821165    
0.1948549400    0.0176609780    0.0003805326    
0.1950965300    0.0172090780    0.0003752649    
0.1953381100    0.0184779020    0.0003885996    
0.1955797000    0.0174263930    0.0003781205    
0.1958212900    0.0177216280    0.0003792078    
0.1960628800    0.0177412180    0.0003795401    
0.1963044700    0.0182667100    0.0003844984    
0.1965460600    0.0177846910    0.0003824886    
0.1967876400    0.0178381360    0.0003791060    
0.1970292300    0.0190107990    0.0003917463    
0.1972708200    0.0170982710    0.0003732037    
0.1975124100    0.0175886210    0.0003782718    
0.1977540000    0.0177479540    0.0003798581    
0.1979955900    0.0180091630    0.0003823955    
0.1982371800    0.0181808510    0.0003850873    
0.1984787600    0.0172180670    0.0003705596    
0.1987203500    0.0182967150    0.0003841949    
0.1989619400    0.0177306050    0.0003784481    
0.1992035300    0.0181693040    0.0003823634    
0.1994451200    0.0173950030    0.0003743675    
0.1996867100    0.0177776860    0.0003777360    
0.1999283000    0.0181765290    0.0003826850    
0.2001698800    0.0178679260    0.0003799107    
0.2004114700    0.0173708430    0.0003756791    
0.2006530600    0.0174138740    0.0003731354    
0.2008946500    0.0181183460    0.0003814600    
0.2011362400    0.0182266730    0.0003800524    
0.2013778300    0.0175078010    0.0003755794    
0.2016194200    0.0184835920    0.0003830848    
0.2018610000    0.0181325840    0.0003810005    
0.2021025900    0.0185363270    0.0003855882    
0.2023441800    0.0183542130    0.0003827118    
0.2025857700    0.0182294000    0.0003817728    
0.2028273600    0.0171723800    0.0003720837    
0.2030689500    0.0175962110    0.0003753231    
0.2033105400    0.0177604540    0.0003749235    
0.2035521200    0.0182504720    0.0003816287    
0.2037937100    0.0183198840    0.0003817471    
0.2040353000    0.0176664610    0.0003757121    
0.2042768900    0.0175911530    0.0003736040    
0.2045184800    0.0176916550    0.0003731387    
0.2047600700    0.0182940300    0.0003822054    
0.2050016500    0.0185050410    0.0003847709    
0.2052432400    0.0181902230    0.0003811195    
0.2054848300    0.0182072460    0.0003797299    
0.2057264200    0.0177582980    0.0003774093    
0.2059680100    0.0175688680    0.0003713759    
0.2062096000    0.0178803560    0.0003759498    
0.2064511900    0.0178760090    0.0003751955    
0.2066927700    0.0188289760    0.0003867698    
0.2069343600    0.0184406380    0.0003822766    
0.2071759500    0.0176766310    0.0003741557    
0.2074175400    0.0179390870    0.0003766854    
0.2076591300    0.0187658070    0.0003846615    
0.2079007200    0.0188410910    0.0003884967    
0.2081423100    0.0177873870    0.0003739124    
0.2083838900    0.0183946910    0.0003810786    
0.2086254800    0.0179379790    0.0003769115    
0.2088670700    0.0185213790    0.0003821482    
0.2091086600    0.0182454010    0.0003806084    
0.2093502500    0.0181752550    0.0003783229    
0.2095918400    0.0183076290    0.0003817404    
0.2098334300    0.0182144050    0.0003800445    
0.2100750100    0.0187611980    0.0003869316    
0.2103166000    0.0178536190    0.0003778173    
0.2105581900    0.0174743890    0.0003709568    
0.2107997800    0.0177696750    0.0003762095    
0.2110413700    0.0182891090    0.0003796252    
0.2112829600    0.0175545980    0.0003745207    
0.2115245400    0.0183291210    0.0003798017    
0.2117661300    0.0170636690    0.0003687772    
0.2120077200    0.0177946930    0.0003748120    
0.2122493100    0.0174549010    0.0003745308    
0.2124909000    0.0186346770    0.0003844040    
0.2127324900    0.0182424610    0.0003828869    
0.2129740800    0.0176780690    0.0003739349    
0.2132156600    0.0178046230    0.0003752710    
0.2134572500    0.0173027680    0.0003713519    
0.2136988400    0.0187454200    0.0003862778    
0.2139404300    0.0181078730    0.0003777395    
0.2141820200    0.0181254300    0.0003795954    
0.2144236100    0.0181894240    0.0003813539    
0.2146652000    0.0184940700    0.0003840450    
0.2149067800    0.0178724510    0.0003758667    
0.2151483700    0.0177417980    0.0003801620    
0.2153899600    0.0180737300    0.0003885252    
0.2156315500    0.0185913730    0.0003979098    
0.2158731400    0.0176672700    0.0003893510    
0.2161147300    0.0182100570    0.0004002452    
0.2163563200    0.0182468450    0.0004016363    
0.2165979000    0.0172646740    0.0003936007    
0.2168394900    0.0175859520    0.0003975305    
0.2170810800    0.0177739640    0.0004041625    
0.2173226700    0.0180049100    0.0004064821    
0.2175642600    0.0179727030    0.0004083651    
0.2178058500    0.0175083710    0.0004045543    
0.2180474400    0.0184819670    0.0004176782    
0.2182890200    0.0180881610    0.0004165082    
0.2185306100    0.0181590530    0.0004146378    
0.2187722000    0.0180305870    0.0004184118    
0.2190137900    0.0174097690    0.0004103522    
0.2192553800    0.0174719270    0.0004149411    
0.2194969700    0.0176443380    0.0004143873    
0.2197385500    0.0175914260    0.0004112212    
0.2199801400    0.0174383640    0.0004051054    
0.2202217300    0.0172893550    0.0003994937    
0.2204633200    0.0180490150    0.0004062374    
0.2207049100    0.0164525170    0.0003853355    
0.2209465000    0.0178152870    0.0004009768    
0.2211880900    0.0173874620    0.0003941530    
0.2214296700    0.0168480390    0.0003874392    
0.2216712600    0.0180707730    0.0004006833    
0.2219128500    0.0169971930    0.0003875026    
0.2221544400    0.0178534540    0.0003991156    
0.2223960300    0.0176686000    0.0003950819    
0.2226376200    0.0170493140    0.0003911381    
0.2228792100    0.0173451110    0.0003915864    
0.2231207900    0.0172301840    0.0003902869    
0.2233623800    0.0166738960    0.0003815227    
0.2236039700    0.0172808820    0.0003900370    
0.2238455600    0.0169994270    0.0003849612    
0.2240871500    0.0177935370    0.0003945362    
0.2243287400    0.0174361890    0.0003885276    
0.2245703300    0.0177292660    0.0003943734    
0.2248119100    0.0165250690    0.0003802133    
0.2250535000    0.0179647180    0.0003962913    
0.2252950900    0.0173018270    0.0003904103    
0.2255366800    0.0172046620    0.0003856733    
0.2257782700    0.0181741860    0.0003973508    
0.2260198600    0.0169966100    0.0003829386    
0.2262614500    0.0171487420    0.0003845164    
0.2265030300    0.0170415400    0.0003827868    
0.2267446200    0.0180200190    0.0003951151    
0.2269862100    0.0169883340    0.0003810155    
0.2272278000    0.0170470520    0.0003827176    
0.2274693900    0.0174976870    0.0003865536    
0.2277109800    0.0170740140    0.0003852697    
0.2279525600    0.0169396200    0.0003802099    
0.2281941500    0.0173379320    0.0003855731    
0.2284357400    0.0170255690    0.0003815628    
0.2286773300    0.0169185630    0.0003816649    
0.2289189200    0.0165845260    0.0003755656    
0.2291605100    0.0172253090    0.0003849772    
0.2294021000    0.0171785660    0.0003828821    
0.2296436800    0.0172098770    0.0003866656    
0.2298852700    0.0172660150    0.0003835945    
0.2301268600    0.0175295300    0.0003905105    
0.2303684500    0.0167406050    0.0003793920    
0.2306100400    0.0168556010    0.0003812158    
0.2308516300    0.0170611430    0.0003827447    
0.2310932200    0.0171166700    0.0003853503    
0.2313348000    0.0163338940    0.0003746267    
0.2315763900    0.0171252020    0.0003839886    
0.2318179800    0.0164828570    0.0003785413    
0.2320595700    0.0167607610    0.0003801418    
0.2323011600    0.0171513720    0.0003857408    
0.2325427500    0.0171860730    0.0003861308    
0.2327843400    0.0168457480    0.0003837509    
0.2330259200    0.0166489970    0.0003780935    
0.2332675100    0.0167980240    0.0003803028    
0.2335091000    0.0170788320    0.0003847911    
0.2337506900    0.0174184350    0.0003865994    
0.2339922800    0.0173195070    0.0003877610    
0.2342338700    0.0167406930    0.0003805686    
0.2344754600    0.0171673560    0.0003865894    
0.2347170400    0.0166516550    0.0003786423    
0.2349586300    0.0170608000    0.0003841899    
0.2352002200    0.0172247780    0.0003892667    
0.2354418100    0.0169696920    0.0003840909    
0.2356834000    0.0167725750    0.0003815893    
0.2359249900    0.0175780220    0.0003882336    
0.2361665700    0.0175085010    0.0003908186    
0.2364081600    0.0172209300    0.0003854574    
0.2366497500    0.0169676300    0.0003847347    
0.2368913400    0.0166974360    0.0003800766    
0.2371329300    0.0174504570    0.0003909868    
0.2373745200    0.0167610480    0.0003817224    
0.2376161100    0.0165524040    0.0003793391    
0.2378576900    0.0168955210    0.0003845855    
0.2380992800    0.0169686840    0.0003832835    
0.2383408700    0.0173414670    0.0003885449    
0.2385824600    0.0169392380    0.0003824233    
0.2388240500    0.0163865220    0.0003778265    
0.2390656400    0.0172435220    0.0003877152    
0.2393072300    0.0169747990    0.0003836174    
0.2395488100    0.0169870790    0.0003842876    
0.2397904000    0.0174873550    0.0003911269    
0.2400319900    0.0170800990    0.0003870860    
0.2402735800    0.0169344730    0.0003859725    
0.2405151700    0.0163493190    0.0003785823    
0.2407567600    0.0168329030    0.0003814837    
0.2409983500    0.0173265550    0.0003891889    
0.2412399300    0.0166800370    0.0003802721    
0.2414815200    0.0171096090    0.0003875557    
0.2417231100    0.0174279960    0.0003877678    
0.2419647000    0.0166911350    0.0003829209    
0.2422062900    0.0171701280    0.0003878337    
0.2424478800    0.0172610240    0.0003889947    
0.2426894600    0.0171836790    0.0003900348    
0.2429310500    0.0174280560    0.0003901912    
0.2431726400    0.0163482470    0.0003776473    
0.2434142300    0.0169427120    0.0003829901    
0.2436558200    0.0173417310    0.0003914103    
0.2438974100    0.0163011770    0.0003760586    
0.2441390000    0.0172194250    0.0003882545    
0.2443805800    0.0159460650    0.0003738843    
0.2446221700    0.0167262740    0.0003833238    
0.2448637600    0.0169764030    0.0003871293    
0.2451053500    0.0163596230    0.0003779101    
0.2453469400    0.0159684210    0.0003773238    
0.2455885300    0.0170318170    0.0003855958    
0.2458301200    0.0172478650    0.0003904871    
0.2460717000    0.0176861210    0.0003922509    
0.2463132900    0.0171563450    0.0003867339    
0.2465548800    0.0174021430    0.0003916780    
0.2467964700    0.0165981480    0.0003807876    
0.2470380600    0.0165709670    0.0003816737    
0.2472796500    0.0159619960    0.0003744637    
0.2475212400    0.0163854660    0.0003816771    
0.2477628200    0.0166607980    0.0003856914    
0.2480044100    0.0165425650    0.0003804145    
0.2482460000    0.0172456880    0.0003885504    
0.2484875900    0.0162922830    0.0003785833    
0.2487291800    0.0167673280    0.0003840629    
0.2489707700    0.0166153880    0.0003813839    
0.2492123600    0.0175590440    0.0003944110    
0.2494539400    0.0164969060    0.0003814887    
0.2496955300    0.0167587350    0.0003851820    
0.2499371200    0.0167819500    0.0003840957    
0.2501787100    0.0167951680    0.0003884899    
0.2504203000    0.0165537480    0.0003810749    
0.2506618900    0.0164746860    0.0003780547    
0.2509034700    0.0166793560    0.0003830541    
0.2511450600    0.0166561430    0.0003821181    
0.2513866500    0.0164384980    0.0003805453    
0.2516282400    0.0165496290    0.0003791759    
0.2518698300    0.0161289070    0.0003764165    
0.2521114200    0.0169768770    0.0003852416    
0.2523530100    0.0169134210    0.0003851926    
0.2525945900    0.0168048420    0.0003830179    
0.2528361800    0.0166111040    0.0003836170    
0.2530777700    0.0169727610    0.0003842588    
0.2533193600    0.0166857610    0.0003806005    
0.2535609500    0.0160939400    0.0003750900    
0.2538025400    0.0165981480    0.0003807876    
0.2540441300    0.0168864320    0.0003840802    
0.2542857100    0.0167378980    0.0003819885    
0.2545273000    0.0166146870    0.0003825792    
0.2547688900    0.0161710450    0.0003745546    
0.2550104800    0.0167556390    0.0003841986    
0.2552520700    0.0165043230    0.0003827877    
0.2554936600    0.0162619780    0.0003762573    
0.2557352500    0.0165274300    0.0003807719    
0.2559768300    0.0175208300    0.0003904136    
0.2562184200    0.0162606790    0.0003779510    
0.2564600100    0.0168797530    0.0003829391    
0.2567016000    0.0168289070    0.0003847676    
0.2569431900    0.0170580060    0.0003858922    
0.2571847800    0.0167320780    0.0003816570    
0.2574263700    0.0163421640    0.0003777084    
0.2576679500    0.0166210780    0.0003817157    
0.2579095400    0.0171040210    0.0003876281    
0.2581511300    0.0162742130    0.0003761379    
0.2583927200    0.0168303800    0.0003821141    
0.2586343100    0.0163038070    0.0003749240    
0.2588759000    0.0168837390    0.0003843173    
0.2591174800    0.0168841230    0.0003812762    
0.2593590700    0.0170311200    0.0003833272    
0.2596006600    0.0170013770    0.0003843162    
0.2598422500    0.0168713670    0.0003832422    
0.2600838400    0.0172086510    0.0003873230    
0.2603254300    0.0169603720    0.0003858618    
0.2605670200    0.0169819920    0.0003847638    
0.2608086000    0.0168178000    0.0003798754    
0.2610501900    0.0164026150    0.0003770965    
0.2612917800    0.0172402590    0.0003875439    
0.2615333700    0.0177377110    0.0003921433    
0.2617749600    0.0166595780    0.0003806971    
0.2620165500    0.0165271520    0.0003782640    
0.2622581400    0.0171382950    0.0003876093    
0.2624997200    0.0168219030    0.0003824148    
0.2627413100    0.0168799430    0.0003868455    
0.2629829000    0.0165686410    0.0003774384    
0.2632244900    0.0165195250    0.0003798847    
0.2634660800    0.0167060870    0.0003801750    
0.2637076700    0.0169349180    0.0003836972    
0.2639492600    0.0169870790    0.0003842876    
0.2641908400    0.0166274050    0.0003808580    
0.2644324300    0.0164578140    0.0003795712    
0.2646740200    0.0159354000    0.0003707913    
0.2649156100    0.0168114920    0.0003849736    
0.2651572000    0.0159905740    0.0003734933    
0.2653987900    0.0163795240    0.0003799955    
0.2656403800    0.0167000300    0.0003822208    
0.2658819600    0.0163879320    0.0003770580    
0.2661235500    0.0165421800    0.0003808086    
0.2663651400    0.0165583170    0.0003792754    
0.2666067300    0.0170723150    0.0003859198    
0.2668483200    0.0165377850    0.0003793030    
0.2670899100    0.0166496020    0.0003837904    
0.2673314900    0.0161301480    0.0003742101    
0.2675730800    0.0172137320    0.0003894151    
0.2678146700    0.0179488520    0.0003987649    
0.2680562600    0.0157592870    0.0003705248    
0.2682978500    0.0169156830    0.0003845467    
0.2685394400    0.0164253170    0.0003776184    
0.2687810300    0.0165186580    0.0003806708    
0.2690226100    0.0170317510    0.0003837304    
0.2692642000    0.0160224460    0.0003770248    
0.2695057900    0.0167030270    0.0003815904    
0.2697473800    0.0161650480    0.0003755254    
0.2699889700    0.0162234270    0.0003783134    
0.2702305600    0.0173253280    0.0003916391    
0.2704721500    0.0162763590    0.0003789301    
0.2707137300    0.0161760680    0.0003748721    
0.2709553200    0.0170431930    0.0003873453    
0.2711969100    0.0165656690    0.0003809458    
0.2714385000    0.0176183810    0.0003919068    
0.2716800900    0.0165505780    0.0003813052    
0.2719216800    0.0172524120    0.0003978972    
0.2721632700    0.0167138660    0.0003943880    
0.2724048500    0.0163730370    0.0003953641    
0.2726464400    0.0167130730    0.0004067898    
0.2728880300    0.0168684150    0.0004089989    
0.2731296200    0.0172577450    0.0004160003    
0.2733712100    0.0171814570    0.0004184381    
0.2736128000    0.0175081370    0.0004281755    
0.2738543800    0.0172541460    0.0004225963    
0.2740959700    0.0165539470    0.0004179171    
0.2743375600    0.0162802880    0.0004174433    
0.2745791500    0.0171113240    0.0004298025    
0.2748207400    0.0166496490    0.0004269141    
0.2750623300    0.0164088250    0.0004238153    
0.2753039200    0.0166591900    0.0004315795    
0.2755455000    0.0159225540    0.0004206197    
0.2757870900    0.0164820950    0.0004343413    
0.2760286800    0.0166696130    0.0004346295    
0.2762702700    0.0170123610    0.0004472294    
0.2765118600    0.0173045380    0.0004331552    
0.2767534500    0.0170741410    0.0004285983    
0.2769950400    0.0171497240    0.0004260883    
0.2772366200    0.0165465710    0.0004141823    
0.2774782100    0.0172944410    0.0004239649    
0.2777198000    0.0170883750    0.0004224829    
0.2779613900    0.0162447180    0.0004108967    
0.2782029800    0.0161132000    0.0004013278    
0.2784445700    0.0167635490    0.0004128152    
0.2786861600    0.0161231310    0.0004037096    
0.2789277400    0.0173984890    0.0004147202    
0.2791693300    0.0168813920    0.0004088331    
0.2794109200    0.0162131580    0.0004025707    
0.2796525100    0.0165900990    0.0004065761    
0.2798941000    0.0167912050    0.0004044019    
0.2801356900    0.0166898260    0.0004073113    
0.2803772800    0.0167734860    0.0004119372    
0.2806188600    0.0168945730    0.0004050164    
0.2808604500    0.0159258210    0.0003911196    
0.2811020400    0.0160487050    0.0003941375    
0.2813436300    0.0158469720    0.0003934784    
0.2815852200    0.0174093700    0.0004083063    
0.2818268100    0.0175006390    0.0004115804    
0.2820683900    0.0170312140    0.0004071239    
0.2823099800    0.0166550160    0.0004022904    
0.2825515700    0.0166976330    0.0003992639    
0.2827931600    0.0169837520    0.0004075057    
0.2830347500    0.0164105630    0.0003982489    
0.2832763400    0.0161138710    0.0003926710    
0.2835179300    0.0161808520    0.0003934863    
0.2837595100    0.0166585170    0.0004015558    
0.2840011000    0.0166098500    0.0004014337    
0.2842426900    0.0173381340    0.0004060776    
0.2844842800    0.0158803480    0.0003907104    
0.2847258700    0.0168162700    0.0004026766    
0.2849674600    0.0165485410    0.0004005373    
0.2852090500    0.0162303730    0.0003946905    
0.2854506300    0.0161358210    0.0003952058    
0.2856922200    0.0161522710    0.0003941924    
0.2859338100    0.0168292050    0.0004029864    
0.2861754000    0.0164494120    0.0003962851    
0.2864169900    0.0164846020    0.0003965579    
0.2866585800    0.0162994530    0.0003961362    
0.2869001700    0.0163205760    0.0003954833    
0.2871417500    0.0159390430    0.0003903862    
0.2873833400    0.0172598180    0.0004079526    
0.2876249300    0.0172997100    0.0004088955    
0.2878665200    0.0159010510    0.0003944565    
0.2881081100    0.0161154130    0.0003901682    
0.2883497000    0.0162230850    0.0003936993    
0.2885912900    0.0169554010    0.0004023339    
0.2888328700    0.0160128920    0.0003911405    
0.2890744600    0.0160922230    0.0003912153    
0.2893160500    0.0168629060    0.0004009300    
0.2895576400    0.0164950350    0.0003986588    
0.2897992300    0.0159548250    0.0003882194    
0.2900408200    0.0168717750    0.0004001243    
0.2902824000    0.0160903680    0.0003937384    
0.2905239900    0.0157931440    0.0003884474    
0.2907655800    0.0167733640    0.0003974552    
0.2910071700    0.0164437360    0.0003935305    
0.2912487600    0.0160776270    0.0003897106    
0.2914903500    0.0160497060    0.0003883498    
0.2917319400    0.0166236020    0.0003939065    
0.2919735200    0.0167700930    0.0003968211    
0.2922151100    0.0162678920    0.0003901050    
0.2924567000    0.0160095230    0.0003877182    
0.2926982900    0.0163222130    0.0003916329    
0.2929398800    0.0166566340    0.0003977154    
0.2931814700    0.0164067630    0.0003907480    
0.2934230600    0.0165889690    0.0003940828    
0.2936646400    0.0160708850    0.0003851593    
0.2939062300    0.0164943130    0.0003938397    
0.2941478200    0.0162403330    0.0003883292    
0.2943894100    0.0165200090    0.0003935567    
0.2946310000    0.0169283580    0.0003973530    
0.2948725900    0.0162734530    0.0003904629    
0.2951141800    0.0161662430    0.0003884500    
0.2953557600    0.0159221260    0.0003881137    
0.2955973500    0.0160200540    0.0003858294    
0.2958389400    0.0163868110    0.0003895003    
0.2960805300    0.0158732710    0.0003836318    
0.2963221200    0.0160734820    0.0003853322    
0.2965637100    0.0163939640    0.0003890116    
0.2968053000    0.0157337260    0.0003802592    
0.2970468800    0.0159096820    0.0003835050    
0.2972884700    0.0156142530    0.0003788127    
0.2975300600    0.0157337260    0.0003802592    
0.2977716500    0.0156461640    0.0003805963    
0.2980132400    0.0154925720    0.0003795649    
0.2982548300    0.0159235350    0.0003818473    
0.2984964100    0.0155850160    0.0003772163    
0.2987380000    0.0158092640    0.0003807527    
0.2989795900    0.0156397970    0.0003778787    
0.2992211800    0.0164620790    0.0003872626    
0.2994627700    0.0162009060    0.0003852993    
0.2997043600    0.0163946960    0.0003885916    
0.2999459500    0.0158396470    0.0003818168    
0.3001875300    0.0169128700    0.0003939623    
0.3004291200    0.0163109280    0.0003909123    
0.3006707100    0.0166989440    0.0003900388    
0.3009123000    0.0173087510    0.0003989844    
0.3011538900    0.0164088020    0.0003857959    
0.3013954800    0.0159468150    0.0003824055    
0.3016370700    0.0157220870    0.0003794242    
0.3018786500    0.0164820950    0.0003884867    
0.3021202400    0.0161589720    0.0003845195    
0.3023618300    0.0162924250    0.0003878050    
0.3026034200    0.0160094340    0.0003835764    
0.3028450100    0.0153058300    0.0003753278    
0.3030866000    0.0163911340    0.0003888349    
0.3033281900    0.0158814520    0.0003805100    
0.3035697700    0.0155503040    0.0003774835    
0.3038113600    0.0160777790    0.0003841130    
0.3040529500    0.0153506380    0.0003739612    
0.3042945400    0.0164137190    0.0003865531    
0.3045361300    0.0160472690    0.0003845933    
0.3047777200    0.0169426670    0.0003935900    
0.3050193100    0.0160517290    0.0003833812    
0.3052608900    0.0159040730    0.0003825925    
0.3055024800    0.0163203880    0.0003924940    
0.3057440700    0.0161638940    0.0003829060    
0.3059856600    0.0163527570    0.0003859746    
0.3062272500    0.0161249830    0.0003842550    
0.3064688400    0.0158396470    0.0003818168    
0.3067104200    0.0163488760    0.0003848126    
0.3069520100    0.0167171240    0.0003911040    
0.3071936000    0.0161564780    0.0003853339    
0.3074351900    0.0160907500    0.0003849726    
0.3076767800    0.0153597490    0.0003740721    
0.3079183700    0.0162458120    0.0003886825    
0.3081599600    0.0154460760    0.0003789949    
0.3084015400    0.0162717560    0.0003845988    
0.3086431300    0.0156309570    0.0003766769    
0.3088847200    0.0168273670    0.0003932530    
0.3091263100    0.0163026310    0.0003860842    
0.3093679000    0.0160476860    0.0003836131    
0.3096094900    0.0159395830    0.0003803774    
0.3098510800    0.0165749470    0.0003918745    
0.3100926600    0.0162704920    0.0003864082    
0.3103342500    0.0158024750    0.0003808102    
0.3105758400    0.0166394170    0.0003935087    
0.3108174300    0.0163856670    0.0003866437    
0.3110590200    0.0157223290    0.0003805398    
0.3113006100    0.0164360140    0.0003861156    
0.3115422000    0.0158420660    0.0003819861    
0.3117837800    0.0162477710    0.0003854340    
0.3120253700    0.0162143080    0.0003861644    
0.3122669600    0.0166717320    0.0003892970    
0.3125085500    0.0158100190    0.0003818801    
0.3127501400    0.0163402830    0.0003875196    
0.3129917300    0.0159752610    0.0003848623    
0.3132333100    0.0170552650    0.0003966341    
0.3134749000    0.0163430660    0.0003876947    
0.3137164900    0.0162697710    0.0003854141    
0.3139580800    0.0162579390    0.0003851338    
0.3141996700    0.0165739960    0.0003891424    
0.3144412600    0.0155755800    0.0003776522    
0.3146828500    0.0155245330    0.0003778612    
0.3149244300    0.0154915710    0.0003759470    
0.3151660200    0.0161855280    0.0003862465    
0.3154076100    0.0158936610    0.0003834532    
0.3156492000    0.0162381660    0.0003891684    
0.3158907900    0.0158790280    0.0003803428    
0.3161323800    0.0160273200    0.0003822535    
0.3163739700    0.0162031980    0.0003844849    
0.3166155500    0.0159735300    0.0003837087    
0.3168571400    0.0154136330    0.0003752731    
0.3170987300    0.0166100350    0.0003904193    
0.3173403200    0.0159768340    0.0003829053    
0.3175819100    0.0158905750    0.0003827110    
0.3178235000    0.0157749440    0.0003804783    
0.3180650900    0.0157688990    0.0003822272    
0.3183066700    0.0166832600    0.0003921405    
0.3185482600    0.0157546750    0.0003812111    
0.3187898500    0.0161834890    0.0003836933    
0.3190314400    0.0164420010    0.0003882974    
0.3192730300    0.0164517730    0.0003879876    
0.3195146200    0.0160594260    0.0003838937    
0.3197562100    0.0167475930    0.0003911751    
0.3199977900    0.0163686400    0.0003874302    
0.3202393800    0.0160734820    0.0003853322    
0.3204809700    0.0159727270    0.0003846896    
0.3207225600    0.0162887040    0.0003880463    
0.3209641500    0.0160180560    0.0003846673    
0.3212057400    0.0165436730    0.0003886448    
0.3214473200    0.0162752010    0.0003857593    
0.3216889100    0.0159801090    0.0003821069    
0.3219305000    0.0155657510    0.0003786402    
0.3221720900    0.0158415940    0.0003814208    
0.3224136800    0.0161705540    0.0003838183    
0.3226552700    0.0161581770    0.0003879204    
0.3228968600    0.0161630180    0.0003852708    
0.3231384400    0.0165327990    0.0003934151    
0.3233800300    0.0164888930    0.0003880008    
0.3236216200    0.0168329470    0.0003923135    
0.3238632100    0.0160777790    0.0003841130    
0.3241048000    0.0162051110    0.0003860549    
0.3243463900    0.0157980580    0.0003810358    
0.3245879800    0.0163530840    0.0003873877    
0.3248295600    0.0163841740    0.0003874724    
0.3250711500    0.0167048930    0.0003912464    
0.3253127400    0.0155126670    0.0003781329    
0.3255543300    0.0167755420    0.0003936576    
0.3257959200    0.0164024600    0.0003914233    
0.3260375100    0.0161967310    0.0003845480    
0.3262791000    0.0164166420    0.0003885664    
0.3265206800    0.0156305200    0.0003783177    
0.3267622700    0.0155289090    0.0003781918    
0.3270038600    0.0165332790    0.0003898014    
0.3272454500    0.0165582780    0.0003895257    
0.3274870400    0.0161879010    0.0003854262    
0.3277286300    0.0158727040    0.0003830591    
0.3279702200    0.0162251010    0.0003868606    
0.3282118000    0.0161583300    0.0003889342    
0.3284533900    0.0161944080    0.0003853628    
0.3286949800    0.0161036270    0.0003978934    
0.3289365700    0.0157869360    0.0003993175    
0.3291781600    0.0161509230    0.0004073532    
0.3294197500    0.0156361920    0.0004054857    
0.3296613300    0.0153240720    0.0004055179    
0.3299029200    0.0166222730    0.0004228888    
0.3301445100    0.0162317200    0.0004239333    
0.3303861000    0.0166065870    0.0004316677    
0.3306276900    0.0168174260    0.0004377401    
0.3308692800    0.0158975630    0.0004257936    
0.3311108700    0.0168692670    0.0004422468    
0.3313524500    0.0162203760    0.0004385487    
0.3315940400    0.0166001570    0.0004430254    
0.3318356300    0.0160994430    0.0004419523    
0.3320772200    0.0162522010    0.0004444741    
0.3323188100    0.0169656930    0.0004583649    
0.3325604000    0.0158660890    0.0004426071    
0.3328019900    0.0159109730    0.0004478856    
0.3330435700    0.0164217110    0.0004502903    
0.3332851600    0.0167783940    0.0004492243    
0.3335267500    0.0156837050    0.0004208211    
0.3337683400    0.0158530750    0.0004230873    
0.3340099300    0.0159204120    0.0004211513    
0.3342515200    0.0163256010    0.0004223708    
0.3344931100    0.0164515470    0.0004196332    
0.3347346900    0.0155838870    0.0004098186    
0.3349762800    0.0154782040    0.0004063375    
0.3352178700    0.0167897920    0.0004215933    
0.3354594600    0.0159717060    0.0004091276    
0.3357010500    0.0158099100    0.0004080741    
0.3359426400    0.0165000520    0.0004182929    
0.3361842300    0.0158185680    0.0004016625    
0.3364258100    0.0160214390    0.0004035742    
0.3366674000    0.0160502940    0.0004044294    
0.3369089900    0.0161159000    0.0004037817    
0.3371505800    0.0165852090    0.0004087954    
0.3373921700    0.0156226640    0.0003977151    
0.3376337600    0.0166285580    0.0004099885    
0.3378753400    0.0159236830    0.0004013665    
0.3381169300    0.0163522040    0.0004047774    
0.3383585200    0.0158626520    0.0004030418    
0.3386001100    0.0159244200    0.0003978619    
0.3388417000    0.0161589430    0.0004022177    
0.3390832900    0.0168538810    0.0004067380    
0.3393248800    0.0160321140    0.0003996803    
0.3395664600    0.0160679420    0.0003993345    
0.3398080500    0.0155249400    0.0003920639    
0.3400496400    0.0159070010    0.0003954568    
0.3402912300    0.0163571200    0.0004003858    
0.3405328200    0.0160949070    0.0003995114    
0.3407744100    0.0156808820    0.0003944954    
0.3410160000    0.0167627510    0.0004083620    
0.3412575800    0.0160969300    0.0003957996    
0.3414991700    0.0165578460    0.0004011151    
0.3417407600    0.0157395020    0.0003921419    
0.3419823500    0.0160106260    0.0003926107    
0.3422239400    0.0166032870    0.0004015097    
0.3424655300    0.0161735010    0.0003972023    
0.3427071200    0.0157535910    0.0003907985    
0.3429487000    0.0164120900    0.0003993457    
0.3431902900    0.0165825330    0.0004031352    
0.3434318800    0.0161687320    0.0004012203    
0.3436734700    0.0158176550    0.0003896400    
0.3439150600    0.0161466510    0.0003927707    
0.3441566500    0.0161330530    0.0003950195    
0.3443982300    0.0165397120    0.0003995053    
0.3446398200    0.0160672050    0.0003927015    
0.3448814100    0.0161344220    0.0003945802    
0.3451230000    0.0158525620    0.0003915705    
0.3453645900    0.0162587900    0.0003965559    
0.3456061800    0.0158272530    0.0003897582    
0.3458477700    0.0162108720    0.0003970439    
0.3460893500    0.0155620320    0.0003885654    
0.3463309400    0.0159842290    0.0003907902    
0.3465725300    0.0165701030    0.0003980393    
0.3468141200    0.0155122710    0.0003866005    
0.3470557100    0.0166559960    0.0003995266    
0.3472973000    0.0158469570    0.0003905989    
0.3475388900    0.0156166840    0.0003853916    
0.3477804700    0.0158777940    0.0003905294    
0.3480220600    0.0152651280    0.0003830674    
0.3482636500    0.0153739780    0.0003839896    
0.3485052400    0.0170424180    0.0004082089    
0.3487468300    0.0157311180    0.0003879794    
0.3489884200    0.0166465950    0.0003989569    
0.3492300100    0.0163783370    0.0003942298    
0.3494715900    0.0165274570    0.0003987443    
0.3497131800    0.0162170210    0.0003922835    
0.3499547700    0.0158848420    0.0003904666    
0.3501963600    0.0157783680    0.0003873815    
0.3504379500    0.0159772890    0.0003908543    
0.3506795400    0.0163589100    0.0003959475    
0.3509211300    0.0163542940    0.0003966499    
0.3511627100    0.0167712030    0.0004018279    
0.3514043000    0.0160651940    0.0003904429    
0.3516458900    0.0158334010    0.0003884986    
0.3518874800    0.0159608130    0.0003891724    
0.3521290700    0.0166566340    0.0003977154    
0.3523706600    0.0163701250    0.0003951786    
0.3526122400    0.0155260970    0.0003845639    
0.3528538300    0.0161562050    0.0003928869    
0.3530954200    0.0161480740    0.0003933877    
0.3533370100    0.0162584730    0.0003939784    
0.3535786000    0.0156687920    0.0003892943    
0.3538201900    0.0159246750    0.0003882912    
0.3540617800    0.0161521460    0.0003931371    
0.3543033600    0.0161842770    0.0003911483    
0.3545449500    0.0165457070    0.0003965390    
0.3547865400    0.0162571070    0.0003918798    
0.3550281300    0.0157358190    0.0003877417    
0.3552697200    0.0159020080    0.0003888963    
0.3555113100    0.0159312990    0.0003898459    
0.3557529000    0.0161466510    0.0003927707    
0.3559944800    0.0164430980    0.0003939667    
0.3562360700    0.0158454350    0.0003916335    
0.3564776600    0.0166380420    0.0003965938    
0.3567192500    0.0156335080    0.0003848704    
0.3569608400    0.0170249580    0.0004007259    
0.3572024300    0.0164696780    0.0003956269    
0.3574440200    0.0171201670    0.0004022988    
0.3576856000    0.0160092530    0.0003903535    
0.3579271900    0.0158015950    0.0003867878    
0.3581687800    0.0156737270    0.0003866816    
0.3584103700    0.0162304240    0.0003921491    
0.3586519600    0.0163986860    0.0003974928    
0.3588935500    0.0159754930    0.0003896462    
0.3591351400    0.0160949150    0.0003913964    
0.3593767200    0.0158459440    0.0003866015    
0.3596183100    0.0156009500    0.0003830256    
0.3598599000    0.0160219770    0.0003896227    
0.3601014900    0.0161411080    0.0003913643    
0.3603430800    0.0163659580    0.0003939318    
0.3605846700    0.0157896790    0.0003864961    
0.3608262500    0.0159685830    0.0003897095    
0.3610678400    0.0158988040    0.0003881222    
0.3613094300    0.0167358650    0.0004006364    
0.3615510200    0.0160046620    0.0003889717    
0.3617926100    0.0156667340    0.0003844091    
0.3620342000    0.0162683230    0.0003926066    
0.3622757900    0.0159857550    0.0003887419    
0.3625173700    0.0159341430    0.0003884066    
0.3627589600    0.0154863540    0.0003833444    
0.3630005500    0.0162665540    0.0003919936    
0.3632421400    0.0163959020    0.0003934010    
0.3634837300    0.0157427490    0.0003870908    
0.3637253200    0.0159503790    0.0003900793    
0.3639669100    0.0164332780    0.0003962415    
0.3642084900    0.0161423620    0.0003899076    
0.3644500800    0.0165465240    0.0003956506    
0.3646916700    0.0165271520    0.0003958670    
0.3649332600    0.0162012340    0.0003897411    
0.3651748500    0.0164213030    0.0003935575    
0.3654164400    0.0158069000    0.0003877316    
0.3656580300    0.0164133680    0.0003945020    
0.3658996100    0.0166130040    0.0003959969    
0.3661412000    0.0164293960    0.0003945454    
0.3663827900    0.0157437020    0.0003900734    
0.3666243800    0.0160729040    0.0003873270    
0.3668659700    0.0161855000    0.0003907217    
0.3671075600    0.0160749690    0.0003895317    
0.3673491500    0.0152342000    0.0003784968    
0.3675907300    0.0160272370    0.0003899814    
0.3678323200    0.0160752520    0.0003885133    
0.3680739100    0.0157474070    0.0003868546    
0.3683155000    0.0157092210    0.0003852197    
0.3685570900    0.0165469290    0.0003952087    
0.3687986800    0.0161111500    0.0003924882    
0.3690402600    0.0157811250    0.0003881517    
0.3692818500    0.0163728580    0.0003919465    
0.3695234400    0.0164242200    0.0003937405    
0.3697650300    0.0162282450    0.0003905039    
0.3700066200    0.0160356530    0.0003894949    
0.3702482100    0.0160538460    0.0003881093    
0.3704898000    0.0160372120    0.0003890740    
0.3707313800    0.0160530510    0.0003901478    
0.3709729700    0.0158836730    0.0003870614    
0.3712145600    0.0151681230    0.0003803937    
0.3714561500    0.0159077950    0.0003898548    
0.3716977400    0.0156620460    0.0003840629    
0.3719393300    0.0160309120    0.0003881224    
0.3721809200    0.0161517800    0.0003900213    
0.3724225000    0.0163213030    0.0003920627    
0.3726640900    0.0159659890    0.0003879173    
0.3729056800    0.0155324380    0.0003826141    
0.3731472700    0.0160189130    0.0003878319    
0.3733888600    0.0159556530    0.0003888155    
0.3736304500    0.0159210290    0.0003891288    
0.3738720400    0.0168856330    0.0004018112    
0.3741136200    0.0160030270    0.0003893923    
0.3743552100    0.0157257180    0.0003852769    
0.3745968000    0.0161918590    0.0003896283    
0.3748383900    0.0159702670    0.0003876781    
0.3750799800    0.0159351670    0.0003873972    
0.3753215700    0.0156714360    0.0003847562    
0.3755631500    0.0155069110    0.0003818695    
0.3758047400    0.0161127260    0.0003899889    
0.3760463300    0.0155554350    0.0003837632    
0.3762879200    0.0166756270    0.0003979421    
0.3765295100    0.0158363750    0.0003892752    
0.3767711000    0.0157726380    0.0003852719    
0.3770126900    0.0160027220    0.0003877810    
0.3772542700    0.0157796220    0.0003852127    
0.3774958600    0.0163606210    0.0003916536    
0.3777374500    0.0162055390    0.0003905233    
0.3779790400    0.0161018770    0.0003902984    
0.3782206300    0.0158131310    0.0003864917    
0.3784622200    0.0163937560    0.0003927846    
0.3787038100    0.0165081880    0.0003956398    
0.3789453900    0.0166153150    0.0003975229    
0.3791869800    0.0161765700    0.0003926861    
0.3794285700    0.0154295180    0.0003807727    
0.3796701600    0.0160681810    0.0003895961    
0.3799117500    0.0161570560    0.0003893549    
0.3801533400    0.0156053120    0.0003839436    
0.3803949300    0.0162315800    0.0003892342    
0.3806365100    0.0162686210    0.0003911359    
0.3808781000    0.0151758050    0.0003776291    
0.3811196900    0.0157878780    0.0003874982    
0.3813612800    0.0159848390    0.0003881462    
0.3816028700    0.0152606680    0.0003806849    
0.3818444600    0.0160519290    0.0003895457    
0.3820860500    0.0159354190    0.0003858104    
0.3823276300    0.0161222350    0.0003880653    
0.3825692200    0.0158527910    0.0003838099    
0.3828108100    0.0157781640    0.0003823395    
0.3830524000    0.0152815630    0.0003778123    
0.3832939900    0.0160371070    0.0003864644    
0.3835355800    0.0160184810    0.0003862399    
0.3837771600    0.0161421530    0.0003868673    
0.3840187500    0.0162024090    0.0003893190    
0.3842603400    0.0160095230    0.0003877182    
0.3845019300    0.0160135420    0.0003833449    
0.3847435200    0.0162933810    0.0003873890    
0.3849851100    0.0158337530    0.0003830124    
0.3852267000    0.0161650550    0.0003966362    
0.3854682800    0.0159843830    0.0004021308    
0.3857098700    0.0155877280    0.0004016709    
0.3859514600    0.0158765630    0.0004097945    
0.3861930500    0.0158735480    0.0004121957    
0.3864346400    0.0163583840    0.0004227947    
0.3866762300    0.0154703260    0.0004140538    
0.3869178200    0.0158040890    0.0004207324    
0.3871594000    0.0156407480    0.0004234970    
0.3874009900    0.0162458550    0.0004327998    
0.3876425800    0.0158096060    0.0004301237    
0.3878841700    0.0155776210    0.0004287599    
0.3881257600    0.0163678540    0.0004422130    
0.3883673500    0.0156717920    0.0004358323    
0.3886089400    0.0157329980    0.0004392362    
0.3888505200    0.0160582130    0.0004457177    
0.3890921100    0.0163593970    0.0004523384    
0.3893337000    0.0154475070    0.0004444521    
0.3895752900    0.0155842850    0.0004480167    
0.3898168800    0.0155089560    0.0004288236    
0.3900584700    0.0162235720    0.0004305289    
0.3903000600    0.0164727310    0.0004324460    
0.3905416400    0.0156280100    0.0004170807    
0.3907832300    0.0159800930    0.0004208203    
0.3910248200    0.0156368660    0.0004148133    
0.3912664100    0.0159263220    0.0004168109    
0.3915080000    0.0164129270    0.0004211212    
0.3917495900    0.0162612520    0.0004209879    
0.3919911700    0.0167116920    0.0004275223    
0.3922327600    0.0159160290    0.0004101307    
0.3924743500    0.0158565930    0.0004109250    
0.3927159400    0.0160311020    0.0004109188    
0.3929575300    0.0158970780    0.0004119741    
0.3931991200    0.0154852020    0.0004047122    
0.3934407100    0.0157915710    0.0004080087    
0.3936822900    0.0160788740    0.0004130944    
0.3939238800    0.0157048220    0.0004087802    
0.3941654700    0.0157154630    0.0004089186    
0.3944070600    0.0170539610    0.0004268830    
0.3946486500    0.0161212360    0.0004161098    
0.3948902400    0.0158899610    0.0004101403    
0.3951318300    0.0165078600    0.0004176863    
0.3953734100    0.0164470320    0.0004176203    
0.3956150000    0.0158913820    0.0004115502    
0.3958565900    0.0154160020    0.0004041479    
0.3960981800    0.0162600740    0.0004166511    
0.3963397700    0.0166225400    0.0004223492    
0.3965813600    0.0157747800    0.0004114382    
0.3968229500    0.0153000030    0.0004065930    
0.3970645300    0.0154555120    0.0004097141    
0.3973061200    0.0151160480    0.0004032739    
0.3975477100    0.0155391790    0.0004076573    
0.3977893000    0.0156916590    0.0004112332    
0.3980308900    0.0158448130    0.0004127037    
0.3982724800    0.0154976690    0.0004086833    
0.3985140700    0.0151550400    0.0004043141    
0.3987556500    0.0160840660    0.0004172405    
0.3989972400    0.0157834420    0.0004127889    
0.3992388300    0.0163693110    0.0004229359    
0.3994804200    0.0163878180    0.0004229907    
0.3997220100    0.0167520410    0.0004301054    
0.3999636000    0.0151401620    0.0004046378    
0.4002051800    0.0164205720    0.0004234132    
0.4004467700    0.0154404690    0.0004084552    
0.4006883600    0.0158534400    0.0004167631    
0.4009299500    0.0158453670    0.0004168390    
0.4011715400    0.0153373050    0.0004106406    
0.4014131300    0.0156285670    0.0004148852    
0.4016547200    0.0151674870    0.0004114375    
0.4018963000    0.0157224030    0.0004172292    
0.4021378900    0.0152135520    0.0004139072    
0.4023794800    0.0146373350    0.0004025745    
0.4026210700    0.0155310120    0.0004152321    
0.4028626600    0.0155898590    0.0004147354    
0.4031042500    0.0159700330    0.0004214331    
0.4033458400    0.0155474280    0.0004158196    
0.4035874200    0.0162369820    0.0004281795    
0.4038290100    0.0154008660    0.0004153305    
0.4040706000    0.0165689030    0.0004315638    
0.4043121900    0.0162356570    0.0004287413    
0.4045537800    0.0158687110    0.0004250209    
0.4047953700    0.0164728460    0.0004356128    
0.4050369600    0.0156189470    0.0004193856    
0.4052785400    0.0149946660    0.0004124023    
0.4055201300    0.0165562920    0.0004331496    
0.4057617200    0.0156894900    0.0004243504    
0.4060033100    0.0159103580    0.0004246161    
0.4062449000    0.0158277550    0.0004269981    
0.4064864900    0.0151844880    0.0004174652    
0.4067280800    0.0162445270    0.0004333800    
0.4069696600    0.0164037180    0.0004373159    
0.4072112500    0.0162094510    0.0004363438    
0.4074528400    0.0159198570    0.0004334442    
0.4076944300    0.0162322660    0.0004352268    
0.4079360200    0.0157214610    0.0004269363    
0.4081776100    0.0159117840    0.0004313103    
0.4084191900    0.0159009130    0.0004319688    
0.4086607800    0.0161555310    0.0004337935    
0.4089023700    0.0156719980    0.0004308682    
0.4091439600    0.0159065920    0.0004346972    
0.4093855500    0.0162687290    0.0004406621    
0.4096271400    0.0157258990    0.0004344901    
0.4098687300    0.0158107830    0.0004422705    
0.4101103100    0.0156012240    0.0004290846    
0.4103519000    0.0160053140    0.0004385429    
0.4105934900    0.0157527030    0.0004342373    
0.4108350800    0.0152786530    0.0004299158    
0.4110766700    0.0158319500    0.0004374201    
0.4113182600    0.0156747920    0.0004369307    
0.4115598500    0.0153528560    0.0004338974    
0.4118014300    0.0156468940    0.0004397555    
0.4120430200    0.0166281730    0.0004515592    
0.4122846100    0.0159274070    0.0004458818    
0.4125262000    0.0154102480    0.0004430135    
0.4127677900    0.0163167180    0.0004477481    
0.4130093800    0.0172055850    0.0004618221    
0.4132509700    0.0161875190    0.0004486161    
0.4134925500    0.0151949960    0.0004379125    
0.4137341400    0.0153547200    0.0004388855    
0.4139757300    0.0163449760    0.0004557890    
0.4142173200    0.0162565290    0.0004522688    
0.4144589100    0.0159858330    0.0004530546    
0.4147005000    0.0153963560    0.0004437156    
0.4149420800    0.0155086360    0.0004490073    
0.4151836700    0.0148115110    0.0004367676    
0.4154252600    0.0159636780    0.0004504412    
0.4156668500    0.0163381650    0.0004522702    
0.4159084400    0.0156871420    0.0004431679    
0.4161500300    0.0158426690    0.0004440319    
0.4163916200    0.0161110930    0.0004482226    
0.4166332000    0.0165412490    0.0004517040    
0.4168747900    0.0155245330    0.0004363166    
0.4171163800    0.0160057450    0.0004471995    
0.4173579700    0.0157363350    0.0004403603    
0.4175995600    0.0161034870    0.0004524094    
0.4178411500    0.0159637530    0.0004430958    
0.4180827400    0.0159254610    0.0004440905    
0.4183243200    0.0154348460    0.0004384970    
0.4185659100    0.0152641870    0.0004373711    
0.4188075000    0.0159625750    0.0004470415    
0.4190490900    0.0161379770    0.0004526644    
0.4192906800    0.0161053750    0.0004517499    
0.4195322700    0.0157259610    0.0004500485    
0.4197738600    0.0164085780    0.0004597124    
0.4200154400    0.0156677600    0.0004534243    
0.4202570300    0.0163620870    0.0004640910    
0.4204986200    0.0148692420    0.0004394263    
0.4207402100    0.0154538140    0.0004510261    
0.4209818000    0.0161997710    0.0004598572    
0.4212233900    0.0159383790    0.0004587652    
0.4214649800    0.0153058680    0.0004507579    
0.4217065600    0.0158143360    0.0004594009    
0.4219481500    0.0160099460    0.0004637156    
0.4221897400    0.0163108270    0.0004700702    
0.4224313300    0.0157359030    0.0004652417    
0.4226729200    0.0160953550    0.0004715607    
0.4229145100    0.0158927390    0.0004698787    
0.4231560900    0.0148330810    0.0004521944    
0.4233976800    0.0154353820    0.0004620461    
0.4236392700    0.0165032570    0.0004796162    
0.4238808600    0.0162351500    0.0004772980    
0.4241224500    0.0160285660    0.0004745171    
0.4243640400    0.0153704760    0.0004683596    
0.4246056300    0.0156127820    0.0004731146    
0.4248472100    0.0160647560    0.0004824012    
0.4250888000    0.0155496000    0.0004762562    
0.4253303900    0.0151017800    0.0004766079    
0.4255719800    0.0159075060    0.0004822671    
0.4258135700    0.0158019280    0.0004815066    
0.4260551600    0.0162782490    0.0004930540    
0.4262967500    0.0163066360    0.0004914402    
0.4265383300    0.0155451820    0.0004841350    
0.4267799200    0.0161985030    0.0004965970    
0.4270215100    0.0162111540    0.0004955894    
0.4272631000    0.0159786450    0.0004971527    
0.4275046900    0.0163362030    0.0005048679    
0.4277462800    0.0160674250    0.0005060763    
0.4279878700    0.0156445560    0.0005025755    
0.4282294500    0.0146907180    0.0004814688    
0.4284710400    0.0164986700    0.0005118482    
0.4287126300    0.0149861850    0.0004906257    
0.4289542200    0.0150212730    0.0004930975    
0.4291958100    0.0167589430    0.0005232063    
0.4294374000    0.0163214270    0.0005211031    
0.4296789900    0.0159329330    0.0005131652    
0.4299205700    0.0159383610    0.0005187495    
0.4301621600    0.0161978340    0.0005283151    
0.4304037500    0.0160370680    0.0005278665    
0.4306453400    0.0145881070    0.0005091284    
0.4308869300    0.0147767980    0.0005056516    
0.4311285200    0.0159962520    0.0005293987    
0.4313701000    0.0159029910    0.0005315784    
0.4316116900    0.0175121930    0.0005614151    
0.4318532800    0.0160202950    0.0005385163    
0.4320948700    0.0158826240    0.0005397136    
0.4323364600    0.0158302240    0.0005436121    
0.4325780500    0.0155108480    0.0005413323    
0.4328196400    0.0162331950    0.0005584389    
0.4330612200    0.0156561100    0.0005570194    
0.4333028100    0.0162923380    0.0005668829    
0.4335444000    0.0155632760    0.0005523200    
0.4337859900    0.0164290060    0.0005706030    
0.4340275800    0.0158872760    0.0005656020    
0.4342691700    0.0156244210    0.0005663848    
0.4345107600    0.0158996850    0.0005756072    
0.4347523400    0.0164175680    0.0005878432    
0.4349939300    0.0146854400    0.0005606927    
0.4352355200    0.0155651360    0.0005858016    
0.4354771100    0.0150356940    0.0005808795    
0.4357187000    0.0150957750    0.0005943955    
0.4359602900    0.0161808520    0.0006064031    
0.4362018800    0.0150628880    0.0005899082    
0.4364434600    0.0158977770    0.0006105504    
0.4366850500    0.0163898260    0.0006275989    
0.4369266400    0.0148255610    0.0006062623    
0.4371682300    0.0154184930    0.0006207251    
0.4374098200    0.0157130810    0.0006362041    
0.4376514100    0.0150008270    0.0006294207    
0.4378930000    0.0161017540    0.0006612198    
0.4381345800    0.0148230040    0.0006457002    
0.4383761700    0.0156150880    0.0006757310    
0.4386177600    0.0149180280    0.0006492238    
0.4388593500    0.0154844160    0.0006713346    
0.4391009400    0.0159140270    0.0006919142    
0.4393425300    0.0145530950    0.0006705712    
0.4395841100    0.0153109740    0.0007017774    
0.4398257000    0.0165239400    0.0007464755    
0.4400672900    0.0158829330    0.0007470703    
0.4403088800    0.0162671700    0.0007781643    
0.4405504700    0.0171245190    0.0008258176    
0.4407920600    0.0161227490    0.0008336875    
0.4410336500    0.0148711780    0.0008236384    
0.4412752300    0.0157153460    0.0008497886    
0.4415168200    0.0163538270    0.0009113631    
0.4417584100    0.0163830110    0.0012384392    
0.4420000000    0.0151401620    0.0018095955    