# Diamond Light Source Ltd.
# Data extracted from: /dls/b21/data/2017/mx13440-2/processed/b21-369037_00037.dat
q(1/A)          Column          Error           
0.0040000000    0.8106309400    0.0210927370    
0.0042415885    0.8826551300    0.0207011330    
0.0044831771    0.6883868500    0.0170192690    
0.0047247656    0.5641006200    0.0149172430    
0.0049663541    0.4326963000    0.0123175860    
0.0052079426    0.3460250300    0.0113344270    
0.0054495312    0.2799201400    0.0093987985    
0.0056911197    0.2650878400    0.0086233082    
0.0059327082    0.2016911700    0.0075218116    
0.0061742967    0.1720881200    0.0066582894    
0.0064158853    0.1532460200    0.0062200641    
0.0066574738    0.1248798200    0.0053056350    
0.0068990623    0.1085597800    0.0049915842    
0.0071406509    0.1007643900    0.0047239072    
0.0073822394    0.0927083170    0.0043800563    
0.0076238279    0.0808675710    0.0039937647    
0.0078654164    0.0655593590    0.0036534803    
0.0081070050    0.0704339680    0.0035896474    
0.0083485935    0.0639690740    0.0033033488    
0.0085901820    0.0593118920    0.0032025411    
0.0088317705    0.0537716840    0.0029690446    
0.0090733591    0.0550243390    0.0029841138    
0.0093149476    0.0486896040    0.0027049780    
0.0095565361    0.0491404340    0.0027174722    
0.0097981247    0.0419271590    0.0025101134    
0.0100397130    0.0416566610    0.0024171646    
0.0102813020    0.0355211840    0.0022833882    
0.0105228900    0.0358087560    0.0021476665    
0.0107644790    0.0381326760    0.0022392278    
0.0110060670    0.0362449200    0.0021283750    
0.0112476560    0.0327956480    0.0020146207    
0.0114892440    0.0369079220    0.0021064464    
0.0117308330    0.0288190740    0.0018525602    
0.0119724210    0.0311527440    0.0018994163    
0.0122140100    0.0319561060    0.0019063415    
0.0124555980    0.0292045930    0.0017675424    
0.0126971870    0.0287718680    0.0018088718    
0.0129387760    0.0314562760    0.0017894850    
0.0131803640    0.0273503330    0.0016961957    
0.0134219530    0.0297477680    0.0017061515    
0.0136635410    0.0282050310    0.0016677984    
0.0139051300    0.0282050310    0.0016677984    
0.0141467180    0.0265653060    0.0015819410    
0.0143883070    0.0228681710    0.0014463102    
0.0146298950    0.0277162240    0.0015922555    
0.0148714840    0.0280309980    0.0016130027    
0.0151130720    0.0250648320    0.0015087256    
0.0153546610    0.0234792090    0.0014056635    
0.0155962490    0.0240442490    0.0014369187    
0.0158378380    0.0225414830    0.0013593026    
0.0160794260    0.0247546470    0.0014244699    
0.0163210150    0.0239135740    0.0013692872    
0.0165626030    0.0225589350    0.0013554350    
0.0168041920    0.0232811680    0.0013265677    
0.0170457800    0.0218037620    0.0012915434    
0.0172873690    0.0188970520    0.0011951545    
0.0175289580    0.0230056510    0.0013108686    
0.0177705460    0.0239480720    0.0013143212    
0.0180121350    0.0239770860    0.0013003401    
0.0182537230    0.0212456560    0.0012105836    
0.0184953120    0.0203069360    0.0011803167    
0.0187369000    0.0229825120    0.0012556688    
0.0189784890    0.0197156640    0.0011326353    
0.0192200770    0.0197405840    0.0011512942    
0.0194616660    0.0204649350    0.0011422413    
0.0197032540    0.0219450010    0.0011918888    
0.0199448430    0.0200029660    0.0011379290    
0.0201864310    0.0206561960    0.0011475664    
0.0204280200    0.0183833460    0.0010613630    
0.0206696080    0.0210188700    0.0011187216    
0.0209111970    0.0216398240    0.0011600163    
0.0211527850    0.0194023730    0.0010648436    
0.0213943740    0.0200210310    0.0010841996    
0.0216359620    0.0196163820    0.0010782139    
0.0218775510    0.0212539980    0.0011170853    
0.0221191400    0.0208311610    0.0010858993    
0.0223607280    0.0193816860    0.0010404634    
0.0226023170    0.0211572460    0.0011197602    
0.0228439050    0.0180951030    0.0009901200    
0.0230854940    0.0187730100    0.0010063390    
0.0233270820    0.0196062940    0.0010262404    
0.0235686710    0.0199686450    0.0010423548    
0.0238102590    0.0207083580    0.0010393227    
0.0240518480    0.0184453740    0.0009748683    
0.0242934360    0.0193061170    0.0010119155    
0.0245350250    0.0204351480    0.0010282039    
0.0247766130    0.0191648240    0.0009896672    
0.0250182020    0.0191434940    0.0009992823    
0.0252597900    0.0211215470    0.0010245455    
0.0255013790    0.0195219730    0.0009773211    
0.0257429670    0.0194996990    0.0009786618    
0.0259845560    0.0189588450    0.0009539230    
0.0262261450    0.0178181760    0.0009301012    
0.0264677330    0.0203110630    0.0009817723    
0.0267093220    0.0183270610    0.0009256564    
0.0269509100    0.0193367090    0.0009561387    
0.0271924990    0.0196568390    0.0009568799    
0.0274340870    0.0196884720    0.0009629946    
0.0276756760    0.0186842040    0.0009227471    
0.0279172640    0.0195705480    0.0009426801    
0.0281588530    0.0194442040    0.0009280212    
0.0284004410    0.0183938500    0.0009106313    
0.0286420300    0.0191300510    0.0009109548    
0.0288836180    0.0190898680    0.0009195266    
0.0291252070    0.0197636440    0.0009165170    
0.0293667950    0.0178031080    0.0008803070    
0.0296083840    0.0195511320    0.0009115762    
0.0298499720    0.0198548440    0.0009217380    
0.0300915610    0.0191261070    0.0009016133    
0.0303331490    0.0184332610    0.0008777743    
0.0305747380    0.0183647650    0.0008647630    
0.0308163270    0.0190570060    0.0008809104    
0.0310579150    0.0181741630    0.0008644568    
0.0312995040    0.0185302550    0.0008658620    
0.0315410920    0.0193556200    0.0008807112    
0.0317826810    0.0178795920    0.0008437901    
0.0320242690    0.0187980620    0.0008571178    
0.0322658580    0.0182112210    0.0008556378    
0.0325074460    0.0183328150    0.0008438362    
0.0327490350    0.0188383380    0.0008527715    
0.0329906230    0.0192749930    0.0008535110    
0.0332322120    0.0184375670    0.0008398082    
0.0334738000    0.0199588540    0.0008620912    
0.0337153890    0.0201229150    0.0008643532    
0.0339569770    0.0176501810    0.0008106997    
0.0341985660    0.0185987240    0.0008334288    
0.0344401540    0.0176434200    0.0008011465    
0.0346817430    0.0187312460    0.0008327054    
0.0349233310    0.0184578050    0.0008229929    
0.0351649200    0.0176088760    0.0007890726    
0.0354065090    0.0191672850    0.0008279006    
0.0356480970    0.0182219640    0.0007960302    
0.0358896860    0.0184903660    0.0008108562    
0.0361312740    0.0184333750    0.0007984381    
0.0363728630    0.0177137980    0.0007805632    
0.0366144510    0.0194069060    0.0008237773    
0.0368560400    0.0168988410    0.0007572552    
0.0370976280    0.0179785410    0.0007906953    
0.0373392170    0.0175701720    0.0007742343    
0.0375808050    0.0177326340    0.0007695307    
0.0378223940    0.0171315270    0.0007563754    
0.0380639820    0.0181437900    0.0007815084    
0.0383055710    0.0191614170    0.0007875294    
0.0385471590    0.0197666090    0.0008029636    
0.0387887480    0.0178500370    0.0007660184    
0.0390303360    0.0175054980    0.0007498532    
0.0392719250    0.0189028070    0.0007782163    
0.0395135140    0.0186785370    0.0007735860    
0.0397551020    0.0176192320    0.0007660536    
0.0399966910    0.0178391870    0.0007420123    
0.0402382790    0.0186059530    0.0007634115    
0.0404798680    0.0187650960    0.0007610251    
0.0407214560    0.0176599310    0.0007456029    
0.0409630450    0.0186909190    0.0007549191    
0.0412046330    0.0180243680    0.0007458537    
0.0414462220    0.0177817620    0.0007345578    
0.0416878100    0.0177391200    0.0007327963    
0.0419293990    0.0189952440    0.0007573900    
0.0421709870    0.0187099670    0.0007489981    
0.0424125760    0.0187683530    0.0007537552    
0.0426541640    0.0180247990    0.0007274217    
0.0428957530    0.0186553110    0.0007408970    
0.0431373410    0.0192871220    0.0007524623    
0.0433789300    0.0189927510    0.0007415423    
0.0436205180    0.0186754650    0.0007336415    
0.0438621070    0.0177477990    0.0007168269    
0.0441036960    0.0169462550    0.0006988518    
0.0443452840    0.0193461650    0.0007408029    
0.0445868730    0.0185295130    0.0007324433    
0.0448284610    0.0181300090    0.0007155344    
0.0450700500    0.0185422570    0.0007483046    
0.0453116380    0.0165376460    0.0007083949    
0.0455532270    0.0184048630    0.0007688742    
0.0457948150    0.0190950390    0.0007821633    
0.0460364040    0.0195144840    0.0007927217    
0.0462779920    0.0196656650    0.0008082538    
0.0465195810    0.0194663500    0.0008041475    
0.0467611690    0.0171100020    0.0007569019    
0.0470027580    0.0182149540    0.0007809597    
0.0472443460    0.0173307890    0.0007773921    
0.0474859350    0.0193941820    0.0008123329    
0.0477275230    0.0180875330    0.0007909126    
0.0479691120    0.0189695250    0.0008110783    
0.0482107000    0.0192353990    0.0008247109    
0.0484522890    0.0177284710    0.0007873490    
0.0486938780    0.0179420080    0.0007976195    
0.0489354660    0.0191844580    0.0008271007    
0.0491770550    0.0186064960    0.0008239095    
0.0494186430    0.0172166840    0.0007769781    
0.0496602320    0.0186863570    0.0007868376    
0.0499018200    0.0185162180    0.0007721797    
0.0501434090    0.0182023870    0.0007532201    
0.0503849970    0.0186444810    0.0007548930    
0.0506265860    0.0183774960    0.0007440831    
0.0508681740    0.0185618190    0.0007442611    
0.0511097630    0.0183879380    0.0007372891    
0.0513513510    0.0179517730    0.0007152157    
0.0515929400    0.0181256650    0.0007303038    
0.0518345280    0.0185786600    0.0007275965    
0.0520761170    0.0183080570    0.0007305710    
0.0523177050    0.0193190310    0.0007281134    
0.0525592940    0.0169829470    0.0006956486    
0.0528008830    0.0184888430    0.0007069386    
0.0530424710    0.0185811780    0.0007109890    
0.0532840600    0.0176832890    0.0006898908    
0.0535256480    0.0179793560    0.0006956422    
0.0537672370    0.0181277000    0.0006926238    
0.0540088250    0.0182306030    0.0006960476    
0.0542504140    0.0173133910    0.0006811863    
0.0544920020    0.0184736630    0.0006977406    
0.0547335910    0.0185192660    0.0006935520    
0.0549751790    0.0191924630    0.0007031574    
0.0552167680    0.0185605380    0.0006921912    
0.0554583560    0.0183794240    0.0006811868    
0.0556999450    0.0184705720    0.0006808343    
0.0559415330    0.0179931940    0.0006767037    
0.0561831220    0.0182862210    0.0006754170    
0.0564247100    0.0184512450    0.0006764555    
0.0566662990    0.0193162500    0.0006894265    
0.0569078870    0.0190979690    0.0006923008    
0.0571494760    0.0183319820    0.0006716319    
0.0573910650    0.0175627560    0.0006473718    
0.0576326530    0.0186562140    0.0006723233    
0.0578742420    0.0176918320    0.0006534627    
0.0581158300    0.0183309200    0.0006588913    
0.0583574190    0.0174601700    0.0006418486    
0.0585990070    0.0180638670    0.0006565424    
0.0588405960    0.0174252880    0.0006436177    
0.0590821840    0.0179431870    0.0006470479    
0.0593237730    0.0171985650    0.0006352435    
0.0595653610    0.0192421530    0.0006744371    
0.0598069500    0.0182788000    0.0006430459    
0.0600485380    0.0194836820    0.0006674999    
0.0602901270    0.0175259010    0.0006336503    
0.0605317150    0.0175864040    0.0006313151    
0.0607733040    0.0169582550    0.0006171741    
0.0610148920    0.0195705480    0.0006665755    
0.0612564810    0.0177985300    0.0006328429    
0.0614980690    0.0183831310    0.0006369378    
0.0617396580    0.0180463740    0.0006453370    
0.0619812470    0.0181746880    0.0006470360    
0.0622228350    0.0185368160    0.0006493164    
0.0624644240    0.0181388870    0.0006377293    
0.0627060120    0.0182740630    0.0006452796    
0.0629476010    0.0180925280    0.0006461617    
0.0631891890    0.0188892750    0.0006560516    
0.0634307780    0.0179525370    0.0006367109    
0.0636723660    0.0185741820    0.0006470623    
0.0639139550    0.0173400960    0.0006240837    
0.0641555430    0.0182311120    0.0006331927    
0.0643971320    0.0180267810    0.0006357555    
0.0646387200    0.0174434030    0.0006140368    
0.0648803090    0.0179892030    0.0006289777    
0.0651218970    0.0171481410    0.0006021527    
0.0653634860    0.0188275060    0.0006357597    
0.0656050740    0.0186037800    0.0006303650    
0.0658466630    0.0183110850    0.0006222360    
0.0660882520    0.0168730520    0.0005958082    
0.0663298400    0.0192514820    0.0006374803    
0.0665714290    0.0180361720    0.0006139584    
0.0668130170    0.0184088780    0.0006223337    
0.0670546060    0.0179886240    0.0006116316    
0.0672961940    0.0177797790    0.0006055817    
0.0675377830    0.0181433570    0.0006068046    
0.0677793710    0.0182358400    0.0006122996    
0.0680209600    0.0190050870    0.0006175823    
0.0682625480    0.0183117250    0.0006066945    
0.0685041370    0.0181758540    0.0006025237    
0.0687457250    0.0174877930    0.0005991219    
0.0689873140    0.0189348460    0.0006140044    
0.0692289020    0.0176406660    0.0005926498    
0.0694704910    0.0168574800    0.0005788882    
0.0697120790    0.0186286490    0.0006066323    
0.0699536680    0.0178878960    0.0005972594    
0.0701952560    0.0183375320    0.0006042422    
0.0704368450    0.0190350300    0.0006175779    
0.0706784340    0.0183016420    0.0006114149    
0.0709200220    0.0167373200    0.0005795660    
0.0711616110    0.0181333710    0.0006027737    
0.0714031990    0.0198306880    0.0006354162    
0.0716447880    0.0186675790    0.0006195054    
0.0718863760    0.0179846030    0.0005998201    
0.0721279650    0.0182771820    0.0005990104    
0.0723695530    0.0178473060    0.0005887283    
0.0726111420    0.0190134950    0.0006114328    
0.0728527300    0.0181614110    0.0005889241    
0.0730943190    0.0184895480    0.0005983077    
0.0733359070    0.0183228110    0.0005919831    
0.0735774960    0.0191757470    0.0006079121    
0.0738190840    0.0185669040    0.0005918913    
0.0740606730    0.0176270340    0.0005780132    
0.0743022610    0.0185077440    0.0005927222    
0.0745438500    0.0186620640    0.0005925211    
0.0747854380    0.0181700810    0.0005786533    
0.0750270270    0.0181669640    0.0005833061    
0.0752686160    0.0187430310    0.0005851486    
0.0755102040    0.0183394110    0.0005796533    
0.0757517930    0.0186949310    0.0005873800    
0.0759933810    0.0184520880    0.0005743884    
0.0762349700    0.0180725030    0.0005758378    
0.0764765580    0.0181515210    0.0005717192    
0.0767181470    0.0182255750    0.0005720687    
0.0769597350    0.0193591560    0.0005850317    
0.0772013240    0.0180105510    0.0005631047    
0.0774429120    0.0186210090    0.0005697936    
0.0776845010    0.0184679590    0.0005651104    
0.0779260890    0.0186109490    0.0005708236    
0.0781676780    0.0177001520    0.0005528599    
0.0784092660    0.0181892430    0.0005615997    
0.0786508550    0.0187130870    0.0005649918    
0.0788924430    0.0183262880    0.0005644873    
0.0791340320    0.0190377530    0.0005714184    
0.0793756210    0.0189693360    0.0005719470    
0.0796172090    0.0183687440    0.0005571404    
0.0798587980    0.0193051040    0.0005765930    
0.0801003860    0.0165615410    0.0005336882    
0.0803419750    0.0183245840    0.0005535143    
0.0805835630    0.0191642050    0.0005706059    
0.0808251520    0.0189772060    0.0005670525    
0.0810667400    0.0183841680    0.0005581220    
0.0813083290    0.0177850240    0.0005424381    
0.0815499170    0.0180745580    0.0005548940    
0.0817915060    0.0181028220    0.0005516180    
0.0820330940    0.0183176740    0.0005490637    
0.0822746830    0.0184467920    0.0005524378    
0.0825162710    0.0179840050    0.0005429791    
0.0827578600    0.0193391190    0.0005649017    
0.0829994480    0.0184926310    0.0005453179    
0.0832410370    0.0193545230    0.0005643894    
0.0834826250    0.0187016780    0.0005483915    
0.0837242140    0.0183100920    0.0005415860    
0.0839658030    0.0187255320    0.0005490910    
0.0842073910    0.0195028110    0.0005585928    
0.0844489800    0.0190059410    0.0005479697    
0.0846905680    0.0193161890    0.0005483219    
0.0849321570    0.0188313770    0.0005475070    
0.0851737450    0.0171415090    0.0005158988    
0.0854153340    0.0194143090    0.0005524442    
0.0856569220    0.0186402010    0.0005376484    
0.0858985110    0.0193862410    0.0005541188    
0.0861400990    0.0186867240    0.0005383189    
0.0863816880    0.0196066270    0.0005534533    
0.0866232760    0.0188951500    0.0005477430    
0.0868648650    0.0184088780    0.0005336467    
0.0871064530    0.0179775970    0.0005289817    
0.0873480420    0.0187969710    0.0005366184    
0.0875896300    0.0189502400    0.0005401143    
0.0878312190    0.0179980860    0.0005257297    
0.0880728080    0.0192782830    0.0005424587    
0.0883143960    0.0187976370    0.0005353302    
0.0885559850    0.0176909510    0.0005212246    
0.0887975730    0.0172314700    0.0005119262    
0.0890391620    0.0186379180    0.0005327294    
0.0892807500    0.0191238170    0.0005376867    
0.0895223390    0.0181148630    0.0005220617    
0.0897639270    0.0187417850    0.0005275714    
0.0900055160    0.0177411600    0.0005145068    
0.0902471040    0.0185060470    0.0005276684    
0.0904886930    0.0196739110    0.0005392643    
0.0907302810    0.0187968480    0.0005225380    
0.0909718700    0.0193335540    0.0005393369    
0.0912134580    0.0188402080    0.0005237434    
0.0914550470    0.0183148890    0.0005230691    
0.0916966350    0.0179375090    0.0005110422    
0.0919382240    0.0187515820    0.0005243275    
0.0921798120    0.0184860840    0.0005173083    
0.0924214010    0.0194125600    0.0005301130    
0.0926629900    0.0187058530    0.0005174158    
0.0929045780    0.0189056260    0.0005255620    
0.0931461670    0.0195774310    0.0005287337    
0.0933877550    0.0179820140    0.0005075940    
0.0936293440    0.0185159970    0.0005171340    
0.0938709320    0.0190642410    0.0005235375    
0.0941125210    0.0179866890    0.0005045201    
0.0943541090    0.0190480590    0.0005191922    
0.0945956980    0.0185443640    0.0005131453    
0.0948372860    0.0182741650    0.0005068341    
0.0950788750    0.0191655030    0.0005176086    
0.0953204630    0.0194983830    0.0005241198    
0.0955620520    0.0191946120    0.0005191527    
0.0958036400    0.0176280360    0.0004950446    
0.0960452290    0.0182814410    0.0005041358    
0.0962868170    0.0193415950    0.0005208470    
0.0965284060    0.0178643740    0.0004983520    
0.0967699940    0.0186846060    0.0005096644    
0.0970115830    0.0192003830    0.0005113289    
0.0972531720    0.0184894010    0.0005034042    
0.0974947600    0.0203913730    0.0005280896    
0.0977363490    0.0202514630    0.0005242905    
0.0979779370    0.0184903660    0.0005028717    
0.0982195260    0.0200164460    0.0005234959    
0.0984611140    0.0199563400    0.0005196188    
0.0987027030    0.0201347990    0.0005224973    
0.0989442910    0.0187991120    0.0005051408    
0.0991858800    0.0191910870    0.0005087414    
0.0994274680    0.0192290310    0.0005070817    
0.0996690570    0.0192316300    0.0005036599    
0.0999106450    0.0198996790    0.0005163960    
0.1001522300    0.0200230560    0.0005139187    
0.1003938200    0.0200510050    0.0005161685    
0.1006354100    0.0200812150    0.0005143959    
0.1008770000    0.0195964410    0.0005092132    
0.1011185900    0.0208931670    0.0005257911    
0.1013601800    0.0212420330    0.0005307192    
0.1016017700    0.0210605200    0.0005248753    
0.1018433500    0.0216085640    0.0005436224    
0.1020849400    0.0207341480    0.0005398712    
0.1023265300    0.0219478570    0.0005598287    
0.1025681200    0.0215994360    0.0005525617    
0.1028097100    0.0224655650    0.0005719188    
0.1030513000    0.0212879570    0.0005586640    
0.1032928800    0.0211831260    0.0005625381    
0.1035344700    0.0221633680    0.0005677319    
0.1037760600    0.0219966190    0.0005752839    
0.1040176500    0.0219541040    0.0005771404    
0.1042592400    0.0225752820    0.0005870149    
0.1045008300    0.0221999950    0.0005786274    
0.1047424200    0.0207315830    0.0005642422    
0.1049840000    0.0215401320    0.0005779593    
0.1052255900    0.0201909280    0.0005612924    
0.1054671800    0.0201447650    0.0005572171    
0.1057087700    0.0198097230    0.0005563125    
0.1059503600    0.0201625420    0.0005633402    
0.1061919500    0.0193042680    0.0005508764    
0.1064335400    0.0186506740    0.0005281549    
0.1066751200    0.0188477890    0.0005229448    
0.1069167100    0.0183072910    0.0005139174    
0.1071583000    0.0189489030    0.0005161063    
0.1073998900    0.0199542000    0.0005278593    
0.1076414800    0.0185594080    0.0005127769    
0.1078830700    0.0190931530    0.0005126718    
0.1081246600    0.0187258520    0.0005107895    
0.1083662400    0.0184524730    0.0005007312    
0.1086078300    0.0193445110    0.0005183012    
0.1088494200    0.0191986760    0.0005096594    
0.1090910100    0.0182888810    0.0004961094    
0.1093326000    0.0180693290    0.0004905148    
0.1095741900    0.0190887880    0.0005054970    
0.1098157700    0.0177538780    0.0004826634    
0.1100573600    0.0188815830    0.0005014184    
0.1102989500    0.0182480900    0.0004885739    
0.1105405400    0.0186734950    0.0004939802    
0.1107821300    0.0176355900    0.0004823078    
0.1110237200    0.0176932170    0.0004783698    
0.1112653100    0.0178785090    0.0004858721    
0.1115068900    0.0186654480    0.0004893357    
0.1117484800    0.0186215030    0.0004880160    
0.1119900700    0.0186620830    0.0004865795    
0.1122316600    0.0195864500    0.0005002472    
0.1124732500    0.0181071970    0.0004783306    
0.1127148400    0.0191429210    0.0004913289    
0.1129564300    0.0185284640    0.0004850782    
0.1131980100    0.0182559070    0.0004790933    
0.1134396000    0.0186758110    0.0004857829    
0.1136811900    0.0191863050    0.0004911499    
0.1139227800    0.0179369620    0.0004730091    
0.1141643700    0.0184001720    0.0004755662    
0.1144059600    0.0185534420    0.0004777754    
0.1146475500    0.0195007150    0.0004924674    
0.1148891300    0.0190136650    0.0004801676    
0.1151307200    0.0180491140    0.0004728530    
0.1153723100    0.0192434680    0.0004825972    
0.1156139000    0.0186887790    0.0004795148    
0.1158554900    0.0191275670    0.0004799925    
0.1160970800    0.0189532830    0.0004826611    
0.1163386700    0.0185116530    0.0004731051    
0.1165802500    0.0178969900    0.0004647393    
0.1168218400    0.0193516510    0.0004800554    
0.1170634300    0.0182428350    0.0004665397    
0.1173050200    0.0189828430    0.0004772633    
0.1175466100    0.0186127030    0.0004712454    
0.1177882000    0.0187518150    0.0004705633    
0.1180297800    0.0185093440    0.0004677299    
0.1182713700    0.0186070470    0.0004709513    
0.1185129600    0.0181628370    0.0004626817    
0.1187545500    0.0182479070    0.0004629004    
0.1189961400    0.0190810840    0.0004724720    
0.1192377300    0.0180034340    0.0004564052    
0.1194793200    0.0187040740    0.0004645631    
0.1197209000    0.0197490620    0.0004775825    
0.1199624900    0.0186414160    0.0004631497    
0.1202040800    0.0177269630    0.0004483889    
0.1204456700    0.0183779390    0.0004617631    
0.1206872600    0.0180153480    0.0004522246    
0.1209288500    0.0187966350    0.0004652861    
0.1211704400    0.0186326640    0.0004609448    
0.1214120200    0.0190423980    0.0004643107    
0.1216536100    0.0177965010    0.0004478613    
0.1218952000    0.0194143500    0.0004652897    
0.1221367900    0.0181543770    0.0004531519    
0.1223783800    0.0185274650    0.0004547387    
0.1226199700    0.0185920070    0.0004571498    
0.1228615600    0.0183682030    0.0004539859    
0.1231031400    0.0182796030    0.0004524876    
0.1233447300    0.0187893650    0.0004585501    
0.1235863200    0.0183138460    0.0004547306    
0.1238279100    0.0189845440    0.0004578911    
0.1240695000    0.0184239840    0.0004499011    
0.1243110900    0.0182652660    0.0004477642    
0.1245526800    0.0183610630    0.0004501126    
0.1247942600    0.0180875030    0.0004432732    
0.1250358500    0.0186170740    0.0004516632    
0.1252774400    0.0183947860    0.0004479875    
0.1255190300    0.0183433020    0.0004462047    
0.1257606200    0.0181035070    0.0004450038    
0.1260022100    0.0192515190    0.0004584995    
0.1262437900    0.0181431830    0.0004435734    
0.1264853800    0.0182912450    0.0004448068    
0.1267269700    0.0188866660    0.0004496825    
0.1269685600    0.0189884250    0.0004510837    
0.1272101500    0.0177882540    0.0004365955    
0.1274517400    0.0193693810    0.0004587120    
0.1276933300    0.0185921100    0.0004427948    
0.1279349100    0.0183679340    0.0004453569    
0.1281765000    0.0182144400    0.0004425467    
0.1284180900    0.0193974500    0.0004541844    
0.1286596800    0.0188920550    0.0004495561    
0.1289012700    0.0191261070    0.0004508067    
0.1291428600    0.0186520770    0.0004461249    
0.1293844500    0.0188403290    0.0004448128    
0.1296260300    0.0191521220    0.0004505446    
0.1298676200    0.0186009820    0.0004440147    
0.1301092100    0.0177019040    0.0004309853    
0.1303508000    0.0183136030    0.0004372794    
0.1305923900    0.0189082150    0.0004487985    
0.1308339800    0.0184688880    0.0004422497    
0.1310755700    0.0184307570    0.0004399513    
0.1313171500    0.0180301990    0.0004342421    
0.1315587400    0.0182045760    0.0004357956    
0.1318003300    0.0177648620    0.0004317510    
0.1320419200    0.0190638650    0.0004435857    
0.1322835100    0.0182532120    0.0004358374    
0.1325251000    0.0179886240    0.0004324888    
0.1327666900    0.0184636750    0.0004372627    
0.1330082700    0.0182669230    0.0004349267    
0.1332498600    0.0176205750    0.0004278654    
0.1334914500    0.0183839570    0.0004392097    
0.1337330400    0.0184084520    0.0004337709    
0.1339746300    0.0184777800    0.0004356465    
0.1342162200    0.0184524950    0.0004351713    
0.1344578000    0.0185629670    0.0004378984    
0.1346993900    0.0180113190    0.0004287194    
0.1349409800    0.0185581100    0.0004376621    
0.1351825700    0.0177396570    0.0004247877    
0.1354241600    0.0182154140    0.0004311416    
0.1356657500    0.0185256650    0.0004353260    
0.1359073400    0.0182358570    0.0004345567    
0.1361489200    0.0179693010    0.0004273562    
0.1363905100    0.0191986760    0.0004413780    
0.1366321000    0.0185039320    0.0004331443    
0.1368736900    0.0180172540    0.0004274102    
0.1371152800    0.0179858440    0.0004249942    
0.1373568700    0.0185349920    0.0004331599    
0.1375984600    0.0184516840    0.0004332289    
0.1378400400    0.0191224200    0.0004403237    
0.1380816300    0.0188646050    0.0004350797    
0.1383232200    0.0181997580    0.0004295695    
0.1385648100    0.0180418840    0.0004278741    
0.1388064000    0.0189348460    0.0004351976    
0.1390479900    0.0182655070    0.0004255856    
0.1392895800    0.0177514180    0.0004237352    
0.1395311600    0.0188851480    0.0004332550    
0.1397727500    0.0178116770    0.0004207613    
0.1400143400    0.0186716550    0.0004306296    
0.1402559300    0.0178913530    0.0004257433    
0.1404975200    0.0184836620    0.0004281196    
0.1407391100    0.0184531570    0.0004281026    
0.1409806900    0.0183152700    0.0004295526    
0.1412222800    0.0188064410    0.0004309959    
0.1414638700    0.0182159270    0.0004250076    
0.1417054600    0.0179439270    0.0004185475    
0.1419470500    0.0185107450    0.0004297857    
0.1421886400    0.0188467770    0.0004294464    
0.1424302300    0.0175918440    0.0004160329    
0.1426718100    0.0185199980    0.0004277010    
0.1429134000    0.0184773400    0.0004263749    
0.1431549900    0.0187717420    0.0004307667    
0.1433965800    0.0174311380    0.0004152626    
0.1436381700    0.0183442000    0.0004231900    
0.1438797600    0.0177407570    0.0004158498    
0.1441213500    0.0185779540    0.0004262075    
0.1443629300    0.0178284860    0.0004168767    
0.1446045200    0.0174655530    0.0004129307    
0.1448461100    0.0181001310    0.0004203653    
0.1450877000    0.0184671400    0.0004220027    
0.1453292900    0.0189103250    0.0004306709    
0.1455708800    0.0186195080    0.0004250409    
0.1458124700    0.0183817150    0.0004261013    
0.1460540500    0.0190591660    0.0004269237    
0.1462956400    0.0179944060    0.0004176846    
0.1465372300    0.0184723150    0.0004219007    
0.1467788200    0.0180167050    0.0004161890    
0.1470204100    0.0185494040    0.0004227801    
0.1472620000    0.0184974070    0.0004217046    
0.1475035900    0.0181632670    0.0004172433    
0.1477451700    0.0188768530    0.0004271481    
0.1479867600    0.0193740810    0.0004301105    
0.1482283500    0.0187365500    0.0004257208    
0.1484699400    0.0189252540    0.0004260673    
0.1487115300    0.0186356720    0.0004240860    
0.1489531200    0.0184638300    0.0004170554    
0.1491947000    0.0180837340    0.0004158554    
0.1494362900    0.0183051050    0.0004163478    
0.1496778800    0.0184295350    0.0004191780    
0.1499194700    0.0187922640    0.0004226450    
0.1501610600    0.0183862170    0.0004188433    
0.1504026500    0.0187696200    0.0004209663    
0.1506442400    0.0186127760    0.0004230176    
0.1508858200    0.0195788880    0.0004322145    
0.1511274100    0.0191463300    0.0004242189    
0.1513690000    0.0191651280    0.0004244271    
0.1516105900    0.0178994570    0.0004114003    
0.1518521800    0.0183833460    0.0004163008    
0.1520937700    0.0183909030    0.0004153022    
0.1523353600    0.0184182700    0.0004159202    
0.1525769400    0.0185708050    0.0004190443    
0.1528185300    0.0186612480    0.0004195923    
0.1530601200    0.0184934090    0.0004167678    
0.1533017100    0.0186501110    0.0004207268    
0.1535433000    0.0182925130    0.0004126597    
0.1537848900    0.0190883340    0.0004213853    
0.1540264800    0.0186778960    0.0004177549    
0.1542680600    0.0188368830    0.0004192189    
0.1545096500    0.0188239540    0.0004170761    
0.1547512400    0.0188555430    0.0004194265    
0.1549928300    0.0193307780    0.0004243657    
0.1552344200    0.0181354370    0.0004105815    
0.1554760100    0.0188929860    0.0004192235    
0.1557176000    0.0186865050    0.0004184711    
0.1559591800    0.0181220920    0.0004102794    
0.1562007700    0.0189027140    0.0004165777    
0.1564423600    0.0187380370    0.0004141572    
0.1566839500    0.0189908660    0.0004210845    
0.1569255400    0.0188013400    0.0004160648    
0.1571671300    0.0181885090    0.0004093771    
0.1574087100    0.0190123170    0.0004162727    
0.1576503000    0.0191958880    0.0004230386    
0.1578918900    0.0188802790    0.0004143761    
0.1581334800    0.0188704420    0.0004166767    
0.1583750700    0.0190779770    0.0004197272    
0.1586166600    0.0186881850    0.0004251709    
0.1588582500    0.0189348460    0.0004274765    
0.1590998300    0.0185595070    0.0004281570    
0.1593414200    0.0187196200    0.0004328887    
0.1595830100    0.0196181400    0.0004456367    
0.1598246000    0.0189247640    0.0004368158    
0.1600661900    0.0188628890    0.0004403421    
0.1603077800    0.0189971320    0.0004440813    
0.1605493700    0.0188411090    0.0004429831    
0.1607909500    0.0187150380    0.0004425955    
0.1610325400    0.0186433780    0.0004445204    
0.1612741300    0.0184681050    0.0004426118    
0.1615157200    0.0189883340    0.0004507001    
0.1617573100    0.0178033670    0.0004369665    
0.1619989000    0.0187604320    0.0004522227    
0.1622404900    0.0182815480    0.0004443084    
0.1624820700    0.0184942450    0.0004513477    
0.1627236600    0.0186170740    0.0004516632    
0.1629652500    0.0184922130    0.0004495611    
0.1632068400    0.0185048710    0.0004432384    
0.1634484300    0.0183947320    0.0004350205    
0.1636900200    0.0184319690    0.0004349292    
0.1639316100    0.0184384270    0.0004322034    
0.1641731900    0.0185302550    0.0004329310    
0.1644147800    0.0183375320    0.0004272638    
0.1646563700    0.0185488300    0.0004312515    
0.1648979600    0.0188165030    0.0004307743    
0.1651395500    0.0179890990    0.0004231851    
0.1653811400    0.0183789520    0.0004252382    
0.1656227200    0.0176327650    0.0004186428    
0.1658643100    0.0193360490    0.0004349850    
0.1661059000    0.0174265020    0.0004124688    
0.1663474900    0.0182560220    0.0004192634    
0.1665890800    0.0183094570    0.0004197165    
0.1668306700    0.0177347160    0.0004151383    
0.1670722600    0.0185692340    0.0004226835    
0.1673138400    0.0183339690    0.0004198374    
0.1675554300    0.0178781500    0.0004125483    
0.1677970200    0.0186658580    0.0004234592    
0.1680386100    0.0181404780    0.0004179345    
0.1682802000    0.0178551650    0.0004121276    
0.1685217900    0.0183206920    0.0004160571    
0.1687633800    0.0180156790    0.0004121168    
0.1690049600    0.0182759940    0.0004177438    
0.1692465500    0.0183856050    0.0004137084    
0.1694881400    0.0176328980    0.0004078675    
0.1697297300    0.0181845800    0.0004129661    
0.1699713200    0.0186554870    0.0004203136    
0.1702129100    0.0182005050    0.0004113174    
0.1704545000    0.0177155040    0.0004068500    
0.1706960800    0.0181623800    0.0004136369    
0.1709376700    0.0181752420    0.0004090785    
0.1711792600    0.0172885390    0.0004004381    
0.1714208500    0.0184486310    0.0004113942    
0.1716624400    0.0192274370    0.0004226066    
0.1719040300    0.0191584680    0.0004181716    
0.1721456200    0.0184656150    0.0004121830    
0.1723872000    0.0184840160    0.0004123883    
0.1726287900    0.0181131880    0.0004077851    
0.1728703800    0.0187458200    0.0004157533    
0.1731119700    0.0180723040    0.0004061448    
0.1733535600    0.0193093410    0.0004199668    
0.1735951500    0.0181853980    0.0004052221    
0.1738367300    0.0183527950    0.0004085466    
0.1740783200    0.0181104170    0.0004039526    
0.1743199100    0.0184021060    0.0004076293    
0.1745615000    0.0178919010    0.0004010790    
0.1748030900    0.0184782610    0.0004067300    
0.1750446800    0.0187014210    0.0004137523    
0.1752862700    0.0184891100    0.0004059866    
0.1755278500    0.0176101860    0.0004017910    
0.1757694400    0.0182454920    0.0004041601    
0.1760110300    0.0177174450    0.0003989768    
0.1762526200    0.0186592680    0.0004072756    
0.1764942100    0.0184760620    0.0004057000    
0.1767358000    0.0183699590    0.0004042482    
0.1769773900    0.0176636650    0.0003955653    
0.1772189700    0.0185881520    0.0004064987    
0.1774605600    0.0185146680    0.0004068421    
0.1777021500    0.0175519640    0.0003944511    
0.1779437400    0.0184957390    0.0004050593    
0.1781853300    0.0172410510    0.0003920446    
0.1784269200    0.0179456470    0.0003963530    
0.1786685100    0.0182794940    0.0004009972    
0.1789100900    0.0178559750    0.0003949509    
0.1791516800    0.0190049750    0.0004081668    
0.1793932700    0.0184655320    0.0004024721    
0.1796348600    0.0182306580    0.0003981100    
0.1798764500    0.0177177300    0.0003924696    
0.1801180400    0.0179996310    0.0003957158    
0.1803596200    0.0183618640    0.0004023205    
0.1806012100    0.0183232050    0.0003987076    
0.1808428000    0.0175216680    0.0003897555    
0.1810843900    0.0176380570    0.0003898449    
0.1813259800    0.0184593130    0.0003994998    
0.1815675700    0.0183963120    0.0003981364    
0.1818091600    0.0179065730    0.0003925332    
0.1820507400    0.0174571090    0.0003878400    
0.1822923300    0.0181067410    0.0003941841    
0.1825339200    0.0178814710    0.0003929282    
0.1827755100    0.0180185060    0.0003928221    
0.1830171000    0.0187130040    0.0004034812    
0.1832586900    0.0181757460    0.0003937318    
0.1835002800    0.0180160940    0.0003923967    
0.1837418600    0.0193131180    0.0004051802    
0.1839834500    0.0177016400    0.0003893528    
0.1842250400    0.0184998560    0.0003972268    
0.1844666300    0.0181900500    0.0003934881    
0.1847082200    0.0177065250    0.0003879616    
0.1849498100    0.0174442490    0.0003854671    
0.1851914000    0.0182593700    0.0003963812    
0.1854329800    0.0185771030    0.0003977866    
0.1856745700    0.0175649820    0.0003871908    
0.1859161600    0.0186992120    0.0003966900    
0.1861577500    0.0180091420    0.0003893016    
0.1863993400    0.0175980700    0.0003858632    
0.1866409300    0.0184403100    0.0003931487    
0.1868825200    0.0180356220    0.0003920787    
0.1871241000    0.0177144610    0.0003854615    
0.1873656900    0.0169129250    0.0003786581    
0.1876072800    0.0176908900    0.0003843122    
0.1878488700    0.0179870410    0.0003910226    
0.1880904600    0.0175980700    0.0003858632    
0.1883320500    0.0182974350    0.0003904578    
0.1885736300    0.0181275950    0.0003894133    
0.1888152200    0.0179901940    0.0003878062    
0.1890568100    0.0182372910    0.0003914988    
0.1892984000    0.0181531700    0.0003885309    
0.1895399900    0.0167249440    0.0003741682    
0.1897815800    0.0179387160    0.0003875076    
0.1900231700    0.0176792200    0.0003846946    
0.1902647500    0.0174360460    0.0003810304    
0.1905063400    0.0175645890    0.0003848517    
0.1907479300    0.0182965930    0.0003907067    
0.1909895200    0.0175318050    0.0003809462    
0.1912311100    0.0177355980    0.0003836574    
0.1914727000    0.0176592700    0.0003824539    
0.1917142900    0.0181724530    0.0003891219    
0.1919558700    0.0180296760    0.0003843067    
0.1921974600    0.0180641350    0.0003879605    
0.1924390500    0.0176390840    0.0003840032    
0.1926806400    0.0180391110    0.0003867991    
0.1929222300    0.0180819250    0.0003878955    
0.1931638200    0.0186155810    0.0003903744    
0.1934054100    0.0178440520    0.0003854627    
0.1936469900    0.0184266380    0.0003886404    
0.1938885800    0.0175267430    0.0003810162    
0.1941301700    0.0178760700    0.0003830391    
0.1943717600    0.0180024010    0.0003862785    
0.1946133500    0.0178564590    0.0003812212    
0.1948549400    0.0173260030    0.0003780844    
0.1950965300    0.0183625600    0.0003888488    
0.1953381100    0.0180179140    0.0003849314    
0.1955797000    0.0179235010    0.0003846741    
0.1958212900    0.0181265020    0.0003847136    
0.1960628800    0.0180238490    0.0003837468    
0.1963044700    0.0178761230    0.0003815541    
0.1965460600    0.0181940070    0.0003880740    
0.1967876400    0.0176498220    0.0003782780    
0.1970292300    0.0179357100    0.0003816973    
0.1972708200    0.0180413840    0.0003845562    
0.1975124100    0.0177969540    0.0003816945    
0.1977540000    0.0177281530    0.0003808325    
0.1979955900    0.0187755240    0.0003916671    
0.1982371800    0.0183767320    0.0003883660    
0.1984787600    0.0179838910    0.0003798943    
0.1987203500    0.0180215900    0.0003824869    
0.1989619400    0.0175571010    0.0003777687    
0.1992035300    0.0185826260    0.0003878964    
0.1994451200    0.0179092590    0.0003810481    
0.1996867100    0.0172670940    0.0003734353    
0.1999283000    0.0173336330    0.0003748744    
0.2001698800    0.0183699300    0.0003864144    
0.2004114700    0.0178965360    0.0003825129    
0.2006530600    0.0178527400    0.0003789887    
0.2008946500    0.0178761760    0.0003800862    
0.2011362400    0.0184284810    0.0003833448    
0.2013778300    0.0174795670    0.0003764491    
0.2016194200    0.0182237910    0.0003815716    
0.2018610000    0.0175291320    0.0003757777    
0.2021025900    0.0183617970    0.0003849679    
0.2023441800    0.0183486530    0.0003838496    
0.2025857700    0.0181906470    0.0003825585    
0.2028273600    0.0180667960    0.0003828433    
0.2030689500    0.0180366390    0.0003811786    
0.2033105400    0.0185485830    0.0003843492    
0.2035521200    0.0178668500    0.0003787765    
0.2037937100    0.0181864170    0.0003815426    
0.2040353000    0.0181227780    0.0003817225    
0.2042768900    0.0185875280    0.0003852389    
0.2045184800    0.0173668410    0.0003708528    
0.2047600700    0.0178942930    0.0003791879    
0.2050016500    0.0177192160    0.0003776891    
0.2052432400    0.0181273130    0.0003816488    
0.2054848300    0.0179785410    0.0003785166    
0.2057264200    0.0183052990    0.0003843751    
0.2059680100    0.0187610590    0.0003849688    
0.2062096000    0.0186047490    0.0003846881    
0.2064511900    0.0180988440    0.0003787065    
0.2066927700    0.0182912930    0.0003823987    
0.2069343600    0.0180138210    0.0003790074    
0.2071759500    0.0176677410    0.0003752306    
0.2074175400    0.0183617860    0.0003822884    
0.2076591300    0.0185659080    0.0003838029    
0.2079007200    0.0180642780    0.0003815924    
0.2081423100    0.0177642710    0.0003748371    
0.2083838900    0.0187243260    0.0003856794    
0.2086254800    0.0186160780    0.0003851694    
0.2088670700    0.0180660570    0.0003786011    
0.2091086600    0.0189348460    0.0003889445    
0.2093502500    0.0187010820    0.0003849557    
0.2095918400    0.0180617930    0.0003803536    
0.2098334300    0.0186076950    0.0003853260    
0.2100750100    0.0191677170    0.0003923234    
0.2103166000    0.0184078720    0.0003848359    
0.2105581900    0.0173935920    0.0003712547    
0.2107997800    0.0185541450    0.0003856252    
0.2110413700    0.0180864250    0.0003786955    
0.2112829600    0.0174473950    0.0003745422    
0.2115245400    0.0180241360    0.0003778056    
0.2117661300    0.0182531590    0.0003826061    
0.2120077200    0.0180649630    0.0003788278    
0.2122493100    0.0178391080    0.0003798135    
0.2124909000    0.0180890420    0.0003799179    
0.2127324900    0.0179846670    0.0003813599    
0.2129740800    0.0189826010    0.0003886973    
0.2132156600    0.0181628070    0.0003802114    
0.2134572500    0.0181007820    0.0003810058    
0.2136988400    0.0185343630    0.0003852973    
0.2139404300    0.0179595590    0.0003773649    
0.2141820200    0.0187188590    0.0003869648    
0.2144236100    0.0181745560    0.0003823893    
0.2146652000    0.0176869680    0.0003767451    
0.2149067800    0.0182547660    0.0003810526    
0.2151483700    0.0183036840    0.0003873416    
0.2153899600    0.0185230360    0.0003945539    
0.2156315500    0.0176365300    0.0003887679    
0.2158731400    0.0176915180    0.0003908356    
0.2161147300    0.0172263720    0.0003905012    
0.2163563200    0.0184055420    0.0004046396    
0.2165979000    0.0185736660    0.0004095251    
0.2168394900    0.0186907000    0.0004111074    
0.2170810800    0.0180146910    0.0004081618    
0.2173226700    0.0176559010    0.0004037811    
0.2175642600    0.0178891350    0.0004086877    
0.2178058500    0.0185585950    0.0004178126    
0.2180474400    0.0173153870    0.0004055448    
0.2182890200    0.0178057040    0.0004145348    
0.2185306100    0.0177392120    0.0004110972    
0.2187722000    0.0177819500    0.0004168153    
0.2190137900    0.0180443100    0.0004190689    
0.2192553800    0.0177102040    0.0004190664    
0.2194969700    0.0173336840    0.0004120067    
0.2197385500    0.0179433660    0.0004166122    
0.2199801400    0.0178221460    0.0004108187    
0.2202217300    0.0172396730    0.0004001659    
0.2204633200    0.0172235330    0.0003980791    
0.2207049100    0.0178541520    0.0004026683    
0.2209465000    0.0182264920    0.0004068454    
0.2211880900    0.0177120830    0.0003990585    
0.2214296700    0.0182445130    0.0004044363    
0.2216712600    0.0171468530    0.0003915256    
0.2219128500    0.0172280430    0.0003913443    
0.2221544400    0.0177497350    0.0003991982    
0.2223960300    0.0173258290    0.0003924534    
0.2226376200    0.0178422770    0.0004013810    
0.2228792100    0.0169999960    0.0003888826    
0.2231207900    0.0172579760    0.0003918222    
0.2233623800    0.0162248480    0.0003775263    
0.2236039700    0.0173890540    0.0003924784    
0.2238455600    0.0170532040    0.0003867745    
0.2240871500    0.0167957630    0.0003845126    
0.2243287400    0.0178066830    0.0003938606    
0.2245703300    0.0172134960    0.0003898089    
0.2248119100    0.0168309740    0.0003849154    
0.2250535000    0.0172150960    0.0003891473    
0.2252950900    0.0170112220    0.0003883274    
0.2255366800    0.0170948640    0.0003856421    
0.2257782700    0.0176585360    0.0003928973    
0.2260198600    0.0170856380    0.0003851400    
0.2262614500    0.0168743530    0.0003826197    
0.2265030300    0.0176673320    0.0003909697    
0.2267446200    0.0171302820    0.0003864410    
0.2269862100    0.0170516800    0.0003829180    
0.2272278000    0.0174563720    0.0003884953    
0.2274693900    0.0175900290    0.0003887833    
0.2277109800    0.0171109070    0.0003868910    
0.2279525600    0.0169855440    0.0003819147    
0.2281941500    0.0170927000    0.0003840329    
0.2284357400    0.0180012260    0.0003935693    
0.2286773300    0.0174836510    0.0003891989    
0.2289189200    0.0173387560    0.0003852106    
0.2291605100    0.0167357370    0.0003806527    
0.2294021000    0.0168910850    0.0003808512    
0.2296436800    0.0171077990    0.0003867219    
0.2298852700    0.0172969130    0.0003851374    
0.2301268600    0.0178756150    0.0003955789    
0.2303684500    0.0172606890    0.0003864441    
0.2306100400    0.0168049470    0.0003818320    
0.2308516300    0.0178418690    0.0003926271    
0.2310932200    0.0170579480    0.0003858909    
0.2313348000    0.0168597940    0.0003817992    
0.2315763900    0.0171370970    0.0003853223    
0.2318179800    0.0174433280    0.0003906311    
0.2320595700    0.0176551710    0.0003913720    
0.2323011600    0.0177039500    0.0003931300    
0.2325427500    0.0173460300    0.0003891358    
0.2327843400    0.0169160090    0.0003857521    
0.2330259200    0.0170469770    0.0003837813    
0.2332675100    0.0168251980    0.0003817997    
0.2335091000    0.0166535920    0.0003811579    
0.2337506900    0.0172770760    0.0003862306    
0.2339922800    0.0172706760    0.0003884239    
0.2342338700    0.0169673630    0.0003843337    
0.2344754600    0.0173186170    0.0003895022    
0.2347170400    0.0177608940    0.0003922725    
0.2349586300    0.0171501820    0.0003863987    
0.2352002200    0.0168280230    0.0003859598    
0.2354418100    0.0168047300    0.0003834139    
0.2356834000    0.0171396390    0.0003869476    
0.2359249900    0.0165232310    0.0003775814    
0.2361665700    0.0175215360    0.0003921858    
0.2364081600    0.0170422300    0.0003846505    
0.2366497500    0.0172669640    0.0003893264    
0.2368913400    0.0167148990    0.0003814636    
0.2371329300    0.0172511610    0.0003899626    
0.2373745200    0.0170934110    0.0003866931    
0.2376161100    0.0170059320    0.0003857024    
0.2378576900    0.0172391220    0.0003896904    
0.2380992800    0.0168135510    0.0003827197    
0.2383408700    0.0167141740    0.0003826447    
0.2385824600    0.0176186590    0.0003912361    
0.2388240500    0.0171377890    0.0003875979    
0.2390656400    0.0173690040    0.0003903393    
0.2393072300    0.0163569850    0.0003777484    
0.2395488100    0.0166035290    0.0003811117    
0.2397904000    0.0167693550    0.0003842102    
0.2400319900    0.0172134960    0.0003898089    
0.2402735800    0.0170758850    0.0003887918    
0.2405151700    0.0170956120    0.0003883361    
0.2407567600    0.0169121710    0.0003835758    
0.2409983500    0.0167136850    0.0003834382    
0.2412399300    0.0171595680    0.0003869048    
0.2414815200    0.0172078750    0.0003898816    
0.2417231100    0.0173460900    0.0003880644    
0.2419647000    0.0172641240    0.0003906550    
0.2422062900    0.0169690780    0.0003867612    
0.2424478800    0.0175013900    0.0003929178    
0.2426894600    0.0166854700    0.0003855401    
0.2429310500    0.0170712490    0.0003873831    
0.2431726400    0.0164418020    0.0003799098    
0.2434142300    0.0171620180    0.0003866653    
0.2436558200    0.0164902060    0.0003828725    
0.2438974100    0.0176603010    0.0003926451    
0.2441390000    0.0164286990    0.0003804203    
0.2443805800    0.0175719610    0.0003937092    
0.2446221700    0.0169458920    0.0003870378    
0.2448637600    0.0158212340    0.0003748939    
0.2451053500    0.0175600820    0.0003927536    
0.2453469400    0.0173333910    0.0003943483    
0.2455885300    0.0173141180    0.0003899932    
0.2458301200    0.0167864950    0.0003864329    
0.2460717000    0.0168251380    0.0003837797    
0.2463132900    0.0169391650    0.0003854791    
0.2465548800    0.0171739810    0.0003903177    
0.2467964700    0.0172998040    0.0003899677    
0.2470380600    0.0164093150    0.0003809943    
0.2472796500    0.0165127420    0.0003820593    
0.2475212400    0.0166132810    0.0003855223    
0.2477628200    0.0169537620    0.0003902835    
0.2480044100    0.0166109040    0.0003823907    
0.2482460000    0.0165784510    0.0003821502    
0.2484875900    0.0162968920    0.0003798201    
0.2487291800    0.0172883380    0.0003912029    
0.2489707700    0.0173536390    0.0003909826    
0.2492123600    0.0164922150    0.0003834362    
0.2494539400    0.0165202760    0.0003829518    
0.2496955300    0.0168458220    0.0003873882    
0.2499371200    0.0171966090    0.0003900270    
0.2501787100    0.0171806150    0.0003941503    
0.2504203000    0.0168780540    0.0003859921    
0.2506618900    0.0167436770    0.0003823196    
0.2509034700    0.0170670330    0.0003886910    
0.2511450600    0.0173602500    0.0003913303    
0.2513866500    0.0169225750    0.0003873143    
0.2516282400    0.0167406420    0.0003825496    
0.2518698300    0.0175116390    0.0003934455    
0.2521114200    0.0166960920    0.0003832364    
0.2523530100    0.0164455100    0.0003810140    
0.2525945900    0.0168397590    0.0003846137    
0.2528361800    0.0172588800    0.0003922473    
0.2530777700    0.0171490350    0.0003874561    
0.2533193600    0.0171658470    0.0003872433    
0.2535609500    0.0166169220    0.0003823267    
0.2538025400    0.0170624590    0.0003872834    
0.2540441300    0.0167196270    0.0003833728    
0.2542857100    0.0163952870    0.0003792402    
0.2545273000    0.0171619200    0.0003900436    
0.2547688900    0.0166563790    0.0003813216    
0.2550104800    0.0165857200    0.0003834400    
0.2552520700    0.0167952400    0.0003873533    
0.2554936600    0.0170996160    0.0003870316    
0.2557352500    0.0166661950    0.0003835619    
0.2559768300    0.0173591310    0.0003898222    
0.2562184200    0.0165039020    0.0003819570    
0.2564600100    0.0168892530    0.0003842438    
0.2567016000    0.0164650830    0.0003817750    
0.2569431900    0.0167167770    0.0003832067    
0.2571847800    0.0166178130    0.0003815401    
0.2574263700    0.0162863390    0.0003782410    
0.2576679500    0.0168397950    0.0003854197    
0.2579095400    0.0169458920    0.0003870378    
0.2581511300    0.0164023270    0.0003787955    
0.2583927200    0.0168222440    0.0003832155    
0.2586343100    0.0168830290    0.0003827181    
0.2588759000    0.0169630160    0.0003864223    
0.2591174800    0.0168251980    0.0003817997    
0.2593590700    0.0165907800    0.0003795216    
0.2596006600    0.0171864760    0.0003876101    
0.2598422500    0.0172835770    0.0003891079    
0.2600838400    0.0167461760    0.0003832769    
0.2603254300    0.0169693670    0.0003871702    
0.2605670200    0.0163601980    0.0003788342    
0.2608086000    0.0168626330    0.0003815700    
0.2610501900    0.0164878410    0.0003792564    
0.2612917800    0.0167433130    0.0003831111    
0.2615333700    0.0163133670    0.0003772444    
0.2617749600    0.0168689080    0.0003842785    
0.2620165500    0.0171097480    0.0003860761    
0.2622581400    0.0163546260    0.0003798269    
0.2624997200    0.0160524100    0.0003747332    
0.2627413100    0.0168428690    0.0003876279    
0.2629829000    0.0169838260    0.0003833323    
0.2632244900    0.0166317220    0.0003823637    
0.2634660800    0.0175332320    0.0003906900    
0.2637076700    0.0167872350    0.0003832143    
0.2639492600    0.0180556810    0.0003974285    
0.2641908400    0.0168631610    0.0003847471    
0.2644324300    0.0171510330    0.0003886935    
0.2646740200    0.0168078230    0.0003819960    
0.2649156100    0.0162868950    0.0003801036    
0.2651572000    0.0167402650    0.0003833425    
0.2653987900    0.0170320470    0.0003887015    
0.2656403800    0.0168221710    0.0003848148    
0.2658819600    0.0169095420    0.0003842086    
0.2661235500    0.0164340170    0.0003807477    
0.2663651400    0.0165220960    0.0003800443    
0.2666067300    0.0167578220    0.0003835435    
0.2668483200    0.0165975350    0.0003811750    
0.2670899100    0.0171455160    0.0003906811    
0.2673314900    0.0163184740    0.0003775645    
0.2675730800    0.0170466800    0.0003887319    
0.2678146700    0.0168666330    0.0003877643    
0.2680562600    0.0171114900    0.0003873004    
0.2682978500    0.0170303660    0.0003870538    
0.2685394400    0.0163708890    0.0003781703    
0.2687810300    0.0169663280    0.0003870002    
0.2690226100    0.0161987980    0.0003753989    
0.2692642000    0.0163459230    0.0003820017    
0.2695057900    0.0167023150    0.0003827747    
0.2697473800    0.0171352890    0.0003878390    
0.2699889700    0.0168576060    0.0003868418    
0.2702305600    0.0168369130    0.0003872858    
0.2704721500    0.0171061640    0.0003896833    
0.2707137300    0.0167843510    0.0003830486    
0.2709553200    0.0168309740    0.0003861290    
0.2711969100    0.0168192210    0.0003850496    
0.2714385000    0.0168953040    0.0003849797    
0.2716800900    0.0165392610    0.0003823659    
0.2719216800    0.0166031960    0.0003915587    
0.2721632700    0.0166499290    0.0003948631    
0.2724048500    0.0171864230    0.0004063313    
0.2726464400    0.0166981330    0.0004078786    
0.2728880300    0.0166047870    0.0004070583    
0.2731296200    0.0168309740    0.0004121082    
0.2733712100    0.0171762070    0.0004196815    
0.2736128000    0.0162584680    0.0004139012    
0.2738543800    0.0168518050    0.0004189451    
0.2740959700    0.0159674840    0.0004117301    
0.2743375600    0.0168991880    0.0004266329    
0.2745791500    0.0162081410    0.0004196129    
0.2748207400    0.0166437190    0.0004281719    
0.2750623300    0.0173156360    0.0004367291    
0.2753039200    0.0167409690    0.0004339894    
0.2755455000    0.0175092820    0.0004424584    
0.2757870900    0.0178982670    0.0004540310    
0.2760286800    0.0170248270    0.0004406084    
0.2762702700    0.0174974300    0.0004549778    
0.2765118600    0.0171837410    0.0004329896    
0.2767534500    0.0169103660    0.0004278706    
0.2769950400    0.0166498810    0.0004211450    
0.2772366200    0.0169631180    0.0004206738    
0.2774782100    0.0168693220    0.0004200301    
0.2777198000    0.0172373840    0.0004256469    
0.2779613900    0.0163882370    0.0004139975    
0.2782029800    0.0169784970    0.0004132501    
0.2784445700    0.0168071050    0.0004146428    
0.2786861600    0.0167733340    0.0004130561    
0.2789277400    0.0165623950    0.0004058972    
0.2791693300    0.0171464720    0.0004133180    
0.2794109200    0.0166365130    0.0004090671    
0.2796525100    0.0160923630    0.0004016819    
0.2798941000    0.0164062800    0.0004009889    
0.2801356900    0.0168143030    0.0004101050    
0.2803772800    0.0163491200    0.0004079638    
0.2806188600    0.0170296370    0.0004079028    
0.2808604500    0.0169437390    0.0004046861    
0.2811020400    0.0173277220    0.0004108218    
0.2813436300    0.0166835070    0.0004049920    
0.2815852200    0.0158802170    0.0003911811    
0.2818268100    0.0162952660    0.0003983946    
0.2820683900    0.0163739660    0.0004004384    
0.2823099800    0.0163388210    0.0003996985    
0.2825515700    0.0171479960    0.0004058768    
0.2827931600    0.0171589360    0.0004108820    
0.2830347500    0.0162604330    0.0003976619    
0.2832763400    0.0160799350    0.0003934831    
0.2835179300    0.0162436230    0.0003954808    
0.2837595100    0.0165095490    0.0004010055    
0.2840011000    0.0160206660    0.0003954816    
0.2842426900    0.0169107270    0.0004022944    
0.2844842800    0.0159023690    0.0003922030    
0.2847258700    0.0173096410    0.0004098176    
0.2849674600    0.0162619210    0.0003982943    
0.2852090500    0.0163223100    0.0003970437    
0.2854506300    0.0167725330    0.0004041868    
0.2856922200    0.0169213250    0.0004047284    
0.2859338100    0.0161188950    0.0003956227    
0.2861754000    0.0166772670    0.0004002672    
0.2864169900    0.0166261870    0.0003995018    
0.2866585800    0.0169439990    0.0004051548    
0.2869001700    0.0165191700    0.0003991256    
0.2871417500    0.0176552040    0.0004121494    
0.2873833400    0.0162617480    0.0003972192    
0.2876249300    0.0168731160    0.0004050844    
0.2878665200    0.0164633710    0.0004026249    
0.2881081100    0.0161877720    0.0003922652    
0.2883497000    0.0166130560    0.0003996480    
0.2885912900    0.0165523790    0.0003987657    
0.2888328700    0.0158054770    0.0003898133    
0.2890744600    0.0167671720    0.0004005832    
0.2893160500    0.0166135530    0.0003991982    
0.2895576400    0.0167049360    0.0004024410    
0.2897992300    0.0160546960    0.0003906495    
0.2900408200    0.0169582890    0.0004024024    
0.2902824000    0.0169473170    0.0004053501    
0.2905239900    0.0163150210    0.0003960470    
0.2907655800    0.0162434060    0.0003923482    
0.2910071700    0.0164708520    0.0003950856    
0.2912487600    0.0167105720    0.0003985491    
0.2914903500    0.0158759580    0.0003874491    
0.2917319400    0.0160326300    0.0003880503    
0.2919735200    0.0170923830    0.0004018679    
0.2922151100    0.0167650810    0.0003972590    
0.2924567000    0.0164593320    0.0003943557    
0.2926982900    0.0171808320    0.0004030572    
0.2929398800    0.0165888940    0.0003981462    
0.2931814700    0.0169402260    0.0003982905    
0.2934230600    0.0167304910    0.0003969970    
0.2936646400    0.0158742470    0.0003839919    
0.2939062300    0.0162758300    0.0003924451    
0.2941478200    0.0156972820    0.0003829745    
0.2943894100    0.0162271720    0.0003912719    
0.2946310000    0.0161802600    0.0003896879    
0.2948725900    0.0169032510    0.0003991904    
0.2951141800    0.0171033500    0.0004007986    
0.2953557600    0.0162217080    0.0003929722    
0.2955973500    0.0167187680    0.0003953853    
0.2958389400    0.0162099050    0.0003886027    
0.2960805300    0.0167003570    0.0003947292    
0.2963221200    0.0169456180    0.0003968845    
0.2965637100    0.0166266250    0.0003929864    
0.2968053000    0.0157119920    0.0003811839    
0.2970468800    0.0161674100    0.0003878069    
0.2972884700    0.0159524340    0.0003840895    
0.2975300600    0.0164703100    0.0003902742    
0.2977716500    0.0165266500    0.0003923811    
0.2980132400    0.0166375860    0.0003945704    
0.2982548300    0.0165391960    0.0003903752    
0.2984964100    0.0164910470    0.0003892387    
0.2987380000    0.0171631640    0.0003979614    
0.2989795900    0.0162246180    0.0003860816    
0.2992211800    0.0165926270    0.0003900101    
0.2994627700    0.0159242650    0.0003831892    
0.2997043600    0.0172665780    0.0004000367    
0.2999459500    0.0171149890    0.0003981307    
0.3001875300    0.0163077000    0.0003880586    
0.3004291200    0.0167335580    0.0003971816    
0.3006707100    0.0169226460    0.0003938696    
0.3009123000    0.0164823850    0.0003905603    
0.3011538900    0.0167579550    0.0003910972    
0.3013954800    0.0169047940    0.0003949546    
0.3016370700    0.0160324240    0.0003843480    
0.3018786500    0.0156730770    0.0003800162    
0.3021202400    0.0163429860    0.0003879111    
0.3023618300    0.0167287990    0.0003941921    
0.3026034200    0.0163685850    0.0003890671    
0.3028450100    0.0163740810    0.0003894178    
0.3030866000    0.0155934030    0.0003804401    
0.3033281900    0.0161918620    0.0003854113    
0.3035697700    0.0161824470    0.0003862830    
0.3038113600    0.0164923850    0.0003902498    
0.3040529500    0.0167484690    0.0003918374    
0.3042945400    0.0168279210    0.0003926231    
0.3045361300    0.0162961180    0.0003887749    
0.3047777200    0.0156686310    0.0003796853    
0.3050193100    0.0165391960    0.0003903752    
0.3052608900    0.0169668070    0.0003964034    
0.3055024800    0.0160141210    0.0003900087    
0.3057440700    0.0159273590    0.0003812818    
0.3059856600    0.0161709360    0.0003850223    
0.3062272500    0.0164654840    0.0003895043    
0.3064688400    0.0159943650    0.0003848760    
0.3067104200    0.0154577610    0.0003753476    
0.3069520100    0.0156340230    0.0003794040    
0.3071936000    0.0161743810    0.0003867522    
0.3074351900    0.0162470800    0.0003880470    
0.3076767800    0.0163084440    0.0003866558    
0.3079183700    0.0164691520    0.0003925680    
0.3081599600    0.0160293510    0.0003872909    
0.3084015400    0.0157515970    0.0003795841    
0.3086431300    0.0159023480    0.0003811201    
0.3088847200    0.0157212400    0.0003812961    
0.3091263100    0.0161194610    0.0003851088    
0.3093679000    0.0162219590    0.0003868957    
0.3096094900    0.0164960600    0.0003881694    
0.3098510800    0.0166880230    0.0003944377    
0.3100926600    0.0159290950    0.0003835275    
0.3103342500    0.0164462130    0.0003897032    
0.3105758400    0.0167716660    0.0003963040    
0.3108174300    0.0159833050    0.0003830604    
0.3110590200    0.0164973210    0.0003910240    
0.3113006100    0.0160368880    0.0003825905    
0.3115422000    0.0163675660    0.0003894832    
0.3117837800    0.0162390690    0.0003865349    
0.3120253700    0.0163713310    0.0003892423    
0.3122669600    0.0160168670    0.0003827670    
0.3125085500    0.0156119660    0.0003806664    
0.3127501400    0.0162391160    0.0003875254    
0.3129917300    0.0168496340    0.0003964894    
0.3132333100    0.0172362790    0.0003999793    
0.3134749000    0.0156124560    0.0003801138    
0.3137164900    0.0165094220    0.0003894555    
0.3139580800    0.0163138040    0.0003870005    
0.3141996700    0.0164478950    0.0003888706    
0.3144412600    0.0164194140    0.0003889590    
0.3146828500    0.0161029480    0.0003860386    
0.3149244300    0.0153406680    0.0003752805    
0.3151660200    0.0157025200    0.0003816286    
0.3154076100    0.0167658100    0.0003950642    
0.3156492000    0.0161239480    0.0003890091    
0.3158907900    0.0164276180    0.0003880660    
0.3161323800    0.0168065110    0.0003926583    
0.3163739700    0.0159374020    0.0003825099    
0.3166155500    0.0167598660    0.0003942679    
0.3168571400    0.0158227090    0.0003814085    
0.3170987300    0.0169633320    0.0003957825    
0.3173403200    0.0164277450    0.0003894843    
0.3175819100    0.0163424930    0.0003893277    
0.3178235000    0.0157813470    0.0003817447    
0.3180650900    0.0154853660    0.0003799589    
0.3183066700    0.0160178690    0.0003854416    
0.3185482600    0.0163916360    0.0003900560    
0.3187898500    0.0160559440    0.0003833726    
0.3190314400    0.0153176630    0.0003759572    
0.3192730300    0.0161404250    0.0003854997    
0.3195146200    0.0156335990    0.0003799535    
0.3197562100    0.0160525570    0.0003841688    
0.3199977900    0.0155298960    0.0003785528    
0.3202393800    0.0168712550    0.0003960127    
0.3204809700    0.0165575020    0.0003928921    
0.3207225600    0.0154976440    0.0003796891    
0.3209641500    0.0150121630    0.0003735571    
0.3212057400    0.0155631390    0.0003781294    
0.3214473200    0.0156870320    0.0003799081    
0.3216889100    0.0163099860    0.0003872370    
0.3219305000    0.0163490300    0.0003892626    
0.3221720900    0.0157097310    0.0003810169    
0.3224136800    0.0164092830    0.0003878494    
0.3226552700    0.0154533830    0.0003805513    
0.3228968600    0.0164120480    0.0003894407    
0.3231384400    0.0164384610    0.0003935169    
0.3233800300    0.0163348650    0.0003873911    
0.3236216200    0.0160826580    0.0003846689    
0.3238632100    0.0168063500    0.0003939469    
0.3241048000    0.0164916400    0.0003906699    
0.3243463900    0.0160449120    0.0003852012    
0.3245879800    0.0159106270    0.0003833051    
0.3248295600    0.0156568630    0.0003799583    
0.3250711500    0.0166250440    0.0003915299    
0.3253127400    0.0160085940    0.0003853300    
0.3255543300    0.0166109820    0.0003929461    
0.3257959200    0.0156591980    0.0003836472    
0.3260375100    0.0163073030    0.0003870642    
0.3262791000    0.0162232580    0.0003874780    
0.3265206800    0.0165576240    0.0003905926    
0.3267622700    0.0162841530    0.0003884895    
0.3270038600    0.0161836290    0.0003868627    
0.3272454500    0.0161271220    0.0003856222    
0.3274870400    0.0164554480    0.0003898126    
0.3277286300    0.0152743880    0.0003769444    
0.3279702200    0.0166422450    0.0003930264    
0.3282118000    0.0161746920    0.0003903470    
0.3284533900    0.0163142340    0.0003879945    
0.3286949800    0.0165111070    0.0004041551    
0.3289365700    0.0157739570    0.0004004007    
0.3291781600    0.0163657450    0.0004113347    
0.3294197500    0.0165382310    0.0004183209    
0.3296613300    0.0161218850    0.0004172400    
0.3299029200    0.0160551040    0.0004169102    
0.3301445100    0.0164558800    0.0004281844    
0.3303861000    0.0164056840    0.0004303894    
0.3306276900    0.0162921080    0.0004321955    
0.3308692800    0.0165134810    0.0004353196    
0.3311108700    0.0160882020    0.0004332369    
0.3313524500    0.0161190780    0.0004385434    
0.3315940400    0.0159664240    0.0004358443    
0.3318356300    0.0164077580    0.0004475583    
0.3320772200    0.0161337610    0.0004442355    
0.3323188100    0.0166606710    0.0004556452    
0.3325604000    0.0167978420    0.0004568411    
0.3328019900    0.0159978830    0.0004505106    
0.3330435700    0.0163878360    0.0004512313    
0.3332851600    0.0170044480    0.0004536536    
0.3335267500    0.0162931710    0.0004302601    
0.3337683400    0.0158159650    0.0004239124    
0.3340099300    0.0165357600    0.0004305545    
0.3342515200    0.0162628560    0.0004228757    
0.3344931100    0.0157790380    0.0004122510    
0.3347346900    0.0159959320    0.0004164986    
0.3349762800    0.0161976660    0.0004169729    
0.3352178700    0.0157763750    0.0004099489    
0.3354594600    0.0169680690    0.0004230137    
0.3357010500    0.0163540260    0.0004163338    
0.3359426400    0.0158137180    0.0004107805    
0.3361842300    0.0159996880    0.0004052178    
0.3364258100    0.0162547110    0.0004077719    
0.3366674000    0.0166019580    0.0004126063    
0.3369089900    0.0163389400    0.0004078367    
0.3371505800    0.0161212340    0.0004042963    
0.3373921700    0.0167087150    0.0004125923    
0.3376337600    0.0169767700    0.0004155535    
0.3378753400    0.0164916400    0.0004097381    
0.3381169300    0.0171704170    0.0004160768    
0.3383585200    0.0163226100    0.0004101210    
0.3386001100    0.0166342570    0.0004079034    
0.3388417000    0.0172373090    0.0004167201    
0.3390832900    0.0156259400    0.0003928646    
0.3393248800    0.0161224420    0.0004020572    
0.3395664600    0.0160187200    0.0003999684    
0.3398080500    0.0170069890    0.0004116334    
0.3400496400    0.0163429290    0.0004020915    
0.3402912300    0.0169821900    0.0004092391    
0.3405328200    0.0165948080    0.0004069360    
0.3407744100    0.0161485470    0.0004015859    
0.3410160000    0.0158966620    0.0003989153    
0.3412575800    0.0155905220    0.0003907411    
0.3414991700    0.0166028240    0.0004029147    
0.3417407600    0.0159953240    0.0003965512    
0.3419823500    0.0164014810    0.0003986159    
0.3422239400    0.0160819180    0.0003963902    
0.3424655300    0.0157839460    0.0003936158    
0.3427071200    0.0161351030    0.0003967382    
0.3429487000    0.0159281510    0.0003946434    
0.3431902900    0.0164003380    0.0004021672    
0.3434318800    0.0164202180    0.0004055921    
0.3436734700    0.0165734230    0.0004000862    
0.3439150600    0.0164111610    0.0003972122    
0.3441566500    0.0163605630    0.0003990381    
0.3443982300    0.0166238240    0.0004017714    
0.3446398200    0.0162450450    0.0003961028    
0.3448814100    0.0160315030    0.0003945488    
0.3451230000    0.0162437720    0.0003976113    
0.3453645900    0.0162048410    0.0003971345    
0.3456061800    0.0160518820    0.0003937408    
0.3458477700    0.0165471960    0.0004023950    
0.3460893500    0.0158839880    0.0003937910    
0.3463309400    0.0157958630    0.0003896948    
0.3465725300    0.0157501740    0.0003892790    
0.3468141200    0.0155705900    0.0003885369    
0.3470557100    0.0161141470    0.0003942022    
0.3472973000    0.0165758620    0.0004007293    
0.3475388900    0.0163173680    0.0003951736    
0.3477804700    0.0154069140    0.0003858971    
0.3480220600    0.0165601310    0.0004002321    
0.3482636500    0.0159913560    0.0003928475    
0.3485052400    0.0159684360    0.0003963721    
0.3487468300    0.0156370150    0.0003880260    
0.3489884200    0.0164910190    0.0003983291    
0.3492300100    0.0167195740    0.0003995601    
0.3494715900    0.0167954790    0.0004032206    
0.3497131800    0.0162707910    0.0003941612    
0.3499547700    0.0158587180    0.0003913646    
0.3501963600    0.0165853360    0.0003984052    
0.3504379500    0.0166642040    0.0004004153    
0.3506795400    0.0163166590    0.0003966715    
0.3509211300    0.0165341090    0.0004000708    
0.3511627100    0.0167114910    0.0004023654    
0.3514043000    0.0160893670    0.0003919575    
0.3516458900    0.0158653670    0.0003901058    
0.3518874800    0.0159174930    0.0003898584    
0.3521290700    0.0167800100    0.0004004331    
0.3523706600    0.0161942130    0.0003942778    
0.3526122400    0.0157862270    0.0003889838    
0.3528538300    0.0165265300    0.0003986059    
0.3530954200    0.0158923480    0.0003914799    
0.3533370100    0.0162065370    0.0003945778    
0.3535786000    0.0168179970    0.0004045781    
0.3538201900    0.0157004410    0.0003867526    
0.3540617800    0.0155599850    0.0003870691    
0.3543033600    0.0168087780    0.0003998691    
0.3545449500    0.0167353440    0.0004000512    
0.3547865400    0.0155414020    0.0003843539    
0.3550281300    0.0166803540    0.0004004567    
0.3552697200    0.0159345560    0.0003905106    
0.3555113100    0.0168469730    0.0004021456    
0.3557529000    0.0165938280    0.0003994167    
0.3559944800    0.0164985340    0.0003958635    
0.3562360700    0.0158764400    0.0003932415    
0.3564776600    0.0157338530    0.0003868720    
0.3567192500    0.0157027650    0.0003869273    
0.3569608400    0.0160020800    0.0003897155    
0.3572024300    0.0163432580    0.0003953371    
0.3574440200    0.0167802400    0.0003995295    
0.3576856000    0.0160519990    0.0003920957    
0.3579271900    0.0163673290    0.0003948810    
0.3581687800    0.0153686630    0.0003840966    
0.3584103700    0.0162748150    0.0003939121    
0.3586519600    0.0159196200    0.0003928675    
0.3588935500    0.0158746690    0.0003896284    
0.3591351400    0.0156305860    0.0003869147    
0.3593767200    0.0166095140    0.0003970433    
0.3596183100    0.0164366950    0.0003943797    
0.3598599000    0.0155597530    0.0003851613    
0.3601014900    0.0164331160    0.0003961225    
0.3603430800    0.0162966580    0.0003943253    
0.3605846700    0.0169642510    0.0004018656    
0.3608262500    0.0162312350    0.0003941292    
0.3610678400    0.0162843490    0.0003940274    
0.3613094300    0.0158562450    0.0003911844    
0.3615510200    0.0166185260    0.0003975997    
0.3617926100    0.0167234080    0.0003984023    
0.3620342000    0.0160745970    0.0003914816    
0.3622757900    0.0166090130    0.0003974859    
0.3625173700    0.0158052370    0.0003880412    
0.3627589600    0.0167673170    0.0004001302    
0.3630005500    0.0156649730    0.0003858789    
0.3632421400    0.0162990700    0.0003934633    
0.3634837300    0.0163297480    0.0003954734    
0.3637253200    0.0164437980    0.0003973045    
0.3639669100    0.0165169160    0.0003984900    
0.3642084900    0.0160064840    0.0003894764    
0.3644500800    0.0160408320    0.0003907752    
0.3646916700    0.0155810550    0.0003855705    
0.3649332600    0.0160479190    0.0003891048    
0.3651748500    0.0158312400    0.0003876296    
0.3654164400    0.0161833840    0.0003935478    
0.3656580300    0.0162012440    0.0003931692    
0.3658996100    0.0168689670    0.0004002829    
0.3661412000    0.0155978890    0.0003856330    
0.3663827900    0.0155115970    0.0003883973    
0.3666243800    0.0164364980    0.0003929075    
0.3668659700    0.0159451330    0.0003890214    
0.3671075600    0.0156721830    0.0003858225    
0.3673491500    0.0171747850    0.0004031373    
0.3675907300    0.0160320760    0.0003912591    
0.3678323200    0.0159585600    0.0003883103    
0.3680739100    0.0154825840    0.0003847867    
0.3683155000    0.0164444190    0.0003953625    
0.3685570900    0.0160616130    0.0003905866    
0.3687986800    0.0166930680    0.0004007619    
0.3690402600    0.0158510890    0.0003902268    
0.3692818500    0.0160599220    0.0003893958    
0.3695234400    0.0157956600    0.0003873394    
0.3697650300    0.0166796850    0.0003971354    
0.3700066200    0.0163073860    0.0003940086    
0.3702482100    0.0158333270    0.0003866390    
0.3704898000    0.0158146570    0.0003875722    
0.3707313800    0.0158959200    0.0003894468    
0.3709729700    0.0152332970    0.0003802388    
0.3712145600    0.0156950430    0.0003881536    
0.3714561500    0.0160169860    0.0003924129    
0.3716977400    0.0162434060    0.0003923482    
0.3719393300    0.0161123480    0.0003903229    
0.3721809200    0.0162149760    0.0003920047    
0.3724225000    0.0158738070    0.0003878588    
0.3726640900    0.0161038660    0.0003908061    
0.3729056800    0.0163504510    0.0003937867    
0.3731472700    0.0156751050    0.0003848462    
0.3733888600    0.0151497840    0.0003800533    
0.3736304500    0.0167576020    0.0004004689    
0.3738720400    0.0155769900    0.0003871329    
0.3741136200    0.0167229200    0.0003992982    
0.3743552100    0.0157481690    0.0003867567    
0.3745968000    0.0158497960    0.0003866954    
0.3748383900    0.0159565970    0.0003887231    
0.3750799800    0.0160728220    0.0003902826    
0.3753215700    0.0167010660    0.0003984358    
0.3755631500    0.0158783970    0.0003876240    
0.3758047400    0.0157386710    0.0003866400    
0.3760463300    0.0161958430    0.0003928069    
0.3762879200    0.0167131190    0.0003996342    
0.3765295100    0.0162628810    0.0003957151    
0.3767711000    0.0167047100    0.0003977312    
0.3770126900    0.0159799700    0.0003887162    
0.3772542700    0.0160960380    0.0003902715    
0.3774958600    0.0154441170    0.0003817146    
0.3777374500    0.0157861410    0.0003866412    
0.3779790400    0.0160313130    0.0003906592    
0.3782206300    0.0156269510    0.0003854103    
0.3784622200    0.0158334900    0.0003872206    
0.3787038100    0.0163920710    0.0003954779    
0.3789453900    0.0169872890    0.0004032041    
0.3791869800    0.0159516960    0.0003911657    
0.3794285700    0.0161879930    0.0003912381    
0.3796701600    0.0168626590    0.0004003587    
0.3799117500    0.0159183000    0.0003876751    
0.3801533400    0.0163018380    0.0003936448    
0.3803949300    0.0166525210    0.0003954810    
0.3806365100    0.0166354120    0.0003967566    
0.3808781000    0.0151667880    0.0003786966    
0.3811196900    0.0158101420    0.0003889831    
0.3813612800    0.0157529570    0.0003865247    
0.3816028700    0.0165506700    0.0003976872    
0.3818444600    0.0159526430    0.0003895526    
0.3820860500    0.0165333300    0.0003942098    
0.3823276300    0.0165521290    0.0003944338    
0.3825692200    0.0161483850    0.0003885822    
0.3828108100    0.0158303140    0.0003841676    
0.3830524000    0.0161855570    0.0003900417    
0.3832939900    0.0159406940    0.0003865050    
0.3835355800    0.0165310900    0.0003935974    
0.3837771600    0.0160379410    0.0003868215    
0.3840187500    0.0162850030    0.0003915298    
0.3842603400    0.0159491120    0.0003881953    
0.3845019300    0.0156428330    0.0003800657    
0.3847435200    0.0157373320    0.0003819111    
0.3849851100    0.0157930230    0.0003837148    
0.3852267000    0.0168244460    0.0004059095    
0.3854682800    0.0158706590    0.0004019499    
0.3857098700    0.0162164770    0.0004109720    
0.3859514600    0.0159440130    0.0004119474    
0.3861930500    0.0161344710    0.0004168682    
0.3864346400    0.0160319430    0.0004198628    
0.3866762300    0.0155114080    0.0004158988    
0.3869178200    0.0158692040    0.0004229157    
0.3871594000    0.0160848110    0.0004308088    
0.3874009900    0.0161967190    0.0004334952    
0.3876425800    0.0160851990    0.0004352122    
0.3878841700    0.0163757620    0.0004409805    
0.3881257600    0.0160254920    0.0004389310    
0.3883673500    0.0158308730    0.0004394075    
0.3886089400    0.0151898310    0.0004329362    
0.3888505200    0.0168434230    0.0004579114    
0.3890921100    0.0143348550    0.0004247481    
0.3893337000    0.0164449430    0.0004600096    
0.3895752900    0.0162650460    0.0004591276    
0.3898168800    0.0162980460    0.0004409712    
0.3900584700    0.0157043110    0.0004249067    
0.3903000600    0.0160275050    0.0004278949    
0.3905416400    0.0163194740    0.0004275396    
0.3907832300    0.0160578200    0.0004231607    
0.3910248200    0.0161887400    0.0004233888    
0.3912664100    0.0153564350    0.0004105646    
0.3915080000    0.0153087930    0.0004079807    
0.3917495900    0.0161546640    0.0004209171    
0.3919911700    0.0157707840    0.0004166105    
0.3922327600    0.0156540820    0.0004080127    
0.3924743500    0.0158594070    0.0004122456    
0.3927159400    0.0155379140    0.0004058128    
0.3929575300    0.0161362490    0.0004163587    
0.3931991200    0.0154224800    0.0004051539    
0.3934407100    0.0161343980    0.0004137025    
0.3936822900    0.0160940850    0.0004145813    
0.3939238800    0.0158138350    0.0004114783    
0.3941654700    0.0163063450    0.0004178368    
0.3944070600    0.0160424700    0.0004153238    
0.3946486500    0.0161356880    0.0004175972    
0.3948902400    0.0160852980    0.0004139431    
0.3951318300    0.0161539070    0.0004144753    
0.3953734100    0.0155362840    0.0004071613    
0.3956150000    0.0160659300    0.0004150974    
0.3958565900    0.0149474400    0.0003992021    
0.3960981800    0.0156420630    0.0004099334    
0.3963397700    0.0163702460    0.0004204415    
0.3965813600    0.0162622630    0.0004190526    
0.3968229500    0.0162547200    0.0004203963    
0.3970645300    0.0162407970    0.0004213063    
0.3973061200    0.0149183640    0.0004018802    
0.3975477100    0.0157763480    0.0004120401    
0.3977893000    0.0158874850    0.0004150843    
0.3980308900    0.0165930040    0.0004236550    
0.3982724800    0.0155621440    0.0004108123    
0.3985140700    0.0160205400    0.0004169980    
0.3987556500    0.0161302890    0.0004191453    
0.3989972400    0.0161103710    0.0004183454    
0.3992388300    0.0159549720    0.0004188537    
0.3994804200    0.0157982640    0.0004166102    
0.3997220100    0.0161012860    0.0004229864    
0.3999636000    0.0159422700    0.0004165157    
0.4002051800    0.0156334700    0.0004144317    
0.4004467700    0.0159937750    0.0004170082    
0.4006883600    0.0161731700    0.0004222601    
0.4009299500    0.0162093760    0.0004229172    
0.4011715400    0.0156213860    0.0004157213    
0.4014131300    0.0156931470    0.0004170407    
0.4016547200    0.0163293390    0.0004282392    
0.4018963000    0.0160993540    0.0004235206    
0.4021378900    0.0160793220    0.0004268512    
0.4023794800    0.0151968990    0.0004114791    
0.4026210700    0.0155388620    0.0004166349    
0.4028626600    0.0158650810    0.0004196876    
0.4031042500    0.0157118930    0.0004193194    
0.4033458400    0.0163050060    0.0004271606    
0.4035874200    0.0162818090    0.0004301100    
0.4038290100    0.0156663310    0.0004202037    
0.4040706000    0.0163332840    0.0004298233    
0.4043121900    0.0165993200    0.0004348711    
0.4045537800    0.0158878590    0.0004266062    
0.4047953700    0.0161122960    0.0004321654    
0.4050369600    0.0154107660    0.0004178831    
0.4052785400    0.0151341810    0.0004156111    
0.4055201300    0.0156222460    0.0004220687    
0.4057617200    0.0157530530    0.0004265378    
0.4060033100    0.0160327570    0.0004275782    
0.4062449000    0.0161934370    0.0004332523    
0.4064864900    0.0157761510    0.0004268504    
0.4067280800    0.0161018910    0.0004328215    
0.4069696600    0.0159784760    0.0004329590    
0.4072112500    0.0157317600    0.0004312095    
0.4074528400    0.0156276310    0.0004307896    
0.4076944300    0.0160168250    0.0004336798    
0.4079360200    0.0160298700    0.0004324507    
0.4081776100    0.0162466740    0.0004371874    
0.4084191900    0.0156225760    0.0004295095    
0.4086607800    0.0159284780    0.0004320804    
0.4089023700    0.0158654580    0.0004348741    
0.4091439600    0.0157790380    0.0004343037    
0.4093855500    0.0172233230    0.0004548230    
0.4096271400    0.0161746470    0.0004420226    
0.4098687300    0.0162956700    0.0004504042    
0.4101103100    0.0159126330    0.0004347000    
0.4103519000    0.0164682380    0.0004462298    
0.4105934900    0.0160078950    0.0004391084    
0.4108350800    0.0151795260    0.0004298580    
0.4110766700    0.0149824860    0.0004268532    
0.4113182600    0.0157729110    0.0004396657    
0.4115598500    0.0158438200    0.0004421579    
0.4118014300    0.0159686980    0.0004456429    
0.4120430200    0.0160165720    0.0004445619    
0.4122846100    0.0166928100    0.0004578961    
0.4125262000    0.0157117570    0.0004487242    
0.4127677900    0.0160726740    0.0004457758    
0.4130093800    0.0157665650    0.0004434693    
0.4132509700    0.0158885060    0.0004458422    
0.4134925500    0.0163314630    0.0004554122    
0.4137341400    0.0161451120    0.0004514460    
0.4139757300    0.0164217100    0.0004582852    
0.4142173200    0.0162063540    0.0004529814    
0.4144589100    0.0159696140    0.0004542398    
0.4147005000    0.0155828060    0.0004477892    
0.4149420800    0.0148077690    0.0004401153    
0.4151836700    0.0159021600    0.0004539770    
0.4154252600    0.0157182880    0.0004483625    
0.4156668500    0.0167553860    0.0004594398    
0.4159084400    0.0169065620    0.0004615078    
0.4161500300    0.0161547300    0.0004497849    
0.4163916200    0.0155469010    0.0004416805    
0.4166332000    0.0159745310    0.0004452858    
0.4168747900    0.0160042330    0.0004443906    
0.4171163800    0.0155401520    0.0004420242    
0.4173579700    0.0156364380    0.0004403320    
0.4175995600    0.0161659210    0.0004547020    
0.4178411500    0.0157171600    0.0004410341    
0.4180827400    0.0153148570    0.0004368547    
0.4183243200    0.0155439980    0.0004414199    
0.4185659100    0.0161542040    0.0004513475    
0.4188075000    0.0156845530    0.0004445161    
0.4190490900    0.0153829650    0.0004433297    
0.4192906800    0.0159511730    0.0004509870    
0.4195322700    0.0169778560    0.0004690803    
0.4197738600    0.0161613640    0.0004576619    
0.4200154400    0.0166769250    0.0004692608    
0.4202570300    0.0153121240    0.0004503566    
0.4204986200    0.0158901120    0.0004556802    
0.4207402100    0.0158949390    0.0004588474    
0.4209818000    0.0160516000    0.0004591798    
0.4212233900    0.0162108860    0.0004641163    
0.4214649800    0.0158959200    0.0004607997    
0.4217065600    0.0152284510    0.0004522194    
0.4219481500    0.0160020400    0.0004650498    
0.4221897400    0.0160857580    0.0004682745    
0.4224313300    0.0167756090    0.0004818668    
0.4226729200    0.0158068430    0.0004687755    
0.4229145100    0.0158384500    0.0004705413    
0.4231560900    0.0153143370    0.0004609074    
0.4233976800    0.0158381880    0.0004694987    
0.4236392700    0.0163400710    0.0004787304    
0.4238808600    0.0168027340    0.0004870869    
0.4241224500    0.0162843920    0.0004797835    
0.4243640400    0.0162278160    0.0004827484    
0.4246056300    0.0166049580    0.0004894407    
0.4248472100    0.0160487030    0.0004836668    
0.4250888000    0.0149570610    0.0004685535    
0.4253303900    0.0156655200    0.0004869391    
0.4255719800    0.0168015490    0.0004971830    
0.4258135700    0.0161223020    0.0004878830    
0.4260551600    0.0161096470    0.0004920267    
0.4262967500    0.0154697920    0.0004801598    
0.4265383300    0.0156273170    0.0004869292    
0.4267799200    0.0165450110    0.0005034486    
0.4270215100    0.0156570750    0.0004885684    
0.4272631000    0.0159852750    0.0004988097    
0.4275046900    0.0155749310    0.0004945046    
0.4277462800    0.0158472070    0.0005041668    
0.4279878700    0.0150926400    0.0004951735    
0.4282294500    0.0154971990    0.0004960532    
0.4284710400    0.0158669220    0.0005035215    
0.4287126300    0.0157911610    0.0005052040    
0.4289542200    0.0163531920    0.0005161021    
0.4291958100    0.0155324910    0.0005052720    
0.4294374000    0.0172104520    0.0005367793    
0.4296789900    0.0167810800    0.0005282923    
0.4299205700    0.0162080240    0.0005247542    
0.4301621600    0.0162298680    0.0005304898    
0.4304037500    0.0153856550    0.0005186503    
0.4306453400    0.0145363830    0.0005098132    
0.4308869300    0.0160184440    0.0005281125    
0.4311285200    0.0150914600    0.0005158155    
0.4313701000    0.0166819750    0.0005461433    
0.4316116900    0.0158831750    0.0005363367    
0.4318532800    0.0155376850    0.0005320002    
0.4320948700    0.0157790380    0.0005396317    
0.4323364600    0.0172442350    0.0005691446    
0.4325780500    0.0157790380    0.0005476984    
0.4328196400    0.0150976160    0.0005402352    
0.4330612200    0.0158538210    0.0005622771    
0.4333028100    0.0162355390    0.0005676623    
0.4335444000    0.0155620770    0.0005540246    
0.4337859900    0.0164321360    0.0005724406    
0.4340275800    0.0164932740    0.0005780890    
0.4342691700    0.0160527830    0.0005758904    
0.4345107600    0.0163347120    0.0005852518    
0.4347523400    0.0162026370    0.0005858076    
0.4349939300    0.0168022520    0.0006016171    
0.4352355200    0.0167274440    0.0006091776    
0.4354771100    0.0152427200    0.0005866926    
0.4357187000    0.0142482360    0.0005792732    
0.4359602900    0.0155960930    0.0005972053    
0.4362018800    0.0160870640    0.0006115384    
0.4364434600    0.0160680750    0.0006157300    
0.4366850500    0.0149689270    0.0006016520    
0.4369266400    0.0162655070    0.0006370064    
0.4371682300    0.0160179240    0.0006346533    
0.4374098200    0.0154744740    0.0006333280    
0.4376514100    0.0169549920    0.0006712546    
0.4378930000    0.0160932530    0.0006631109    
0.4381345800    0.0162460410    0.0006780967    
0.4383761700    0.0153303100    0.0006716331    
0.4386177600    0.0147839640    0.0006483197    
0.4388593500    0.0151127310    0.0006653009    
0.4391009400    0.0158925570    0.0006936080    
0.4393425300    0.0165718770    0.0007178077    
0.4395841100    0.0154391820    0.0007069116    
0.4398257000    0.0156772380    0.0007293711    
0.4400672900    0.0163359460    0.0007600170    
0.4403088800    0.0162940810    0.0007812414    
0.4405504700    0.0154283930    0.0007863037    
0.4407920600    0.0158332620    0.0008287508    
0.4410336500    0.0144134340    0.0008133972    
0.4412752300    0.0159986730    0.0008600940    
0.4415168200    0.0162006640    0.0009099200    
0.4417584100    0.0143188890    0.0011614152    
0.4420000000    0.0141467240    0.0017546852    