# Diamond Light Source Ltd.
# Data extracted from: /dls/b21/data/2017/mx13440-2/processed/b21-369037_00046.dat
q(1/A)          Column          Error           
0.0040000000    0.8350259800    0.0212302360    
0.0042415885    0.8537518900    0.0201905390    
0.0044831771    0.6799137400    0.0167739380    
0.0047247656    0.5307299900    0.0143492960    
0.0049663541    0.4265841400    0.0121288570    
0.0052079426    0.3341024700    0.0110450870    
0.0054495312    0.2982640500    0.0096214209    
0.0056911197    0.2734000900    0.0086848400    
0.0059327082    0.2129817000    0.0076653792    
0.0061742967    0.1824206200    0.0067984151    
0.0064158853    0.1512114900    0.0061273989    
0.0066574738    0.1208219900    0.0051754454    
0.0068990623    0.1221158600    0.0052501710    
0.0071406509    0.0936550310    0.0045164466    
0.0073822394    0.0942298860    0.0043792342    
0.0076238279    0.0756523010    0.0038308032    
0.0078654164    0.0770915100    0.0039289471    
0.0081070050    0.0714297160    0.0035849547    
0.0083485935    0.0659323170    0.0033258455    
0.0085901820    0.0590125150    0.0031679578    
0.0088317705    0.0504650980    0.0028524560    
0.0090733591    0.0528422120    0.0029000932    
0.0093149476    0.0506935080    0.0027371921    
0.0095565361    0.0468508510    0.0026314060    
0.0097981247    0.0472942350    0.0026438281    
0.0100397130    0.0424859870    0.0024208638    
0.0102813020    0.0430185060    0.0024919951    
0.0105228900    0.0390177440    0.0022232423    
0.0107644790    0.0385374120    0.0022324123    
0.0110060670    0.0389650640    0.0021884960    
0.0112476560    0.0342013820    0.0020402834    
0.0114892440    0.0325147860    0.0019607154    
0.0117308330    0.0323251630    0.0019457462    
0.0119724210    0.0323466530    0.0019194207    
0.0122140100    0.0309809190    0.0018614630    
0.0124555980    0.0291430680    0.0017510373    
0.0126971870    0.0293032520    0.0018103610    
0.0129387760    0.0265314940    0.0016298167    
0.0131803640    0.0276227890    0.0016904872    
0.0134219530    0.0278128600    0.0016360506    
0.0136635410    0.0267692760    0.0016113211    
0.0139051300    0.0267692760    0.0016113211    
0.0141467180    0.0252927100    0.0015307844    
0.0143883070    0.0256391300    0.0015187310    
0.0146298950    0.0279781380    0.0015864947    
0.0148714840    0.0221822130    0.0014229896    
0.0151130720    0.0259905640    0.0015235938    
0.0153546610    0.0250777680    0.0014406801    
0.0155962490    0.0258429210    0.0014773415    
0.0158378380    0.0225722480    0.0013489499    
0.0160794260    0.0247488580    0.0014124919    
0.0163210150    0.0255234650    0.0014028965    
0.0165626030    0.0203441490    0.0012765054    
0.0168041920    0.0234913580    0.0013214921    
0.0170457800    0.0231741750    0.0013204712    
0.0172873690    0.0217072040    0.0012703180    
0.0175289580    0.0211564740    0.0012466572    
0.0177705460    0.0249713560    0.0013309777    
0.0180121350    0.0242052690    0.0012956783    
0.0182537230    0.0233369910    0.0012582462    
0.0184953120    0.0203088900    0.0011705849    
0.0187369000    0.0221306170    0.0012219589    
0.0189784890    0.0209898640    0.0011589714    
0.0192200770    0.0206031800    0.0011664254    
0.0194616660    0.0188102070    0.0010860078    
0.0197032540    0.0201182400    0.0011317394    
0.0199448430    0.0205638970    0.0011442058    
0.0201864310    0.0201896220    0.0011251237    
0.0204280200    0.0193452930    0.0010797490    
0.0206696080    0.0206717080    0.0011002440    
0.0209111970    0.0216493440    0.0011506496    
0.0211527850    0.0202888980    0.0010798691    
0.0213943740    0.0209606950    0.0011001512    
0.0216359620    0.0199918060    0.0010794561    
0.0218775510    0.0193438920    0.0010568697    
0.0221191400    0.0197076980    0.0010474524    
0.0223607280    0.0214236610    0.0010848292    
0.0226023170    0.0194672400    0.0010652000    
0.0228439050    0.0187020280    0.0009982404    
0.0230854940    0.0194179210    0.0010149910    
0.0233270820    0.0199692360    0.0010271067    
0.0235686710    0.0201739470    0.0010390111    
0.0238102590    0.0196994170    0.0010052817    
0.0240518480    0.0198635790    0.0010032622    
0.0242934360    0.0199783370    0.0010208453    
0.0245350250    0.0178589040    0.0009532378    
0.0247766130    0.0179435670    0.0009496743    
0.0250182020    0.0186221050    0.0009774070    
0.0252597900    0.0173513050    0.0009209117    
0.0255013790    0.0187664620    0.0009502768    
0.0257429670    0.0184530330    0.0009441393    
0.0259845560    0.0187873200    0.0009417233    
0.0262261450    0.0187653520    0.0009465868    
0.0264677330    0.0170352590    0.0008916662    
0.0267093220    0.0178864170    0.0009068773    
0.0269509100    0.0179013990    0.0009123398    
0.0271924990    0.0202483900    0.0009631177    
0.0274340870    0.0193632830    0.0009470891    
0.0276756760    0.0194064290    0.0009326135    
0.0279172640    0.0196045660    0.0009356749    
0.0281588530    0.0199507000    0.0009322350    
0.0284004410    0.0189324730    0.0009162066    
0.0286420300    0.0189420720    0.0008989510    
0.0288836180    0.0193408530    0.0009178762    
0.0291252070    0.0185594040    0.0008807904    
0.0293667950    0.0175518690    0.0008668250    
0.0296083840    0.0192700120    0.0008974939    
0.0298499720    0.0193585720    0.0009025981    
0.0300915610    0.0158423740    0.0008137681    
0.0303331490    0.0177999370    0.0008554104    
0.0305747380    0.0197834830    0.0008901010    
0.0308163270    0.0192228180    0.0008773976    
0.0310579150    0.0203811960    0.0009078506    
0.0312995040    0.0181446150    0.0008496995    
0.0315410920    0.0192724010    0.0008715281    
0.0317826810    0.0181325650    0.0008426918    
0.0320242690    0.0182185300    0.0008368048    
0.0322658580    0.0194523900    0.0008769815    
0.0325074460    0.0187558020    0.0008464375    
0.0327490350    0.0169706030    0.0008026820    
0.0329906230    0.0182132360    0.0008227902    
0.0332322120    0.0189230680    0.0008437379    
0.0334738000    0.0199587950    0.0008549408    
0.0337153890    0.0186951330    0.0008262160    
0.0339569770    0.0174319020    0.0007989899    
0.0341985660    0.0178507750    0.0008097276    
0.0344401540    0.0193197630    0.0008313902    
0.0346817430    0.0170020000    0.0007867587    
0.0349233310    0.0184777480    0.0008166088    
0.0351649200    0.0177701130    0.0007861035    
0.0354065090    0.0181121510    0.0007981167    
0.0356480970    0.0191864110    0.0008100509    
0.0358896860    0.0187445040    0.0008096392    
0.0361312740    0.0176187220    0.0007741222    
0.0363728630    0.0188081570    0.0007976435    
0.0366144510    0.0193958770    0.0008167137    
0.0368560400    0.0180881380    0.0007769520    
0.0370976280    0.0187760070    0.0008013404    
0.0373392170    0.0171457580    0.0007584837    
0.0375808050    0.0189505370    0.0007889212    
0.0378223940    0.0188848510    0.0007875527    
0.0380639820    0.0171157840    0.0007527513    
0.0383055710    0.0192905910    0.0007836267    
0.0385471590    0.0176116030    0.0007516449    
0.0387887480    0.0182341440    0.0007677960    
0.0390303360    0.0178165690    0.0007502129    
0.0392719250    0.0173617260    0.0007396344    
0.0395135140    0.0187166330    0.0007679528    
0.0397551020    0.0173609770    0.0007541127    
0.0399966910    0.0187283430    0.0007539747    
0.0402382790    0.0174976930    0.0007341869    
0.0404798680    0.0179998500    0.0007391653    
0.0407214560    0.0184827870    0.0007564501    
0.0409630450    0.0185021560    0.0007448687    
0.0412046330    0.0178480810    0.0007360424    
0.0414462220    0.0181446150    0.0007358613    
0.0416878100    0.0176247580    0.0007243731    
0.0419293990    0.0197804180    0.0007664756    
0.0421709870    0.0185188950    0.0007389843    
0.0424125760    0.0176247580    0.0007243731    
0.0426541640    0.0176693460    0.0007142410    
0.0428957530    0.0177684110    0.0007170747    
0.0431373410    0.0185066190    0.0007309675    
0.0433789300    0.0168851810    0.0006933913    
0.0436205180    0.0185654170    0.0007254108    
0.0438621070    0.0187929500    0.0007315146    
0.0441036960    0.0183386630    0.0007209672    
0.0443452840    0.0182454780    0.0007134546    
0.0445868730    0.0184512600    0.0007248339    
0.0448284610    0.0184415770    0.0007156720    
0.0450700500    0.0182360010    0.0007359451    
0.0453116380    0.0174880660    0.0007224254    
0.0455532270    0.0186379000    0.0007673102    
0.0457948150    0.0181179530    0.0007555709    
0.0460364040    0.0198255740    0.0007923893    
0.0462779920    0.0182300610    0.0007717400    
0.0465195810    0.0180013680    0.0007668841    
0.0467611690    0.0183092670    0.0007764859    
0.0470027580    0.0196594100    0.0008046061    
0.0472443460    0.0171817210    0.0007676227    
0.0474859350    0.0189065400    0.0007954041    
0.0477275230    0.0172105660    0.0007651030    
0.0479691120    0.0164734000    0.0007495657    
0.0482107000    0.0178744390    0.0007884077    
0.0484522890    0.0185361300    0.0007984077    
0.0486938780    0.0174713010    0.0007805601    
0.0489354660    0.0182012660    0.0007989469    
0.0491770550    0.0185144630    0.0008150538    
0.0494186430    0.0176565140    0.0007803151    
0.0496602320    0.0179215360    0.0007641768    
0.0499018200    0.0187171160    0.0007699193    
0.0501434090    0.0184535100    0.0007521089    
0.0503849970    0.0175249190    0.0007258080    
0.0506265860    0.0182221070    0.0007347863    
0.0508681740    0.0178736990    0.0007242788    
0.0511097630    0.0164851420    0.0006923109    
0.0513513510    0.0172629290    0.0006955433    
0.0515929400    0.0182893090    0.0007275096    
0.0518345280    0.0170387360    0.0006910120    
0.0520761170    0.0180343400    0.0007190762    
0.0523177050    0.0184601740    0.0007058424    
0.0525592940    0.0172629290    0.0006955433    
0.0528008830    0.0176252040    0.0006845062    
0.0530424710    0.0182207660    0.0006982213    
0.0532840600    0.0186882820    0.0007033427    
0.0535256480    0.0162529810    0.0006559169    
0.0537672370    0.0171776230    0.0006686381    
0.0540088250    0.0182692650    0.0006910071    
0.0542504140    0.0182926270    0.0006943786    
0.0544920020    0.0179352770    0.0006817969    
0.0547335910    0.0166296160    0.0006517661    
0.0549751790    0.0183180710    0.0006812564    
0.0552167680    0.0187109630    0.0006892272    
0.0554583560    0.0191186940    0.0006889899    
0.0556999450    0.0188565780    0.0006822071    
0.0559415330    0.0167949360    0.0006483613    
0.0561831220    0.0186711750    0.0006768296    
0.0564247100    0.0180001490    0.0006625946    
0.0566662990    0.0181502000    0.0006627516    
0.0569078870    0.0184123130    0.0006741227    
0.0571494760    0.0180291980    0.0006605387    
0.0573910650    0.0180940680    0.0006516419    
0.0576326530    0.0182051030    0.0006586375    
0.0578742420    0.0181117480    0.0006556893    
0.0581158300    0.0176554790    0.0006412759    
0.0583574190    0.0190514000    0.0006648984    
0.0585990070    0.0183991560    0.0006571127    
0.0588405960    0.0198963100    0.0006820367    
0.0590821840    0.0184270490    0.0006502764    
0.0593237730    0.0185990290    0.0006551229    
0.0595653610    0.0185058620    0.0006559229    
0.0598069500    0.0185776080    0.0006429046    
0.0600485380    0.0187345570    0.0006491139    
0.0602901270    0.0185657770    0.0006467695    
0.0605317150    0.0189230010    0.0006494357    
0.0607733040    0.0180035770    0.0006306378    
0.0610148920    0.0184658040    0.0006421189    
0.0612564810    0.0181020580    0.0006329236    
0.0614980690    0.0185135840    0.0006338931    
0.0617396580    0.0170447300    0.0006219710    
0.0619812470    0.0191658160    0.0006589343    
0.0622228350    0.0190135610    0.0006521597    
0.0624644240    0.0176628850    0.0006240873    
0.0627060120    0.0184428310    0.0006428767    
0.0629476010    0.0186788450    0.0006511036    
0.0631891890    0.0164035870    0.0006062940    
0.0634307780    0.0184555390    0.0006402155    
0.0636723660    0.0185334280    0.0006409920    
0.0639139550    0.0174513200    0.0006208901    
0.0641555430    0.0186869900    0.0006357443    
0.0643971320    0.0193167130    0.0006526512    
0.0646387200    0.0183670080    0.0006248583    
0.0648803090    0.0174974250    0.0006151767    
0.0651218970    0.0175095620    0.0006034193    
0.0653634860    0.0172286140    0.0006031221    
0.0656050740    0.0184855640    0.0006231482    
0.0658466630    0.0189028400    0.0006269676    
0.0660882520    0.0174633960    0.0006011149    
0.0663298400    0.0178332090    0.0006084612    
0.0665714290    0.0181493580    0.0006107745    
0.0668130170    0.0199670350    0.0006427616    
0.0670546060    0.0186527840    0.0006176554    
0.0672961940    0.0194943820    0.0006288510    
0.0675377830    0.0168856390    0.0005805402    
0.0677793710    0.0172876220    0.0005912242    
0.0680209600    0.0188096090    0.0006093030    
0.0682625480    0.0181278880    0.0005986356    
0.0685041370    0.0183078080    0.0005996922    
0.0687457250    0.0179458550    0.0006018847    
0.0689873140    0.0177605140    0.0005897282    
0.0692289020    0.0170947400    0.0005785693    
0.0694704910    0.0179671540    0.0005926817    
0.0697120790    0.0186123910    0.0006013391    
0.0699536680    0.0179846970    0.0005939070    
0.0701952560    0.0173101370    0.0005822029    
0.0704368450    0.0186812230    0.0006067379    
0.0706784340    0.0178386510    0.0005986259    
0.0709200220    0.0180201180    0.0005963789    
0.0711616110    0.0193118120    0.0006168932    
0.0714031990    0.0183017250    0.0006053672    
0.0716447880    0.0197746130    0.0006323224    
0.0718863760    0.0174908100    0.0005866229    
0.0721279650    0.0183035310    0.0005944710    
0.0723695530    0.0192714910    0.0006066940    
0.0726111420    0.0185447550    0.0005988414    
0.0728527300    0.0183685510    0.0005873615    
0.0730943190    0.0179747110    0.0005850270    
0.0733359070    0.0186221050    0.0005918493    
0.0735774960    0.0177786610    0.0005804939    
0.0738190840    0.0179262120    0.0005767664    
0.0740606730    0.0196100640    0.0006046042    
0.0743022610    0.0182580640    0.0005838285    
0.0745438500    0.0183168240    0.0005821469    
0.0747854380    0.0185586720    0.0005799585    
0.0750270270    0.0186773630    0.0005865386    
0.0752686160    0.0186849870    0.0005793968    
0.0755102040    0.0184689480    0.0005768730    
0.0757517930    0.0180957490    0.0005730981    
0.0759933810    0.0183055820    0.0005673593    
0.0762349700    0.0184777480    0.0005774296    
0.0764765580    0.0173381270    0.0005541289    
0.0767181470    0.0183307210    0.0005689589    
0.0769597350    0.0188133680    0.0005719432    
0.0772013240    0.0187000220    0.0005690235    
0.0774429120    0.0190164960    0.0005710376    
0.0776845010    0.0190132540    0.0005686376    
0.0779260890    0.0178730880    0.0005547546    
0.0781676780    0.0185626640    0.0005614747    
0.0784092660    0.0193212860    0.0005740121    
0.0786508550    0.0186388820    0.0005591944    
0.0788924430    0.0181090990    0.0005564791    
0.0791340320    0.0183184840    0.0005558718    
0.0793756210    0.0180115440    0.0005526990    
0.0796172090    0.0189628040    0.0005613836    
0.0798587980    0.0179530980    0.0005514250    
0.0801003860    0.0181316040    0.0005537820    
0.0803419750    0.0185809970    0.0005527513    
0.0805835630    0.0190314740    0.0005639110    
0.0808251520    0.0185471170    0.0005559411    
0.0810667400    0.0175972640    0.0005415184    
0.0813083290    0.0184024470    0.0005471977    
0.0815499170    0.0183121550    0.0005538975    
0.0817915060    0.0178534160    0.0005432622    
0.0820330940    0.0176428460    0.0005343864    
0.0822746830    0.0180932990    0.0005425820    
0.0825162710    0.0185092440    0.0005462830    
0.0827578600    0.0178512550    0.0005382356    
0.0829994480    0.0185825680    0.0005421092    
0.0832410370    0.0178047070    0.0005368321    
0.0834826250    0.0182662690    0.0005374757    
0.0837242140    0.0187323880    0.0005432531    
0.0839658030    0.0192555100    0.0005521896    
0.0842073910    0.0179533770    0.0005315001    
0.0844489800    0.0181637390    0.0005312488    
0.0846905680    0.0188287620    0.0005368701    
0.0849321570    0.0183951020    0.0005366403    
0.0851737450    0.0175760910    0.0005180654    
0.0854153340    0.0182587840    0.0005313087    
0.0856569220    0.0186983620    0.0005340210    
0.0858985110    0.0174304770    0.0005210678    
0.0861400990    0.0186068530    0.0005327127    
0.0863816880    0.0171163570    0.0005128245    
0.0866232760    0.0181458160    0.0005323208    
0.0868648650    0.0185916770    0.0005318424    
0.0871064530    0.0188134540    0.0005366518    
0.0873480420    0.0183659760    0.0005260320    
0.0875896300    0.0187129440    0.0005322711    
0.0878312190    0.0178216410    0.0005188080    
0.0880728080    0.0177739400    0.0005165446    
0.0883143960    0.0174975820    0.0005122036    
0.0885559850    0.0186221050    0.0005303313    
0.0887975730    0.0186221050    0.0005277693    
0.0890391620    0.0190638840    0.0005343148    
0.0892807500    0.0184957270    0.0005243982    
0.0895223390    0.0179932300    0.0005159913    
0.0897639270    0.0193377780    0.0005314502    
0.0900055160    0.0176242300    0.0005085559    
0.0902471040    0.0183187650    0.0005206380    
0.0904886930    0.0183168240    0.0005160181    
0.0907302810    0.0175149220    0.0005002222    
0.0909718700    0.0189846330    0.0005300159    
0.0912134580    0.0182856040    0.0005116982    
0.0914550470    0.0183356110    0.0005190248    
0.0916966350    0.0191447550    0.0005235813    
0.0919382240    0.0187158280    0.0005194834    
0.0921798120    0.0186221050    0.0005149024    
0.0924214010    0.0187929500    0.0005172589    
0.0926629900    0.0187769370    0.0005140991    
0.0929045780    0.0183490960    0.0005134749    
0.0931461670    0.0190153320    0.0005167668    
0.0933877550    0.0191364500    0.0005192918    
0.0936293440    0.0181959700    0.0005083943    
0.0938709320    0.0192159760    0.0005212580    
0.0941125210    0.0182463230    0.0005039344    
0.0943541090    0.0186499410    0.0005094776    
0.0945956980    0.0186570170    0.0005104333    
0.0948372860    0.0190645010    0.0005133852    
0.0950788750    0.0187114690    0.0005071995    
0.0953204630    0.0188437970    0.0005109742    
0.0955620520    0.0190432950    0.0005128141    
0.0958036400    0.0184717060    0.0005025501    
0.0960452290    0.0183759980    0.0005012464    
0.0962868170    0.0203877560    0.0005303129    
0.0965284060    0.0194698070    0.0005159489    
0.0967699940    0.0188408670    0.0005075470    
0.0970115830    0.0182538140    0.0004944310    
0.0972531720    0.0188310390    0.0005038208    
0.0974947600    0.0195031070    0.0005121767    
0.0977363490    0.0190492790    0.0005042740    
0.0979779370    0.0189650910    0.0005050628    
0.0982195260    0.0197666310    0.0005159049    
0.0984611140    0.0192807650    0.0005065124    
0.0987027030    0.0191621660    0.0005054942    
0.0989442910    0.0199436740    0.0005159764    
0.0991858800    0.0196831940    0.0005109502    
0.0994274680    0.0200424350    0.0005134025    
0.0996690570    0.0211712120    0.0005240656    
0.0999106450    0.0201904210    0.0005158412    
0.1001522300    0.0199128740    0.0005082528    
0.1003938200    0.0203732360    0.0005159849    
0.1006354100    0.0205659570    0.0005162505    
0.1008770000    0.0210035480    0.0005228064    
0.1011185900    0.0198974130    0.0005088536    
0.1013601800    0.0205782080    0.0005180290    
0.1016017700    0.0210728900    0.0005206755    
0.1018433500    0.0206194920    0.0005266316    
0.1020849400    0.0213041300    0.0005427033    
0.1023265300    0.0217117450    0.0005521919    
0.1025681200    0.0213956100    0.0005453877    
0.1028097100    0.0203905250    0.0005403478    
0.1030513000    0.0220898680    0.0005643698    
0.1032928800    0.0213033940    0.0005594545    
0.1035344700    0.0212108920    0.0005507929    
0.1037760600    0.0221660020    0.0005727056    
0.1040176500    0.0216661030    0.0005685877    
0.1042592400    0.0222924830    0.0005784892    
0.1045008300    0.0212400270    0.0005612852    
0.1047424200    0.0211745260    0.0005655092    
0.1049840000    0.0208030720    0.0005632748    
0.1052255900    0.0209930280    0.0005675865    
0.1054671800    0.0199029900    0.0005492701    
0.1057087700    0.0191906020    0.0005430094    
0.1059503600    0.0199843200    0.0005561939    
0.1061919500    0.0198975920    0.0005546401    
0.1064335400    0.0195193790    0.0005358343    
0.1066751200    0.0188932310    0.0005192330    
0.1069167100    0.0189129640    0.0005180176    
0.1071583000    0.0178064370    0.0004961570    
0.1073998900    0.0189105000    0.0005096078    
0.1076414800    0.0192282120    0.0005176061    
0.1078830700    0.0188319510    0.0005049307    
0.1081246600    0.0193346500    0.0005147221    
0.1083662400    0.0183882430    0.0004957138    
0.1086078300    0.0177411910    0.0004922415    
0.1088494200    0.0186154520    0.0004976967    
0.1090910100    0.0186485760    0.0004968098    
0.1093326000    0.0190280720    0.0004991855    
0.1095741900    0.0182468980    0.0004901257    
0.1098157700    0.0178865120    0.0004804454    
0.1100573600    0.0190673590    0.0004997006    
0.1102989500    0.0191045430    0.0004957622    
0.1105405400    0.0181208890    0.0004825807    
0.1107821300    0.0182264420    0.0004862546    
0.1110237200    0.0185203450    0.0004853649    
0.1112653100    0.0185312020    0.0004905594    
0.1115068900    0.0190636860    0.0004904273    
0.1117484800    0.0183013590    0.0004797907    
0.1119900700    0.0186408210    0.0004822694    
0.1122316600    0.0190995950    0.0004898943    
0.1124732500    0.0186158910    0.0004809810    
0.1127148400    0.0190003760    0.0004854369    
0.1129564300    0.0183473320    0.0004786984    
0.1131980100    0.0177441700    0.0004684139    
0.1134396000    0.0181933680    0.0004754913    
0.1136811900    0.0175586910    0.0004659593    
0.1139227800    0.0183276840    0.0004741681    
0.1141643700    0.0182775870    0.0004700488    
0.1144059600    0.0187310060    0.0004760753    
0.1146475500    0.0192764780    0.0004855675    
0.1148891300    0.0177336340    0.0004598776    
0.1151307200    0.0180434000    0.0004688575    
0.1153723100    0.0182233570    0.0004657371    
0.1156139000    0.0187794070    0.0004766900    
0.1158554900    0.0180179530    0.0004619988    
0.1160970800    0.0188820040    0.0004777576    
0.1163386700    0.0186815620    0.0004713300    
0.1165802500    0.0192036750    0.0004774139    
0.1168218400    0.0187626490    0.0004687733    
0.1170634300    0.0184695610    0.0004655370    
0.1173050200    0.0182562710    0.0004641592    
0.1175466100    0.0182818140    0.0004631648    
0.1177882000    0.0186627520    0.0004655515    
0.1180297800    0.0190405790    0.0004704605    
0.1182713700    0.0184403970    0.0004649496    
0.1185129600    0.0181990070    0.0004593015    
0.1187545500    0.0189627880    0.0004679674    
0.1189961400    0.0186968920    0.0004638128    
0.1192377300    0.0182636590    0.0004558797    
0.1194793200    0.0183157080    0.0004559025    
0.1197209000    0.0186164260    0.0004598401    
0.1199624900    0.0183901070    0.0004562024    
0.1202040800    0.0187392250    0.0004571903    
0.1204456700    0.0187590320    0.0004626574    
0.1206872600    0.0183988180    0.0004532224    
0.1209288500    0.0188259970    0.0004617878    
0.1211704400    0.0184931350    0.0004554075    
0.1214120200    0.0189839690    0.0004597533    
0.1216536100    0.0184669210    0.0004524358    
0.1218952000    0.0182821250    0.0004477740    
0.1221367900    0.0174874250    0.0004410619    
0.1223783800    0.0179909400    0.0004443901    
0.1226199700    0.0183180930    0.0004500067    
0.1228615600    0.0181199980    0.0004471689    
0.1231031400    0.0185064400    0.0004515109    
0.1233447300    0.0189963080    0.0004572448    
0.1235863200    0.0177226470    0.0004436211    
0.1238279100    0.0191488890    0.0004560552    
0.1240695000    0.0188327990    0.0004510931    
0.1243110900    0.0187192640    0.0004495357    
0.1245526800    0.0188934060    0.0004528046    
0.1247942600    0.0184297940    0.0004437373    
0.1250358500    0.0179755040    0.0004401321    
0.1252774400    0.0189815640    0.0004513028    
0.1255190300    0.0180937050    0.0004394836    
0.1257606200    0.0186436210    0.0004478483    
0.1260022100    0.0194597770    0.0004571500    
0.1262437900    0.0185154490    0.0004443850    
0.1264853800    0.0178614760    0.0004359051    
0.1267269700    0.0180482260    0.0004359424    
0.1269685600    0.0182005520    0.0004379640    
0.1272101500    0.0185167170    0.0004417516    
0.1274517400    0.0184832140    0.0004443799    
0.1276933300    0.0182850300    0.0004354813    
0.1279349100    0.0186380350    0.0004448991    
0.1281765000    0.0185375070    0.0004427518    
0.1284180900    0.0190456910    0.0004463153    
0.1286596800    0.0182117870    0.0004377277    
0.1289012700    0.0187997570    0.0004432377    
0.1291428600    0.0191415720    0.0004481931    
0.1293844500    0.0189113000    0.0004419541    
0.1296260300    0.0186585880    0.0004410139    
0.1298676200    0.0184188410    0.0004381714    
0.1301092100    0.0188646210    0.0004412249    
0.1303508000    0.0186991190    0.0004381938    
0.1305923900    0.0187006790    0.0004426274    
0.1308339800    0.0182888230    0.0004364390    
0.1310755700    0.0190662260    0.0004437608    
0.1313171500    0.0192238130    0.0004446670    
0.1315587400    0.0184887230    0.0004355415    
0.1318003300    0.0181731930    0.0004330635    
0.1320419200    0.0181602320    0.0004293547    
0.1322835100    0.0185248750    0.0004354276    
0.1325251000    0.0183766740    0.0004335037    
0.1327666900    0.0182300070    0.0004308840    
0.1330082700    0.0179957670    0.0004281068    
0.1332498600    0.0183615490    0.0004331470    
0.1334914500    0.0182454320    0.0004339233    
0.1337330400    0.0188482840    0.0004352825    
0.1339746300    0.0189807080    0.0004378739    
0.1342162200    0.0190561160    0.0004385644    
0.1344578000    0.0182258900    0.0004303061    
0.1346993900    0.0191289310    0.0004381565    
0.1349409800    0.0181500810    0.0004292347    
0.1351825700    0.0179068320    0.0004232454    
0.1354241600    0.0189783890    0.0004364290    
0.1356657500    0.0183001670    0.0004290804    
0.1359073400    0.0189530970    0.0004393463    
0.1361489200    0.0182522620    0.0004271361    
0.1363905100    0.0177638510    0.0004210437    
0.1366321000    0.0182581390    0.0004266899    
0.1368736900    0.0178193850    0.0004215319    
0.1371152800    0.0184196370    0.0004265222    
0.1373568700    0.0178306280    0.0004213266    
0.1375984600    0.0179668550    0.0004239541    
0.1378400400    0.0171612540    0.0004136744    
0.1380816300    0.0187602660    0.0004302768    
0.1383232200    0.0176797820    0.0004198774    
0.1385648100    0.0187019420    0.0004320181    
0.1388064000    0.0184745450    0.0004263104    
0.1390479900    0.0187537620    0.0004276601    
0.1392895800    0.0177268110    0.0004199299    
0.1395311600    0.0181431110    0.0004211364    
0.1397727500    0.0181040100    0.0004206823    
0.1400143400    0.0179920890    0.0004192150    
0.1402559300    0.0183829770    0.0004279743    
0.1404975200    0.0186172290    0.0004261005    
0.1407391100    0.0181190690    0.0004206917    
0.1409806900    0.0191125510    0.0004351636    
0.1412222800    0.0182626800    0.0004211973    
0.1414638700    0.0181588680    0.0004208225    
0.1417054600    0.0181756350    0.0004177479    
0.1419470500    0.0179007740    0.0004191403    
0.1421886400    0.0178425750    0.0004143837    
0.1424302300    0.0177076910    0.0004139391    
0.1426718100    0.0180392530    0.0004186129    
0.1429134000    0.0181915080    0.0004195559    
0.1431549900    0.0187339060    0.0004267637    
0.1433965800    0.0181648220    0.0004203964    
0.1436381700    0.0173211020    0.0004078094    
0.1438797600    0.0176394710    0.0004112223    
0.1441213500    0.0184057370    0.0004207094    
0.1443629300    0.0178503780    0.0004136734    
0.1446045200    0.0184540790    0.0004209356    
0.1448461100    0.0181180260    0.0004170853    
0.1450877000    0.0183802590    0.0004175176    
0.1453292900    0.0183278940    0.0004204707    
0.1455708800    0.0184169420    0.0004192170    
0.1458124700    0.0177478280    0.0004152178    
0.1460540500    0.0183963820    0.0004159566    
0.1462956400    0.0184218670    0.0004191120    
0.1465372300    0.0180345370    0.0004134144    
0.1467788200    0.0194305280    0.0004286262    
0.1470204100    0.0182430290    0.0004157972    
0.1472620000    0.0175300240    0.0004071249    
0.1475035900    0.0191075710    0.0004244032    
0.1477451700    0.0187646940    0.0004223455    
0.1479867600    0.0177299720    0.0004080441    
0.1482283500    0.0182082800    0.0004161961    
0.1484699400    0.0186787070    0.0004197727    
0.1487115300    0.0188783720    0.0004232989    
0.1489531200    0.0186406340    0.0004155724    
0.1491947000    0.0188760430    0.0004213444    
0.1494362900    0.0180400190    0.0004098946    
0.1496778800    0.0181720240    0.0004127874    
0.1499194700    0.0191362690    0.0004229591    
0.1501610600    0.0176321160    0.0004067626    
0.1504026500    0.0185803200    0.0004153648    
0.1506442400    0.0183715410    0.0004167822    
0.1508858200    0.0189739970    0.0004219570    
0.1511274100    0.0187006790    0.0004157760    
0.1513690000    0.0180720850    0.0004087285    
0.1516105900    0.0185523590    0.0004153629    
0.1518521800    0.0185803820    0.0004150551    
0.1520937700    0.0178565600    0.0004058309    
0.1523353600    0.0189454050    0.0004183320    
0.1525769400    0.0191382230    0.0004218703    
0.1528185300    0.0183251900    0.0004123490    
0.1530601200    0.0180309270    0.0004081109    
0.1533017100    0.0178006790    0.0004076254    
0.1535433000    0.0183474430    0.0004098516    
0.1537848900    0.0189834770    0.0004167415    
0.1540264800    0.0188931890    0.0004166714    
0.1542680600    0.0186725710    0.0004139253    
0.1545096500    0.0185675750    0.0004107911    
0.1547512400    0.0187276260    0.0004145350    
0.1549928300    0.0187183080    0.0004141259    
0.1552344200    0.0186221050    0.0004126038    
0.1554760100    0.0177667050    0.0004031645    
0.1557176000    0.0187649620    0.0004158712    
0.1559591800    0.0190194860    0.0004168295    
0.1562007700    0.0188071970    0.0004120780    
0.1564423600    0.0191847740    0.0004155899    
0.1566839500    0.0187414770    0.0004148416    
0.1569255400    0.0181919810    0.0004058729    
0.1571671300    0.0189845790    0.0004147716    
0.1574087100    0.0184114580    0.0004062449    
0.1576503000    0.0183378680    0.0004100472    
0.1578918900    0.0187383810    0.0004093927    
0.1581334800    0.0186944940    0.0004112904    
0.1583750700    0.0182997030    0.0004076679    
0.1586166600    0.0190930090    0.0004261875    
0.1588582500    0.0190017600    0.0004246800    
0.1590998300    0.0185541060    0.0004245446    
0.1593414200    0.0189026920    0.0004313929    
0.1595830100    0.0190551770    0.0004355540    
0.1598246000    0.0187410960    0.0004310862    
0.1600661900    0.0188445190    0.0004364777    
0.1603077800    0.0180810020    0.0004296484    
0.1605493700    0.0183865120    0.0004339774    
0.1607909500    0.0182721040    0.0004337000    
0.1610325400    0.0183354510    0.0004371784    
0.1612741300    0.0188933510    0.0004439661    
0.1615157200    0.0184011650    0.0004399977    
0.1617573100    0.0182265630    0.0004384630    
0.1619989000    0.0182468750    0.0004422916    
0.1622404900    0.0178946370    0.0004359362    
0.1624820700    0.0177987890    0.0004391083    
0.1627236600    0.0184927850    0.0004464200    
0.1629652500    0.0186059820    0.0004472023    
0.1632068400    0.0178651090    0.0004318975    
0.1634484300    0.0187384610    0.0004354251    
0.1636900200    0.0183092130    0.0004298838    
0.1639316100    0.0181936670    0.0004257649    
0.1641731900    0.0184828370    0.0004287911    
0.1644147800    0.0184262890    0.0004247448    
0.1646563700    0.0184692630    0.0004267570    
0.1648979600    0.0180110670    0.0004179588    
0.1651395500    0.0184458700    0.0004249704    
0.1653811400    0.0177367200    0.0004142782    
0.1656227200    0.0188958160    0.0004297835    
0.1658643100    0.0180446750    0.0004167239    
0.1661059000    0.0172058840    0.0004064508    
0.1663474900    0.0184563860    0.0004180620    
0.1665890800    0.0183760810    0.0004169925    
0.1668306700    0.0182637120    0.0004177906    
0.1670722600    0.0190100650    0.0004241248    
0.1673138400    0.0181067940    0.0004137683    
0.1675554300    0.0176952130    0.0004070286    
0.1677970200    0.0184425920    0.0004174285    
0.1680386100    0.0181154780    0.0004141830    
0.1682802000    0.0189822910    0.0004214127    
0.1685217900    0.0181760660    0.0004109751    
0.1687633800    0.0180611700    0.0004092149    
0.1690049600    0.0176642360    0.0004072869    
0.1692465500    0.0180361590    0.0004063600    
0.1694881400    0.0184922050    0.0004142238    
0.1697297300    0.0175245170    0.0004020400    
0.1699713200    0.0182821670    0.0004126364    
0.1702129100    0.0182107180    0.0004080209    
0.1704545000    0.0181488560    0.0004083812    
0.1706960800    0.0178160730    0.0004062771    
0.1709376700    0.0182553680    0.0004065794    
0.1711792600    0.0181614550    0.0004070193    
0.1714208500    0.0176747590    0.0003993340    
0.1716624400    0.0179323970    0.0004047419    
0.1719040300    0.0179892500    0.0004018502    
0.1721456200    0.0179706030    0.0004032487    
0.1723872000    0.0172376630    0.0003949398    
0.1726287900    0.0178049900    0.0004009482    
0.1728703800    0.0178920930    0.0004028076    
0.1731119700    0.0183213860    0.0004055429    
0.1733535600    0.0181909130    0.0004042425    
0.1735951500    0.0182224890    0.0004022713    
0.1738367300    0.0170121250    0.0003900797    
0.1740783200    0.0176517880    0.0003954978    
0.1743199100    0.0177429500    0.0003969429    
0.1745615000    0.0182860940    0.0004021107    
0.1748030900    0.0182082800    0.0004003996    
0.1750446800    0.0171861730    0.0003933473    
0.1752862700    0.0179294750    0.0003964797    
0.1755278500    0.0185815340    0.0004093008    
0.1757694400    0.0177504320    0.0003953335    
0.1760110300    0.0183967840    0.0004031824    
0.1762526200    0.0180975390    0.0003977721    
0.1764942100    0.0187228600    0.0004050139    
0.1767358000    0.0178390750    0.0003950606    
0.1769773900    0.0185741880    0.0004022687    
0.1772189700    0.0176516570    0.0003928415    
0.1774605600    0.0177077050    0.0003945777    
0.1777021500    0.0178374660    0.0003943486    
0.1779437400    0.0182251470    0.0003987510    
0.1781853300    0.0178067300    0.0003951202    
0.1784269200    0.0172101650    0.0003849272    
0.1786685100    0.0181852100    0.0003966450    
0.1789100900    0.0181968250    0.0003953963    
0.1791516800    0.0176134080    0.0003896810    
0.1793932700    0.0185315180    0.0003998470    
0.1796348600    0.0185280540    0.0003980158    
0.1798764500    0.0177756460    0.0003898505    
0.1801180400    0.0174542130    0.0003864428    
0.1803596200    0.0177291450    0.0003920497    
0.1806012100    0.0173379690    0.0003846240    
0.1808428000    0.0184942060    0.0003971055    
0.1810843900    0.0179992500    0.0003905505    
0.1813259800    0.0173551220    0.0003841547    
0.1815675700    0.0176518060    0.0003867626    
0.1818091600    0.0184486200    0.0003951260    
0.1820507400    0.0178806100    0.0003892612    
0.1822923300    0.0175629280    0.0003850001    
0.1825339200    0.0173398720    0.0003837231    
0.1827755100    0.0177967020    0.0003871594    
0.1830171000    0.0179846840    0.0003922712    
0.1832586900    0.0173470780    0.0003814618    
0.1835002800    0.0168948010    0.0003768383    
0.1837418600    0.0176397940    0.0003840186    
0.1839834500    0.0180662210    0.0003900800    
0.1842250400    0.0183033480    0.0003918349    
0.1844666300    0.0174459280    0.0003821600    
0.1847082200    0.0173555510    0.0003809121    
0.1849498100    0.0179016820    0.0003872501    
0.1851914000    0.0188886790    0.0003998108    
0.1854329800    0.0178011570    0.0003861613    
0.1856745700    0.0179295990    0.0003879448    
0.1859161600    0.0174302900    0.0003798179    
0.1861577500    0.0176123730    0.0003817966    
0.1863993400    0.0173074080    0.0003794900    
0.1866409300    0.0180780330    0.0003860396    
0.1868825200    0.0170000580    0.0003774995    
0.1871241000    0.0184530010    0.0003901521    
0.1873656900    0.0180426390    0.0003878568    
0.1876072800    0.0182279860    0.0003868675    
0.1878488700    0.0181414000    0.0003894403    
0.1880904600    0.0174655040    0.0003812193    
0.1883320500    0.0175117440    0.0003788150    
0.1885736300    0.0183135880    0.0003881601    
0.1888152200    0.0188276470    0.0003934398    
0.1890568100    0.0183658750    0.0003896185    
0.1892984000    0.0172644990    0.0003757594    
0.1895399900    0.0181199170    0.0003862302    
0.1897815800    0.0183586620    0.0003887663    
0.1900231700    0.0173378220    0.0003778030    
0.1902647500    0.0178031910    0.0003818283    
0.1905063400    0.0179213400    0.0003855166    
0.1907479300    0.0183554300    0.0003880892    
0.1909895200    0.0176329960    0.0003788758    
0.1912311100    0.0180711550    0.0003840582    
0.1914727000    0.0174490590    0.0003770182    
0.1917142900    0.0175363280    0.0003790808    
0.1919558700    0.0169343130    0.0003693612    
0.1921974600    0.0178067480    0.0003819924    
0.1924390500    0.0181616910    0.0003864190    
0.1926806400    0.0185650070    0.0003891428    
0.1929222300    0.0178160060    0.0003818398    
0.1931638200    0.0176237730    0.0003766830    
0.1934054100    0.0177212990    0.0003809491    
0.1936469900    0.0178240150    0.0003790628    
0.1938885800    0.0183125510    0.0003862342    
0.1941301700    0.0183476570    0.0003848406    
0.1943717600    0.0176072430    0.0003788475    
0.1946133500    0.0173374080    0.0003725246    
0.1948549400    0.0175429150    0.0003772888    
0.1950965300    0.0178001250    0.0003796725    
0.1953381100    0.0178092830    0.0003795227    
0.1955797000    0.0180415600    0.0003827384    
0.1958212900    0.0177548400    0.0003775917    
0.1960628800    0.0180234660    0.0003805605    
0.1963044700    0.0179573160    0.0003792483    
0.1965460600    0.0180074740    0.0003828778    
0.1967876400    0.0180679470    0.0003795586    
0.1970292300    0.0178072380    0.0003771738    
0.1972708200    0.0173322620    0.0003737972    
0.1975124100    0.0180263260    0.0003809607    
0.1977540000    0.0176847640    0.0003772119    
0.1979955900    0.0172601000    0.0003724141    
0.1982371800    0.0175162410    0.0003760201    
0.1984787600    0.0176552870    0.0003732861    
0.1987203500    0.0175642580    0.0003744712    
0.1989619400    0.0177707400    0.0003769084    
0.1992035300    0.0181642170    0.0003803243    
0.1994451200    0.0177091390    0.0003757709    
0.1996867100    0.0172519560    0.0003701762    
0.1999283000    0.0182114700    0.0003810631    
0.2001698800    0.0180665190    0.0003800321    
0.2004114700    0.0171587100    0.0003714389    
0.2006530600    0.0183016480    0.0003805418    
0.2008946500    0.0178908910    0.0003770893    
0.2011362400    0.0176457090    0.0003720042    
0.2013778300    0.0179483440    0.0003783003    
0.2016194200    0.0180956570    0.0003770747    
0.2018610000    0.0175406680    0.0003727840    
0.2021025900    0.0177727590    0.0003756019    
0.2023441800    0.0180297990    0.0003773444    
0.2025857700    0.0177477720    0.0003747393    
0.2028273600    0.0190609290    0.0003899743    
0.2030689500    0.0179843340    0.0003774691    
0.2033105400    0.0176312760    0.0003716174    
0.2035521200    0.0181798500    0.0003789114    
0.2037937100    0.0177600800    0.0003739171    
0.2040353000    0.0175862260    0.0003729110    
0.2042768900    0.0179664250    0.0003756070    
0.2045184800    0.0184741250    0.0003793207    
0.2047600700    0.0186023490    0.0003834110    
0.2050016500    0.0181153810    0.0003787211    
0.2052432400    0.0180965930    0.0003781630    
0.2054848300    0.0184653530    0.0003804258    
0.2057264200    0.0177965730    0.0003758535    
0.2059680100    0.0178452130    0.0003723413    
0.2062096000    0.0177968030    0.0003731224    
0.2064511900    0.0180648840    0.0003752135    
0.2066927700    0.0177375840    0.0003734435    
0.2069343600    0.0181868440    0.0003776652    
0.2071759500    0.0178461840    0.0003739933    
0.2074175400    0.0177767130    0.0003730293    
0.2076591300    0.0183450950    0.0003783499    
0.2079007200    0.0180354570    0.0003781259    
0.2081423100    0.0182487290    0.0003767633    
0.2083838900    0.0180634810    0.0003756709    
0.2086254800    0.0183321140    0.0003790508    
0.2088670700    0.0178378930    0.0003730830    
0.2091086600    0.0183785250    0.0003800104    
0.2093502500    0.0181272300    0.0003758604    
0.2095918400    0.0178501230    0.0003749827    
0.2098334300    0.0172880310    0.0003683310    
0.2100750100    0.0180376960    0.0003774271    
0.2103166000    0.0178585470    0.0003759069    
0.2105581900    0.0180960570    0.0003755371    
0.2107997800    0.0185235750    0.0003821122    
0.2110413700    0.0179904510    0.0003745573    
0.2112829600    0.0175545960    0.0003725755    
0.2115245400    0.0179912430    0.0003743305    
0.2117661300    0.0181173130    0.0003780187    
0.2120077200    0.0175243890    0.0003700226    
0.2122493100    0.0179500710    0.0003778334    
0.2124909000    0.0181277130    0.0003771699    
0.2127324900    0.0177353380    0.0003755667    
0.2129740800    0.0175575370    0.0003707225    
0.2132156600    0.0182228920    0.0003776816    
0.2134572500    0.0186063300    0.0003830864    
0.2136988400    0.0181494630    0.0003781138    
0.2139404300    0.0178188900    0.0003727671    
0.2141820200    0.0183074090    0.0003795148    
0.2144236100    0.0180247100    0.0003776517    
0.2146652000    0.0182787860    0.0003798202    
0.2149067800    0.0177185750    0.0003723014    
0.2151483700    0.0182029060    0.0003830705    
0.2153899600    0.0175806560    0.0003811986    
0.2156315500    0.0181374830    0.0003909812    
0.2158731400    0.0184607640    0.0003959314    
0.2161147300    0.0184305730    0.0004005700    
0.2163563200    0.0182415260    0.0003994921    
0.2165979000    0.0188618740    0.0004092678    
0.2168394900    0.0169946720    0.0003887608    
0.2170810800    0.0181809950    0.0004066411    
0.2173226700    0.0181180680    0.0004056397    
0.2175642600    0.0175477530    0.0004014128    
0.2178058500    0.0176045040    0.0004035565    
0.2180474400    0.0174777820    0.0004040633    
0.2182890200    0.0180526220    0.0004139377    
0.2185306100    0.0175492840    0.0004054997    
0.2187722000    0.0173056820    0.0004077856    
0.2190137900    0.0172006800    0.0004057622    
0.2192553800    0.0180515930    0.0004195776    
0.2194969700    0.0170473890    0.0004052017    
0.2197385500    0.0174472240    0.0004074053    
0.2199801400    0.0171831880    0.0004000420    
0.2202217300    0.0180328850    0.0004058744    
0.2204633200    0.0179253590    0.0004027408    
0.2207049100    0.0176217810    0.0003967220    
0.2209465000    0.0174610140    0.0003949081    
0.2211880900    0.0173841680    0.0003920687    
0.2214296700    0.0178461840    0.0003966798    
0.2216712600    0.0166350440    0.0003824401    
0.2219128500    0.0167424090    0.0003825900    
0.2221544400    0.0170945450    0.0003885124    
0.2223960300    0.0172232610    0.0003880452    
0.2226376200    0.0177695910    0.0003972408    
0.2228792100    0.0172528970    0.0003885157    
0.2231207900    0.0179003180    0.0003957382    
0.2233623800    0.0175378670    0.0003892501    
0.2236039700    0.0175200250    0.0003906867    
0.2238455600    0.0172805540    0.0003861155    
0.2240871500    0.0172628900    0.0003865903    
0.2243287400    0.0167843130    0.0003792157    
0.2245703300    0.0173198600    0.0003877688    
0.2248119100    0.0178862240    0.0003935080    
0.2250535000    0.0170605300    0.0003841838    
0.2252950900    0.0176107920    0.0003918350    
0.2255366800    0.0168552940    0.0003797547    
0.2257782700    0.0169885870    0.0003821763    
0.2260198600    0.0179219620    0.0003911824    
0.2262614500    0.0166724370    0.0003771697    
0.2265030300    0.0169500720    0.0003797754    
0.2267446200    0.0161785970    0.0003724388    
0.2269862100    0.0170914050    0.0003801847    
0.2272278000    0.0167513910    0.0003774138    
0.2274693900    0.0170206120    0.0003792673    
0.2277109800    0.0174735480    0.0003877271    
0.2279525600    0.0175579850    0.0003850769    
0.2281941500    0.0171922460    0.0003819556    
0.2284357400    0.0177292930    0.0003873463    
0.2286773300    0.0170244640    0.0003808691    
0.2289189200    0.0174816320    0.0003835869    
0.2291605100    0.0169787280    0.0003802267    
0.2294021000    0.0177100020    0.0003867403    
0.2296436800    0.0179085150    0.0003923873    
0.2298852700    0.0170365270    0.0003790578    
0.2301268600    0.0173909630    0.0003869438    
0.2303684500    0.0172223620    0.0003828137    
0.2306100400    0.0166724370    0.0003771697    
0.2308516300    0.0172667660    0.0003830444    
0.2310932200    0.0174458820    0.0003870179    
0.2313348000    0.0174826700    0.0003855638    
0.2315763900    0.0170926300    0.0003816308    
0.2318179800    0.0166132060    0.0003780614    
0.2320595700    0.0171843850    0.0003829167    
0.2323011600    0.0168706480    0.0003805840    
0.2325427500    0.0174372960    0.0003869227    
0.2327843400    0.0172422090    0.0003862240    
0.2330259200    0.0168164020    0.0003780160    
0.2332675100    0.0169136940    0.0003796280    
0.2335091000    0.0174853030    0.0003873210    
0.2337506900    0.0167709340    0.0003773755    
0.2339922800    0.0167448590    0.0003792937    
0.2342338700    0.0170124700    0.0003816528    
0.2344754600    0.0165673410    0.0003778011    
0.2347170400    0.0170500260    0.0003811549    
0.2349586300    0.0167128040    0.0003782766    
0.2352002200    0.0171856170    0.0003868045    
0.2354418100    0.0168885160    0.0003811811    
0.2356834000    0.0170799280    0.0003830698    
0.2359249900    0.0168358420    0.0003779758    
0.2361665700    0.0174220710    0.0003878280    
0.2364081600    0.0171108200    0.0003822275    
0.2366497500    0.0164378710    0.0003767143    
0.2368913400    0.0173977550    0.0003859503    
0.2371329300    0.0177898320    0.0003927201    
0.2373745200    0.0170433770    0.0003829247    
0.2376161100    0.0166390160    0.0003783549    
0.2378576900    0.0167204760    0.0003806010    
0.2380992800    0.0171098890    0.0003828760    
0.2383408700    0.0173082620    0.0003861566    
0.2385824600    0.0168833580    0.0003798091    
0.2388240500    0.0169323210    0.0003820725    
0.2390656400    0.0177550580    0.0003913807    
0.2393072300    0.0171935950    0.0003840766    
0.2395488100    0.0170691870    0.0003832146    
0.2397904000    0.0170810850    0.0003845492    
0.2400319900    0.0174327210    0.0003890302    
0.2402735800    0.0163237240    0.0003769803    
0.2405151700    0.0171776230    0.0003860384    
0.2407567600    0.0170093010    0.0003814857    
0.2409983500    0.0165587500    0.0003784919    
0.2412399300    0.0172193340    0.0003843640    
0.2414815200    0.0167325280    0.0003812707    
0.2417231100    0.0163594470    0.0003737411    
0.2419647000    0.0168137960    0.0003823293    
0.2422062900    0.0170876020    0.0003848910    
0.2424478800    0.0167438450    0.0003811330    
0.2426894600    0.0161558040    0.0003762254    
0.2429310500    0.0169103240    0.0003823556    
0.2431726400    0.0169990380    0.0003830906    
0.2434142300    0.0173669230    0.0003857412    
0.2436558200    0.0179576540    0.0003962319    
0.2438974100    0.0169049910    0.0003809711    
0.2441390000    0.0168677540    0.0003822736    
0.2443805800    0.0168739780    0.0003826112    
0.2446221700    0.0169442030    0.0003838091    
0.2448637600    0.0168179930    0.0003833176    
0.2451053500    0.0169244740    0.0003823825    
0.2453469400    0.0172323960    0.0003899371    
0.2455885300    0.0167516870    0.0003804255    
0.2458301200    0.0167454590    0.0003827596    
0.2460717000    0.0167883050    0.0003801803    
0.2463132900    0.0169613430    0.0003825326    
0.2465548800    0.0171084320    0.0003863415    
0.2467964700    0.0168930330    0.0003821601    
0.2470380600    0.0168429780    0.0003827950    
0.2472796500    0.0169702840    0.0003841043    
0.2475212400    0.0164884600    0.0003808863    
0.2477628200    0.0158166400    0.0003738417    
0.2480044100    0.0168646490    0.0003821051    
0.2482460000    0.0171969660    0.0003859860    
0.2484875900    0.0172813830    0.0003878808    
0.2487291800    0.0163933720    0.0003777836    
0.2489707700    0.0166598310    0.0003799102    
0.2492123600    0.0169650530    0.0003856690    
0.2494539400    0.0171815760    0.0003873026    
0.2496955300    0.0167165260    0.0003826986    
0.2499371200    0.0172605730    0.0003875113    
0.2501787100    0.0161854020    0.0003793917    
0.2504203000    0.0169899580    0.0003840581    
0.2506618900    0.0165358110    0.0003767883    
0.2509034700    0.0164978440    0.0003789855    
0.2511450600    0.0170388140    0.0003844754    
0.2513866500    0.0165733250    0.0003801181    
0.2516282400    0.0171777310    0.0003842979    
0.2518698300    0.0166312260    0.0003802479    
0.2521114200    0.0164462820    0.0003772043    
0.2523530100    0.0175455820    0.0003902875    
0.2525945900    0.0174946710    0.0003887705    
0.2528361800    0.0164214700    0.0003794400    
0.2530777700    0.0164525390    0.0003763593    
0.2533193600    0.0160059890    0.0003708310    
0.2535609500    0.0163943730    0.0003766086    
0.2538025400    0.0168411610    0.0003815729    
0.2540441300    0.0166682540    0.0003796091    
0.2542857100    0.0168750690    0.0003815585    
0.2545273000    0.0166779430    0.0003813160    
0.2547688900    0.0174115390    0.0003866368    
0.2550104800    0.0164861420    0.0003791170    
0.2552520700    0.0169395700    0.0003857881    
0.2554936600    0.0165070340    0.0003771128    
0.2557352500    0.0170594110    0.0003848423    
0.2559768300    0.0163578360    0.0003752745    
0.2562184200    0.0163964940    0.0003775549    
0.2564600100    0.0164383490    0.0003759363    
0.2567016000    0.0174206790    0.0003894409    
0.2569431900    0.0159914250    0.0003716926    
0.2571847800    0.0163519570    0.0003753372    
0.2574263700    0.0172700480    0.0003862666    
0.2576679500    0.0171168940    0.0003853554    
0.2579095400    0.0162139240    0.0003754471    
0.2581511300    0.0170949980    0.0003835042    
0.2583927200    0.0166216670    0.0003777652    
0.2586343100    0.0169881380    0.0003807239    
0.2588759000    0.0166828430    0.0003800399    
0.2591174800    0.0168199660    0.0003785747    
0.2593590700    0.0173413550    0.0003847938    
0.2596006600    0.0157849420    0.0003683890    
0.2598422500    0.0164122650    0.0003760287    
0.2600838400    0.0169095790    0.0003819485    
0.2603254300    0.0169931590    0.0003842286    
0.2605670200    0.0165731130    0.0003781294    
0.2608086000    0.0172294810    0.0003824997    
0.2610501900    0.0164128480    0.0003752550    
0.2612917800    0.0164495260    0.0003765860    
0.2615333700    0.0164986440    0.0003762345    
0.2617749600    0.0157207410    0.0003678939    
0.2620165500    0.0168442870    0.0003798926    
0.2622581400    0.0167091420    0.0003807378    
0.2624997200    0.0165099650    0.0003768848    
0.2627413100    0.0165295860    0.0003808216    
0.2629829000    0.0168564720    0.0003787254    
0.2632244900    0.0157864270    0.0003694311    
0.2634660800    0.0162675860    0.0003732040    
0.2637076700    0.0163895170    0.0003755075    
0.2639492600    0.0163465000    0.0003750144    
0.2641908400    0.0167573040    0.0003803570    
0.2644324300    0.0164259180    0.0003772337    
0.2646740200    0.0170254370    0.0003812727    
0.2649156100    0.0167245610    0.0003819827    
0.2651572000    0.0175429380    0.0003891710    
0.2653987900    0.0166722150    0.0003813844    
0.2656403800    0.0159469630    0.0003715636    
0.2658819600    0.0159691630    0.0003702761    
0.2661235500    0.0167525200    0.0003812317    
0.2663651400    0.0168768200    0.0003809171    
0.2666067300    0.0173184710    0.0003866732    
0.2668483200    0.0166763830    0.0003789109    
0.2670899100    0.0167134920    0.0003825289    
0.2673314900    0.0167964080    0.0003798770    
0.2675730800    0.0171138540    0.0003862671    
0.2678146700    0.0166143540    0.0003816619    
0.2680562600    0.0166219530    0.0003785546    
0.2682978500    0.0167404290    0.0003805626    
0.2685394400    0.0172173920    0.0003846082    
0.2687810300    0.0164516960    0.0003779254    
0.2690226100    0.0169066300    0.0003803326    
0.2692642000    0.0161988610    0.0003771258    
0.2695057900    0.0171425170    0.0003845702    
0.2697473800    0.0170249380    0.0003833823    
0.2699889700    0.0166664780    0.0003814529    
0.2702305600    0.0164974940    0.0003801831    
0.2704721500    0.0163259900    0.0003775363    
0.2707137300    0.0167306630    0.0003792641    
0.2709553200    0.0166401030    0.0003807495    
0.2711969100    0.0166888040    0.0003803731    
0.2714385000    0.0169872250    0.0003828244    
0.2716800900    0.0159878860    0.0003728208    
0.2719216800    0.0171554040    0.0003947162    
0.2721632700    0.0165130730    0.0003899759    
0.2724048500    0.0175261310    0.0004069248    
0.2726464400    0.0169024630    0.0004069635    
0.2728880300    0.0168016040    0.0004060681    
0.2731296200    0.0164835150    0.0004044502    
0.2733712100    0.0160554510    0.0004023935    
0.2736128000    0.0167153340    0.0004161960    
0.2738543800    0.0174851120    0.0004232058    
0.2740959700    0.0169149480    0.0004202553    
0.2743375600    0.0168637040    0.0004226505    
0.2745791500    0.0164532650    0.0004192680    
0.2748207400    0.0173437990    0.0004334595    
0.2750623300    0.0167046460    0.0004253976    
0.2753039200    0.0162542320    0.0004240876    
0.2755455000    0.0171651050    0.0004344552    
0.2757870900    0.0168437170    0.0004367998    
0.2760286800    0.0164856940    0.0004299803    
0.2762702700    0.0164056030    0.0004369006    
0.2765118600    0.0168248120    0.0004248907    
0.2767534500    0.0162477600    0.0004159261    
0.2769950400    0.0170034750    0.0004220641    
0.2772366200    0.0170830880    0.0004186579    
0.2774782100    0.0164775540    0.0004116816    
0.2777198000    0.0167872870    0.0004165695    
0.2779613900    0.0167861230    0.0004155185    
0.2782029800    0.0159363670    0.0003970467    
0.2784445700    0.0167105980    0.0004100220    
0.2786861600    0.0166863660    0.0004085674    
0.2789277400    0.0169932210    0.0004077329    
0.2791693300    0.0168044780    0.0004057822    
0.2794109200    0.0163716250    0.0004024323    
0.2796525100    0.0170000050    0.0004094307    
0.2798941000    0.0161834960    0.0003949544    
0.2801356900    0.0167136590    0.0004054850    
0.2803772800    0.0171603700    0.0004144969    
0.2806188600    0.0163351800    0.0003961863    
0.2808604500    0.0175004060    0.0004078695    
0.2811020400    0.0165912990    0.0003986635    
0.2813436300    0.0164079500    0.0003983028    
0.2815852200    0.0164139880    0.0003944030    
0.2818268100    0.0168690980    0.0004019872    
0.2820683900    0.0160842590    0.0003935889    
0.2823099800    0.0164151470    0.0003973087    
0.2825515700    0.0163923650    0.0003935427    
0.2827931600    0.0171754930    0.0004076712    
0.2830347500    0.0164318320    0.0003964372    
0.2832763400    0.0168370720    0.0003993013    
0.2835179300    0.0163730580    0.0003937607    
0.2837595100    0.0169840490    0.0004033545    
0.2840011000    0.0168314260    0.0004020036    
0.2842426900    0.0163678750    0.0003925026    
0.2844842800    0.0171523140    0.0004039474    
0.2847258700    0.0158691060    0.0003891404    
0.2849674600    0.0166649130    0.0003998556    
0.2852090500    0.0164516630    0.0003953082    
0.2854506300    0.0162368660    0.0003943823    
0.2856922200    0.0170226600    0.0004025721    
0.2859338100    0.0160723090    0.0003917745    
0.2861754000    0.0164585020    0.0003943358    
0.2864169900    0.0159739420    0.0003883398    
0.2866585800    0.0167117790    0.0003990322    
0.2869001700    0.0158479950    0.0003876913    
0.2871417500    0.0159442310    0.0003884218    
0.2873833400    0.0164130260    0.0003957532    
0.2876249300    0.0167570250    0.0004003408    
0.2878665200    0.0167724830    0.0004030171    
0.2881081100    0.0163971750    0.0003915202    
0.2883497000    0.0162724770    0.0003922502    
0.2885912900    0.0164018130    0.0003936561    
0.2888328700    0.0158659010    0.0003873190    
0.2890744600    0.0163396380    0.0003921639    
0.2893160500    0.0164146210    0.0003935104    
0.2895576400    0.0167246140    0.0003993386    
0.2897992300    0.0163223870    0.0003906264    
0.2900408200    0.0170444380    0.0004000777    
0.2902824000    0.0158473830    0.0003887246    
0.2905239900    0.0158375350    0.0003869726    
0.2907655800    0.0162081280    0.0003886718    
0.2910071700    0.0159378380    0.0003854174    
0.2912487600    0.0169861270    0.0003984895    
0.2914903500    0.0156509380    0.0003815033    
0.2917319400    0.0164328990    0.0003896065    
0.2919735200    0.0161596010    0.0003875082    
0.2922151100    0.0169232950    0.0003958192    
0.2924567000    0.0158715350    0.0003840387    
0.2926982900    0.0159950160    0.0003856741    
0.2929398800    0.0162303180    0.0003905538    
0.2931814700    0.0166696390    0.0003918203    
0.2934230600    0.0164356290    0.0003902200    
0.2936646400    0.0165073060    0.0003883266    
0.2939062300    0.0163792630    0.0003904254    
0.2941478200    0.0158882900    0.0003821023    
0.2943894100    0.0162189530    0.0003879289    
0.2946310000    0.0157007190    0.0003806864    
0.2948725900    0.0162624710    0.0003883039    
0.2951141800    0.0167931480    0.0003938539    
0.2953557600    0.0166372450    0.0003946733    
0.2955973500    0.0156977450    0.0003799448    
0.2958389400    0.0165651980    0.0003895807    
0.2960805300    0.0161492510    0.0003849427    
0.2963221200    0.0165103200    0.0003885050    
0.2965637100    0.0157673550    0.0003795233    
0.2968053000    0.0169167840    0.0003922485    
0.2970468800    0.0168701360    0.0003928603    
0.2972884700    0.0166894080    0.0003896035    
0.2975300600    0.0171077800    0.0003944566    
0.2977716500    0.0162170360    0.0003854649    
0.2980132400    0.0168137310    0.0003933642    
0.2982548300    0.0158944880    0.0003795174    
0.2984964100    0.0166162300    0.0003874732    
0.2987380000    0.0161809030    0.0003832014    
0.2989795900    0.0166523720    0.0003878943    
0.2992211800    0.0162554610    0.0003828260    
0.2994627700    0.0159423720    0.0003802275    
0.2997043600    0.0162066090    0.0003843495    
0.2999459500    0.0165772710    0.0003885772    
0.3001875300    0.0161473310    0.0003829437    
0.3004291200    0.0158637900    0.0003835146    
0.3006707100    0.0164177450    0.0003847322    
0.3009123000    0.0160099130    0.0003817298    
0.3011538900    0.0162387990    0.0003817988    
0.3013954800    0.0164803810    0.0003867313    
0.3016370700    0.0164835080    0.0003864856    
0.3018786500    0.0160666630    0.0003815674    
0.3021202400    0.0162632140    0.0003837543    
0.3023618300    0.0167904970    0.0003916434    
0.3026034200    0.0159981840    0.0003814501    
0.3028450100    0.0167047890    0.0003900689    
0.3030866000    0.0164221410    0.0003871811    
0.3033281900    0.0162672750    0.0003831042    
0.3035697700    0.0164230010    0.0003859164    
0.3038113600    0.0167194810    0.0003896690    
0.3040529500    0.0166972350    0.0003879931    
0.3042945400    0.0160724890    0.0003805272    
0.3045361300    0.0166198750    0.0003893620    
0.3047777200    0.0158713180    0.0003789642    
0.3050193100    0.0164291370    0.0003858476    
0.3052608900    0.0161491770    0.0003835271    
0.3055024800    0.0163754950    0.0003911141    
0.3057440700    0.0163106120    0.0003826421    
0.3059856600    0.0161653030    0.0003817629    
0.3062272500    0.0158944880    0.0003795174    
0.3064688400    0.0161856100    0.0003839595    
0.3067104200    0.0168876270    0.0003890704    
0.3069520100    0.0163084910    0.0003842881    
0.3071936000    0.0164984120    0.0003873678    
0.3074351900    0.0165347520    0.0003882210    
0.3076767800    0.0168144400    0.0003893525    
0.3079183700    0.0165008320    0.0003896868    
0.3081599600    0.0164364120    0.0003889254    
0.3084015400    0.0160312030    0.0003797627    
0.3086431300    0.0152354510    0.0003699494    
0.3088847200    0.0164984120    0.0003873678    
0.3091263100    0.0161065820    0.0003817626    
0.3093679000    0.0166074330    0.0003882191    
0.3096094900    0.0163313970    0.0003830244    
0.3098510800    0.0159264380    0.0003821367    
0.3100926600    0.0160837590    0.0003821891    
0.3103342500    0.0153753830    0.0003736779    
0.3105758400    0.0161078440    0.0003851612    
0.3108174300    0.0163784230    0.0003845506    
0.3110590200    0.0161154580    0.0003832671    
0.3113006100    0.0160413120    0.0003794701    
0.3115422000    0.0163706810    0.0003862901    
0.3117837800    0.0162242150    0.0003831542    
0.3120253700    0.0159553030    0.0003810782    
0.3122669600    0.0167958790    0.0003887144    
0.3125085500    0.0160478730    0.0003827437    
0.3127501400    0.0157162380    0.0003780739    
0.3129917300    0.0159473850    0.0003825292    
0.3132333100    0.0163856270    0.0003867504    
0.3134749000    0.0161737440    0.0003836780    
0.3137164900    0.0161554210    0.0003820626    
0.3139580800    0.0159540650    0.0003795361    
0.3141996700    0.0165650380    0.0003870167    
0.3144412600    0.0159035490    0.0003796256    
0.3146828500    0.0159917100    0.0003815127    
0.3149244300    0.0150692330    0.0003688612    
0.3151660200    0.0159813510    0.0003818092    
0.3154076100    0.0164248060    0.0003877832    
0.3156492000    0.0162083850    0.0003867920    
0.3158907900    0.0161202240    0.0003812302    
0.3161323800    0.0158071360    0.0003776471    
0.3163739700    0.0159360070    0.0003793212    
0.3166155500    0.0160816900    0.0003830060    
0.3168571400    0.0164384490    0.0003855351    
0.3170987300    0.0169556060    0.0003924110    
0.3173403200    0.0167103990    0.0003895632    
0.3175819100    0.0165469010    0.0003885063    
0.3178235000    0.0156296720    0.0003767554    
0.3180650900    0.0162565200    0.0003860764    
0.3183066700    0.0167749450    0.0003911742    
0.3185482600    0.0161117720    0.0003835049    
0.3187898500    0.0155836900    0.0003745603    
0.3190314400    0.0160266260    0.0003813702    
0.3192730300    0.0165620370    0.0003872638    
0.3195146200    0.0165106010    0.0003872273    
0.3197562100    0.0157512540    0.0003773906    
0.3199977900    0.0164259310    0.0003860919    
0.3202393800    0.0161812100    0.0003846134    
0.3204809700    0.0160089590    0.0003831254    
0.3207225600    0.0165133380    0.0003886836    
0.3209641500    0.0163091970    0.0003861314    
0.3212057400    0.0152518740    0.0003712248    
0.3214473200    0.0156812960    0.0003766888    
0.3216889100    0.0157602960    0.0003774989    
0.3219305000    0.0163342200    0.0003858597    
0.3221720900    0.0164499800    0.0003866572    
0.3224136800    0.0156243560    0.0003753210    
0.3226552700    0.0164516000    0.0003893938    
0.3228968600    0.0164408920    0.0003865504    
0.3231384400    0.0162873930    0.0003884563    
0.3233800300    0.0158120740    0.0003779809    
0.3236216200    0.0160975340    0.0003816554    
0.3238632100    0.0155570180    0.0003758787    
0.3241048000    0.0159006930    0.0003804255    
0.3243463900    0.0161982750    0.0003838282    
0.3245879800    0.0159747780    0.0003808921    
0.3248295600    0.0165136850    0.0003869805    
0.3250711500    0.0164139320    0.0003858099    
0.3253127400    0.0161181770    0.0003834402    
0.3255543300    0.0165103200    0.0003885050    
0.3257959200    0.0164451350    0.0003898966    
0.3260375100    0.0159204990    0.0003792746    
0.3262791000    0.0160736250    0.0003824886    
0.3265206800    0.0157223120    0.0003774563    
0.3267622700    0.0160789980    0.0003828333    
0.3270038600    0.0161528000    0.0003832890    
0.3272454500    0.0157791390    0.0003782759    
0.3274870400    0.0161473310    0.0003829437    
0.3277286300    0.0159186750    0.0003816210    
0.3279702200    0.0159748450    0.0003818718    
0.3282118000    0.0161576870    0.0003869064    
0.3284533900    0.0162716540    0.0003842745    
0.3286949800    0.0155670680    0.0003891767    
0.3289365700    0.0161131690    0.0004013271    
0.3291781600    0.0172342170    0.0004186072    
0.3294197500    0.0160777600    0.0004090358    
0.3296613300    0.0155688660    0.0004066212    
0.3299029200    0.0154492130    0.0004055764    
0.3301445100    0.0162169550    0.0004215397    
0.3303861000    0.0163012820    0.0004254600    
0.3306276900    0.0161583270    0.0004268480    
0.3308692800    0.0164438830    0.0004307989    
0.3311108700    0.0163158550    0.0004326732    
0.3313524500    0.0164395520    0.0004392087    
0.3315940400    0.0164281720    0.0004384355    
0.3318356300    0.0152963000    0.0004285502    
0.3320772200    0.0166612500    0.0004476955    
0.3323188100    0.0161403830    0.0004447551    
0.3325604000    0.0160805050    0.0004432735    
0.3328019900    0.0157461280    0.0004432453    
0.3330435700    0.0170336050    0.0004562209    
0.3332851600    0.0166164640    0.0004447295    
0.3335267500    0.0160911080    0.0004240379    
0.3337683400    0.0160352360    0.0004233011    
0.3340099300    0.0167146900    0.0004292880    
0.3342515200    0.0157130770    0.0004122194    
0.3344931100    0.0156984980    0.0004077876    
0.3347346900    0.0158917160    0.0004116970    
0.3349762800    0.0164474150    0.0004166908    
0.3352178700    0.0162701150    0.0004128620    
0.3354594600    0.0161588640    0.0004093804    
0.3357010500    0.0165529820    0.0004153852    
0.3359426400    0.0168643130    0.0004206886    
0.3361842300    0.0161189710    0.0004033526    
0.3364258100    0.0159661160    0.0004007844    
0.3366674000    0.0161563020    0.0004036554    
0.3369089900    0.0161391580    0.0004019743    
0.3371505800    0.0160344550    0.0003998630    
0.3373921700    0.0161822430    0.0004026730    
0.3376337600    0.0161361560    0.0004017750    
0.3378753400    0.0157887420    0.0003975865    
0.3381169300    0.0159249740    0.0003973800    
0.3383585200    0.0167320250    0.0004117892    
0.3386001100    0.0156217130    0.0003920157    
0.3388417000    0.0171606730    0.0004123447    
0.3390832900    0.0161644140    0.0003962628    
0.3393248800    0.0162210020    0.0003999399    
0.3395664600    0.0167068570    0.0004050817    
0.3398080500    0.0162361630    0.0003988615    
0.3400496400    0.0163162330    0.0003984312    
0.3402912300    0.0159742740    0.0003936175    
0.3405328200    0.0163697870    0.0004008160    
0.3407744100    0.0156853910    0.0003925029    
0.3410160000    0.0167367580    0.0004059260    
0.3412575800    0.0161131530    0.0003939423    
0.3414991700    0.0171940740    0.0004066259    
0.3417407600    0.0160985490    0.0003945296    
0.3419823500    0.0163306670    0.0003944559    
0.3422239400    0.0164793140    0.0003979303    
0.3424655300    0.0158804370    0.0003915430    
0.3427071200    0.0163291200    0.0003958066    
0.3429487000    0.0167132550    0.0004009001    
0.3431902900    0.0161391580    0.0003956436    
0.3434318800    0.0159223920    0.0003960843    
0.3436734700    0.0164421650    0.0003951941    
0.3439150600    0.0159604530    0.0003884714    
0.3441566500    0.0167795170    0.0004007638    
0.3443982300    0.0154038230    0.0003835406    
0.3446398200    0.0160717170    0.0003907168    
0.3448814100    0.0163492530    0.0003951355    
0.3451230000    0.0163487820    0.0003955865    
0.3453645900    0.0167699450    0.0004006495    
0.3456061800    0.0160907140    0.0003909477    
0.3458477700    0.0164759920    0.0003981986    
0.3460893500    0.0158136670    0.0003896600    
0.3463309400    0.0163481180    0.0003931609    
0.3465725300    0.0158117570    0.0003868048    
0.3468141200    0.0156852850    0.0003867314    
0.3470557100    0.0160850980    0.0003905807    
0.3472973000    0.0161496380    0.0003922635    
0.3475388900    0.0157560800    0.0003850973    
0.3477804700    0.0157513160    0.0003869507    
0.3480220600    0.0158870580    0.0003887633    
0.3482636500    0.0167333190    0.0003985253    
0.3485052400    0.0158691880    0.0003918617    
0.3487468300    0.0164772250    0.0003950112    
0.3489884200    0.0170702630    0.0004019036    
0.3492300100    0.0169223570    0.0003986424    
0.3494715900    0.0158325970    0.0003882452    
0.3497131800    0.0164809850    0.0003934093    
0.3499547700    0.0159482350    0.0003892129    
0.3501963600    0.0160949200    0.0003892161    
0.3504379500    0.0158306820    0.0003870362    
0.3506795400    0.0158195420    0.0003873432    
0.3509211300    0.0164038280    0.0003951869    
0.3511627100    0.0162735000    0.0003937649    
0.3514043000    0.0162649950    0.0003908229    
0.3516458900    0.0157636970    0.0003856291    
0.3518874800    0.0158236240    0.0003854837    
0.3521290700    0.0153751010    0.0003801249    
0.3523706600    0.0162571680    0.0003917674    
0.3526122400    0.0163361720    0.0003924199    
0.3528538300    0.0155822440    0.0003838410    
0.3530954200    0.0159997410    0.0003895430    
0.3533370100    0.0159672030    0.0003884056    
0.3535786000    0.0163200660    0.0003952389    
0.3538201900    0.0154504910    0.0003804801    
0.3540617800    0.0159185140    0.0003882565    
0.3543033600    0.0153897830    0.0003794456    
0.3545449500    0.0160921320    0.0003890349    
0.3547865400    0.0157334350    0.0003835142    
0.3550281300    0.0166885070    0.0003972328    
0.3552697200    0.0162737530    0.0003913724    
0.3555113100    0.0160022650    0.0003886840    
0.3557529000    0.0163008420    0.0003925920    
0.3559944800    0.0161980080    0.0003889888    
0.3562360700    0.0157100060    0.0003879309    
0.3564776600    0.0157640020    0.0003840312    
0.3567192500    0.0162966860    0.0003909079    
0.3569608400    0.0159711390    0.0003861098    
0.3572024300    0.0157065230    0.0003843455    
0.3574440200    0.0161382220    0.0003885627    
0.3576856000    0.0161353900    0.0003898529    
0.3579271900    0.0160220370    0.0003874536    
0.3581687800    0.0167764160    0.0003979747    
0.3584103700    0.0160435150    0.0003878596    
0.3586519600    0.0157806370    0.0003879051    
0.3588935500    0.0161861830    0.0003901701    
0.3591351400    0.0158622280    0.0003865388    
0.3593767200    0.0161391580    0.0003881355    
0.3596183100    0.0167608250    0.0003949467    
0.3598599000    0.0157434610    0.0003842155    
0.3601014900    0.0157954520    0.0003851404    
0.3603430800    0.0152674050    0.0003785048    
0.3605846700    0.0165810700    0.0003940064    
0.3608262500    0.0155772470    0.0003829056    
0.3610678400    0.0163904530    0.0003920308    
0.3613094300    0.0161733270    0.0003918001    
0.3615510200    0.0164375980    0.0003921502    
0.3617926100    0.0160738170    0.0003873490    
0.3620342000    0.0155184210    0.0003814596    
0.3622757900    0.0159136900    0.0003858502    
0.3625173700    0.0159470810    0.0003865462    
0.3627589600    0.0165936760    0.0003947520    
0.3630005500    0.0160512820    0.0003873688    
0.3632421400    0.0154226710    0.0003795649    
0.3634837300    0.0163049390    0.0003918958    
0.3637253200    0.0160400290    0.0003891423    
0.3639669100    0.0160455510    0.0003895056    
0.3642084900    0.0163758950    0.0003906782    
0.3644500800    0.0161597550    0.0003889684    
0.3646916700    0.0162057820    0.0003899634    
0.3649332600    0.0156900740    0.0003815515    
0.3651748500    0.0159338010    0.0003856583    
0.3654164400    0.0170926170    0.0004010981    
0.3656580300    0.0151829510    0.0003774565    
0.3658996100    0.0159551320    0.0003860615    
0.3661412000    0.0155746810    0.0003821504    
0.3663827900    0.0160492510    0.0003917949    
0.3666243800    0.0157770610    0.0003817527    
0.3668659700    0.0162698390    0.0003897037    
0.3671075600    0.0158804000    0.0003851563    
0.3673491500    0.0162303600    0.0003886466    
0.3675907300    0.0153352990    0.0003794890    
0.3678323200    0.0158157800    0.0003833636    
0.3680739100    0.0153585340    0.0003800639    
0.3683155000    0.0160232370    0.0003870302    
0.3685570900    0.0161606430    0.0003885399    
0.3687986800    0.0161524050    0.0003909493    
0.3690402600    0.0169120080    0.0003997318    
0.3692818500    0.0162682260    0.0003886630    
0.3695234400    0.0160392040    0.0003870773    
0.3697650300    0.0158555250    0.0003839887    
0.3700066200    0.0158976040    0.0003858005    
0.3702482100    0.0152932470    0.0003768365    
0.3704898000    0.0165062750    0.0003926728    
0.3707313800    0.0165811330    0.0003944536    
0.3709729700    0.0160084760    0.0003865609    
0.3712145600    0.0156246300    0.0003840703    
0.3714561500    0.0157524380    0.0003859316    
0.3716977400    0.0160217210    0.0003864304    
0.3719393300    0.0162368020    0.0003885781    
0.3721809200    0.0161988080    0.0003885601    
0.3724225000    0.0162640510    0.0003893418    
0.3726640900    0.0169105320    0.0003971535    
0.3729056800    0.0161643410    0.0003882923    
0.3731472700    0.0151281370    0.0003749370    
0.3733888600    0.0156403180    0.0003829548    
0.3736304500    0.0155019490    0.0003819790    
0.3738720400    0.0166917650    0.0003974230    
0.3741136200    0.0160622690    0.0003880862    
0.3743552100    0.0164128610    0.0003915601    
0.3745968000    0.0154581100    0.0003787206    
0.3748383900    0.0158234340    0.0003838876    
0.3750799800    0.0163386140    0.0003902332    
0.3753215700    0.0168178550    0.0003965108    
0.3755631500    0.0158581040    0.0003841638    
0.3758047400    0.0159271080    0.0003857223    
0.3760463300    0.0163593430    0.0003915108    
0.3762879200    0.0161833280    0.0003899880    
0.3765295100    0.0159090450    0.0003881409    
0.3767711000    0.0160097020    0.0003861404    
0.3770126900    0.0158090280    0.0003834252    
0.3772542700    0.0160442320    0.0003864117    
0.3774958600    0.0162560680    0.0003883725    
0.3777374500    0.0158141210    0.0003837746    
0.3779790400    0.0150362500    0.0003752034    
0.3782206300    0.0162943420    0.0003902906    
0.3784622200    0.0155905990    0.0003810527    
0.3787038100    0.0158398150    0.0003855351    
0.3789453900    0.0158407900    0.0003861311    
0.3791869800    0.0159052020    0.0003873561    
0.3794285700    0.0167761680    0.0003949795    
0.3796701600    0.0158736620    0.0003852195    
0.3799117500    0.0158689490    0.0003838638    
0.3801533400    0.0160419340    0.0003872559    
0.3803949300    0.0162666300    0.0003876305    
0.3806365100    0.0157278150    0.0003825824    
0.3808781000    0.0158741240    0.0003842138    
0.3811196900    0.0158972630    0.0003868188    
0.3813612800    0.0158938480    0.0003850297    
0.3816028700    0.0153844990    0.0003802411    
0.3818444600    0.0153710720    0.0003792149    
0.3820860500    0.0159644450    0.0003841560    
0.3823276300    0.0158442730    0.0003827074    
0.3825692200    0.0157069410    0.0003800561    
0.3828108100    0.0152204300    0.0003735708    
0.3830524000    0.0163896710    0.0003892386    
0.3832939900    0.0161013700    0.0003852267    
0.3835355800    0.0166820140    0.0003921112    
0.3837771600    0.0163144140    0.0003869061    
0.3840187500    0.0162104430    0.0003873930    
0.3842603400    0.0161410160    0.0003872852    
0.3845019300    0.0158930420    0.0003799164    
0.3847435200    0.0158966970    0.0003806568    
0.3849851100    0.0162931960    0.0003865116    
0.3852267000    0.0164887740    0.0003985075    
0.3854682800    0.0162392760    0.0004032192    
0.3857098700    0.0164300640    0.0004102391    
0.3859514600    0.0170100730    0.0004219680    
0.3861930500    0.0151688590    0.0004008496    
0.3864346400    0.0157779620    0.0004130696    
0.3866762300    0.0154526180    0.0004116675    
0.3869178200    0.0164273570    0.0004267206    
0.3871594000    0.0160007120    0.0004261179    
0.3874009900    0.0158835600    0.0004257241    
0.3876425800    0.0159816570    0.0004302117    
0.3878841700    0.0158366720    0.0004300650    
0.3881257600    0.0160445690    0.0004355501    
0.3883673500    0.0165050020    0.0004449450    
0.3886089400    0.0153151490    0.0004311134    
0.3888505200    0.0156714620    0.0004380307    
0.3890921100    0.0157443120    0.0004414486    
0.3893337000    0.0156038430    0.0004443754    
0.3895752900    0.0157287320    0.0004477505    
0.3898168800    0.0157472370    0.0004298610    
0.3900584700    0.0159424210    0.0004245655    
0.3903000600    0.0151448550    0.0004124964    
0.3905416400    0.0161490720    0.0004217748    
0.3907832300    0.0162093470    0.0004216269    
0.3910248200    0.0152352780    0.0004073254    
0.3912664100    0.0151243880    0.0004040720    
0.3915080000    0.0156333720    0.0004088641    
0.3917495900    0.0154887590    0.0004087327    
0.3919911700    0.0152613590    0.0004064280    
0.3922327600    0.0166401400    0.0004171785    
0.3924743500    0.0164194900    0.0004159833    
0.3927159400    0.0164591680    0.0004142064    
0.3929575300    0.0160704800    0.0004120636    
0.3931991200    0.0157016060    0.0004054137    
0.3934407100    0.0172032780    0.0004236438    
0.3936822900    0.0159858110    0.0004097579    
0.3939238800    0.0156368820    0.0004057765    
0.3941654700    0.0160054280    0.0004105306    
0.3944070600    0.0161899160    0.0004137681    
0.3946486500    0.0159435830    0.0004116615    
0.3948902400    0.0161234430    0.0004109968    
0.3951318300    0.0166610580    0.0004174406    
0.3953734100    0.0158673560    0.0004080644    
0.3956150000    0.0157900260    0.0004081050    
0.3958565900    0.0152667710    0.0004000981    
0.3960981800    0.0154154050    0.0004035778    
0.3963397700    0.0160361440    0.0004126781    
0.3965813600    0.0156856850    0.0004081438    
0.3968229500    0.0156440650    0.0004090039    
0.3970645300    0.0154458670    0.0004074590    
0.3973061200    0.0151723840    0.0004019263    
0.3975477100    0.0166164850    0.0004193622    
0.3977893000    0.0153371060    0.0004044492    
0.3980308900    0.0159891590    0.0004124261    
0.3982724800    0.0159023820    0.0004118351    
0.3985140700    0.0155851380    0.0004078817    
0.3987556500    0.0158317350    0.0004118047    
0.3989972400    0.0158549650    0.0004115744    
0.3992388300    0.0163619310    0.0004206444    
0.3994804200    0.0160451560    0.0004163712    
0.3997220100    0.0157042050    0.0004142739    
0.3999636000    0.0159679200    0.0004133938    
0.4002051800    0.0167582740    0.0004255233    
0.4004467700    0.0163070400    0.0004175805    
0.4006883600    0.0159927830    0.0004164166    
0.4009299500    0.0158114260    0.0004142297    
0.4011715400    0.0159618040    0.0004167417    
0.4014131300    0.0156410420    0.0004128951    
0.4016547200    0.0153527440    0.0004117927    
0.4018963000    0.0150554710    0.0004061636    
0.4021378900    0.0159809090    0.0004220140    
0.4023794800    0.0159101480    0.0004175331    
0.4026210700    0.0158754820    0.0004176312    
0.4028626600    0.0161708220    0.0004201986    
0.4031042500    0.0156174750    0.0004145907    
0.4033458400    0.0148250450    0.0004039357    
0.4035874200    0.0160575850    0.0004235960    
0.4038290100    0.0159396350    0.0004203383    
0.4040706000    0.0154850480    0.0004150428    
0.4043121900    0.0161570850    0.0004254812    
0.4045537800    0.0155015220    0.0004178930    
0.4047953700    0.0163933800    0.0004323038    
0.4050369600    0.0165715560    0.0004297420    
0.4052785400    0.0159056800    0.0004225395    
0.4055201300    0.0156782310    0.0004193180    
0.4057617200    0.0159244840    0.0004252961    
0.4060033100    0.0160258890    0.0004239416    
0.4062449000    0.0160057760    0.0004271626    
0.4064864900    0.0151293950    0.0004145429    
0.4067280800    0.0162364160    0.0004310215    
0.4069696600    0.0155414960    0.0004234567    
0.4072112500    0.0157160340    0.0004274198    
0.4074528400    0.0159301040    0.0004313318    
0.4076944300    0.0157176340    0.0004260476    
0.4079360200    0.0162240640    0.0004314544    
0.4081776100    0.0159089120    0.0004290315    
0.4084191900    0.0160265070    0.0004314191    
0.4086607800    0.0162648030    0.0004329974    
0.4089023700    0.0161543980    0.0004351772    
0.4091439600    0.0148835760    0.0004183025    
0.4093855500    0.0158757430    0.0004330464    
0.4096271400    0.0159312550    0.0004350464    
0.4098687300    0.0165407390    0.0004500152    
0.4101103100    0.0167943470    0.0004428776    
0.4103519000    0.0149238450    0.0004212684    
0.4105934900    0.0158738040    0.0004336393    
0.4108350800    0.0163414810    0.0004423083    
0.4110766700    0.0156440030    0.0004325577    
0.4113182600    0.0157775630    0.0004360840    
0.4115598500    0.0156549460    0.0004358698    
0.4118014300    0.0158639540    0.0004404955    
0.4120430200    0.0162981340    0.0004447335    
0.4122846100    0.0156512150    0.0004397033    
0.4125262000    0.0160824410    0.0004502219    
0.4127677900    0.0160139160    0.0004412703    
0.4130093800    0.0163158100    0.0004473864    
0.4132509700    0.0157491210    0.0004402013    
0.4134925500    0.0151874440    0.0004355298    
0.4137341400    0.0159032780    0.0004443366    
0.4139757300    0.0156976610    0.0004443525    
0.4142173200    0.0161628170    0.0004486211    
0.4144589100    0.0160362310    0.0004514115    
0.4147005000    0.0153380840    0.0004405750    
0.4149420800    0.0153736890    0.0004447277    
0.4151836700    0.0151169170    0.0004389559    
0.4154252600    0.0153957830    0.0004400592    
0.4156668500    0.0165777620    0.0004532083    
0.4159084400    0.0161936730    0.0004479273    
0.4161500300    0.0163682390    0.0004489929    
0.4163916200    0.0150062820    0.0004303346    
0.4166332000    0.0150392880    0.0004284715    
0.4168747900    0.0158248450    0.0004382286    
0.4171163800    0.0154194990    0.0004366536    
0.4173579700    0.0159635460    0.0004412244    
0.4175995600    0.0151442180    0.0004364491    
0.4178411500    0.0165894960    0.0004493505    
0.4180827400    0.0157359540    0.0004391477    
0.4183243200    0.0160146400    0.0004443371    
0.4185659100    0.0158625860    0.0004435460    
0.4188075000    0.0155989550    0.0004396253    
0.4190490900    0.0148524480    0.0004320055    
0.4192906800    0.0161893180    0.0004505733    
0.4195322700    0.0147600260    0.0004337434    
0.4197738600    0.0153973320    0.0004430085    
0.4200154400    0.0152067540    0.0004443836    
0.4202570300    0.0162055950    0.0004594675    
0.4204986200    0.0156533640    0.0004485223    
0.4207402100    0.0151113270    0.0004436838    
0.4209818000    0.0168199660    0.0004661435    
0.4212233900    0.0161130210    0.0004588761    
0.4214649800    0.0156859210    0.0004539498    
0.4217065600    0.0163636790    0.0004648848    
0.4219481500    0.0154187310    0.0004527095    
0.4221897400    0.0160882120    0.0004644267    
0.4224313300    0.0156409350    0.0004614267    
0.4226729200    0.0154500580    0.0004596115    
0.4229145100    0.0166767170    0.0004788287    
0.4231560900    0.0160027320    0.0004672455    
0.4233976800    0.0167263600    0.0004784822    
0.4236392700    0.0154356560    0.0004614345    
0.4238808600    0.0157614390    0.0004678406    
0.4241224500    0.0162378640    0.0004751246    
0.4243640400    0.0156490650    0.0004701306    
0.4246056300    0.0154226500    0.0004677828    
0.4248472100    0.0154109030    0.0004700281    
0.4250888000    0.0166588440    0.0004903904    
0.4253303900    0.0157491500    0.0004841883    
0.4255719800    0.0157282270    0.0004770512    
0.4258135700    0.0160302560    0.0004824540    
0.4260551600    0.0158140100    0.0004834484    
0.4262967500    0.0163575510    0.0004896505    
0.4265383300    0.0154438130    0.0004800477    
0.4267799200    0.0168743990    0.0005042191    
0.4270215100    0.0164030460    0.0004959248    
0.4272631000    0.0158437140    0.0004924780    
0.4275046900    0.0150397430    0.0004819045    
0.4277462800    0.0153330670    0.0004918084    
0.4279878700    0.0163133150    0.0005105395    
0.4282294500    0.0160532690    0.0005006877    
0.4284710400    0.0159348640    0.0005004139    
0.4287126300    0.0158323660    0.0005016677    
0.4289542200    0.0152661210    0.0004945182    
0.4291958100    0.0160518660    0.0005093906    
0.4294374000    0.0160370740    0.0005138610    
0.4296789900    0.0158987140    0.0005099515    
0.4299205700    0.0162243730    0.0005206649    
0.4301621600    0.0155354740    0.0005147132    
0.4304037500    0.0161460360    0.0005269060    
0.4306453400    0.0157382280    0.0005260710    
0.4308869300    0.0156511300    0.0005176934    
0.4311285200    0.0151543010    0.0005126019    
0.4313701000    0.0157382280    0.0005260710    
0.4316116900    0.0156564610    0.0005280793    
0.4318532800    0.0154781130    0.0005265761    
0.4320948700    0.0152824680    0.0005266686    
0.4323364600    0.0165714560    0.0005533048    
0.4325780500    0.0153501490    0.0005357239    
0.4328196400    0.0153615730    0.0005404182    
0.4330612200    0.0160430560    0.0005609323    
0.4333028100    0.0171971430    0.0005793865    
0.4335444000    0.0151304600    0.0005417574    
0.4337859900    0.0147682410    0.0005381846    
0.4340275800    0.0150252190    0.0005471862    
0.4342691700    0.0155641380    0.0005623552    
0.4345107600    0.0160236720    0.0005748460    
0.4347523400    0.0159766830    0.0005768846    
0.4349939300    0.0153595290    0.0005704386    
0.4352355200    0.0163420700    0.0005971262    
0.4354771100    0.0150353790    0.0005778565    
0.4357187000    0.0142445210    0.0005743945    
0.4359602900    0.0159682300    0.0005992770    
0.4362018800    0.0160271280    0.0006053363    
0.4364434600    0.0155242220    0.0006002011    
0.4366850500    0.0152686990    0.0006026075    
0.4369266400    0.0150645220    0.0006079546    
0.4371682300    0.0160501280    0.0006300226    
0.4374098200    0.0161366080    0.0006413726    
0.4376514100    0.0157340450    0.0006412718    
0.4378930000    0.0157737020    0.0006510504    
0.4381345800    0.0152539810    0.0006516178    
0.4383761700    0.0173053900    0.0007076700    
0.4386177600    0.0153786150    0.0006557464    
0.4388593500    0.0166201930    0.0006919077    
0.4391009400    0.0150644050    0.0006696945    
0.4393425300    0.0161452730    0.0007026328    
0.4395841100    0.0156298350    0.0007053646    
0.4398257000    0.0166197280    0.0007447478    
0.4400672900    0.0170050590    0.0007689954    
0.4403088800    0.0148092700    0.0007386193    
0.4405504700    0.0161588640    0.0007980294    
0.4407920600    0.0175768780    0.0008659506    
0.4410336500    0.0162068740    0.0008553661    
0.4412752300    0.0151887250    0.0008310901    
0.4415168200    0.0150283650    0.0008691128    
0.4417584100    0.0164912170    0.0012360690    
0.4420000000    0.0136990200    0.0017123775    