# Diamond Light Source Ltd.
# Data extracted from: /dls/b21/data/2017/mx13440-2/processed/b21-369037_00058.dat
q(1/A)          Column          Error           
0.0040000000    0.8054671400    0.0208387920    
0.0042415885    0.8970992900    0.0206845520    
0.0044831771    0.6832453200    0.0168050670    
0.0047247656    0.5293291200    0.0143218930    
0.0049663541    0.4364145100    0.0122605760    
0.0052079426    0.3647087200    0.0115331020    
0.0054495312    0.2793121700    0.0093052377    
0.0056911197    0.2813444100    0.0088049202    
0.0059327082    0.2154861200    0.0077057680    
0.0061742967    0.1700584700    0.0065601478    
0.0064158853    0.1550012100    0.0062000483    
0.0066574738    0.1328581800    0.0054239124    
0.0068990623    0.1192663800    0.0051854949    
0.0071406509    0.0952849520    0.0045528911    
0.0073822394    0.0845645930    0.0041461203    
0.0076238279    0.0840881550    0.0040363606    
0.0078654164    0.0700005450    0.0037416865    
0.0081070050    0.0686498100    0.0035124298    
0.0083485935    0.0608275010    0.0031926158    
0.0085901820    0.0626799400    0.0032629873    
0.0088317705    0.0549147130    0.0029737985    
0.0090733591    0.0511901420    0.0028527151    
0.0093149476    0.0481241840    0.0026653521    
0.0095565361    0.0465003620    0.0026199986    
0.0097981247    0.0413336550    0.0024701584    
0.0100397130    0.0439514530    0.0024608090    
0.0102813020    0.0370561020    0.0023114962    
0.0105228900    0.0384656060    0.0022061538    
0.0107644790    0.0330669240    0.0020666828    
0.0110060670    0.0370775160    0.0021335713    
0.0112476560    0.0334316330    0.0020160033    
0.0114892440    0.0338935970    0.0020006758    
0.0117308330    0.0339247920    0.0019921324    
0.0119724210    0.0284405880    0.0017987407    
0.0122140100    0.0301623970    0.0018356250    
0.0124555980    0.0274273320    0.0016977092    
0.0126971870    0.0293804090    0.0018116736    
0.0129387760    0.0260002020    0.0016124641    
0.0131803640    0.0288302240    0.0017260204    
0.0134219530    0.0275878120    0.0016284570    
0.0136635410    0.0265439570    0.0016035791    
0.0139051300    0.0248001930    0.0015500121    
0.0141467180    0.0247076550    0.0015120839    
0.0143883070    0.0257886070    0.0015222533    
0.0146298950    0.0274958660    0.0015718341    
0.0148714840    0.0230678270    0.0014502618    
0.0151130720    0.0232836350    0.0014412208    
0.0153546610    0.0224028410    0.0013608757    
0.0155962490    0.0223539160    0.0013731901    
0.0158378380    0.0219014690    0.0013279716    
0.0160794260    0.0243975930    0.0014016051    
0.0163210150    0.0239529820    0.0013582490    
0.0165626030    0.0231201800    0.0013600106    
0.0168041920    0.0203450690    0.0012290905    
0.0170457800    0.0223953260    0.0012973264    
0.0172873690    0.0201223120    0.0012223434    
0.0175289580    0.0212782720    0.0012495032    
0.0177705460    0.0240207580    0.0013046285    
0.0180121350    0.0220292220    0.0012353374    
0.0182537230    0.0221575500    0.0012253153    
0.0184953120    0.0223066950    0.0012260869    
0.0187369000    0.0216327770    0.0012074239    
0.0189784890    0.0216042920    0.0011751186    
0.0192200770    0.0216342110    0.0011945495    
0.0194616660    0.0189759050    0.0010901373    
0.0197032540    0.0218114520    0.0011777077    
0.0199448430    0.0216842710    0.0011742691    
0.0201864310    0.0231718980    0.0012046496    
0.0204280200    0.0210079310    0.0011245287    
0.0206696080    0.0200039290    0.0010816886    
0.0209111970    0.0210129720    0.0011329435    
0.0211527850    0.0199205250    0.0010693898    
0.0213943740    0.0189750310    0.0010461273    
0.0216359620    0.0181635220    0.0010283069    
0.0218775510    0.0194941050    0.0010603395    
0.0221191400    0.0179050720    0.0009978107    
0.0223607280    0.0218373380    0.0010946069    
0.0226023170    0.0204921780    0.0010922368    
0.0228439050    0.0189460700    0.0010041397    
0.0230854940    0.0207198190    0.0010478463    
0.0233270820    0.0191014250    0.0010039486    
0.0235686710    0.0195087730    0.0010211358    
0.0238102590    0.0170117030    0.0009336385    
0.0240518480    0.0205993440    0.0010210716    
0.0242934360    0.0184438410    0.0009802791    
0.0245350250    0.0198198260    0.0010036159    
0.0247766130    0.0192778830    0.0009837703    
0.0250182020    0.0186513850    0.0009775982    
0.0252597900    0.0194300730    0.0009739415    
0.0255013790    0.0182637080    0.0009369085    
0.0257429670    0.0180935260    0.0009343457    
0.0259845560    0.0201796250    0.0009754190    
0.0262261450    0.0201263110    0.0009797335    
0.0264677330    0.0192527810    0.0009473674    
0.0267093220    0.0186919970    0.0009265279    
0.0269509100    0.0194128850    0.0009495153    
0.0271924990    0.0190348350    0.0009332595    
0.0274340870    0.0183225310    0.0009207418    
0.0276756760    0.0201893270    0.0009506783    
0.0279172640    0.0181987030    0.0009009700    
0.0281588530    0.0174036440    0.0008701822    
0.0284004410    0.0185115730    0.0009054306    
0.0286420300    0.0204111550    0.0009326095    
0.0288836180    0.0172296080    0.0008658204    
0.0291252070    0.0183287620    0.0008747841    
0.0293667950    0.0181725550    0.0008814984    
0.0296083840    0.0195395460    0.0009032158    
0.0298499720    0.0187472650    0.0008877087    
0.0300915610    0.0177024950    0.0008597091    
0.0303331490    0.0175325870    0.0008484614    
0.0305747380    0.0179201400    0.0008466470    
0.0308163270    0.0195201520    0.0008836358    
0.0310579150    0.0182164280    0.0008577781    
0.0312995040    0.0185206570    0.0008579529    
0.0315410920    0.0180687120    0.0008433753    
0.0317826810    0.0181894160    0.0008435140    
0.0320242690    0.0196942710    0.0008695233    
0.0322658580    0.0199428300    0.0008874443    
0.0325074460    0.0188099930    0.0008471595    
0.0327490350    0.0177848480    0.0008212280    
0.0329906230    0.0180803800    0.0008193002    
0.0332322120    0.0173225590    0.0008067920    
0.0334738000    0.0192402680    0.0008389155    
0.0337153890    0.0180895530    0.0008122449    
0.0339569770    0.0183258060    0.0008187367    
0.0341985660    0.0186001450    0.0008260614    
0.0344401540    0.0191183040    0.0008265564    
0.0346817430    0.0191274220    0.0008339952    
0.0349233310    0.0194652680    0.0008376518    
0.0351649200    0.0186175120    0.0008041540    
0.0354065090    0.0181259200    0.0007979491    
0.0356480970    0.0203593870    0.0008339530    
0.0358896860    0.0185826800    0.0008056613    
0.0361312740    0.0183113750    0.0007887268    
0.0363728630    0.0192590060    0.0008066710    
0.0366144510    0.0179303340    0.0007847894    
0.0368560400    0.0172001340    0.0007571937    
0.0370976280    0.0180706640    0.0007856811    
0.0373392170    0.0183655480    0.0007845373    
0.0375808050    0.0172879650    0.0007530756    
0.0378223940    0.0164022440    0.0007335307    
0.0380639820    0.0178561390    0.0007684059    
0.0383055710    0.0185365550    0.0007677057    
0.0385471590    0.0176228760    0.0007514420    
0.0387887480    0.0190845240    0.0007850324    
0.0390303360    0.0191207600    0.0007767278    
0.0392719250    0.0178448090    0.0007494115    
0.0395135140    0.0179706980    0.0007520503    
0.0397551020    0.0186819400    0.0007818148    
0.0399966910    0.0196461190    0.0007717724    
0.0402382790    0.0181232180    0.0007467542    
0.0404798680    0.0182211690    0.0007432570    
0.0407214560    0.0188320670    0.0007631139    
0.0409630450    0.0177614910    0.0007293770    
0.0412046330    0.0185243500    0.0007494150    
0.0414462220    0.0180337940    0.0007331780    
0.0416878100    0.0179905480    0.0007314198    
0.0419293990    0.0184221530    0.0007392555    
0.0421709870    0.0176428930    0.0007208690    
0.0424125760    0.0170687180    0.0007124345    
0.0426541640    0.0178792090    0.0007180463    
0.0428957530    0.0177763620    0.0007168121    
0.0431373410    0.0195517800    0.0007508816    
0.0433789300    0.0185432640    0.0007262103    
0.0436205180    0.0191663590    0.0007366230    
0.0438621070    0.0189414320    0.0007339656    
0.0441036960    0.0182037950    0.0007178876    
0.0443452840    0.0176666540    0.0007016325    
0.0445868730    0.0183726200    0.0007228611    
0.0448284610    0.0185585340    0.0007175144    
0.0450700500    0.0192231160    0.0007551553    
0.0453116380    0.0184511050    0.0007416125    
0.0455532270    0.0180795300    0.0007552832    
0.0457948150    0.0175300860    0.0007427736    
0.0460364040    0.0179042210    0.0007525705    
0.0462779920    0.0191875180    0.0007912799    
0.0465195810    0.0185022490    0.0007770214    
0.0467611690    0.0186823740    0.0007838950    
0.0470027580    0.0187810480    0.0007859624    
0.0472443460    0.0188056710    0.0008026065    
0.0474859350    0.0173801890    0.0007621717    
0.0477275230    0.0185491860    0.0007938319    
0.0479691120    0.0181232180    0.0007857412    
0.0482107000    0.0172976140    0.0007751246    
0.0484522890    0.0167624570    0.0007588008    
0.0486938780    0.0174506980    0.0007796397    
0.0489354660    0.0188103160    0.0008117251    
0.0491770550    0.0190302060    0.0008258406    
0.0494186430    0.0191857050    0.0008129244    
0.0496602320    0.0197555340    0.0008018524    
0.0499018200    0.0179042210    0.0007525705    
0.0501434090    0.0173295180    0.0007284140    
0.0503849970    0.0178345210    0.0007317593    
0.0506265860    0.0179638630    0.0007291307    
0.0508681740    0.0171783840    0.0007096325    
0.0511097630    0.0184694650    0.0007323619    
0.0513513510    0.0184182020    0.0007180163    
0.0515929400    0.0183544550    0.0007283743    
0.0518345280    0.0179983340    0.0007097850    
0.0520761170    0.0185285510    0.0007284325    
0.0523177050    0.0186810150    0.0007096331    
0.0525592940    0.0160669420    0.0006706212    
0.0528008830    0.0174716560    0.0006811161    
0.0530424710    0.0175044470    0.0006839553    
0.0532840600    0.0181110150    0.0006919863    
0.0535256480    0.0163660120    0.0006578056    
0.0537672370    0.0193670270    0.0007095530    
0.0540088250    0.0174123460    0.0006742087    
0.0542504140    0.0185343270    0.0006985387    
0.0544920020    0.0176552520    0.0006760546    
0.0547335910    0.0192124950    0.0007001423    
0.0549751790    0.0183470820    0.0006813935    
0.0552167680    0.0179027980    0.0006737807    
0.0554583560    0.0189225470    0.0006850422    
0.0556999450    0.0181687300    0.0006692538    
0.0559415330    0.0184001430    0.0006782383    
0.0561831220    0.0181590350    0.0006670888    
0.0564247100    0.0185879640    0.0006729295    
0.0566662990    0.0163884320    0.0006293939    
0.0569078870    0.0175524230    0.0006578049    
0.0571494760    0.0184672000    0.0006681199    
0.0573910650    0.0183071370    0.0006550809    
0.0576326530    0.0159463810    0.0006160625    
0.0578742420    0.0181378090    0.0006557738    
0.0581158300    0.0175648650    0.0006392509    
0.0583574190    0.0185653780    0.0006559754    
0.0585990070    0.0174163930    0.0006389455    
0.0588405960    0.0181447740    0.0006509401    
0.0590821840    0.0181990330    0.0006458595    
0.0593237730    0.0182774660    0.0006490518    
0.0595653610    0.0190645680    0.0006653580    
0.0598069500    0.0182223640    0.0006363526    
0.0600485380    0.0175892670    0.0006285891    
0.0602901270    0.0179137510    0.0006349361    
0.0605317150    0.0183441280    0.0006390480    
0.0607733040    0.0174969330    0.0006213343    
0.0610148920    0.0182210050    0.0006374723    
0.0612564810    0.0176165360    0.0006240097    
0.0614980690    0.0182532890    0.0006290499    
0.0617396580    0.0183167790    0.0006443820    
0.0619812470    0.0179213070    0.0006368059    
0.0622228350    0.0182314930    0.0006382299    
0.0624644240    0.0172235800    0.0006159140    
0.0627060120    0.0188239730    0.0006491025    
0.0629476010    0.0177953850    0.0006351445    
0.0631891890    0.0175033850    0.0006259198    
0.0634307780    0.0179235740    0.0006305491    
0.0636723660    0.0178029960    0.0006278632    
0.0639139550    0.0186663380    0.0006417619    
0.0641555430    0.0175416000    0.0006155895    
0.0643971320    0.0185450820    0.0006391057    
0.0646387200    0.0188124750    0.0006320175    
0.0648803090    0.0174983940    0.0006148309    
0.0651218970    0.0192751920    0.0006327392    
0.0653634860    0.0193171570    0.0006382568    
0.0656050740    0.0173937060    0.0006041084    
0.0658466630    0.0171773530    0.0005973151    
0.0660882520    0.0186621450    0.0006210373    
0.0663298400    0.0181024820    0.0006126762    
0.0665714290    0.0166703280    0.0005850138    
0.0668130170    0.0186208120    0.0006203492    
0.0670546060    0.0181405040    0.0006087554    
0.0672961940    0.0184583140    0.0006115512    
0.0675377830    0.0182413000    0.0006030388    
0.0677793710    0.0180144730    0.0006031692    
0.0680209600    0.0185508600    0.0006047408    
0.0682625480    0.0180077840    0.0005962973    
0.0685041370    0.0178153290    0.0005912224    
0.0687457250    0.0171383450    0.0005878404    
0.0689873140    0.0188544050    0.0006072595    
0.0692289020    0.0180916240    0.0005948489    
0.0694704910    0.0171648580    0.0005789563    
0.0697120790    0.0175425470    0.0005834564    
0.0699536680    0.0177284160    0.0005893125    
0.0701952560    0.0181307410    0.0005954916    
0.0704368450    0.0178915680    0.0005934259    
0.0706784340    0.0176570950    0.0005952206    
0.0709200220    0.0177820140    0.0005920763    
0.0711616110    0.0176750580    0.0005898243    
0.0714031990    0.0191001490    0.0006180663    
0.0716447880    0.0191454260    0.0006218145    
0.0718863760    0.0181776380    0.0005976770    
0.0721279650    0.0188797740    0.0006034002    
0.0723695530    0.0180087560    0.0005861351    
0.0726111420    0.0188126080    0.0006027948    
0.0728527300    0.0180467370    0.0005818501    
0.0730943190    0.0179344950    0.0005840275    
0.0733359070    0.0181492320    0.0005839420    
0.0735774960    0.0180984620    0.0005853461    
0.0738190840    0.0181089600    0.0005793570    
0.0740606730    0.0170361690    0.0005631984    
0.0743022610    0.0185348810    0.0005878907    
0.0745438500    0.0181658640    0.0005794011    
0.0747854380    0.0176859770    0.0005658245    
0.0750270270    0.0181034050    0.0005771155    
0.0752686160    0.0177118600    0.0005637747    
0.0755102040    0.0179072510    0.0005676980    
0.0757517930    0.0180744100    0.0005724223    
0.0759933810    0.0189689860    0.0005772079    
0.0762349700    0.0172303670    0.0005572699    
0.0764765580    0.0185559220    0.0005729211    
0.0767181470    0.0176035510    0.0005572307    
0.0769597350    0.0184264740    0.0005656979    
0.0772013240    0.0180207820    0.0005582642    
0.0774429120    0.0182233460    0.0005586725    
0.0776845010    0.0181245250    0.0005548613    
0.0779260890    0.0188839200    0.0005698899    
0.0781676780    0.0186595160    0.0005626056    
0.0784092660    0.0186171780    0.0005631237    
0.0786508550    0.0192536630    0.0005680066    
0.0788924430    0.0179511040    0.0005537195    
0.0791340320    0.0184485130    0.0005575121    
0.0793756210    0.0179733640    0.0005517873    
0.0796172090    0.0183428470    0.0005518050    
0.0798587980    0.0184056000    0.0005580017    
0.0801003860    0.0181777980    0.0005541600    
0.0803419750    0.0185590850    0.0005520995    
0.0805835630    0.0184916650    0.0005555282    
0.0808251520    0.0191910220    0.0005651757    
0.0810667400    0.0182422900    0.0005510285    
0.0813083290    0.0176656680    0.0005358155    
0.0815499170    0.0187591200    0.0005602859    
0.0817915060    0.0182286370    0.0005486175    
0.0820330940    0.0180585500    0.0005403265    
0.0822746830    0.0179419480    0.0005399892    
0.0825162710    0.0183102720    0.0005430184    
0.0827578600    0.0191431560    0.0005570428    
0.0829994480    0.0182763210    0.0005373065    
0.0832410370    0.0181555520    0.0005417758    
0.0834826250    0.0180393760    0.0005338122    
0.0837242140    0.0174828770    0.0005245125    
0.0839658030    0.0182996320    0.0005379918    
0.0842073910    0.0190166250    0.0005466895    
0.0844489800    0.0184216700    0.0005346920    
0.0846905680    0.0179961940    0.0005245567    
0.0849321570    0.0187174220    0.0005410021    
0.0851737450    0.0185772660    0.0005323021    
0.0854153340    0.0179747350    0.0005268488    
0.0856569220    0.0181888390    0.0005263842    
0.0858985110    0.0181411700    0.0005312709    
0.0861400990    0.0181888390    0.0005263842    
0.0863816880    0.0181857850    0.0005282906    
0.0866232760    0.0179372470    0.0005289405    
0.0868648650    0.0183266130    0.0005277261    
0.0871064530    0.0192193850    0.0005420906    
0.0873480420    0.0184647070    0.0005271329    
0.0875896300    0.0184338020    0.0005279746    
0.0878312190    0.0177251990    0.0005170972    
0.0880728080    0.0181278320    0.0005213540    
0.0883143960    0.0185252650    0.0005267197    
0.0885559850    0.0187208270    0.0005314215    
0.0887975730    0.0190931610    0.0005340875    
0.0890391620    0.0183682970    0.0005241670    
0.0892807500    0.0184739160    0.0005237798    
0.0895223390    0.0176025210    0.0005100573    
0.0897639270    0.0184688500    0.0005190665    
0.0900055160    0.0187027460    0.0005235764    
0.0902471040    0.0181789260    0.0005183411    
0.0904886930    0.0186437050    0.0005202951    
0.0907302810    0.0187071650    0.0005166621    
0.0909718700    0.0173069290    0.0005057566    
0.0912134580    0.0187074120    0.0005172611    
0.0914550470    0.0185634580    0.0005219316    
0.0916966350    0.0175203210    0.0005005806    
0.0919382240    0.0185497380    0.0005168682    
0.0921798120    0.0184152810    0.0005117331    
0.0924214010    0.0179460110    0.0005051708    
0.0926629900    0.0184736130    0.0005096290    
0.0929045780    0.0184996810    0.0005152735    
0.0931461670    0.0178146180    0.0004998902    
0.0933877550    0.0189309080    0.0005161908    
0.0936293440    0.0185150180    0.0005125295    
0.0938709320    0.0184447910    0.0005103900    
0.0941125210    0.0187113560    0.0005100148    
0.0943541090    0.0187947650    0.0005111502    
0.0945956980    0.0182444620    0.0005044605    
0.0948372860    0.0195253190    0.0005192463    
0.0950788750    0.0190189740    0.0005110486    
0.0953204630    0.0189046110    0.0005114962    
0.0955620520    0.0186070410    0.0005066072    
0.0958036400    0.0177670990    0.0004925812    
0.0960452290    0.0174529990    0.0004882077    
0.0962868170    0.0184623660    0.0005043534    
0.0965284060    0.0188732750    0.0005076837    
0.0967699940    0.0189688700    0.0005089678    
0.0970115830    0.0198642320    0.0005154761    
0.0972531720    0.0187549780    0.0005025057    
0.0974947600    0.0187009040    0.0005012368    
0.0977363490    0.0184001430    0.0004953152    
0.0979779370    0.0189964640    0.0005051822    
0.0982195260    0.0192053560    0.0005082276    
0.0984611140    0.0189656350    0.0005020598    
0.0987027030    0.0198987590    0.0005148144    
0.0989442910    0.0192401500    0.0005064951    
0.0991858800    0.0198189580    0.0005124069    
0.0994274680    0.0192700650    0.0005031160    
0.0996690570    0.0200578360    0.0005097986    
0.0999106450    0.0196400680    0.0005084621    
0.1001522300    0.0193192730    0.0005003247    
0.1003938200    0.0198923650    0.0005095584    
0.1006354100    0.0207099730    0.0005177493    
0.1008770000    0.0203028830    0.0005137090    
0.1011185900    0.0202898850    0.0005135446    
0.1013601800    0.0207753720    0.0005201977    
0.1016017700    0.0214592340    0.0005251169    
0.1018433500    0.0203936580    0.0005234308    
0.1020849400    0.0213204330    0.0005425907    
0.1023265300    0.0199607890    0.0005291457    
0.1025681200    0.0217730700    0.0005498531    
0.1028097100    0.0214105470    0.0005533716    
0.1030513000    0.0208252490    0.0005476537    
0.1032928800    0.0228191130    0.0005786734    
0.1035344700    0.0225858900    0.0005680300    
0.1037760600    0.0218886090    0.0005687752    
0.1040176500    0.0223708470    0.0005774204    
0.1042592400    0.0213965390    0.0005664108    
0.1045008300    0.0212001650    0.0005604275    
0.1047424200    0.0214060060    0.0005682566    
0.1049840000    0.0216011510    0.0005736391    
0.1052255900    0.0209529440    0.0005667099    
0.1054671800    0.0196826930    0.0005458997    
0.1057087700    0.0190451980    0.0005406293    
0.1059503600    0.0193732180    0.0005473010    
0.1061919500    0.0192409970    0.0005450904    
0.1064335400    0.0205541880    0.0005495301    
0.1066751200    0.0189422160    0.0005195990    
0.1069167100    0.0184796870    0.0005117476    
0.1071583000    0.0187520390    0.0005088603    
0.1073998900    0.0189567850    0.0005099301    
0.1076414800    0.0183009280    0.0005046732    
0.1078830700    0.0187015630    0.0005028829    
0.1081246600    0.0178473800    0.0004942375    
0.1083662400    0.0181930370    0.0004927848    
0.1086078300    0.0185524000    0.0005030726    
0.1088494200    0.0187396960    0.0004990603    
0.1090910100    0.0185604860    0.0004953427    
0.1093326000    0.0179199710    0.0004841467    
0.1095741900    0.0180018370    0.0004865361    
0.1098157700    0.0188837230    0.0004933655    
0.1100573600    0.0188748310    0.0004968782    
0.1102989500    0.0184395220    0.0004867699    
0.1105405400    0.0192291350    0.0004968255    
0.1107821300    0.0187621110    0.0004930573    
0.1110237200    0.0194132660    0.0004966346    
0.1112653100    0.0190411520    0.0004969700    
0.1115068900    0.0179448550    0.0004755377    
0.1117484800    0.0179656920    0.0004750901    
0.1119900700    0.0186063760    0.0004815395    
0.1122316600    0.0184746380    0.0004815285    
0.1124732500    0.0194504020    0.0004913535    
0.1127148400    0.0189779700    0.0004848645    
0.1129564300    0.0188496440    0.0004849209    
0.1131980100    0.0185383910    0.0004784997    
0.1134396000    0.0189911390    0.0004855179    
0.1136811900    0.0192053290    0.0004870309    
0.1139227800    0.0187716880    0.0004795942    
0.1141643700    0.0185095890    0.0004727436    
0.1144059600    0.0178870790    0.0004649525    
0.1146475500    0.0186184700    0.0004769266    
0.1148891300    0.0174983110    0.0004565467    
0.1151307200    0.0191294910    0.0004824776    
0.1153723100    0.0182375340    0.0004656434    
0.1156139000    0.0186122310    0.0004742836    
0.1158554900    0.0178310550    0.0004593254    
0.1160970800    0.0184612930    0.0004721265    
0.1163386700    0.0184932470    0.0004686719    
0.1165802500    0.0181378090    0.0004637021    
0.1168218400    0.0187639200    0.0004685127    
0.1170634300    0.0185532640    0.0004663155    
0.1173050200    0.0189301850    0.0004723698    
0.1175466100    0.0183774590    0.0004641009    
0.1177882000    0.0185015470    0.0004632631    
0.1180297800    0.0188323560    0.0004676051    
0.1182713700    0.0177863520    0.0004563604    
0.1185129600    0.0189185410    0.0004680170    
0.1187545500    0.0184444230    0.0004612547    
0.1189961400    0.0185369380    0.0004615522    
0.1192377300    0.0180148060    0.0004524962    
0.1194793200    0.0183507830    0.0004560696    
0.1197209000    0.0189121330    0.0004632044    
0.1199624900    0.0186057970    0.0004585993    
0.1202040800    0.0179149640    0.0004467586    
0.1204456700    0.0187597050    0.0004623928    
0.1206872600    0.0179087730    0.0004468822    
0.1209288500    0.0187585400    0.0004606879    
0.1211704400    0.0180456690    0.0004495989    
0.1214120200    0.0180830110    0.0004484463    
0.1216536100    0.0183676430    0.0004509519    
0.1218952000    0.0184139240    0.0004491201    
0.1221367900    0.0178779170    0.0004456962    
0.1223783800    0.0184850250    0.0004501852    
0.1226199700    0.0183075330    0.0004496117    
0.1228615600    0.0186166780    0.0004529887    
0.1231031400    0.0187816900    0.0004545879    
0.1233447300    0.0179185790    0.0004438230    
0.1235863200    0.0185335970    0.0004533895    
0.1238279100    0.0178678560    0.0004402766    
0.1240695000    0.0189185110    0.0004518518    
0.1243110900    0.0181257060    0.0004420904    
0.1245526800    0.0185351090    0.0004482260    
0.1247942600    0.0183333610    0.0004423138    
0.1250358500    0.0193428590    0.0004562960    
0.1252774400    0.0182411100    0.0004421519    
0.1255190300    0.0185841520    0.0004451374    
0.1257606200    0.0185894000    0.0004469329    
0.1260022100    0.0182247090    0.0004421442    
0.1262437900    0.0182379430    0.0004407821    
0.1264853800    0.0175535210    0.0004318762    
0.1267269700    0.0179533200    0.0004345383    
0.1269685600    0.0186001450    0.0004424845    
0.1272101500    0.0185054070    0.0004413562    
0.1274517400    0.0181626200    0.0004402493    
0.1276933300    0.0182427490    0.0004347210    
0.1279349100    0.0188282050    0.0004468994    
0.1281765000    0.0183994620    0.0004408400    
0.1284180900    0.0187202810    0.0004422251    
0.1286596800    0.0190625210    0.0004475707    
0.1289012700    0.0180469420    0.0004340164    
0.1291428600    0.0179135800    0.0004333226    
0.1293844500    0.0183422390    0.0004349972    
0.1296260300    0.0182721830    0.0004361661    
0.1298676200    0.0174809090    0.0004266175    
0.1301092100    0.0180589930    0.0004314460    
0.1303508000    0.0186770690    0.0004376770    
0.1305923900    0.0189193030    0.0004449446    
0.1308339800    0.0177575210    0.0004297992    
0.1310755700    0.0189405800    0.0004420353    
0.1313171500    0.0183587180    0.0004342902    
0.1315587400    0.0187846090    0.0004387538    
0.1318003300    0.0184506840    0.0004360999    
0.1320419200    0.0183618760    0.0004314772    
0.1322835100    0.0180021190    0.0004289868    
0.1325251000    0.0179464330    0.0004281464    
0.1327666900    0.0179542010    0.0004273599    
0.1330082700    0.0178321320    0.0004259046    
0.1332498600    0.0180031030    0.0004286453    
0.1334914500    0.0176569950    0.0004266170    
0.1337330400    0.0180930960    0.0004262217    
0.1339746300    0.0174852460    0.0004200224    
0.1342162200    0.0181061570    0.0004272412    
0.1344578000    0.0188538290    0.0004373979    
0.1346993900    0.0182743540    0.0004280049    
0.1349409800    0.0189093870    0.0004378628    
0.1351825700    0.0179556600    0.0004235721    
0.1354241600    0.0170012640    0.0004128272    
0.1356657500    0.0191427750    0.0004385887    
0.1359073400    0.0181067860    0.0004291720    
0.1361489200    0.0186400810    0.0004313955    
0.1363905100    0.0184107540    0.0004283888    
0.1366321000    0.0193122790    0.0004385758    
0.1368736900    0.0185553250    0.0004298947    
0.1371152800    0.0185064290    0.0004272737    
0.1373568700    0.0191619780    0.0004365153    
0.1375984600    0.0186850770    0.0004320899    
0.1378400400    0.0198799940    0.0004449754    
0.1380816300    0.0187282860    0.0004296563    
0.1383232200    0.0183063270    0.0004270006    
0.1385648100    0.0181416200    0.0004252461    
0.1388064000    0.0176863500    0.0004168713    
0.1390479900    0.0179231560    0.0004178357    
0.1392895800    0.0181530260    0.0004246976    
0.1395311600    0.0181900630    0.0004214323    
0.1397727500    0.0186294360    0.0004264916    
0.1400143400    0.0182830690    0.0004223420    
0.1402559300    0.0184409140    0.0004283953    
0.1404975200    0.0176893760    0.0004151018    
0.1407391100    0.0184196560    0.0004239167    
0.1409806900    0.0175362900    0.0004165871    
0.1412222800    0.0181053050    0.0004191312    
0.1414638700    0.0176991170    0.0004152160    
0.1417054600    0.0176938730    0.0004119312    
0.1419470500    0.0178796650    0.0004186460    
0.1421886400    0.0181771960    0.0004180047    
0.1424302300    0.0183053650    0.0004206185    
0.1426718100    0.0184254960    0.0004228211    
0.1429134000    0.0175804950    0.0004122064    
0.1431549900    0.0180709320    0.0004188971    
0.1433965800    0.0177352480    0.0004151508    
0.1436381700    0.0178473160    0.0004137135    
0.1438797600    0.0179825340    0.0004149570    
0.1441213500    0.0178749650    0.0004143545    
0.1443629300    0.0181931920    0.0004173805    
0.1446045200    0.0177514140    0.0004126005    
0.1448461100    0.0181829720    0.0004175858    
0.1450877000    0.0171744650    0.0004033521    
0.1453292900    0.0190963410    0.0004289418    
0.1455708800    0.0187002220    0.0004221796    
0.1458124700    0.0172029510    0.0004085532    
0.1460540500    0.0182995360    0.0004146156    
0.1462956400    0.0182382370    0.0004167719    
0.1465372300    0.0187137340    0.0004208788    
0.1467788200    0.0184915380    0.0004178945    
0.1470204100    0.0180227360    0.0004130354    
0.1472620000    0.0183215440    0.0004159692    
0.1475035900    0.0186895910    0.0004194880    
0.1477451700    0.0176411790    0.0004092651    
0.1479867600    0.0183844090    0.0004152615    
0.1482283500    0.0188519480    0.0004232387    
0.1484699400    0.0186284130    0.0004189599    
0.1487115300    0.0185717040    0.0004195991    
0.1489531200    0.0181189470    0.0004094743    
0.1491947000    0.0177640780    0.0004085045    
0.1494362900    0.0189396820    0.0004197433    
0.1496778800    0.0174950000    0.0004047860    
0.1499194700    0.0182453230    0.0004127521    
0.1501610600    0.0179299960    0.0004099423    
0.1504026500    0.0183079960    0.0004120664    
0.1506442400    0.0183593200    0.0004163978    
0.1508858200    0.0178737600    0.0004092989    
0.1511274100    0.0182631360    0.0004106409    
0.1513690000    0.0185585960    0.0004139492    
0.1516105900    0.0180567700    0.0004095359    
0.1518521800    0.0186047750    0.0004150825    
0.1520937700    0.0174301510    0.0004007196    
0.1523353600    0.0189691950    0.0004183477    
0.1525769400    0.0182146740    0.0004113226    
0.1528185300    0.0181831010    0.0004105050    
0.1530601200    0.0179174010    0.0004065841    
0.1533017100    0.0185162340    0.0004154924    
0.1535433000    0.0185178430    0.0004115076    
0.1537848900    0.0188148850    0.0004146421    
0.1540264800    0.0186322690    0.0004135402    
0.1542680600    0.0182564610    0.0004090458    
0.1545096500    0.0190449510    0.0004157929    
0.1547512400    0.0177432280    0.0004032552    
0.1549928300    0.0180373360    0.0004062834    
0.1552344200    0.0188010300    0.0004143368    
0.1554760100    0.0176452370    0.0004015470    
0.1557176000    0.0195897590    0.0004246619    
0.1559591800    0.0191065510    0.0004175360    
0.1562007700    0.0181176680    0.0004042149    
0.1564423600    0.0188114590    0.0004112838    
0.1566839500    0.0186001450    0.0004130307    
0.1569255400    0.0185594440    0.0004097097    
0.1571671300    0.0182199960    0.0004060938    
0.1574087100    0.0182196360    0.0004038848    
0.1576503000    0.0181605550    0.0004078193    
0.1578918900    0.0188681580    0.0004105656    
0.1581334800    0.0187809040    0.0004119967    
0.1583750700    0.0191761550    0.0004170701    
0.1586166600    0.0190039790    0.0004249419    
0.1588582500    0.0179460110    0.0004124702    
0.1590998300    0.0186680640    0.0004255952    
0.1593414200    0.0188115660    0.0004300980    
0.1595830100    0.0180184240    0.0004232897    
0.1598246000    0.0185308150    0.0004284081    
0.1600661900    0.0188525900    0.0004363137    
0.1603077800    0.0188754760    0.0004387273    
0.1605493700    0.0182420560    0.0004320143    
0.1607909500    0.0187543750    0.0004391270    
0.1610325400    0.0181993020    0.0004352953    
0.1612741300    0.0183708990    0.0004375264    
0.1615157200    0.0181587850    0.0004368325    
0.1617573100    0.0188266550    0.0004453597    
0.1619989000    0.0177541970    0.0004360224    
0.1622404900    0.0187009160    0.0004453861    
0.1624820700    0.0178535420    0.0004395238    
0.1627236600    0.0187400760    0.0004491299    
0.1629652500    0.0186591930    0.0004475772    
0.1632068400    0.0184593530    0.0004387629    
0.1634484300    0.0190801810    0.0004391183    
0.1636900200    0.0184690870    0.0004315019    
0.1639316100    0.0186797600    0.0004311607    
0.1641731900    0.0170501330    0.0004115941    
0.1644147800    0.0186881580    0.0004275000    
0.1646563700    0.0180633650    0.0004217926    
0.1648979600    0.0178638890    0.0004160021    
0.1651395500    0.0180329480    0.0004199391    
0.1653811400    0.0182667050    0.0004201741    
0.1656227200    0.0180045500    0.0004192777    
0.1658643100    0.0179080460    0.0004148984    
0.1661059000    0.0178569060    0.0004138247    
0.1663474900    0.0186143330    0.0004195995    
0.1665890800    0.0179669080    0.0004120807    
0.1668306700    0.0180703490    0.0004153280    
0.1670722600    0.0178345900    0.0004105605    
0.1673138400    0.0179343360    0.0004115502    
0.1675554300    0.0181045150    0.0004114663    
0.1677970200    0.0176281430    0.0004078666    
0.1680386100    0.0185481230    0.0004188526    
0.1682802000    0.0185487500    0.0004163268    
0.1685217900    0.0182474470    0.0004115384    
0.1687633800    0.0185955140    0.0004149792    
0.1690049600    0.0183093710    0.0004144131    
0.1692465500    0.0182800830    0.0004088573    
0.1694881400    0.0186464830    0.0004157028    
0.1697297300    0.0185264440    0.0004131293    
0.1699713200    0.0185582840    0.0004154955    
0.1702129100    0.0179518330    0.0004048714    
0.1704545000    0.0182192390    0.0004089309    
0.1706960800    0.0179431250    0.0004074827    
0.1709376700    0.0176007210    0.0003989873    
0.1711792600    0.0185682560    0.0004113098    
0.1714208500    0.0182036300    0.0004050254    
0.1716624400    0.0184039700    0.0004097874    
0.1719040300    0.0177169850    0.0003985624    
0.1721456200    0.0178951830    0.0004021643    
0.1723872000    0.0176240440    0.0003991060    
0.1726287900    0.0183791980    0.0004071219    
0.1728703800    0.0176898380    0.0004002882    
0.1731119700    0.0182997810    0.0004050647    
0.1733535600    0.0178285040    0.0003999595    
0.1735951500    0.0172519230    0.0003911809    
0.1738367300    0.0175906270    0.0003964227    
0.1740783200    0.0178256920    0.0003972068    
0.1743199100    0.0181477810    0.0004012090    
0.1745615000    0.0176462910    0.0003947805    
0.1748030900    0.0175184340    0.0003925099    
0.1750446800    0.0182809260    0.0004054427    
0.1752862700    0.0177331890    0.0003940709    
0.1755278500    0.0184515600    0.0004076262    
0.1757694400    0.0175799950    0.0003931989    
0.1760110300    0.0187281170    0.0004065570    
0.1762526200    0.0182246490    0.0003989311    
0.1764942100    0.0186920300    0.0004044416    
0.1767358000    0.0183161400    0.0004000721    
0.1769773900    0.0183782480    0.0003999053    
0.1772189700    0.0181809870    0.0003984530    
0.1774605600    0.0181610480    0.0003993610    
0.1777021500    0.0180254210    0.0003961870    
0.1779437400    0.0182385120    0.0003986619    
0.1781853300    0.0180484460    0.0003975583    
0.1784269200    0.0180325950    0.0003937849    
0.1786685100    0.0176452940    0.0003904820    
0.1789100900    0.0182268550    0.0003954891    
0.1791516800    0.0176098590    0.0003894119    
0.1793932700    0.0182942360    0.0003970446    
0.1796348600    0.0174472430    0.0003860047    
0.1798764500    0.0181133640    0.0003933044    
0.1801180400    0.0178780170    0.0003908755    
0.1803596200    0.0173705260    0.0003878355    
0.1806012100    0.0178885240    0.0003904526    
0.1808428000    0.0179954700    0.0003914835    
0.1810843900    0.0173093500    0.0003827667    
0.1813259800    0.0173941080    0.0003843591    
0.1815675700    0.0176987040    0.0003870477    
0.1818091600    0.0181479260    0.0003916616    
0.1820507400    0.0179526310    0.0003898143    
0.1822923300    0.0176012250    0.0003851923    
0.1825339200    0.0178622460    0.0003892305    
0.1827755100    0.0189029970    0.0003987761    
0.1830171000    0.0180062050    0.0003922744    
0.1832586900    0.0181477090    0.0003899353    
0.1835002800    0.0182265470    0.0003911781    
0.1837418600    0.0175855910    0.0003832020    
0.1839834500    0.0171195360    0.0003794983    
0.1842250400    0.0178293280    0.0003864997    
0.1844666300    0.0181193590    0.0003892363    
0.1847082200    0.0179613520    0.0003872744    
0.1849498100    0.0179224070    0.0003872457    
0.1851914000    0.0184268650    0.0003946601    
0.1854329800    0.0175793540    0.0003835217    
0.1856745700    0.0181599790    0.0003901990    
0.1859161600    0.0175750700    0.0003811671    
0.1861577500    0.0187324130    0.0003935172    
0.1863993400    0.0181430370    0.0003883141    
0.1866409300    0.0179908440    0.0003848804    
0.1868825200    0.0178842720    0.0003869641    
0.1871241000    0.0175249210    0.0003799901    
0.1873656900    0.0176632670    0.0003835312    
0.1876072800    0.0183869160    0.0003883212    
0.1878488700    0.0179279510    0.0003869142    
0.1880904600    0.0173036200    0.0003792247    
0.1883320500    0.0178021190    0.0003817175    
0.1885736300    0.0171826390    0.0003757620    
0.1888152200    0.0174586790    0.0003786428    
0.1890568100    0.0175516680    0.0003806596    
0.1892984000    0.0173503330    0.0003764702    
0.1895399900    0.0177778570    0.0003823416    
0.1897815800    0.0184356870    0.0003893512    
0.1900231700    0.0176545140    0.0003810130    
0.1902647500    0.0172505300    0.0003756334    
0.1905063400    0.0175688740    0.0003814816    
0.1907479300    0.0181206960    0.0003853723    
0.1909895200    0.0171649860    0.0003735935    
0.1912311100    0.0179683190    0.0003827381    
0.1914727000    0.0181282250    0.0003840588    
0.1917142900    0.0177202700    0.0003808390    
0.1919558700    0.0180650340    0.0003812682    
0.1921974600    0.0174583540    0.0003780140    
0.1924390500    0.0178774900    0.0003831575    
0.1926806400    0.0179483660    0.0003823998    
0.1929222300    0.0181464830    0.0003851376    
0.1931638200    0.0177075310    0.0003773543    
0.1934054100    0.0177740170    0.0003812903    
0.1936469900    0.0174003950    0.0003743103    
0.1938885800    0.0172250690    0.0003743696    
0.1941301700    0.0175358970    0.0003760091    
0.1943717600    0.0182052630    0.0003850003    
0.1946133500    0.0171170900    0.0003699317    
0.1948549400    0.0180409250    0.0003823809    
0.1950965300    0.0177872230    0.0003793111    
0.1953381100    0.0182648980    0.0003841200    
0.1955797000    0.0172336200    0.0003738497    
0.1958212900    0.0172366150    0.0003718209    
0.1960628800    0.0175607840    0.0003754224    
0.1963044700    0.0175361370    0.0003745533    
0.1965460600    0.0179293200    0.0003818207    
0.1967876400    0.0183014910    0.0003817785    
0.1970292300    0.0176745260    0.0003755441    
0.1972708200    0.0175533830    0.0003759522    
0.1975124100    0.0171044130    0.0003708723    
0.1977540000    0.0181460910    0.0003818749    
0.1979955900    0.0185399500    0.0003857470    
0.1982371800    0.0181083330    0.0003820970    
0.1984787600    0.0180286210    0.0003769896    
0.1987203500    0.0174956990    0.0003735192    
0.1989619400    0.0173585380    0.0003722917    
0.1992035300    0.0171167460    0.0003689777    
0.1994451200    0.0178395740    0.0003769298    
0.1996867100    0.0171681440    0.0003690581    
0.1999283000    0.0179988560    0.0003786088    
0.2001698800    0.0177577690    0.0003765486    
0.2004114700    0.0179415900    0.0003795940    
0.2006530600    0.0175450700    0.0003723734    
0.2008946500    0.0180206270    0.0003782309    
0.2011362400    0.0175387340    0.0003706561    
0.2013778300    0.0183253840    0.0003820276    
0.2016194200    0.0170069680    0.0003653402    
0.2018610000    0.0179473000    0.0003768579    
0.2021025900    0.0178786560    0.0003764971    
0.2023441800    0.0174800340    0.0003713278    
0.2025857700    0.0174265220    0.0003711132    
0.2028273600    0.0182734070    0.0003816080    
0.2030689500    0.0185882750    0.0003835284    
0.2033105400    0.0180485950    0.0003757678    
0.2035521200    0.0176851250    0.0003734998    
0.2037937100    0.0178099040    0.0003742204    
0.2040353000    0.0180314780    0.0003773796    
0.2042768900    0.0182746520    0.0003785918    
0.2045184800    0.0182423000    0.0003767109    
0.2047600700    0.0179410690    0.0003763125    
0.2050016500    0.0178409550    0.0003756199    
0.2052432400    0.0182173280    0.0003791986    
0.2054848300    0.0180913020    0.0003763309    
0.2057264200    0.0183067920    0.0003809783    
0.2059680100    0.0184604690    0.0003784823    
0.2062096000    0.0179008330    0.0003739906    
0.2064511900    0.0183705130    0.0003781510    
0.2066927700    0.0177873460    0.0003737464    
0.2069343600    0.0178050660    0.0003734598    
0.2071759500    0.0180756460    0.0003761680    
0.2074175400    0.0184125020    0.0003794175    
0.2076591300    0.0179025910    0.0003735385    
0.2079007200    0.0186793280    0.0003845894    
0.2081423100    0.0181650540    0.0003756768    
0.2083838900    0.0179095160    0.0003738458    
0.2086254800    0.0175198330    0.0003703394    
0.2088670700    0.0188378590    0.0003831715    
0.2091086600    0.0184824220    0.0003808583    
0.2093502500    0.0183315930    0.0003777502    
0.2095918400    0.0179392260    0.0003756957    
0.2098334300    0.0187647480    0.0003835135    
0.2100750100    0.0184344950    0.0003813308    
0.2103166000    0.0181931310    0.0003791882    
0.2105581900    0.0174831240    0.0003689047    
0.2107997800    0.0175254700    0.0003714558    
0.2110413700    0.0175018950    0.0003692186    
0.2112829600    0.0186159410    0.0003834469    
0.2115245400    0.0179155720    0.0003733221    
0.2117661300    0.0184347050    0.0003810906    
0.2120077200    0.0171447530    0.0003657768    
0.2122493100    0.0177064800    0.0003750397    
0.2124909000    0.0181298500    0.0003769697    
0.2127324900    0.0183975810    0.0003822887    
0.2129740800    0.0178652080    0.0003737361    
0.2132156600    0.0178495720    0.0003735725    
0.2134572500    0.0176862880    0.0003732747    
0.2136988400    0.0181437960    0.0003778318    
0.2139404300    0.0176966200    0.0003712668    
0.2141820200    0.0175314420    0.0003711657    
0.2144236100    0.0179323260    0.0003764605    
0.2146652000    0.0178078950    0.0003746748    
0.2149067800    0.0177133070    0.0003720265    
0.2151483700    0.0181331280    0.0003821101    
0.2153899600    0.0179396870    0.0003848442    
0.2156315500    0.0181076770    0.0003904294    
0.2158731400    0.0175993160    0.0003863552    
0.2161147300    0.0177740510    0.0003931389    
0.2163563200    0.0178879480    0.0003953681    
0.2165979000    0.0174825400    0.0003937868    
0.2168394900    0.0175608820    0.0003949508    
0.2170810800    0.0179506160    0.0004038182    
0.2173226700    0.0176612930    0.0004002576    
0.2175642600    0.0181599050    0.0004081135    
0.2178058500    0.0170478230    0.0003968905    
0.2180474400    0.0173545370    0.0004023987    
0.2182890200    0.0174340810    0.0004065446    
0.2185306100    0.0182585570    0.0004133689    
0.2187722000    0.0185617540    0.0004220761    
0.2190137900    0.0177253500    0.0004116612    
0.2192553800    0.0174166320    0.0004118892    
0.2194969700    0.0176044820    0.0004115264    
0.2197385500    0.0183293380    0.0004173310    
0.2199801400    0.0178140920    0.0004070796    
0.2202217300    0.0174915270    0.0003994999    
0.2204633200    0.0181211320    0.0004046953    
0.2207049100    0.0169854560    0.0003892636    
0.2209465000    0.0171281910    0.0003908957    
0.2211880900    0.0176197950    0.0003944840    
0.2214296700    0.0170677470    0.0003877031    
0.2216712600    0.0174321470    0.0003912647    
0.2219128500    0.0169759070    0.0003850214    
0.2221544400    0.0168098040    0.0003850359    
0.2223960300    0.0170806960    0.0003862079    
0.2226376200    0.0169148670    0.0003873408    
0.2228792100    0.0173024600    0.0003888439    
0.2231207900    0.0171189490    0.0003867763    
0.2233623800    0.0172755690    0.0003861005    
0.2236039700    0.0170381680    0.0003850495    
0.2238455600    0.0171136840    0.0003840201    
0.2240871500    0.0170350000    0.0003838036    
0.2243287400    0.0170982700    0.0003825202    
0.2245703300    0.0174034920    0.0003884747    
0.2248119100    0.0174068300    0.0003879697    
0.2250535000    0.0172910060    0.0003865420    
0.2252950900    0.0167714790    0.0003821582    
0.2255366800    0.0169123300    0.0003801724    
0.2257782700    0.0172776970    0.0003851872    
0.2260198600    0.0169115480    0.0003797712    
0.2262614500    0.0186640630    0.0003988266    
0.2265030300    0.0177034960    0.0003878952    
0.2267446200    0.0178722390    0.0003912170    
0.2269862100    0.0169276520    0.0003781359    
0.2272278000    0.0165447860    0.0003748579    
0.2274693900    0.0173044230    0.0003821908    
0.2277109800    0.0176505880    0.0003894565    
0.2279525600    0.0177903430    0.0003873879    
0.2281941500    0.0166888520    0.0003761002    
0.2284357400    0.0175055210    0.0003846671    
0.2286773300    0.0169022590    0.0003792758    
0.2289189200    0.0170238610    0.0003783080    
0.2291605100    0.0164143940    0.0003736338    
0.2294021000    0.0163563180    0.0003714468    
0.2296436800    0.0170973630    0.0003831718    
0.2298852700    0.0169574690    0.0003779542    
0.2301268600    0.0173102600    0.0003858173    
0.2303684500    0.0170320720    0.0003804684    
0.2306100400    0.0167550450    0.0003778799    
0.2308516300    0.0168474960    0.0003781422    
0.2310932200    0.0168936310    0.0003806185    
0.2313348000    0.0169439680    0.0003793531    
0.2315763900    0.0174724760    0.0003856204    
0.2318179800    0.0166795480    0.0003785921    
0.2320595700    0.0165931190    0.0003760495    
0.2323011600    0.0170308380    0.0003821610    
0.2325427500    0.0168593290    0.0003802319    
0.2327843400    0.0169626410    0.0003828541    
0.2330259200    0.0165164870    0.0003744090    
0.2332675100    0.0174043910    0.0003848683    
0.2335091000    0.0164449100    0.0003753998    
0.2337506900    0.0179809880    0.0003905221    
0.2339922800    0.0172743210    0.0003850163    
0.2342338700    0.0167615100    0.0003786039    
0.2344754600    0.0168575910    0.0003808713    
0.2347170400    0.0168597060    0.0003787981    
0.2349586300    0.0170864780    0.0003822564    
0.2352002200    0.0169131750    0.0003835000    
0.2354418100    0.0168170400    0.0003801493    
0.2356834000    0.0167680200    0.0003793320    
0.2359249900    0.0172058760    0.0003818816    
0.2361665700    0.0164788490    0.0003769611    
0.2364081600    0.0176620360    0.0003881063    
0.2366497500    0.0167892820    0.0003804952    
0.2368913400    0.0175311710    0.0003871988    
0.2371329300    0.0171280660    0.0003851192    
0.2373745200    0.0169889060    0.0003820868    
0.2376161100    0.0169287530    0.0003814098    
0.2378576900    0.0163978950    0.0003766895    
0.2380992800    0.0171667310    0.0003832853    
0.2383408700    0.0172017990    0.0003847401    
0.2385824600    0.0170938700    0.0003819442    
0.2388240500    0.0169726320    0.0003823014    
0.2390656400    0.0169499580    0.0003821787    
0.2393072300    0.0171133330    0.0003829531    
0.2395488100    0.0173756030    0.0003864108    
0.2397904000    0.0173981830    0.0003878733    
0.2400319900    0.0164409670    0.0003775793    
0.2402735800    0.0174349180    0.0003893702    
0.2405151700    0.0169493980    0.0003832391    
0.2407567600    0.0165534030    0.0003761166    
0.2409983500    0.0167638940    0.0003806046    
0.2412399300    0.0167791220    0.0003791952    
0.2414815200    0.0164090850    0.0003773450    
0.2417231100    0.0168774350    0.0003793880    
0.2419647000    0.0166637150    0.0003803946    
0.2422062900    0.0173445480    0.0003875453    
0.2424478800    0.0167500950    0.0003809793    
0.2426894600    0.0171868660    0.0003878162    
0.2429310500    0.0173480460    0.0003870442    
0.2431726400    0.0163063860    0.0003749833    
0.2434142300    0.0166875010    0.0003778975    
0.2436558200    0.0165392840    0.0003800377    
0.2438974100    0.0164991600    0.0003761485    
0.2441390000    0.0174882030    0.0003890111    
0.2443805800    0.0166461110    0.0003797949    
0.2446221700    0.0174539170    0.0003893094    
0.2448637600    0.0167632550    0.0003824676    
0.2451053500    0.0167060450    0.0003796829    
0.2453469400    0.0166480330    0.0003830425    
0.2455885300    0.0169908070    0.0003829051    
0.2458301200    0.0168655290    0.0003839028    
0.2460717000    0.0168888970    0.0003810926    
0.2463132900    0.0176134800    0.0003895872    
0.2465548800    0.0167396950    0.0003819301    
0.2467964700    0.0171926130    0.0003853064    
0.2470380600    0.0173444940    0.0003882231    
0.2472796500    0.0172541960    0.0003870756    
0.2475212400    0.0169172120    0.0003855790    
0.2477628200    0.0169982820    0.0003873262    
0.2480044100    0.0162913400    0.0003753327    
0.2482460000    0.0175228160    0.0003893959    
0.2484875900    0.0165392590    0.0003792371    
0.2487291800    0.0170870900    0.0003854667    
0.2489707700    0.0169170890    0.0003826064    
0.2492123600    0.0168049330    0.0003836183    
0.2494539400    0.0163503380    0.0003775949    
0.2496955300    0.0174143910    0.0003903748    
0.2499371200    0.0170664260    0.0003850985    
0.2501787100    0.0165837970    0.0003838060    
0.2504203000    0.0162848820    0.0003757827    
0.2506618900    0.0158817280    0.0003690432    
0.2509034700    0.0168088270    0.0003823151    
0.2511450600    0.0161955140    0.0003746192    
0.2513866500    0.0160138890    0.0003734272    
0.2516282400    0.0162128690    0.0003731289    
0.2518698300    0.0165421460    0.0003790045    
0.2521114200    0.0166774820    0.0003796224    
0.2523530100    0.0164062820    0.0003771808    
0.2525945900    0.0160674880    0.0003723558    
0.2528361800    0.0167086050    0.0003825172    
0.2530777700    0.0168545000    0.0003807044    
0.2533193600    0.0172056700    0.0003842505    
0.2535609500    0.0173774180    0.0003875067    
0.2538025400    0.0162686500    0.0003748099    
0.2540441300    0.0168644770    0.0003816118    
0.2542857100    0.0167259120    0.0003796444    
0.2545273000    0.0172155830    0.0003871849    
0.2547688900    0.0163019250    0.0003738934    
0.2550104800    0.0161183840    0.0003746436    
0.2552520700    0.0165334620    0.0003809109    
0.2554936600    0.0164961730    0.0003767664    
0.2557352500    0.0162241820    0.0003750817    
0.2559768300    0.0165621260    0.0003773879    
0.2562184200    0.0166897660    0.0003806918    
0.2564600100    0.0168912670    0.0003808553    
0.2567016000    0.0170783940    0.0003853686    
0.2569431900    0.0168699990    0.0003815414    
0.2571847800    0.0168489860    0.0003807741    
0.2574263700    0.0168613700    0.0003814438    
0.2576679500    0.0175386410    0.0003898438    
0.2579095400    0.0162642720    0.0003758078    
0.2581511300    0.0169631260    0.0003817968    
0.2583927200    0.0165506130    0.0003767345    
0.2586343100    0.0166953880    0.0003772066    
0.2588759000    0.0168620560    0.0003818504    
0.2591174800    0.0167490670    0.0003775531    
0.2593590700    0.0169456620    0.0003801540    
0.2596006600    0.0170200770    0.0003823048    
0.2598422500    0.0163929100    0.0003755853    
0.2600838400    0.0160882420    0.0003723372    
0.2603254300    0.0167475060    0.0003812163    
0.2605670200    0.0158814300    0.0003699363    
0.2608086000    0.0169038250    0.0003786442    
0.2610501900    0.0165306060    0.0003763766    
0.2612917800    0.0168692980    0.0003811358    
0.2615333700    0.0170790550    0.0003825694    
0.2617749600    0.0157108020    0.0003675607    
0.2620165500    0.0163879810    0.0003744907    
0.2622581400    0.0163688210    0.0003766183    
0.2624997200    0.0158374070    0.0003689108    
0.2627413100    0.0162471940    0.0003773319    
0.2629829000    0.0170575690    0.0003807531    
0.2632244900    0.0168385710    0.0003813185    
0.2634660800    0.0169667530    0.0003809149    
0.2637076700    0.0171435850    0.0003838223    
0.2639492600    0.0169631260    0.0003817968    
0.2641908400    0.0162029080    0.0003737916    
0.2644324300    0.0164325080    0.0003770868    
0.2646740200    0.0170735850    0.0003815862    
0.2649156100    0.0167832650    0.0003824268    
0.2651572000    0.0164184870    0.0003762701    
0.2653987900    0.0170795430    0.0003857875    
0.2656403800    0.0170522950    0.0003839984    
0.2658819600    0.0164820090    0.0003759529    
0.2661235500    0.0167067690    0.0003804862    
0.2663651400    0.0162472180    0.0003735239    
0.2666067300    0.0166944280    0.0003794188    
0.2668483200    0.0170436830    0.0003828350    
0.2670899100    0.0163789710    0.0003784580    
0.2673314900    0.0169482290    0.0003813649    
0.2675730800    0.0163012510    0.0003767628    
0.2678146700    0.0166473050    0.0003818149    
0.2680562600    0.0166454070    0.0003785982    
0.2682978500    0.0175502410    0.0003894289    
0.2685394400    0.0169224850    0.0003810752    
0.2687810300    0.0159553690    0.0003719615    
0.2690226100    0.0164081220    0.0003744624    
0.2692642000    0.0168637810    0.0003845611    
0.2695057900    0.0158814300    0.0003699363    
0.2697473800    0.0162287770    0.0003740899    
0.2699889700    0.0173618790    0.0003890999    
0.2702305600    0.0168018250    0.0003834474    
0.2704721500    0.0165683430    0.0003801038    
0.2707137300    0.0166765840    0.0003784273    
0.2709553200    0.0161157750    0.0003744818    
0.2711969100    0.0165219160    0.0003782433    
0.2714385000    0.0168034660    0.0003805236    
0.2716800900    0.0170023730    0.0003842406    
0.2719216800    0.0163097100    0.0003846373    
0.2721632700    0.0167051750    0.0003920063    
0.2724048500    0.0160238690    0.0003888647    
0.2726464400    0.0164910520    0.0004017431    
0.2728880300    0.0155662870    0.0003906248    
0.2731296200    0.0169299480    0.0004096488    
0.2733712100    0.0170136170    0.0004139824    
0.2736128000    0.0162608950    0.0004102573    
0.2738543800    0.0166562350    0.0004128095    
0.2740959700    0.0164465540    0.0004141513    
0.2743375600    0.0167697550    0.0004212230    
0.2745791500    0.0166259470    0.0004212139    
0.2748207400    0.0169879160    0.0004287363    
0.2750623300    0.0166633060    0.0004246204    
0.2753039200    0.0160471840    0.0004211294    
0.2755455000    0.0168812650    0.0004305941    
0.2757870900    0.0163826090    0.0004305254    
0.2760286800    0.0167686940    0.0004333994    
0.2762702700    0.0170254370    0.0004448150    
0.2765118600    0.0170514720    0.0004274908    
0.2767534500    0.0163349470    0.0004167946    
0.2769950400    0.0165020690    0.0004155493    
0.2772366200    0.0177803040    0.0004268639    
0.2774782100    0.0161396450    0.0004071982    
0.2777198000    0.0166022940    0.0004140236    
0.2779613900    0.0163245680    0.0004095244    
0.2782029800    0.0174984630    0.0004158059    
0.2784445700    0.0164798690    0.0004069414    
0.2786861600    0.0160971440    0.0004010523    
0.2789277400    0.0165920910    0.0004026542    
0.2791693300    0.0168433830    0.0004060120    
0.2794109200    0.0160460210    0.0003981753    
0.2796525100    0.0160344380    0.0003973988    
0.2798941000    0.0164436060    0.0003978809    
0.2801356900    0.0172147140    0.0004112754    
0.2803772800    0.0165001280    0.0004062051    
0.2806188600    0.0163159170    0.0003957191    
0.2808604500    0.0163404030    0.0003938876    
0.2811020400    0.0167822290    0.0004007143    
0.2813436300    0.0166010640    0.0004004036    
0.2815852200    0.0168111230    0.0003989103    
0.2818268100    0.0160646310    0.0003920536    
0.2820683900    0.0172870240    0.0004077990    
0.2823099800    0.0161172440    0.0003934548    
0.2825515700    0.0166561420    0.0003964624    
0.2827931600    0.0172808830    0.0004086789    
0.2830347500    0.0159252400    0.0003900481    
0.2832763400    0.0156632800    0.0003849041    
0.2835179300    0.0167415490    0.0003979321    
0.2837595100    0.0163899420    0.0003960033    
0.2840011000    0.0160635430    0.0003924948    
0.2842426900    0.0164237820    0.0003929404    
0.2844842800    0.0167044980    0.0003984043    
0.2847258700    0.0167272630    0.0003992881    
0.2849674600    0.0160032160    0.0003916057    
0.2852090500    0.0164797000    0.0003954116    
0.2854506300    0.0161507430    0.0003931029    
0.2856922200    0.0168599470    0.0004004072    
0.2859338100    0.0162918190    0.0003942082    
0.2861754000    0.0167033260    0.0003970236    
0.2864169900    0.0158513780    0.0003866190    
0.2866585800    0.0159497790    0.0003895988    
0.2869001700    0.0165208310    0.0003956022    
0.2871417500    0.0161522600    0.0003907170    
0.2873833400    0.0159647670    0.0003900813    
0.2876249300    0.0166703920    0.0003990691    
0.2878665200    0.0163271160    0.0003973958    
0.2881081100    0.0164058510    0.0003913928    
0.2883497000    0.0155355360    0.0003830393    
0.2885912900    0.0165523360    0.0003952251    
0.2888328700    0.0168388210    0.0003987824    
0.2890744600    0.0166964150    0.0003961884    
0.2893160500    0.0170171540    0.0004004313    
0.2895576400    0.0165429860    0.0003969301    
0.2897992300    0.0166019370    0.0003937249    
0.2900408200    0.0160488390    0.0003879883    
0.2902824000    0.0163906040    0.0003950977    
0.2905239900    0.0153372100    0.0003805865    
0.2907655800    0.0170361690    0.0003982414    
0.2910071700    0.0159655900    0.0003855253    
0.2912487600    0.0166953110    0.0003948306    
0.2914903500    0.0167099430    0.0003939666    
0.2917319400    0.0162474480    0.0003871734    
0.2919735200    0.0168180950    0.0003950915    
0.2922151100    0.0158491910    0.0003828262    
0.2924567000    0.0158899440    0.0003840347    
0.2926982900    0.0156417700    0.0003811666    
0.2929398800    0.0161079230    0.0003888489    
0.2931814700    0.0163464180    0.0003877742    
0.2934230600    0.0161571410    0.0003866717    
0.2936646400    0.0161137380    0.0003834431    
0.2939062300    0.0168990820    0.0003963384    
0.2941478200    0.0165854730    0.0003901654    
0.2943894100    0.0165427300    0.0003915507    
0.2946310000    0.0167332160    0.0003927725    
0.2948725900    0.0164933320    0.0003908197    
0.2951141800    0.0158691710    0.0003826397    
0.2953557600    0.0159630200    0.0003863655    
0.2955973500    0.0161384960    0.0003850146    
0.2958389400    0.0161887610    0.0003849016    
0.2960805300    0.0162585150    0.0003860149    
0.2963221200    0.0165547680    0.0003887982    
0.2965637100    0.0159312500    0.0003812657    
0.2968053000    0.0159429810    0.0003805669    
0.2970468800    0.0160735220    0.0003832465    
0.2972884700    0.0165516310    0.0003877632    
0.2975300600    0.0159884030    0.0003811086    
0.2977716500    0.0168385080    0.0003925497    
0.2980132400    0.0169042090    0.0003941885    
0.2982548300    0.0166450930    0.0003881462    
0.2984964100    0.0154143850    0.0003729772    
0.2987380000    0.0163521740    0.0003849969    
0.2989795900    0.0160551470    0.0003806504    
0.2992211800    0.0159751430    0.0003792870    
0.2994627700    0.0167931180    0.0003900107    
0.2997043600    0.0157869070    0.0003791163    
0.2999459500    0.0156115670    0.0003768668    
0.3001875300    0.0161464320    0.0003827071    
0.3004291200    0.0163822040    0.0003895008    
0.3006707100    0.0159751430    0.0003792870    
0.3009123000    0.0157819410    0.0003787787    
0.3011538900    0.0155740910    0.0003736825    
0.3013954800    0.0162343370    0.0003836072    
0.3016370700    0.0156947210    0.0003769025    
0.3018786500    0.0166812980    0.0003885681    
0.3021202400    0.0158370310    0.0003784693    
0.3023618300    0.0159494990    0.0003814840    
0.3026034200    0.0161064990    0.0003825135    
0.3028450100    0.0156570550    0.0003774154    
0.3030866000    0.0157098280    0.0003784677    
0.3033281900    0.0161579750    0.0003815898    
0.3035697700    0.0163674030    0.0003850354    
0.3038113600    0.0163822780    0.0003854920    
0.3040529500    0.0164073900    0.0003843840    
0.3042945400    0.0158915610    0.0003781562    
0.3045361300    0.0164362780    0.0003869771    
0.3047777200    0.0161147030    0.0003816336    
0.3050193100    0.0158847950    0.0003791779    
0.3052608900    0.0165759180    0.0003883322    
0.3055024800    0.0159549780    0.0003858319    
0.3057440700    0.0162644800    0.0003818753    
0.3059856600    0.0163983850    0.0003842785    
0.3062272500    0.0156223110    0.0003760321    
0.3064688400    0.0165486250    0.0003880124    
0.3067104200    0.0160798360    0.0003794272    
0.3069520100    0.0160812340    0.0003813761    
0.3071936000    0.0162791010    0.0003845576    
0.3074351900    0.0162876450    0.0003850819    
0.3076767800    0.0156689670    0.0003756347    
0.3079183700    0.0158287370    0.0003814430    
0.3081599600    0.0162607640    0.0003866135    
0.3084015400    0.0160931690    0.0003802715    
0.3086431300    0.0162941930    0.0003823622    
0.3088847200    0.0160156560    0.0003814333    
0.3091263100    0.0154730070    0.0003739580    
0.3093679000    0.0155273140    0.0003751610    
0.3096094900    0.0165274800    0.0003850896    
0.3098510800    0.0162922980    0.0003862730    
0.3100926600    0.0162008580    0.0003833516    
0.3103342500    0.0161555030    0.0003828146    
0.3105758400    0.0163372190    0.0003876651    
0.3108174300    0.0158811420    0.0003784444    
0.3110590200    0.0161510800    0.0003834642    
0.3113006100    0.0161120560    0.0003800817    
0.3115422000    0.0162512280    0.0003846512    
0.3117837800    0.0159972090    0.0003802398    
0.3120253700    0.0158455780    0.0003795416    
0.3122669600    0.0160392550    0.0003796340    
0.3125085500    0.0160745370    0.0003828356    
0.3127501400    0.0157794640    0.0003786102    
0.3129917300    0.0155253240    0.0003772107    
0.3132333100    0.0157736520    0.0003792357    
0.3134749000    0.0160364890    0.0003818212    
0.3137164900    0.0153151120    0.0003717742    
0.3139580800    0.0164402730    0.0003850487    
0.3141996700    0.0161390910    0.0003817832    
0.3144412600    0.0160024600    0.0003805797    
0.3146828500    0.0156364850    0.0003770291    
0.3149244300    0.0162869630    0.0003832492    
0.3151660200    0.0161082810    0.0003830964    
0.3154076100    0.0166980650    0.0003907651    
0.3156492000    0.0155715710    0.0003788939    
0.3158907900    0.0157860340    0.0003770354    
0.3161323800    0.0168969340    0.0003902180    
0.3163739700    0.0162418720    0.0003827183    
0.3166155500    0.0162722800    0.0003850416    
0.3168571400    0.0159765260    0.0003798555    
0.3170987300    0.0160829340    0.0003819539    
0.3173403200    0.0167904750    0.0003902651    
0.3175819100    0.0167369410    0.0003905004    
0.3178235000    0.0162371420    0.0003837806    
0.3180650900    0.0161640850    0.0003847501    
0.3183066700    0.0162813910    0.0003851494    
0.3185482600    0.0166854240    0.0003900423    
0.3187898500    0.0157631390    0.0003764885    
0.3190314400    0.0160711780    0.0003816747    
0.3192730300    0.0159455650    0.0003797640    
0.3195146200    0.0161645740    0.0003829221    
0.3197562100    0.0161842480    0.0003823169    
0.3199977900    0.0162252730    0.0003835001    
0.3202393800    0.0158608010    0.0003805618    
0.3204809700    0.0165304090    0.0003890855    
0.3207225600    0.0169233450    0.0003932473    
0.3209641500    0.0159703750    0.0003818741    
0.3212057400    0.0161092960    0.0003812918    
0.3214473200    0.0158074120    0.0003779774    
0.3216889100    0.0163919700    0.0003847626    
0.3219305000    0.0165152530    0.0003877632    
0.3221720900    0.0161854850    0.0003833099    
0.3224136800    0.0159931530    0.0003795007    
0.3226552700    0.0167451930    0.0003926213    
0.3228968600    0.0163488830    0.0003852399    
0.3231384400    0.0160183340    0.0003850072    
0.3233800300    0.0160100230    0.0003801151    
0.3236216200    0.0164942980    0.0003861023    
0.3238632100    0.0158833720    0.0003795768    
0.3241048000    0.0158728510    0.0003798681    
0.3243463900    0.0160701620    0.0003820818    
0.3245879800    0.0164820600    0.0003866642    
0.3248295600    0.0163674030    0.0003850354    
0.3250711500    0.0156971270    0.0003770691    
0.3253127400    0.0161447250    0.0003835295    
0.3255543300    0.0155686040    0.0003770400    
0.3257959200    0.0167119690    0.0003928153    
0.3260375100    0.0159287990    0.0003791497    
0.3262791000    0.0167728580    0.0003904891    
0.3265206800    0.0157942840    0.0003780961    
0.3267622700    0.0156412380    0.0003773632    
0.3270038600    0.0153888380    0.0003738945    
0.3272454500    0.0159779180    0.0003804266    
0.3274870400    0.0153753940    0.0003734577    
0.3277286300    0.0159912810    0.0003822647    
0.3279702200    0.0164118930    0.0003868320    
0.3282118000    0.0159165420    0.0003837819    
0.3284533900    0.0154457340    0.0003741741    
0.3286949800    0.0161512230    0.0003961776    
0.3289365700    0.0161141350    0.0004011024    
0.3291781600    0.0158428750    0.0004011176    
0.3294197500    0.0160380130    0.0004082889    
0.3296613300    0.0155292910    0.0004058645    
0.3299029200    0.0160371750    0.0004129783    
0.3301445100    0.0157381630    0.0004150253    
0.3303861000    0.0161045980    0.0004226361    
0.3306276900    0.0160942220    0.0004257492    
0.3308692800    0.0153535740    0.0004160264    
0.3311108700    0.0159528040    0.0004275800    
0.3313524500    0.0161974800    0.0004357059    
0.3315940400    0.0159413120    0.0004316352    
0.3318356300    0.0165974210    0.0004461414    
0.3320772200    0.0163892750    0.0004437645    
0.3323188100    0.0163416870    0.0004472561    
0.3325604000    0.0153536630    0.0004328842    
0.3328019900    0.0161637440    0.0004488198    
0.3330435700    0.0169769040    0.0004551923    
0.3332851600    0.0162996480    0.0004402096    
0.3335267500    0.0157707800    0.0004195484    
0.3337683400    0.0163176790    0.0004267610    
0.3340099300    0.0159461280    0.0004190549    
0.3342515200    0.0160942020    0.0004169426    
0.3344931100    0.0164417660    0.0004170834    
0.3347346900    0.0161499540    0.0004147837    
0.3349762800    0.0164174750    0.0004160658    
0.3352178700    0.0156230750    0.0004043306    
0.3354594600    0.0164195100    0.0004124255    
0.3357010500    0.0163252320    0.0004122744    
0.3359426400    0.0169702080    0.0004217584    
0.3361842300    0.0167350900    0.0004107466    
0.3364258100    0.0167612330    0.0004104006    
0.3366674000    0.0157645420    0.0003984962    
0.3369089900    0.0158201230    0.0003977467    
0.3371505800    0.0159657470    0.0003987700    
0.3373921700    0.0164734130    0.0004060399    
0.3376337600    0.0158573350    0.0003980538    
0.3378753400    0.0160801250    0.0004010019    
0.3381169300    0.0166391070    0.0004059527    
0.3383585200    0.0157405310    0.0003991666    
0.3386001100    0.0155050340    0.0003903186    
0.3388417000    0.0158539140    0.0003961004    
0.3390832900    0.0151847820    0.0003838410    
0.3393248800    0.0158374550    0.0003949502    
0.3395664600    0.0167950670    0.0004059101    
0.3398080500    0.0156689460    0.0003916013    
0.3400496400    0.0167148640    0.0004030311    
0.3402912300    0.0157423100    0.0003905187    
0.3405328200    0.0158995700    0.0003947844    
0.3407744100    0.0156865150    0.0003922855    
0.3410160000    0.0161565100    0.0003985922    
0.3412575800    0.0158440330    0.0003904082    
0.3414991700    0.0157138330    0.0003884995    
0.3417407600    0.0162051110    0.0003955998    
0.3419823500    0.0154358840    0.0003832711    
0.3422239400    0.0162103430    0.0003944368    
0.3424655300    0.0161509810    0.0003946313    
0.3427071200    0.0163194470    0.0003954560    
0.3429487000    0.0163285550    0.0003960256    
0.3431902900    0.0159166860    0.0003926756    
0.3434318800    0.0159232990    0.0003958620    
0.3436734700    0.0161571270    0.0003915226    
0.3439150600    0.0163099520    0.0003924700    
0.3441566500    0.0156507000    0.0003868205    
0.3443982300    0.0161773570    0.0003928209    
0.3446398200    0.0160432770    0.0003901407    
0.3448814100    0.0156336600    0.0003861635    
0.3451230000    0.0163677450    0.0003955824    
0.3453645900    0.0163295030    0.0003951200    
0.3456061800    0.0160527650    0.0003902561    
0.3458477700    0.0161297380    0.0003937598    
0.3460893500    0.0156511660    0.0003874241    
0.3463309400    0.0156960860    0.0003850134    
0.3465725300    0.0162940290    0.0003924279    
0.3468141200    0.0164953670    0.0003963584    
0.3470557100    0.0162366430    0.0003921849    
0.3472973000    0.0156737980    0.0003862135    
0.3475388900    0.0159161210    0.0003868199    
0.3477804700    0.0166727180    0.0003978727    
0.3480220600    0.0157828050    0.0003872571    
0.3482636500    0.0162016550    0.0003919118    
0.3485052400    0.0164593640    0.0003988465    
0.3487468300    0.0160510780    0.0003896398    
0.3489884200    0.0158120130    0.0003865798    
0.3492300100    0.0159644210    0.0003869665    
0.3494715900    0.0157473620    0.0003869703    
0.3497131800    0.0160957380    0.0003885548    
0.3499547700    0.0157871160    0.0003870135    
0.3501963600    0.0162357590    0.0003906847    
0.3504379500    0.0157269520    0.0003855386    
0.3506795400    0.0155072250    0.0003832743    
0.3509211300    0.0158900010    0.0003887189    
0.3511627100    0.0156452480    0.0003858616    
0.3514043000    0.0161707760    0.0003894594    
0.3516458900    0.0172715630    0.0004034135    
0.3518874800    0.0159081420    0.0003862838    
0.3521290700    0.0158450890    0.0003856634    
0.3523706600    0.0161342700    0.0003900536    
0.3526122400    0.0160438610    0.0003886638    
0.3528538300    0.0163666160    0.0003931512    
0.3530954200    0.0158671980    0.0003876973    
0.3533370100    0.0164390930    0.0003938708    
0.3535786000    0.0163295030    0.0003951200    
0.3538201900    0.0153106100    0.0003785305    
0.3540617800    0.0158146160    0.0003867591    
0.3543033600    0.0154650790    0.0003801484    
0.3545449500    0.0164301280    0.0003928674    
0.3547865400    0.0158456050    0.0003846519    
0.3550281300    0.0163666160    0.0003931512    
0.3552697200    0.0160007310    0.0003878467    
0.3555113100    0.0153421730    0.0003803585    
0.3557529000    0.0156016450    0.0003838534    
0.3559944800    0.0159922990    0.0003862829    
0.3562360700    0.0160550630    0.0003919368    
0.3564776600    0.0157454130    0.0003835784    
0.3567192500    0.0160901560    0.0003881939    
0.3569608400    0.0161201260    0.0003876778    
0.3572024300    0.0167495240    0.0003966677    
0.3574440200    0.0160350910    0.0003870907    
0.3576856000    0.0164644680    0.0003935761    
0.3579271900    0.0159376340    0.0003862038    
0.3581687800    0.0159362460    0.0003876526    
0.3584103700    0.0156967990    0.0003834194    
0.3586519600    0.0161715540    0.0003924487    
0.3588935500    0.0162140660    0.0003902757    
0.3591351400    0.0156083160    0.0003832065    
0.3593767200    0.0161947130    0.0003885736    
0.3596183100    0.0158301080    0.0003835982    
0.3598599000    0.0161088870    0.0003884198    
0.3601014900    0.0155235700    0.0003815862    
0.3603430800    0.0164772260    0.0003929838    
0.3605846700    0.0166924380    0.0003950942    
0.3608262500    0.0160665390    0.0003886434    
0.3610678400    0.0159496710    0.0003864955    
0.3613094300    0.0161258140    0.0003909935    
0.3615510200    0.0158388570    0.0003847149    
0.3617926100    0.0161480960    0.0003880140    
0.3620342000    0.0158091870    0.0003847896    
0.3622757900    0.0162313250    0.0003894521    
0.3625173700    0.0162651830    0.0003901522    
0.3627589600    0.0163302330    0.0003913749    
0.3630005500    0.0159296420    0.0003856706    
0.3632421400    0.0161229250    0.0003878573    
0.3634837300    0.0157964810    0.0003855094    
0.3637253200    0.0162191380    0.0003910781    
0.3639669100    0.0157244180    0.0003853607    
0.3642084900    0.0157235460    0.0003825918    
0.3644500800    0.0153364690    0.0003787071    
0.3646916700    0.0150525740    0.0003756107    
0.3649332600    0.0158291220    0.0003830125    
0.3651748500    0.0152716980    0.0003773379    
0.3654164400    0.0155776800    0.0003826851    
0.3656580300    0.0148932380    0.0003736175    
0.3658996100    0.0152551980    0.0003772758    
0.3661412000    0.0157061650    0.0003835338    
0.3663827900    0.0153615990    0.0003830835    
0.3666243800    0.0158230400    0.0003820831    
0.3668659700    0.0155327530    0.0003805493    
0.3671075600    0.0162722110    0.0003896488    
0.3673491500    0.0163599470    0.0003899650    
0.3675907300    0.0158518630    0.0003855999    
0.3678323200    0.0155465280    0.0003798621    
0.3680739100    0.0162798240    0.0003910663    
0.3683155000    0.0161537400    0.0003883739    
0.3685570900    0.0163002020    0.0003899838    
0.3687986800    0.0158592700    0.0003871571    
0.3690402600    0.0153727220    0.0003808818    
0.3692818500    0.0161191980    0.0003866505    
0.3695234400    0.0168693560    0.0003967339    
0.3697650300    0.0156417700    0.0003811666    
0.3700066200    0.0150559240    0.0003752274    
0.3702482100    0.0160542760    0.0003858710    
0.3704898000    0.0161789070    0.0003885301    
0.3707313800    0.0152025370    0.0003774771    
0.3709729700    0.0157751600    0.0003835073    
0.3712145600    0.0155024780    0.0003823404    
0.3714561500    0.0158188590    0.0003865162    
0.3716977400    0.0160679930    0.0003867597    
0.3719393300    0.0155488850    0.0003800332    
0.3721809200    0.0164869150    0.0003917690    
0.3724225000    0.0160679930    0.0003867597    
0.3726640900    0.0150738960    0.0003747454    
0.3729056800    0.0156328790    0.0003816304    
0.3731472700    0.0158064110    0.0003830240    
0.3733888600    0.0159590370    0.0003866089    
0.3736304500    0.0159255220    0.0003869341    
0.3738720400    0.0162373220    0.0003917444    
0.3741136200    0.0159777680    0.0003868357    
0.3743552100    0.0164401580    0.0003916544    
0.3745968000    0.0155047550    0.0003790678    
0.3748383900    0.0158140770    0.0003835477    
0.3750799800    0.0162169430    0.0003885482    
0.3753215700    0.0159016300    0.0003853313    
0.3755631500    0.0154768820    0.0003792943    
0.3758047400    0.0160576120    0.0003870709    
0.3760463300    0.0157130280    0.0003834728    
0.3762879200    0.0156291910    0.0003830270    
0.3765295100    0.0156443630    0.0003846716    
0.3767711000    0.0157861690    0.0003832091    
0.3770126900    0.0154652890    0.0003790102    
0.3772542700    0.0165644470    0.0003923947    
0.3774958600    0.0156623040    0.0003809889    
0.3777374500    0.0153210500    0.0003775215    
0.3779790400    0.0168046560    0.0003964200    
0.3782206300    0.0156401820    0.0003821505    
0.3784622200    0.0160466370    0.0003863576    
0.3787038100    0.0159336090    0.0003864468    
0.3789453900    0.0158127080    0.0003855611    
0.3791869800    0.0153493600    0.0003803030    
0.3794285700    0.0160318850    0.0003858906    
0.3796701600    0.0160136790    0.0003866865    
0.3799117500    0.0164716320    0.0003908545    
0.3801533400    0.0157242190    0.0003831758    
0.3803949300    0.0156016100    0.0003794002    
0.3806365100    0.0162948800    0.0003891887    
0.3808781000    0.0153631160    0.0003777562    
0.3811196900    0.0160383360    0.0003883021    
0.3813612800    0.0155862970    0.0003810614    
0.3816028700    0.0157324470    0.0003842902    
0.3818444600    0.0161098470    0.0003879920    
0.3820860500    0.0157609570    0.0003814748    
0.3823276300    0.0161579810    0.0003862496    
0.3825692200    0.0161844220    0.0003855620    
0.3828108100    0.0156695460    0.0003788187    
0.3830524000    0.0160379510    0.0003848123    
0.3832939900    0.0167359880    0.0003925133    
0.3835355800    0.0160547650    0.0003844419    
0.3837771600    0.0159194140    0.0003819682    
0.3840187500    0.0151186860    0.0003738997    
0.3842603400    0.0159270700    0.0003844831    
0.3845019300    0.0160829340    0.0003819539    
0.3847435200    0.0159416810    0.0003809702    
0.3849851100    0.0162648240    0.0003859472    
0.3852267000    0.0162576910    0.0003954718    
0.3854682800    0.0143601120    0.0003789489    
0.3857098700    0.0158070540    0.0004021487    
0.3859514600    0.0163313240    0.0004132196    
0.3861930500    0.0163359630    0.0004157393    
0.3864346400    0.0159537830    0.0004151198    
0.3866762300    0.0158396990    0.0004165458    
0.3869178200    0.0161422690    0.0004227521    
0.3871594000    0.0158118230    0.0004233454    
0.3874009900    0.0149530580    0.0004128222    
0.3876425800    0.0162982610    0.0004341960    
0.3878841700    0.0161096270    0.0004334995    
0.3881257600    0.0156949790    0.0004305249    
0.3883673500    0.0161021540    0.0004392223    
0.3886089400    0.0159031540    0.0004390524    
0.3888505200    0.0153472600    0.0004332205    
0.3890921100    0.0150705060    0.0004316443    
0.3893337000    0.0159772910    0.0004493964    
0.3895752900    0.0161557730    0.0004535205    
0.3898168800    0.0163850050    0.0004382208    
0.3900584700    0.0167028620    0.0004343170    
0.3903000600    0.0164399470    0.0004295182    
0.3905416400    0.0164050970    0.0004248543    
0.3907832300    0.0171103810    0.0004329315    
0.3910248200    0.0148583610    0.0004020181    
0.3912664100    0.0163789100    0.0004202484    
0.3915080000    0.0159353520    0.0004125506    
0.3917495900    0.0154920410    0.0004085349    
0.3919911700    0.0160109350    0.0004160439    
0.3922327600    0.0158683630    0.0004071489    
0.3924743500    0.0161264410    0.0004120113    
0.3927159400    0.0156693080    0.0004039072    
0.3929575300    0.0161465090    0.0004127936    
0.3931991200    0.0155158040    0.0004027702    
0.3934407100    0.0158387790    0.0004062561    
0.3936822900    0.0161348130    0.0004114203    
0.3939238800    0.0160496580    0.0004108549    
0.3941654700    0.0156184420    0.0004052980    
0.3944070600    0.0155370890    0.0004051010    
0.3946486500    0.0158292330    0.0004099407    
0.3948902400    0.0160939650    0.0004103788    
0.3951318300    0.0157638970    0.0004058065    
0.3953734100    0.0161316560    0.0004112062    
0.3956150000    0.0158662240    0.0004088473    
0.3958565900    0.0161285040    0.0004109923    
0.3960981800    0.0161042960    0.0004122536    
0.3963397700    0.0162187750    0.0004147767    
0.3965813600    0.0161975600    0.0004145053    
0.3968229500    0.0157965050    0.0004107494    
0.3970645300    0.0169629030    0.0004267481    
0.3973061200    0.0156330550    0.0004077418    
0.3975477100    0.0156666180    0.0004069595    
0.3977893000    0.0158197110    0.0004105209    
0.3980308900    0.0162678220    0.0004157591    
0.3982724800    0.0160966890    0.0004140991    
0.3985140700    0.0150976240    0.0004012148    
0.3987556500    0.0163266150    0.0004179448    
0.3989972400    0.0160176810    0.0004134369    
0.3992388300    0.0156729440    0.0004114498    
0.3994804200    0.0158427690    0.0004134929    
0.3997220100    0.0160240680    0.0004182248    
0.3999636000    0.0164301280    0.0004190868    
0.4002051800    0.0157996010    0.0004129292    
0.4004467700    0.0157110610    0.0004096370    
0.4006883600    0.0163854550    0.0004212492    
0.4009299500    0.0160962790    0.0004176979    
0.4011715400    0.0159647170    0.0004165339    
0.4014131300    0.0156008240    0.0004121207    
0.4016547200    0.0152243180    0.0004098249    
0.4018963000    0.0159461080    0.0004177582    
0.4021378900    0.0158841450    0.0004204863    
0.4023794800    0.0150377160    0.0004056846    
0.4026210700    0.0162188870    0.0004218751    
0.4028626600    0.0162171890    0.0004205524    
0.4031042500    0.0161926790    0.0004219076    
0.4033458400    0.0158079250    0.0004168650    
0.4035874200    0.0159047140    0.0004213262    
0.4038290100    0.0149686880    0.0004070946    
0.4040706000    0.0161334590    0.0004233935    
0.4043121900    0.0150524640    0.0004104370    
0.4045537800    0.0154044760    0.0004163372    
0.4047953700    0.0155086610    0.0004202287    
0.4050369600    0.0167635060    0.0004319688    
0.4052785400    0.0161560030    0.0004256003    
0.4055201300    0.0152452860    0.0004132439    
0.4057617200    0.0163141250    0.0004302138    
0.4060033100    0.0161414080    0.0004252158    
0.4062449000    0.0153834070    0.0004185283    
0.4064864900    0.0155426640    0.0004199187    
0.4067280800    0.0162286980    0.0004306649    
0.4069696600    0.0153733540    0.0004209114    
0.4072112500    0.0156278370    0.0004259674    
0.4074528400    0.0153047290    0.0004225311    
0.4076944300    0.0155837490    0.0004239789    
0.4079360200    0.0157006770    0.0004241877    
0.4081776100    0.0161443940    0.0004319401    
0.4084191900    0.0155320200    0.0004244609    
0.4086607800    0.0163722720    0.0004341693    
0.4089023700    0.0153391180    0.0004238037    
0.4091439600    0.0158876240    0.0004319267    
0.4093855500    0.0159514090    0.0004338211    
0.4096271400    0.0156988780    0.0004316072    
0.4098687300    0.0154695480    0.0004349430    
0.4101103100    0.0158296620    0.0004297162    
0.4103519000    0.0164503200    0.0004420277    
0.4105934900    0.0158195890    0.0004326428    
0.4108350800    0.0161189300    0.0004390270    
0.4110766700    0.0153269020    0.0004278988    
0.4113182600    0.0153616730    0.0004300443    
0.4115598500    0.0160486100    0.0004410557    
0.4118014300    0.0167492930    0.0004523533    
0.4120430200    0.0157576980    0.0004370399    
0.4122846100    0.0164964470    0.0004511539    
0.4125262000    0.0152326060    0.0004379066    
0.4127677900    0.0157278400    0.0004370531    
0.4130093800    0.0159167250    0.0004416204    
0.4132509700    0.0161361020    0.0004453139    
0.4134925500    0.0160802060    0.0004478836    
0.4137341400    0.0169261320    0.0004581328    
0.4139757300    0.0157168400    0.0004443617    
0.4142173200    0.0164049420    0.0004517023    
0.4144589100    0.0157634800    0.0004472922    
0.4147005000    0.0162427360    0.0004531142    
0.4149420800    0.0154712090    0.0004458728    
0.4151836700    0.0154937550    0.0004441313    
0.4154252600    0.0160686150    0.0004493070    
0.4156668500    0.0151597990    0.0004331371    
0.4159084400    0.0151721740    0.0004333139    
0.4161500300    0.0161275070    0.0004454161    
0.4163916200    0.0160116550    0.0004442543    
0.4166332000    0.0157409290    0.0004380939    
0.4168747900    0.0165940690    0.0004484883    
0.4171163800    0.0154630690    0.0004370122    
0.4173579700    0.0151042430    0.0004289317    
0.4175995600    0.0151012320    0.0004355722    
0.4178411500    0.0163146370    0.0004453497    
0.4180827400    0.0159254940    0.0004415239    
0.4183243200    0.0156509660    0.0004390039    
0.4185659100    0.0158686550    0.0004433692    
0.4188075000    0.0165334620    0.0004523354    
0.4190490900    0.0154248160    0.0004399913    
0.4192906800    0.0153185030    0.0004380292    
0.4195322700    0.0162703530    0.0004551259    
0.4197738600    0.0162448900    0.0004547696    
0.4200154400    0.0158633030    0.0004536077    
0.4202570300    0.0158611940    0.0004542909    
0.4204986200    0.0153268270    0.0004435577    
0.4207402100    0.0154968680    0.0004490431    
0.4209818000    0.0149807620    0.0004396608    
0.4212233900    0.0159895980    0.0004568457    
0.4214649800    0.0157855200    0.0004551202    
0.4217065600    0.0159618260    0.0004588702    
0.4219481500    0.0163166150    0.0004654297    
0.4221897400    0.0151184760    0.0004499467    
0.4224313300    0.0149834500    0.0004513579    
0.4226729200    0.0155684030    0.0004610963    
0.4229145100    0.0160665700    0.0004697105    
0.4231560900    0.0156840780    0.0004622973    
0.4233976800    0.0160777440    0.0004688365    
0.4236392700    0.0163681270    0.0004748875    
0.4238808600    0.0149383710    0.0004551928    
0.4241224500    0.0160104270    0.0004715071    
0.4243640400    0.0158422170    0.0004727441    
0.4246056300    0.0155745210    0.0004698031    
0.4248472100    0.0164952790    0.0004859968    
0.4250888000    0.0158894260    0.0004786493    
0.4253303900    0.0160130740    0.0004879405    
0.4255719800    0.0162155110    0.0004840990    
0.4258135700    0.0149381280    0.0004654548    
0.4260551600    0.0152639280    0.0004746856    
0.4262967500    0.0155916210    0.0004777673    
0.4265383300    0.0153212730    0.0004778574    
0.4267799200    0.0161321640    0.0004927144    
0.4270215100    0.0150807940    0.0004752362    
0.4272631000    0.0153051750    0.0004837503    
0.4275046900    0.0161787330    0.0004995245    
0.4277462800    0.0156616210    0.0004967565    
0.4279878700    0.0157035970    0.0005006124    
0.4282294500    0.0159563510    0.0004988796    
0.4284710400    0.0152568280    0.0004893630    
0.4287126300    0.0159248360    0.0005028338    
0.4289542200    0.0163201270    0.0005110030    
0.4291958100    0.0159037700    0.0005067362    
0.4294374000    0.0147189480    0.0004920001    
0.4296789900    0.0149160580    0.0004936495    
0.4299205700    0.0155209820    0.0005089531    
0.4301621600    0.0155512200    0.0005146703    
0.4304037500    0.0148732460    0.0005054135    
0.4306453400    0.0161763300    0.0005330282    
0.4308869300    0.0157695020    0.0005193409    
0.4311285200    0.0156040320    0.0005198457    
0.4313701000    0.0156669780    0.0005245692    
0.4316116900    0.0154778820    0.0005247494    
0.4318532800    0.0166945020    0.0005465535    
0.4320948700    0.0157357950    0.0005341077    
0.4323364600    0.0152233330    0.0005300084    
0.4325780500    0.0162097650    0.0005501953    
0.4328196400    0.0166917070    0.0005629973    
0.4330612200    0.0168468930    0.0005744743    
0.4333028100    0.0157535820    0.0005542091    
0.4335444000    0.0154419950    0.0005469835    
0.4337859900    0.0153385080    0.0005481536    
0.4340275800    0.0149676930    0.0005458156    
0.4342691700    0.0152616570    0.0005565354    
0.4345107600    0.0155928120    0.0005667304    
0.4347523400    0.0150632050    0.0005598196    
0.4349939300    0.0156165040    0.0005748514    
0.4352355200    0.0164535550    0.0005988062    
0.4354771100    0.0159271370    0.0005943955    
0.4357187000    0.0153381790    0.0005956855    
0.4359602900    0.0152530170    0.0005853571    
0.4362018800    0.0170358600    0.0006237271    
0.4364434600    0.0158999370    0.0006070624    
0.4366850500    0.0156545280    0.0006098138    
0.4369266400    0.0150467570    0.0006072377    
0.4371682300    0.0159817980    0.0006283093    
0.4374098200    0.0149972420    0.0006179506    
0.4376514100    0.0159243350    0.0006447575    
0.4378930000    0.0148425400    0.0006311690    
0.4381345800    0.0145687230    0.0006364376    
0.4383761700    0.0150882290    0.0006603939    
0.4386177600    0.0153325520    0.0006543774    
0.4388593500    0.0149319030    0.0006554378    
0.4391009400    0.0162955710    0.0006961123    
0.4393425300    0.0146602130    0.0006691441    
0.4395841100    0.0165334620    0.0007250403    
0.4398257000    0.0153001190    0.0007141484    
0.4400672900    0.0163945250    0.0007546192    
0.4403088800    0.0150493750    0.0007441437    
0.4405504700    0.0148407500    0.0007643375    
0.4407920600    0.0154255500    0.0008107489    
0.4410336500    0.0173601350    0.0008847544    
0.4412752300    0.0153070790    0.0008338297    
0.4415168200    0.0164665250    0.0009092117    
0.4417584100    0.0169344600    0.0012518313    
0.4420000000    0.0153932230    0.0018141088    