# Diamond Light Source Ltd.
# Data extracted from: /dls/b21/data/2017/mx13440-2/processed/b21-369037_00063.dat
q(1/A)          Column          Error           
0.0040000000    0.8066557900    0.0208416620    
0.0042415885    0.8760172500    0.0204278090    
0.0044831771    0.6799494400    0.0167544360    
0.0047247656    0.5434022200    0.0145023320    
0.0049663541    0.4290108000    0.0121488450    
0.0052079426    0.3617217400    0.0114788920    
0.0054495312    0.2678307200    0.0091065178    
0.0056911197    0.2570624500    0.0084113403    
0.0059327082    0.1973380900    0.0073697260    
0.0061742967    0.1824926600    0.0067916734    
0.0064158853    0.1463934900    0.0060218234    
0.0066574738    0.1247370200    0.0052523759    
0.0068990623    0.1134938000    0.0050554155    
0.0071406509    0.1003855900    0.0046703606    
0.0073822394    0.0864936140    0.0041906293    
0.0076238279    0.0834068220    0.0040175652    
0.0078654164    0.0717145100    0.0037849471    
0.0081070050    0.0691060250    0.0035219692    
0.0083485935    0.0706293170    0.0034381814    
0.0085901820    0.0610778750    0.0032190867    
0.0088317705    0.0564573730    0.0030134717    
0.0090733591    0.0495409430    0.0028047036    
0.0093149476    0.0498358300    0.0027107118    
0.0095565361    0.0451176440    0.0025792041    
0.0097981247    0.0414315620    0.0024715998    
0.0100397130    0.0381190030    0.0022903489    
0.0102813020    0.0381638080    0.0023443841    
0.0105228900    0.0382931270    0.0021998827    
0.0107644790    0.0398649780    0.0022678393    
0.0110060670    0.0345805590    0.0020592423    
0.0112476560    0.0339986860    0.0020318101    
0.0114892440    0.0340888870    0.0020052286    
0.0117308330    0.0344683450    0.0020068246    
0.0119724210    0.0332924230    0.0019449641    
0.0122140100    0.0254399440    0.0016848014    
0.0124555980    0.0287589370    0.0017373909    
0.0126971870    0.0258862580    0.0016995161    
0.0129387760    0.0248703520    0.0015760945    
0.0131803640    0.0300341970    0.0017606358    
0.0134219530    0.0291869120    0.0016739842    
0.0136635410    0.0256413080    0.0015751331    
0.0139051300    0.0260283470    0.0015869763    
0.0141467180    0.0263417330    0.0015603496    
0.0143883070    0.0241422350    0.0014719780    
0.0146298950    0.0252192120    0.0015044521    
0.0148714840    0.0207634830    0.0013750953    
0.0151130720    0.0231666280    0.0014367333    
0.0153546610    0.0245227670    0.0014229553    
0.0155962490    0.0232539120    0.0013997210    
0.0158378380    0.0242879300    0.0013976133    
0.0160794260    0.0236445410    0.0013789776    
0.0163210150    0.0235396410    0.0013456717    
0.0165626030    0.0228527580    0.0013513119    
0.0168041920    0.0219522740    0.0012759500    
0.0170457800    0.0246203470    0.0013594313    
0.0172873690    0.0224714160    0.0012909491    
0.0175289580    0.0204466320    0.0012241078    
0.0177705460    0.0240627440    0.0013049855    
0.0180121350    0.0227639250    0.0012550158    
0.0182537230    0.0219279580    0.0012182199    
0.0184953120    0.0210010520    0.0011889504    
0.0187369000    0.0214722290    0.0012022140    
0.0189784890    0.0210676690    0.0011597370    
0.0192200770    0.0223988310    0.0012147471    
0.0194616660    0.0193284740    0.0010995585    
0.0197032540    0.0206420600    0.0011450154    
0.0199448430    0.0196258350    0.0011164747    
0.0201864310    0.0202041980    0.0011241916    
0.0204280200    0.0178563840    0.0010361325    
0.0206696080    0.0185778540    0.0010417943    
0.0209111970    0.0204386900    0.0011166849    
0.0211527850    0.0196672960    0.0010619341    
0.0213943740    0.0197011660    0.0010653170    
0.0216359620    0.0195372730    0.0010658456    
0.0218775510    0.0181458100    0.0010224006    
0.0221191400    0.0202717980    0.0010610744    
0.0223607280    0.0189614670    0.0010193748    
0.0226023170    0.0188395140    0.0010466396    
0.0228439050    0.0186575870    0.0009958683    
0.0230854940    0.0203774180    0.0010385294    
0.0233270820    0.0182352830    0.0009803349    
0.0235686710    0.0194853920    0.0010199121    
0.0238102590    0.0191408190    0.0009897482    
0.0240518480    0.0208779690    0.0010273377    
0.0242934360    0.0183176600    0.0009763345    
0.0245350250    0.0205067020    0.0010202465    
0.0247766130    0.0196559210    0.0009927739    
0.0250182020    0.0194990690    0.0009989676    
0.0252597900    0.0201381980    0.0009909359    
0.0255013790    0.0190579020    0.0009564887    
0.0257429670    0.0178790760    0.0009282354    
0.0259845560    0.0201554410    0.0009742500    
0.0262261450    0.0192923860    0.0009586464    
0.0264677330    0.0180656820    0.0009171461    
0.0267093220    0.0194035360    0.0009434322    
0.0269509100    0.0199926460    0.0009630119    
0.0271924990    0.0181436850    0.0009106054    
0.0274340870    0.0183005720    0.0009196384    
0.0276756760    0.0202098430    0.0009505911    
0.0279172640    0.0205826580    0.0009575919    
0.0281588530    0.0182519260    0.0008906028    
0.0284004410    0.0180470580    0.0008934625    
0.0286420300    0.0186842560    0.0008917509    
0.0288836180    0.0209897150    0.0009550651    
0.0291252070    0.0194744280    0.0009011690    
0.0293667950    0.0194320080    0.0009109866    
0.0296083840    0.0188072100    0.0008855969    
0.0298499720    0.0182209910    0.0008746355    
0.0300915610    0.0182650950    0.0008727400    
0.0303331490    0.0192340250    0.0008881448    
0.0305747380    0.0183780920    0.0008568829    
0.0308163270    0.0186977110    0.0008643020    
0.0310579150    0.0188400820    0.0008718150    
0.0312995040    0.0187366390    0.0008624237    
0.0315410920    0.0173000120    0.0008247457    
0.0317826810    0.0182848280    0.0008452165    
0.0320242690    0.0191338470    0.0008565486    
0.0322658580    0.0169606730    0.0008179163    
0.0325074460    0.0174917640    0.0008164456    
0.0327490350    0.0184831650    0.0008366936    
0.0329906230    0.0182812010    0.0008233439    
0.0332322120    0.0186904470    0.0008375389    
0.0334738000    0.0177192900    0.0008045915    
0.0337153890    0.0181771550    0.0008137212    
0.0339569770    0.0189249320    0.0008315138    
0.0341985660    0.0190542090    0.0008355823    
0.0344401540    0.0175963150    0.0007924982    
0.0346817430    0.0187412950    0.0008250395    
0.0349233310    0.0178577820    0.0008018381    
0.0351649200    0.0185258150    0.0008016904    
0.0354065090    0.0175077410    0.0007837541    
0.0356480970    0.0179807690    0.0007832546    
0.0358896860    0.0182115300    0.0007970970    
0.0361312740    0.0180179730    0.0007819134    
0.0363728630    0.0186284740    0.0007928805    
0.0366144510    0.0183548510    0.0007935494    
0.0368560400    0.0172794010    0.0007584815    
0.0370976280    0.0179466500    0.0007825111    
0.0373392170    0.0174397510    0.0007640494    
0.0375808050    0.0182502020    0.0007732859    
0.0378223940    0.0176604290    0.0007606885    
0.0380639820    0.0180989580    0.0007731492    
0.0383055710    0.0169900030    0.0007345419    
0.0385471590    0.0171537120    0.0007409275    
0.0387887480    0.0183520810    0.0007693593    
0.0390303360    0.0179948340    0.0007530603    
0.0392719250    0.0179805960    0.0007518065    
0.0395135140    0.0173519040    0.0007385461    
0.0397551020    0.0186595500    0.0007808779    
0.0399966910    0.0178662320    0.0007355411    
0.0402382790    0.0176712420    0.0007369417    
0.0404798680    0.0168366530    0.0007140331    
0.0407214560    0.0188712690    0.0007634498    
0.0409630450    0.0176803730    0.0007272733    
0.0412046330    0.0174422880    0.0007267620    
0.0414462220    0.0174465100    0.0007207087    
0.0416878100    0.0178204830    0.0007275182    
0.0419293990    0.0190519300    0.0007513348    
0.0421709870    0.0181218650    0.0007301507    
0.0424125760    0.0177610810    0.0007263046    
0.0426541640    0.0188370790    0.0007365881    
0.0428957530    0.0175240980    0.0007112812    
0.0431373410    0.0190675020    0.0007410795    
0.0433789300    0.0185778540    0.0007264516    
0.0436205180    0.0182102550    0.0007175846    
0.0438621070    0.0187198860    0.0007292232    
0.0441036960    0.0186061300    0.0007253425    
0.0443452840    0.0188979210    0.0007252357    
0.0445868730    0.0190039510    0.0007347352    
0.0448284610    0.0183977550    0.0007139714    
0.0450700500    0.0179852590    0.0007299991    
0.0453116380    0.0189946640    0.0007520060    
0.0455532270    0.0171124250    0.0007343644    
0.0457948150    0.0179805960    0.0007518065    
0.0460364040    0.0177879790    0.0007496739    
0.0462779920    0.0181215550    0.0007685251    
0.0465195810    0.0175674790    0.0007566849    
0.0467611690    0.0183971670    0.0007774222    
0.0470027580    0.0176744210    0.0007619984    
0.0472443460    0.0186120670    0.0007979858    
0.0474859350    0.0186613120    0.0007892894    
0.0477275230    0.0184590910    0.0007914270    
0.0479691120    0.0191222600    0.0008066238    
0.0482107000    0.0187686630    0.0008069278    
0.0484522890    0.0182519260    0.0007913214    
0.0486938780    0.0170470940    0.0007701092    
0.0489354660    0.0182979610    0.0008001140    
0.0491770550    0.0185062630    0.0008139045    
0.0494186430    0.0168232790    0.0007607749    
0.0496602320    0.0181715140    0.0007685731    
0.0499018200    0.0182303090    0.0007589377    
0.0501434090    0.0174310730    0.0007301073    
0.0503849970    0.0172433670    0.0007190981    
0.0506265860    0.0182083660    0.0007336360    
0.0508681740    0.0166600450    0.0006984254    
0.0511097630    0.0174611520    0.0007116634    
0.0513513510    0.0158519830    0.0006657207    
0.0515929400    0.0180148880    0.0007211727    
0.0518345280    0.0170541620    0.0006905028    
0.0520761170    0.0171905930    0.0007012189    
0.0523177050    0.0189009470    0.0007133703    
0.0525592940    0.0179208490    0.0007078310    
0.0528008830    0.0185911140    0.0007021767    
0.0530424710    0.0187380080    0.0007072205    
0.0532840600    0.0187495040    0.0007036563    
0.0535256480    0.0176931940    0.0006835477    
0.0537672370    0.0177599610    0.0006790691    
0.0540088250    0.0174436270    0.0006744096    
0.0542504140    0.0166714210    0.0006621067    
0.0544920020    0.0188493460    0.0006981239    
0.0547335910    0.0186033380    0.0006885404    
0.0549751790    0.0183756460    0.0006815150    
0.0552167680    0.0204647660    0.0007199479    
0.0554583560    0.0175870350    0.0006600297    
0.0556999450    0.0185901650    0.0006765654    
0.0559415330    0.0187776150    0.0006847492    
0.0561831220    0.0163015160    0.0006316709    
0.0564247100    0.0180547050    0.0006628091    
0.0566662990    0.0177932140    0.0006554215    
0.0569078870    0.0189348830    0.0006828094    
0.0571494760    0.0187106390    0.0006721060    
0.0573910650    0.0188002730    0.0006634472    
0.0576326530    0.0184946510    0.0006630654    
0.0578742420    0.0176187670    0.0006459354    
0.0581158300    0.0178458930    0.0006439582    
0.0583574190    0.0180569790    0.0006465436    
0.0585990070    0.0183086090    0.0006547145    
0.0588405960    0.0184728940    0.0006564057    
0.0590821840    0.0182687950    0.0006467083    
0.0593237730    0.0186929580    0.0006559942    
0.0595653610    0.0186242400    0.0006572352    
0.0598069500    0.0178010020    0.0006285752    
0.0600485380    0.0179720540    0.0006350113    
0.0602901270    0.0192184690    0.0006572578    
0.0605317150    0.0169435360    0.0006137996    
0.0607733040    0.0183354380    0.0006356669    
0.0610148920    0.0171522150    0.0006181229    
0.0612564810    0.0180369650    0.0006310335    
0.0614980690    0.0169322630    0.0006054965    
0.0617396580    0.0180684060    0.0006396146    
0.0619812470    0.0174478140    0.0006279606    
0.0622228350    0.0174062770    0.0006232447    
0.0624644240    0.0180168880    0.0006295610    
0.0627060120    0.0184213610    0.0006417385    
0.0629476010    0.0183853960    0.0006452009    
0.0631891890    0.0196956550    0.0006635635    
0.0634307780    0.0170823200    0.0006152047    
0.0636723660    0.0182239900    0.0006348628    
0.0639139550    0.0178946820    0.0006279802    
0.0641555430    0.0180384270    0.0006238720    
0.0643971320    0.0179948900    0.0006291766    
0.0646387200    0.0176023040    0.0006109849    
0.0648803090    0.0170458820    0.0006064653    
0.0651218970    0.0176339200    0.0006048385    
0.0653634860    0.0183461570    0.0006216358    
0.0656050740    0.0179177270    0.0006127733    
0.0658466630    0.0174472080    0.0006016279    
0.0660882520    0.0176696030    0.0006039346    
0.0663298400    0.0183086090    0.0006157852    
0.0665714290    0.0175525860    0.0005999350    
0.0668130170    0.0177728130    0.0006056959    
0.0670546060    0.0176698750    0.0006004468    
0.0672961940    0.0175052760    0.0005951972    
0.0675377830    0.0176619040    0.0005930287    
0.0677793710    0.0177709980    0.0005987201    
0.0680209600    0.0180166780    0.0005956130    
0.0682625480    0.0190511750    0.0006129615    
0.0685041370    0.0176568000    0.0005882333    
0.0687457250    0.0183261210    0.0006075050    
0.0689873140    0.0181090120    0.0005947780    
0.0692289020    0.0175620300    0.0005857265    
0.0694704910    0.0177879290    0.0005890172    
0.0697120790    0.0182774290    0.0005951950    
0.0699536680    0.0177658670    0.0005895810    
0.0701952560    0.0189685550    0.0006087299    
0.0704368450    0.0177914890    0.0005914091    
0.0706784340    0.0178964650    0.0005988824    
0.0709200220    0.0175834900    0.0005884091    
0.0711616110    0.0173000120    0.0005831833    
0.0714031990    0.0189574010    0.0006153833    
0.0716447880    0.0184769970    0.0006104972    
0.0718863760    0.0172922230    0.0005825898    
0.0721279650    0.0178940650    0.0005870852    
0.0723695530    0.0188827210    0.0005998294    
0.0726111420    0.0174396470    0.0005800340    
0.0728527300    0.0177627890    0.0005769086    
0.0730943190    0.0186728320    0.0005955709    
0.0733359070    0.0183526670    0.0005868536    
0.0735774960    0.0169611550    0.0005663165    
0.0738190840    0.0194387110    0.0005998916    
0.0740606730    0.0184104860    0.0005851236    
0.0743022610    0.0182705510    0.0005833338    
0.0745438500    0.0184209620    0.0005831054    
0.0747854380    0.0179179100    0.0005691812    
0.0750270270    0.0181000850    0.0005767167    
0.0752686160    0.0184971970    0.0005757926    
0.0755102040    0.0178857900    0.0005670177    
0.0757517930    0.0174008940    0.0005613192    
0.0759933810    0.0178059690    0.0005588980    
0.0762349700    0.0177857750    0.0005658409    
0.0764765580    0.0183393360    0.0005692263    
0.0767181470    0.0179348080    0.0005621120    
0.0769597350    0.0169126120    0.0005416371    
0.0772013240    0.0178091740    0.0005546442    
0.0774429120    0.0170895730    0.0005406901    
0.0776845010    0.0174750590    0.0005445027    
0.0779260890    0.0182085300    0.0005592705    
0.0781676780    0.0184168960    0.0005586010    
0.0784092660    0.0180844860    0.0005546762    
0.0786508550    0.0184606960    0.0005558535    
0.0788924430    0.0179125310    0.0005527927    
0.0791340320    0.0184768870    0.0005576062    
0.0793756210    0.0185609340    0.0005603979    
0.0796172090    0.0189840630    0.0005610304    
0.0798587980    0.0179104360    0.0005501147    
0.0801003860    0.0185609800    0.0005596346    
0.0803419750    0.0185860560    0.0005521693    
0.0805835630    0.0182027960    0.0005508417    
0.0808251520    0.0177715660    0.0005435467    
0.0810667400    0.0179045620    0.0005455768    
0.0813083290    0.0181152330    0.0005422653    
0.0815499170    0.0185527820    0.0005568620    
0.0817915060    0.0183057410    0.0005494470    
0.0820330940    0.0181660890    0.0005416081    
0.0822746830    0.0189755450    0.0005549924    
0.0825162710    0.0173875840    0.0005288426    
0.0827578600    0.0183592910    0.0005451919    
0.0829994480    0.0179704250    0.0005324716    
0.0832410370    0.0182952700    0.0005435304    
0.0834826250    0.0179862020    0.0005327053    
0.0837242140    0.0182477900    0.0005355428    
0.0839658030    0.0187042340    0.0005435808    
0.0842073910    0.0181775700    0.0005341725    
0.0844489800    0.0182445840    0.0005317968    
0.0846905680    0.0192421660    0.0005420866    
0.0849321570    0.0188355540    0.0005423813    
0.0851737450    0.0175800270    0.0005175075    
0.0854153340    0.0184313280    0.0005331786    
0.0856569220    0.0191560340    0.0005398744    
0.0858985110    0.0182903670    0.0005331313    
0.0861400990    0.0177714440    0.0005199975    
0.0863816880    0.0183326010    0.0005301009    
0.0866232760    0.0185077480    0.0005369642    
0.0868648650    0.0183501840    0.0005277488    
0.0871064530    0.0177760970    0.0005210266    
0.0873480420    0.0186379760    0.0005292829    
0.0875896300    0.0185778540    0.0005297159    
0.0878312190    0.0182313080    0.0005241133    
0.0880728080    0.0180911300    0.0005205138    
0.0883143960    0.0186676020    0.0005284224    
0.0885559850    0.0181107710    0.0005223778    
0.0887975730    0.0179958970    0.0005182029    
0.0890391620    0.0179279650    0.0005175358    
0.0892807500    0.0184072790    0.0005225209    
0.0895223390    0.0181128540    0.0005170882    
0.0897639270    0.0180241610    0.0005124721    
0.0900055160    0.0185046550    0.0005204841    
0.0902471040    0.0192347580    0.0005328617    
0.0904886930    0.0188243980    0.0005224969    
0.0907302810    0.0182001680    0.0005093074    
0.0909718700    0.0180538060    0.0005162446    
0.0912134580    0.0179135940    0.0005058642    
0.0914550470    0.0181747840    0.0005161292    
0.0916966350    0.0183992890    0.0005126762    
0.0919382240    0.0183548910    0.0005138383    
0.0921798120    0.0183932110    0.0005111198    
0.0924214010    0.0190323580    0.0005199244    
0.0926629900    0.0186340220    0.0005115300    
0.0929045780    0.0186495270    0.0005170460    
0.0931461670    0.0183116550    0.0005065121    
0.0933877550    0.0179241490    0.0005019766    
0.0936293440    0.0190738300    0.0005198947    
0.0938709320    0.0183239420    0.0005084103    
0.0941125210    0.0185917380    0.0005080772    
0.0943541090    0.0189527430    0.0005129863    
0.0945956980    0.0186684090    0.0005099821    
0.0948372860    0.0186468140    0.0005071265    
0.0950788750    0.0178714970    0.0004950952    
0.0953204630    0.0178867130    0.0004972370    
0.0955620520    0.0181714420    0.0005003420    
0.0958036400    0.0187824560    0.0005061572    
0.0960452290    0.0182368500    0.0004987514    
0.0962868170    0.0186053760    0.0005059995    
0.0965284060    0.0191643790    0.0005112774    
0.0967699940    0.0191643790    0.0005112774    
0.0970115830    0.0188784660    0.0005022219    
0.0972531720    0.0196738330    0.0005143596    
0.0974947600    0.0190139530    0.0005051118    
0.0977363490    0.0192836790    0.0005067638    
0.0979779370    0.0178062920    0.0004888077    
0.0982195260    0.0190614420    0.0005060163    
0.0984611140    0.0195800890    0.0005098221    
0.0987027030    0.0202340960    0.0005188230    
0.0989442910    0.0204023450    0.0005212556    
0.0991858800    0.0190542090    0.0005021225    
0.0994274680    0.0187877730    0.0004964823    
0.0996690570    0.0202279240    0.0005116486    
0.0999106450    0.0199320780    0.0005119210    
0.1001522300    0.0196455460    0.0005042295    
0.1003938200    0.0199206740    0.0005096152    
0.1006354100    0.0210342160    0.0005214739    
0.1008770000    0.0195255710    0.0005034772    
0.1011185900    0.0203434640    0.0005139139    
0.1013601800    0.0200869790    0.0005112002    
0.1016017700    0.0212281660    0.0005219690    
0.1018433500    0.0213219280    0.0005348901    
0.1020849400    0.0208949130    0.0005368269    
0.1023265300    0.0220664550    0.0005560224    
0.1025681200    0.0210257750    0.0005400108    
0.1028097100    0.0220991460    0.0005618629    
0.1030513000    0.0206995980    0.0005456718    
0.1032928800    0.0213114000    0.0005588944    
0.1035344700    0.0220736860    0.0005612156    
0.1037760600    0.0218919010    0.0005684770    
0.1040176500    0.0221654040    0.0005744183    
0.1042592400    0.0225839610    0.0005815666    
0.1045008300    0.0217666450    0.0005675252    
0.1047424200    0.0220433090    0.0005763080    
0.1049840000    0.0213622490    0.0005701163    
0.1052255900    0.0197490160    0.0005498581    
0.1054671800    0.0190088420    0.0005361521    
0.1057087700    0.0188537620    0.0005375829    
0.1059503600    0.0186241820    0.0005362948    
0.1061919500    0.0174904820    0.0005193920    
0.1064335400    0.0184017600    0.0005196496    
0.1066751200    0.0179799460    0.0005059256    
0.1069167100    0.0190661860    0.0005194934    
0.1071583000    0.0179158370    0.0004970871    
0.1073998900    0.0187148580    0.0005063621    
0.1076414800    0.0182511950    0.0005036849    
0.1078830700    0.0189627820    0.0005060792    
0.1081246600    0.0184821620    0.0005026485    
0.1083662400    0.0188378240    0.0005011407    
0.1086078300    0.0180805370    0.0004963361    
0.1088494200    0.0192880470    0.0005060057    
0.1090910100    0.0179968830    0.0004874717    
0.1093326000    0.0187738230    0.0004952498    
0.1095741900    0.0191229090    0.0005011564    
0.1098157700    0.0185907280    0.0004892297    
0.1100573600    0.0181989800    0.0004876088    
0.1102989500    0.0192516620    0.0004970758    
0.1105405400    0.0188983820    0.0004922389    
0.1107821300    0.0180795970    0.0004837161    
0.1110237200    0.0188443390    0.0004890099    
0.1112653100    0.0179300900    0.0004819638    
0.1115068900    0.0180869750    0.0004771309    
0.1117484800    0.0183080640    0.0004793081    
0.1119900700    0.0180488360    0.0004739857    
0.1122316600    0.0177254280    0.0004713810    
0.1124732500    0.0187948120    0.0004827123    
0.1127148400    0.0179159050    0.0004708195    
0.1129564300    0.0186899940    0.0004825736    
0.1131980100    0.0179857310    0.0004710308    
0.1134396000    0.0177782060    0.0004694760    
0.1136811900    0.0173936080    0.0004632123    
0.1139227800    0.0179904120    0.0004692264    
0.1141643700    0.0177517690    0.0004626875    
0.1144059600    0.0189641380    0.0004784593    
0.1146475500    0.0176443850    0.0004640047    
0.1148891300    0.0188574430    0.0004736616    
0.1151307200    0.0186690110    0.0004763495    
0.1153723100    0.0178475640    0.0004603620    
0.1156139000    0.0178777140    0.0004645521    
0.1158554900    0.0188614850    0.0004721276    
0.1160970800    0.0176311730    0.0004611132    
0.1163386700    0.0180558700    0.0004628189    
0.1165802500    0.0181160710    0.0004631464    
0.1168218400    0.0186596430    0.0004669290    
0.1170634300    0.0188119790    0.0004692741    
0.1173050200    0.0181187050    0.0004618573    
0.1175466100    0.0180978960    0.0004602813    
0.1177882000    0.0185488890    0.0004635774    
0.1180297800    0.0182415500    0.0004599360    
0.1182713700    0.0188760820    0.0004698509    
0.1185129600    0.0182482750    0.0004593760    
0.1187545500    0.0185144870    0.0004618530    
0.1189961400    0.0184458520    0.0004601408    
0.1192377300    0.0185948820    0.0004594481    
0.1194793200    0.0178646270    0.0004497182    
0.1197209000    0.0185721880    0.0004587474    
0.1199624900    0.0190802630    0.0004641314    
0.1202040800    0.0187503340    0.0004567821    
0.1204456700    0.0191242610    0.0004665842    
0.1206872600    0.0182437200    0.0004507715    
0.1209288500    0.0178998300    0.0004497501    
0.1211704400    0.0184156260    0.0004539119    
0.1214120200    0.0181390940    0.0004488720    
0.1216536100    0.0179585920    0.0004456350    
0.1218952000    0.0187638510    0.0004530957    
0.1221367900    0.0184002880    0.0004518896    
0.1223783800    0.0189118500    0.0004550801    
0.1226199700    0.0180319330    0.0004459472    
0.1228615600    0.0182751030    0.0004485448    
0.1231031400    0.0184954320    0.0004508400    
0.1233447300    0.0183362980    0.0004486973    
0.1235863200    0.0179796400    0.0004462947    
0.1238279100    0.0186266140    0.0004492582    
0.1240695000    0.0183029850    0.0004441740    
0.1243110900    0.0183732280    0.0004448319    
0.1245526800    0.0188918150    0.0004522473    
0.1247942600    0.0187483900    0.0004470242    
0.1250358500    0.0178037760    0.0004375039    
0.1252774400    0.0182192490    0.0004416220    
0.1255190300    0.0187216200    0.0004465129    
0.1257606200    0.0187710380    0.0004488419    
0.1260022100    0.0178385960    0.0004371732    
0.1262437900    0.0184395310    0.0004429458    
0.1264853800    0.0186043860    0.0004443492    
0.1267269700    0.0188457280    0.0004449402    
0.1269685600    0.0175264750    0.0004292663    
0.1272101500    0.0177682920    0.0004322175    
0.1274517400    0.0180982190    0.0004392047    
0.1276933300    0.0176104190    0.0004268644    
0.1279349100    0.0186043400    0.0004439684    
0.1281765000    0.0177549840    0.0004327910    
0.1284180900    0.0187291480    0.0004420646    
0.1286596800    0.0181265270    0.0004361827    
0.1289012700    0.0188176350    0.0004429212    
0.1291428600    0.0180177440    0.0004343201    
0.1293844500    0.0180935720    0.0004317795    
0.1296260300    0.0184790630    0.0004383654    
0.1298676200    0.0184582650    0.0004381186    
0.1301092100    0.0182020750    0.0004328922    
0.1303508000    0.0176609980    0.0004253502    
0.1305923900    0.0181754640    0.0004358487    
0.1308339800    0.0178089720    0.0004301634    
0.1310755700    0.0182481300    0.0004336198    
0.1313171500    0.0183059330    0.0004334055    
0.1315587400    0.0190794040    0.0004419182    
0.1318003300    0.0180270560    0.0004308060    
0.1320419200    0.0189373600    0.0004379239    
0.1322835100    0.0187054840    0.0004370249    
0.1325251000    0.0187512880    0.0004373794    
0.1327666900    0.0189385390    0.0004386555    
0.1330082700    0.0179936440    0.0004275726    
0.1332498600    0.0189295330    0.0004392724    
0.1334914500    0.0187374310    0.0004392122    
0.1337330400    0.0187332960    0.0004334368    
0.1339746300    0.0181193280    0.0004273141    
0.1342162200    0.0179736960    0.0004254204    
0.1344578000    0.0189427210    0.0004381650    
0.1346993900    0.0176517140    0.0004203981    
0.1349409800    0.0183905050    0.0004315546    
0.1351825700    0.0185329430    0.0004300693    
0.1354241600    0.0175015300    0.0004186059    
0.1356657500    0.0189090630    0.0004356418    
0.1359073400    0.0178920430    0.0004263637    
0.1361489200    0.0183784130    0.0004281001    
0.1363905100    0.0178112430    0.0004211037    
0.1366321000    0.0186027240    0.0004301855    
0.1368736900    0.0177074050    0.0004197058    
0.1371152800    0.0182477780    0.0004240231    
0.1373568700    0.0181358780    0.0004244125    
0.1375984600    0.0182734620    0.0004270480    
0.1378400400    0.0179859490    0.0004229939    
0.1380816300    0.0184400210    0.0004260813    
0.1383232200    0.0180058450    0.0004232278    
0.1385648100    0.0181796150    0.0004254360    
0.1388064000    0.0177338520    0.0004171805    
0.1390479900    0.0176779050    0.0004147184    
0.1392895800    0.0176350670    0.0004183439    
0.1395311600    0.0177391680    0.0004159268    
0.1397727500    0.0185876060    0.0004257572    
0.1400143400    0.0185632370    0.0004253106    
0.1402559300    0.0183094740    0.0004266100    
0.1404975200    0.0179600510    0.0004180149    
0.1407391100    0.0184852810    0.0004244166    
0.1409806900    0.0179699590    0.0004214540    
0.1412222800    0.0185584710    0.0004240898    
0.1414638700    0.0175708840    0.0004134612    
0.1417054600    0.0177014040    0.0004117719    
0.1419470500    0.0175743070    0.0004148069    
0.1421886400    0.0179537910    0.0004151790    
0.1424302300    0.0174146260    0.0004100114    
0.1426718100    0.0180739160    0.0004185168    
0.1429134000    0.0178393730    0.0004149814    
0.1431549900    0.0184372230    0.0004228676    
0.1433965800    0.0177431120    0.0004149939    
0.1436381700    0.0187646380    0.0004239581    
0.1438797600    0.0184009220    0.0004195049    
0.1441213500    0.0176808590    0.0004118515    
0.1443629300    0.0181713880    0.0004168802    
0.1446045200    0.0183814910    0.0004196075    
0.1448461100    0.0181132880    0.0004165350    
0.1450877000    0.0186582770    0.0004201633    
0.1453292900    0.0191311960    0.0004290757    
0.1455708800    0.0182303820    0.0004165924    
0.1458124700    0.0183452670    0.0004216467    
0.1460540500    0.0182025430    0.0004132675    
0.1462956400    0.0183115040    0.0004173579    
0.1465372300    0.0182658590    0.0004155627    
0.1467788200    0.0182901540    0.0004153636    
0.1470204100    0.0179633190    0.0004121068    
0.1472620000    0.0183373180    0.0004158988    
0.1475035900    0.0180277120    0.0004117462    
0.1477451700    0.0184166370    0.0004179128    
0.1479867600    0.0180813200    0.0004115774    
0.1482283500    0.0186110710    0.0004202740    
0.1484699400    0.0169591150    0.0003995083    
0.1487115300    0.0182843200    0.0004160904    
0.1489531200    0.0186055820    0.0004146879    
0.1491947000    0.0182869880    0.0004142250    
0.1494362900    0.0183130530    0.0004124938    
0.1496778800    0.0178762730    0.0004089278    
0.1499194700    0.0181301940    0.0004112012    
0.1501610600    0.0184701970    0.0004158225    
0.1504026500    0.0189715500    0.0004192160    
0.1506442400    0.0186580320    0.0004195200    
0.1508858200    0.0189850780    0.0004215785    
0.1511274100    0.0180936950    0.0004084865    
0.1513690000    0.0182412480    0.0004101488    
0.1516105900    0.0178217510    0.0004066181    
0.1518521800    0.0188322180    0.0004173617    
0.1520937700    0.0185594510    0.0004132493    
0.1523353600    0.0179880800    0.0004071411    
0.1525769400    0.0180444070    0.0004091502    
0.1528185300    0.0188462930    0.0004176736    
0.1530601200    0.0185133470    0.0004130427    
0.1533017100    0.0183357360    0.0004132144    
0.1535433000    0.0179202300    0.0004045704    
0.1537848900    0.0186463060    0.0004125329    
0.1540264800    0.0176931940    0.0004027426    
0.1542680600    0.0182254280    0.0004084530    
0.1545096500    0.0189495920    0.0004145021    
0.1547512400    0.0185183530    0.0004117223    
0.1549928300    0.0187103890    0.0004135461    
0.1552344200    0.0182951270    0.0004084792    
0.1554760100    0.0180165480    0.0004055067    
0.1557176000    0.0187939290    0.0004156972    
0.1559591800    0.0180356010    0.0004054224    
0.1562007700    0.0178257320    0.0004007047    
0.1564423600    0.0187260450    0.0004101031    
0.1566839500    0.0178541600    0.0004044208    
0.1569255400    0.0187269100    0.0004113073    
0.1571671300    0.0187767410    0.0004120045    
0.1574087100    0.0182603980    0.0004040940    
0.1576503000    0.0187699440    0.0004143566    
0.1578918900    0.0183458540    0.0004046005    
0.1581334800    0.0186049350    0.0004098162    
0.1583750700    0.0187182860    0.0004118138    
0.1586166600    0.0188103730    0.0004225184    
0.1588582500    0.0183884770    0.0004172738    
0.1590998300    0.0189461160    0.0004284960    
0.1593414200    0.0177282720    0.0004172802    
0.1595830100    0.0187417320    0.0004314433    
0.1598246000    0.0186471000    0.0004294925    
0.1600661900    0.0183862250    0.0004306250    
0.1603077800    0.0187306320    0.0004367788    
0.1605493700    0.0180464740    0.0004294346    
0.1607909500    0.0188448650    0.0004399213    
0.1610325400    0.0188950240    0.0004432717    
0.1612741300    0.0184945920    0.0004387337    
0.1615157200    0.0188927320    0.0004453060    
0.1617573100    0.0181937750    0.0004375476    
0.1619989000    0.0181714300    0.0004408516    
0.1622404900    0.0186785040    0.0004448524    
0.1624820700    0.0184589730    0.0004466461    
0.1627236600    0.0185671030    0.0004467844    
0.1629652500    0.0186153850    0.0004467835    
0.1632068400    0.0188538910    0.0004431612    
0.1634484300    0.0188857180    0.0004366130    
0.1636900200    0.0181448740    0.0004274414    
0.1639316100    0.0178820540    0.0004216012    
0.1641731900    0.0182801320    0.0004259263    
0.1644147800    0.0177769160    0.0004166973    
0.1646563700    0.0175793620    0.0004158539    
0.1648979600    0.0189358640    0.0004280453    
0.1651395500    0.0185876210    0.0004260930    
0.1653811400    0.0177911060    0.0004144196    
0.1656227200    0.0184998360    0.0004247508    
0.1658643100    0.0184626420    0.0004210214    
0.1661059000    0.0175577240    0.0004100974    
0.1663474900    0.0181763490    0.0004143851    
0.1665890800    0.0179548160    0.0004116951    
0.1668306700    0.0179152100    0.0004132934    
0.1670722600    0.0178415360    0.0004103943    
0.1673138400    0.0177713510    0.0004094303    
0.1675554300    0.0185778540    0.0004165606    
0.1677970200    0.0183893420    0.0004163299    
0.1680386100    0.0177984620    0.0004100549    
0.1682802000    0.0180785240    0.0004107695    
0.1685217900    0.0184480680    0.0004135465    
0.1687633800    0.0178795080    0.0004066676    
0.1690049600    0.0183061650    0.0004141285    
0.1692465500    0.0173996120    0.0003986503    
0.1694881400    0.0177447660    0.0004052838    
0.1697297300    0.0183018080    0.0004103710    
0.1699713200    0.0181736840    0.0004109212    
0.1702129100    0.0178208770    0.0004031501    
0.1704545000    0.0179315480    0.0004054463    
0.1706960800    0.0185778540    0.0004143788    
0.1709376700    0.0184920330    0.0004087199    
0.1711792600    0.0182730000    0.0004077820    
0.1714208500    0.0186408600    0.0004096150    
0.1716624400    0.0186826590    0.0004126309    
0.1719040300    0.0181793410    0.0004034875    
0.1721456200    0.0178015200    0.0004008701    
0.1723872000    0.0178195740    0.0004010733    
0.1726287900    0.0178797770    0.0004013117    
0.1728703800    0.0178405290    0.0004017485    
0.1731119700    0.0184838230    0.0004068525    
0.1733535600    0.0171170770    0.0003916633    
0.1735951500    0.0174527280    0.0003932151    
0.1738367300    0.0179353920    0.0004000487    
0.1740783200    0.0178573710    0.0003973213    
0.1743199100    0.0185955720    0.0004058853    
0.1745615000    0.0181279630    0.0003998923    
0.1748030900    0.0179278480    0.0003968320    
0.1750446800    0.0177740260    0.0003995424    
0.1752862700    0.0178256430    0.0003948600    
0.1755278500    0.0182315710    0.0004049461    
0.1757694400    0.0177873070    0.0003952735    
0.1760110300    0.0181591360    0.0004000936    
0.1762526200    0.0183161940    0.0003996921    
0.1764942100    0.0185385220    0.0004025360    
0.1767358000    0.0178752380    0.0003949907    
0.1769773900    0.0181041730    0.0003966743    
0.1772189700    0.0177928740    0.0003939408    
0.1774605600    0.0175428270    0.0003922695    
0.1777021500    0.0181429790    0.0003972386    
0.1779437400    0.0184255400    0.0004004606    
0.1781853300    0.0185691070    0.0004030102    
0.1784269200    0.0179250950    0.0003923740    
0.1786685100    0.0180384270    0.0003945713    
0.1789100900    0.0176650320    0.0003891127    
0.1791516800    0.0173049270    0.0003857943    
0.1793932700    0.0178247560    0.0003916819    
0.1796348600    0.0180490070    0.0003923697    
0.1798764500    0.0183987280    0.0003961528    
0.1801180400    0.0180870530    0.0003929184    
0.1803596200    0.0183616310    0.0003985073    
0.1806012100    0.0175436230    0.0003864384    
0.1808428000    0.0174209910    0.0003849531    
0.1810843900    0.0183876370    0.0003942723    
0.1813259800    0.0176701690    0.0003871650    
0.1815675700    0.0176098610    0.0003858436    
0.1818091600    0.0179657680    0.0003894574    
0.1820507400    0.0182185550    0.0003924554    
0.1822923300    0.0166455550    0.0003743647    
0.1825339200    0.0181542820    0.0003921642    
0.1827755100    0.0180737060    0.0003896969    
0.1830171000    0.0177883050    0.0003896599    
0.1832586900    0.0174732240    0.0003823911    
0.1835002800    0.0171732990    0.0003794799    
0.1837418600    0.0181399920    0.0003889622    
0.1839834500    0.0186450730    0.0003958088    
0.1842250400    0.0176740660    0.0003845825    
0.1844666300    0.0176633670    0.0003840770    
0.1847082200    0.0176479180    0.0003836504    
0.1849498100    0.0172240020    0.0003793980    
0.1851914000    0.0179319980    0.0003890912    
0.1854329800    0.0169565740    0.0003764411    
0.1856745700    0.0175269090    0.0003831076    
0.1859161600    0.0173971280    0.0003790053    
0.1861577500    0.0177604280    0.0003829422    
0.1863993400    0.0178224540    0.0003846374    
0.1866409300    0.0171715620    0.0003757894    
0.1868825200    0.0176704950    0.0003844138    
0.1871241000    0.0182198750    0.0003872189    
0.1873656900    0.0180164010    0.0003871139    
0.1876072800    0.0180863760    0.0003849036    
0.1878488700    0.0176479180    0.0003836504    
0.1880904600    0.0180465830    0.0003870483    
0.1883320500    0.0183039890    0.0003868287    
0.1885736300    0.0174657270    0.0003786176    
0.1888152200    0.0175525860    0.0003794322    
0.1890568100    0.0173079960    0.0003777814    
0.1892984000    0.0177048500    0.0003800689    
0.1895399900    0.0176990600    0.0003812647    
0.1897815800    0.0180440070    0.0003849621    
0.1900231700    0.0177236990    0.0003815300    
0.1902647500    0.0167641850    0.0003700784    
0.1905063400    0.0174650850    0.0003801251    
0.1907479300    0.0177306150    0.0003809733    
0.1909895200    0.0179240760    0.0003815361    
0.1912311100    0.0175559290    0.0003780937    
0.1914727000    0.0176026380    0.0003782235    
0.1917142900    0.0177889590    0.0003813477    
0.1919558700    0.0182282380    0.0003827570    
0.1921974600    0.0173148050    0.0003762310    
0.1924390500    0.0172655110    0.0003763166    
0.1926806400    0.0173653700    0.0003759126    
0.1929222300    0.0174960840    0.0003779460    
0.1931638200    0.0173971600    0.0003738085    
0.1934054100    0.0183817810    0.0003875220    
0.1936469900    0.0180551000    0.0003810586    
0.1938885800    0.0187241360    0.0003900862    
0.1941301700    0.0177886770    0.0003784825    
0.1943717600    0.0184274090    0.0003871099    
0.1946133500    0.0170007520    0.0003684515    
0.1948549400    0.0170721970    0.0003717501    
0.1950965300    0.0180001990    0.0003813465    
0.1953381100    0.0168552170    0.0003687781    
0.1955797000    0.0181768930    0.0003837145    
0.1958212900    0.0174002150    0.0003733573    
0.1960628800    0.0177321300    0.0003770234    
0.1963044700    0.0175950250    0.0003749568    
0.1965460600    0.0174611520    0.0003765769    
0.1967876400    0.0177545580    0.0003758052    
0.1970292300    0.0178207120    0.0003768679    
0.1972708200    0.0179344650    0.0003797834    
0.1975124100    0.0173248730    0.0003730310    
0.1977540000    0.0173939120    0.0003736524    
0.1979955900    0.0174435420    0.0003739429    
0.1982371800    0.0173055080    0.0003733070    
0.1984787600    0.0178337950    0.0003747224    
0.1987203500    0.0174428720    0.0003727314    
0.1989619400    0.0168273330    0.0003663313    
0.1992035300    0.0183911610    0.0003822378    
0.1994451200    0.0180091030    0.0003784895    
0.1996867100    0.0182965510    0.0003807652    
0.1999283000    0.0172772850    0.0003707196    
0.2001698800    0.0176407870    0.0003750813    
0.2004114700    0.0179441530    0.0003793936    
0.2006530600    0.0180608150    0.0003775803    
0.2008946500    0.0176422210    0.0003740143    
0.2011362400    0.0172438780    0.0003673070    
0.2013778300    0.0180488760    0.0003789073    
0.2016194200    0.0179115590    0.0003747057    
0.2018610000    0.0181787120    0.0003790524    
0.2021025900    0.0179285000    0.0003767955    
0.2023441800    0.0171596970    0.0003676890    
0.2025857700    0.0181081780    0.0003780751    
0.2028273600    0.0184266200    0.0003829748    
0.2030689500    0.0181787120    0.0003790524    
0.2033105400    0.0176518910    0.0003713925    
0.2035521200    0.0180657410    0.0003772713    
0.2037937100    0.0179377800    0.0003753364    
0.2040353000    0.0173393300    0.0003698439    
0.2042768900    0.0177200530    0.0003725793    
0.2045184800    0.0183136770    0.0003772209    
0.2047600700    0.0180457060    0.0003771820    
0.2050016500    0.0181355240    0.0003784811    
0.2052432400    0.0177776620    0.0003743703    
0.2054848300    0.0183354660    0.0003786348    
0.2057264200    0.0179918510    0.0003774607    
0.2059680100    0.0173765320    0.0003669825    
0.2062096000    0.0178559670    0.0003732977    
0.2064511900    0.0177809380    0.0003718104    
0.2066927700    0.0180797770    0.0003765803    
0.2069343600    0.0172204070    0.0003670569    
0.2071759500    0.0177099490    0.0003721202    
0.2074175400    0.0182654900    0.0003776732    
0.2076591300    0.0178499970    0.0003727659    
0.2079007200    0.0183247710    0.0003806936    
0.2081423100    0.0174293480    0.0003677700    
0.2083838900    0.0181140890    0.0003757495    
0.2086254800    0.0182963710    0.0003782309    
0.2088670700    0.0179044890    0.0003733344    
0.2091086600    0.0175901700    0.0003713288    
0.2093502500    0.0181074790    0.0003752090    
0.2095918400    0.0181927800    0.0003781147    
0.2098334300    0.0180454920    0.0003758662    
0.2100750100    0.0177348380    0.0003738002    
0.2103166000    0.0180766030    0.0003777453    
0.2105581900    0.0173300000    0.0003670655    
0.2107997800    0.0175752390    0.0003717599    
0.2110413700    0.0179243610    0.0003734242    
0.2112829600    0.0179309810    0.0003761009    
0.2115245400    0.0177309330    0.0003711708    
0.2117661300    0.0180270490    0.0003766276    
0.2120077200    0.0183790970    0.0003784881    
0.2122493100    0.0178042720    0.0003758485    
0.2124909000    0.0184291060    0.0003798403    
0.2127324900    0.0172647490    0.0003701100    
0.2129740800    0.0176485700    0.0003712405    
0.2132156600    0.0180390260    0.0003753247    
0.2134572500    0.0183260570    0.0003797382    
0.2136988400    0.0179491610    0.0003755745    
0.2139404300    0.0182588870    0.0003768927    
0.2141820200    0.0175025830    0.0003706378    
0.2144236100    0.0182265830    0.0003793091    
0.2146652000    0.0176527010    0.0003728150    
0.2149067800    0.0182149590    0.0003770316    
0.2151483700    0.0188030400    0.0003888712    
0.2153899600    0.0185531160    0.0003911340    
0.2156315500    0.0178505470    0.0003874151    
0.2158731400    0.0179679100    0.0003901461    
0.2161147300    0.0178309180    0.0003935313    
0.2163563200    0.0182330920    0.0003989249    
0.2165979000    0.0180020020    0.0003993548    
0.2168394900    0.0187020610    0.0004073373    
0.2170810800    0.0175570920    0.0003991279    
0.2173226700    0.0181203160    0.0004051826    
0.2175642600    0.0173136800    0.0003982525    
0.2178058500    0.0181071780    0.0004087909    
0.2180474400    0.0177996990    0.0004072827    
0.2182890200    0.0168166500    0.0003990414    
0.2185306100    0.0178160450    0.0004080843    
0.2187722000    0.0177534490    0.0004125364    
0.2190137900    0.0175035750    0.0004088326    
0.2192553800    0.0173276550    0.0004105895    
0.2194969700    0.0173816070    0.0004086680    
0.2197385500    0.0179182570    0.0004123773    
0.2199801400    0.0173188890    0.0004011410    
0.2202217300    0.0172518410    0.0003965155    
0.2204633200    0.0174675150    0.0003970915    
0.2207049100    0.0169294590    0.0003883884    
0.2209465000    0.0171433050    0.0003908337    
0.2211880900    0.0167959320    0.0003849202    
0.2214296700    0.0168977540    0.0003855363    
0.2216712600    0.0165779710    0.0003813296    
0.2219128500    0.0168334540    0.0003831727    
0.2221544400    0.0170539230    0.0003875892    
0.2223960300    0.0166066820    0.0003805830    
0.2226376200    0.0175590400    0.0003944109    
0.2228792100    0.0177094030    0.0003931542    
0.2231207900    0.0175173840    0.0003910169    
0.2233623800    0.0172117720    0.0003851559    
0.2236039700    0.0171741940    0.0003863517    
0.2238455600    0.0176267980    0.0003895009    
0.2240871500    0.0169454900    0.0003825645    
0.2243287400    0.0172059900    0.0003834933    
0.2245703300    0.0166377890    0.0003796050    
0.2248119100    0.0164877370    0.0003773619    
0.2250535000    0.0170113590    0.0003831737    
0.2252950900    0.0173949940    0.0003889639    
0.2255366800    0.0174980930    0.0003864682    
0.2257782700    0.0170339880    0.0003822317    
0.2260198600    0.0172916290    0.0003837849    
0.2262614500    0.0169477690    0.0003798192    
0.2265030300    0.0175889020    0.0003864060    
0.2267446200    0.0173034060    0.0003847102    
0.2269862100    0.0169917330    0.0003786238    
0.2272278000    0.0168388310    0.0003779477    
0.2274693900    0.0168537010    0.0003769544    
0.2277109800    0.0173719450    0.0003861386    
0.2279525600    0.0169349140    0.0003777330    
0.2281941500    0.0174307590    0.0003841387    
0.2284357400    0.0171468400    0.0003804776    
0.2286773300    0.0165504830    0.0003750833    
0.2289189200    0.0171462040    0.0003794374    
0.2291605100    0.0168959080    0.0003788473    
0.2294021000    0.0178111490    0.0003873820    
0.2296436800    0.0168195620    0.0003798183    
0.2298852700    0.0167183850    0.0003750554    
0.2301268600    0.0171520910    0.0003838204    
0.2303684500    0.0164938400    0.0003741842    
0.2306100400    0.0170328910    0.0003807718    
0.2308516300    0.0167086240    0.0003763547    
0.2310932200    0.0167620380    0.0003789059    
0.2313348000    0.0166861360    0.0003762302    
0.2315763900    0.0172475250    0.0003829003    
0.2318179800    0.0173633620    0.0003860432    
0.2320595700    0.0169818180    0.0003802005    
0.2323011600    0.0170875140    0.0003825669    
0.2325427500    0.0172159920    0.0003840025    
0.2327843400    0.0171753440    0.0003850161    
0.2330259200    0.0169036000    0.0003785442    
0.2332675100    0.0162189630    0.0003713077    
0.2335091000    0.0172725680    0.0003845000    
0.2337506900    0.0165955380    0.0003749507    
0.2339922800    0.0177250290    0.0003897729    
0.2342338700    0.0170232930    0.0003813203    
0.2344754600    0.0169233370    0.0003813846    
0.2347170400    0.0173580310    0.0003841250    
0.2349586300    0.0166560070    0.0003771843    
0.2352002200    0.0166931440    0.0003807689    
0.2354418100    0.0170887070    0.0003829778    
0.2356834000    0.0173136170    0.0003852229    
0.2359249900    0.0167111790    0.0003761262    
0.2361665700    0.0176993460    0.0003904373    
0.2364081600    0.0164653790    0.0003745034    
0.2366497500    0.0167260970    0.0003795509    
0.2368913400    0.0167072560    0.0003777641    
0.2371329300    0.0171075390    0.0003846577    
0.2373745200    0.0167110560    0.0003787223    
0.2376161100    0.0161102480    0.0003718520    
0.2378576900    0.0173289590    0.0003870038    
0.2380992800    0.0175307930    0.0003870960    
0.2383408700    0.0170350710    0.0003826415    
0.2385824600    0.0162124700    0.0003717440    
0.2388240500    0.0171329090    0.0003838720    
0.2390656400    0.0171189950    0.0003838494    
0.2393072300    0.0173153640    0.0003849760    
0.2395488100    0.0170200430    0.0003822076    
0.2397904000    0.0168159370    0.0003810993    
0.2400319900    0.0160921450    0.0003733285    
0.2402735800    0.0171708350    0.0003861785    
0.2405151700    0.0162107240    0.0003745705    
0.2407567600    0.0176773420    0.0003884427    
0.2409983500    0.0163208930    0.0003753169    
0.2412399300    0.0164423210    0.0003751452    
0.2414815200    0.0174728030    0.0003891502    
0.2417231100    0.0165761130    0.0003757606    
0.2419647000    0.0170687280    0.0003847588    
0.2422062900    0.0167183380    0.0003802570    
0.2424478800    0.0162193790    0.0003746705    
0.2426894600    0.0172798950    0.0003886313    
0.2429310500    0.0163440260    0.0003754520    
0.2431726400    0.0166227430    0.0003783764    
0.2434142300    0.0169324720    0.0003804329    
0.2436558200    0.0167113460    0.0003817805    
0.2438974100    0.0158541300    0.0003685014    
0.2441390000    0.0160843850    0.0003728475    
0.2443805800    0.0167213660    0.0003804243    
0.2446221700    0.0177799250    0.0003926929    
0.2448637600    0.0168826190    0.0003835968    
0.2451053500    0.0169704450    0.0003824462    
0.2453469400    0.0174467220    0.0003918880    
0.2455885300    0.0171169650    0.0003840937    
0.2458301200    0.0166969390    0.0003817503    
0.2460717000    0.0165938110    0.0003775223    
0.2463132900    0.0162583120    0.0003740757    
0.2465548800    0.0168937050    0.0003834530    
0.2467964700    0.0169477630    0.0003823236    
0.2470380600    0.0163342770    0.0003765218    
0.2472796500    0.0170600550    0.0003846611    
0.2475212400    0.0163263920    0.0003785591    
0.2477628200    0.0165812300    0.0003823159    
0.2480044100    0.0170232220    0.0003834409    
0.2482460000    0.0162053850    0.0003742473    
0.2484875900    0.0173445410    0.0003881269    
0.2487291800    0.0171360940    0.0003857876    
0.2489707700    0.0163523140    0.0003759401    
0.2492123600    0.0163824480    0.0003785384    
0.2494539400    0.0168707470    0.0003833271    
0.2496955300    0.0163883680    0.0003784731    
0.2499371200    0.0164037110    0.0003773212    
0.2501787100    0.0166526410    0.0003843713    
0.2504203000    0.0167417210    0.0003807888    
0.2506618900    0.0164536910    0.0003754047    
0.2509034700    0.0163804730    0.0003771860    
0.2511450600    0.0165482670    0.0003784501    
0.2513866500    0.0164208740    0.0003779160    
0.2516282400    0.0172055280    0.0003841515    
0.2518698300    0.0162968190    0.0003759581    
0.2521114200    0.0168732650    0.0003816153    
0.2523530100    0.0163259930    0.0003760312    
0.2525945900    0.0169790640    0.0003825433    
0.2528361800    0.0169334860    0.0003848520    
0.2530777700    0.0159839970    0.0003705205    
0.2533193600    0.0170650550    0.0003824477    
0.2535609500    0.0167092800    0.0003797564    
0.2538025400    0.0166890190    0.0003793939    
0.2540441300    0.0170426360    0.0003833922    
0.2542857100    0.0165079100    0.0003769362    
0.2545273000    0.0165513370    0.0003794143    
0.2547688900    0.0169162110    0.0003806445    
0.2550104800    0.0158294450    0.0003710479    
0.2552520700    0.0163909350    0.0003790381    
0.2554936600    0.0166826800    0.0003786632    
0.2557352500    0.0163433150    0.0003762307    
0.2559768300    0.0172208030    0.0003845884    
0.2562184200    0.0171120940    0.0003852473    
0.2564600100    0.0166994830    0.0003784601    
0.2567016000    0.0163717880    0.0003770860    
0.2569431900    0.0164102220    0.0003760806    
0.2571847800    0.0172241590    0.0003847593    
0.2574263700    0.0163240340    0.0003750917    
0.2576679500    0.0158818360    0.0003707513    
0.2579095400    0.0168519000    0.0003823072    
0.2581511300    0.0162389920    0.0003733348    
0.2583927200    0.0165992990    0.0003770621    
0.2586343100    0.0167179400    0.0003772350    
0.2588759000    0.0166950210    0.0003797266    
0.2591174800    0.0161169570    0.0003701382    
0.2593590700    0.0167805460    0.0003780707    
0.2596006600    0.0162105920    0.0003728791    
0.2598422500    0.0166311110    0.0003780775    
0.2600838400    0.0164820890    0.0003766412    
0.2603254300    0.0163720860    0.0003766934    
0.2605670200    0.0164906960    0.0003767396    
0.2608086000    0.0165447100    0.0003743760    
0.2610501900    0.0162711360    0.0003731873    
0.2612917800    0.0166082570    0.0003779488    
0.2615333700    0.0163652870    0.0003742654    
0.2617749600    0.0174698820    0.0003873597    
0.2620165500    0.0168897350    0.0003799525    
0.2622581400    0.0169810150    0.0003833665    
0.2624997200    0.0167711370    0.0003794025    
0.2627413100    0.0157725760    0.0003715568    
0.2629829000    0.0163665080    0.0003727370    
0.2632244900    0.0161197810    0.0003728675    
0.2634660800    0.0168524620    0.0003794022    
0.2637076700    0.0169427960    0.0003813393    
0.2639492600    0.0166338090    0.0003778460    
0.2641908400    0.0161232000    0.0003726476    
0.2644324300    0.0162313140    0.0003745466    
0.2646740200    0.0162609460    0.0003721713    
0.2649156100    0.0159101970    0.0003721238    
0.2651572000    0.0169586430    0.0003821803    
0.2653987900    0.0167631510    0.0003819685    
0.2656403800    0.0168936690    0.0003819791    
0.2658819600    0.0166335600    0.0003774510    
0.2661235500    0.0168944660    0.0003823883    
0.2663651400    0.0168367160    0.0003800119    
0.2666067300    0.0171222870    0.0003840198    
0.2668483200    0.0165079220    0.0003765440    
0.2670899100    0.0163593420    0.0003780045    
0.2673314900    0.0172450480    0.0003844593    
0.2675730800    0.0163860840    0.0003775155    
0.2678146700    0.0161375420    0.0003756983    
0.2680562600    0.0164362400    0.0003759864    
0.2682978500    0.0165884480    0.0003783808    
0.2685394400    0.0163707960    0.0003745874    
0.2687810300    0.0166118060    0.0003793085    
0.2690226100    0.0165591710    0.0003759566    
0.2692642000    0.0166158360    0.0003814947    
0.2695057900    0.0166025850    0.0003780155    
0.2697473800    0.0165796790    0.0003778860    
0.2699889700    0.0159649350    0.0003728944    
0.2702305600    0.0166156200    0.0003810882    
0.2704721500    0.0168620370    0.0003832281    
0.2707137300    0.0169139090    0.0003808821    
0.2709553200    0.0163311280    0.0003767496    
0.2711969100    0.0173670070    0.0003875637    
0.2714385000    0.0166714400    0.0003787985    
0.2716800900    0.0164355890    0.0003775554    
0.2719216800    0.0165710290    0.0003874740    
0.2721632700    0.0160144410    0.0003835863    
0.2724048500    0.0170697580    0.0004011143    
0.2726464400    0.0159238750    0.0003945374    
0.2728880300    0.0165364930    0.0004023728    
0.2731296200    0.0169195590    0.0004092776    
0.2733712100    0.0171240220    0.0004150745    
0.2736128000    0.0165929080    0.0004141761    
0.2738543800    0.0157676720    0.0004014067    
0.2740959700    0.0162601790    0.0004115512    
0.2743375600    0.0167285220    0.0004204527    
0.2745791500    0.0164248260    0.0004184075    
0.2748207400    0.0170324010    0.0004290400    
0.2750623300    0.0156598660    0.0004113901    
0.2753039200    0.0167675340    0.0004302197    
0.2755455000    0.0158517850    0.0004170079    
0.2757870900    0.0161030670    0.0004265806    
0.2760286800    0.0166479050    0.0004315768    
0.2762702700    0.0169237800    0.0004432193    
0.2765118600    0.0162067820    0.0004165181    
0.2767534500    0.0163259930    0.0004164306    
0.2769950400    0.0161687420    0.0004110845    
0.2772366200    0.0165000000    0.0004109618    
0.2774782100    0.0164999660    0.0004114718    
0.2777198000    0.0158399020    0.0004041633    
0.2779613900    0.0161203030    0.0004067102    
0.2782029800    0.0171715620    0.0004116567    
0.2784445700    0.0171626850    0.0004150373    
0.2786861600    0.0163572940    0.0004040378    
0.2789277400    0.0164355690    0.0004005103    
0.2791693300    0.0166179170    0.0004030437    
0.2794109200    0.0163919340    0.0004022031    
0.2796525100    0.0163496920    0.0004010459    
0.2798941000    0.0169239250    0.0004034082    
0.2801356900    0.0162911980    0.0003998517    
0.2803772800    0.0165702470    0.0004068233    
0.2806188600    0.0165168430    0.0003979096    
0.2808604500    0.0168329200    0.0003995400    
0.2811020400    0.0164276390    0.0003962208    
0.2813436300    0.0161567520    0.0003947723    
0.2815852200    0.0170084270    0.0004010039    
0.2818268100    0.0162747350    0.0003943725    
0.2820683900    0.0168051030    0.0004018336    
0.2823099800    0.0160691480    0.0003926318    
0.2825515700    0.0159952400    0.0003882843    
0.2827931600    0.0163431050    0.0003971971    
0.2830347500    0.0159634050    0.0003902811    
0.2832763400    0.0160979720    0.0003899747    
0.2835179300    0.0160790780    0.0003897457    
0.2837595100    0.0167907860    0.0004005762    
0.2840011000    0.0164370180    0.0003967934    
0.2842426900    0.0167421340    0.0003964927    
0.2844842800    0.0159157400    0.0003886514    
0.2847258700    0.0164882620    0.0003961876    
0.2849674600    0.0157926110    0.0003887872    
0.2852090500    0.0167252800    0.0003981081    
0.2854506300    0.0160071530    0.0003911170    
0.2856922200    0.0168017500    0.0003994759    
0.2859338100    0.0163104030    0.0003941965    
0.2861754000    0.0162026030    0.0003907931    
0.2864169900    0.0163692320    0.0003926480    
0.2866585800    0.0160827470    0.0003909849    
0.2869001700    0.0157914120    0.0003865385    
0.2871417500    0.0165105010    0.0003947893    
0.2873833400    0.0159265940    0.0003893812    
0.2876249300    0.0161065320    0.0003920268    
0.2878665200    0.0167712710    0.0004025234    
0.2881081100    0.0165260830    0.0003925889    
0.2883497000    0.0162432410    0.0003914318    
0.2885912900    0.0168152670    0.0003981130    
0.2888328700    0.0164790610    0.0003942630    
0.2890744600    0.0161881320    0.0003898774    
0.2893160500    0.0163473820    0.0003922368    
0.2895576400    0.0159619240    0.0003896631    
0.2897992300    0.0166566500    0.0003941367    
0.2900408200    0.0158516030    0.0003853656    
0.2902824000    0.0168846340    0.0004007675    
0.2905239900    0.0164601950    0.0003940372    
0.2907655800    0.0167647000    0.0003948189    
0.2910071700    0.0162997880    0.0003893059    
0.2912487600    0.0154908710    0.0003800940    
0.2914903500    0.0165785890    0.0003921799    
0.2917319400    0.0162832680    0.0003873676    
0.2919735200    0.0165012870    0.0003911180    
0.2922151100    0.0166706570    0.0003923865    
0.2924567000    0.0163715020    0.0003895769    
0.2926982900    0.0164208740    0.0003903100    
0.2929398800    0.0159948620    0.0003872496    
0.2931814700    0.0157663680    0.0003806037    
0.2934230600    0.0164243010    0.0003896217    
0.2936646400    0.0163860590    0.0003864379    
0.2939062300    0.0162474980    0.0003883895    
0.2941478200    0.0168131180    0.0003925985    
0.2943894100    0.0166247260    0.0003922847    
0.2946310000    0.0164737450    0.0003894818    
0.2948725900    0.0163070730    0.0003883737    
0.2951141800    0.0155184050    0.0003781604    
0.2953557600    0.0160279520    0.0003869184    
0.2955973500    0.0165044730    0.0003891223    
0.2958389400    0.0162790440    0.0003857420    
0.2960805300    0.0159094900    0.0003816202    
0.2963221200    0.0158600330    0.0003803245    
0.2965637100    0.0160032920    0.0003818977    
0.2968053000    0.0159601680    0.0003805437    
0.2970468800    0.0159538630    0.0003815884    
0.2972884700    0.0164410600    0.0003862342    
0.2975300600    0.0163412520    0.0003850601    
0.2977716500    0.0159774110    0.0003821516    
0.2980132400    0.0163698110    0.0003876752    
0.2982548300    0.0162183310    0.0003829084    
0.2984964100    0.0156753460    0.0003758957    
0.2987380000    0.0165498620    0.0003870849    
0.2989795900    0.0165046340    0.0003857107    
0.2992211800    0.0167025290    0.0003875933    
0.2994627700    0.0164563500    0.0003858488    
0.2997043600    0.0159680430    0.0003810565    
0.2999459500    0.0163470570    0.0003854109    
0.3001875300    0.0165438480    0.0003871561    
0.3004291200    0.0167233060    0.0003932991    
0.3006707100    0.0166755460    0.0003872801    
0.3009123000    0.0166347150    0.0003886446    
0.3011538900    0.0160748360    0.0003794148    
0.3013954800    0.0159070610    0.0003794932    
0.3016370700    0.0166522660    0.0003879971    
0.3018786500    0.0162816130    0.0003836547    
0.3021202400    0.0163871760    0.0003847561    
0.3023618300    0.0159394980    0.0003811358    
0.3026034200    0.0155246430    0.0003753156    
0.3028450100    0.0162652770    0.0003844456    
0.3030866000    0.0162465150    0.0003846474    
0.3033281900    0.0156795640    0.0003756729    
0.3035697700    0.0160130510    0.0003806164    
0.3038113600    0.0157646750    0.0003779291    
0.3040529500    0.0162258280    0.0003820222    
0.3042945400    0.0157287100    0.0003759881    
0.3045361300    0.0160707760    0.0003824208    
0.3047777200    0.0163842590    0.0003845816    
0.3050193100    0.0168240320    0.0003899931    
0.3052608900    0.0168286550    0.0003910470    
0.3055024800    0.0165602440    0.0003928466    
0.3057440700    0.0161733450    0.0003805756    
0.3059856600    0.0163607440    0.0003836071    
0.3062272500    0.0165980240    0.0003873647    
0.3064688400    0.0160017610    0.0003813187    
0.3067104200    0.0159890260    0.0003781275    
0.3069520100    0.0157186800    0.0003768265    
0.3071936000    0.0158603600    0.0003793520    
0.3074351900    0.0161953780    0.0003837595    
0.3076767800    0.0165226420    0.0003855005    
0.3079183700    0.0159566640    0.0003827518    
0.3081599600    0.0164065350    0.0003881098    
0.3084015400    0.0162444030    0.0003818251    
0.3086431300    0.0166331390    0.0003860870    
0.3088847200    0.0153613220    0.0003733362    
0.3091263100    0.0157162500    0.0003766600    
0.3093679000    0.0163235230    0.0003844289    
0.3096094900    0.0163373990    0.0003826393    
0.3098510800    0.0171234570    0.0003957660    
0.3100926600    0.0156106520    0.0003760784    
0.3103342500    0.0172324200    0.0003951309    
0.3105758400    0.0163543910    0.0003876362    
0.3108174300    0.0165646900    0.0003862713    
0.3110590200    0.0158589220    0.0003797523    
0.3113006100    0.0161285680    0.0003800484    
0.3115422000    0.0159316690    0.0003806223    
0.3117837800    0.0161495530    0.0003818171    
0.3120253700    0.0165983950    0.0003882201    
0.3122669600    0.0160020840    0.0003789665    
0.3125085500    0.0157729620    0.0003790001    
0.3127501400    0.0161597840    0.0003829161    
0.3129917300    0.0166234950    0.0003900896    
0.3132333100    0.0164104370    0.0003865830    
0.3134749000    0.0160717500    0.0003820116    
0.3137164900    0.0165767460    0.0003865524    
0.3139580800    0.0162944670    0.0003831077    
0.3141996700    0.0162279960    0.0003826038    
0.3144412600    0.0161460080    0.0003820537    
0.3146828500    0.0164440340    0.0003864107    
0.3149244300    0.0158260790    0.0003775613    
0.3151660200    0.0165894820    0.0003885434    
0.3154076100    0.0156733510    0.0003783583    
0.3156492000    0.0163540360    0.0003880641    
0.3158907900    0.0160189580    0.0003795791    
0.3161323800    0.0163906350    0.0003840969    
0.3163739700    0.0152405960    0.0003705116    
0.3166155500    0.0159615750    0.0003811193    
0.3168571400    0.0161197500    0.0003813257    
0.3170987300    0.0158915170    0.0003794465    
0.3173403200    0.0156015920    0.0003759693    
0.3175819100    0.0160343760    0.0003819875    
0.3178235000    0.0159096370    0.0003796628    
0.3180650900    0.0159526230    0.0003819960    
0.3183066700    0.0158887740    0.0003802492    
0.3185482600    0.0162283020    0.0003844317    
0.3187898500    0.0167771000    0.0003881758    
0.3190314400    0.0165045940    0.0003865552    
0.3192730300    0.0166039850    0.0003872929    
0.3195146200    0.0161089610    0.0003820337    
0.3197562100    0.0155334130    0.0003743263    
0.3199977900    0.0159342210    0.0003798171    
0.3202393800    0.0159694760    0.0003816345    
0.3204809700    0.0159068870    0.0003814481    
0.3207225600    0.0164923510    0.0003879748    
0.3209641500    0.0154496240    0.0003753714    
0.3212057400    0.0163513960    0.0003839160    
0.3214473200    0.0156711150    0.0003761188    
0.3216889100    0.0169045390    0.0003904977    
0.3219305000    0.0163044990    0.0003850502    
0.3221720900    0.0158034160    0.0003785317    
0.3224136800    0.0164776700    0.0003849755    
0.3226552700    0.0158332410    0.0003815516    
0.3228968600    0.0156764810    0.0003770084    
0.3231384400    0.0160268650    0.0003848788    
0.3233800300    0.0161170320    0.0003811547    
0.3236216200    0.0162849600    0.0003834144    
0.3238632100    0.0163626450    0.0003850301    
0.3241048000    0.0164440340    0.0003864107    
0.3243463900    0.0159692420    0.0003806519    
0.3245879800    0.0158733960    0.0003792301    
0.3248295600    0.0163930220    0.0003851057    
0.3250711500    0.0161849430    0.0003826538    
0.3253127400    0.0156976720    0.0003779555    
0.3255543300    0.0163160430    0.0003857533    
0.3257959200    0.0166273860    0.0003915851    
0.3260375100    0.0164325220    0.0003848672    
0.3262791000    0.0163441530    0.0003852354    
0.3265206800    0.0157211130    0.0003769932    
0.3267622700    0.0160044160    0.0003814903    
0.3270038600    0.0161960780    0.0003833458    
0.3272454500    0.0150902650    0.0003694867    
0.3274870400    0.0154385090    0.0003739991    
0.3277286300    0.0164832250    0.0003878674    
0.3279702200    0.0162100880    0.0003842159    
0.3282118000    0.0162024760    0.0003869817    
0.3284533900    0.0164412190    0.0003858123    
0.3286949800    0.0164036430    0.0003990221    
0.3289365700    0.0165136480    0.0004058007    
0.3291781600    0.0158036010    0.0004003800    
0.3294197500    0.0164755820    0.0004135731    
0.3296613300    0.0163052850    0.0004156321    
0.3299029200    0.0164747000    0.0004183229    
0.3301445100    0.0156099880    0.0004130841    
0.3303861000    0.0164287160    0.0004266120    
0.3306276900    0.0155124800    0.0004177333    
0.3308692800    0.0165061410    0.0004311005    
0.3311108700    0.0161053850    0.0004293625    
0.3313524500    0.0160492990    0.0004334483    
0.3315940400    0.0158171480    0.0004296933    
0.3318356300    0.0163858820    0.0004430235    
0.3320772200    0.0167656730    0.0004485623    
0.3323188100    0.0162242920    0.0004453796    
0.3325604000    0.0159691520    0.0004412109    
0.3328019900    0.0161443730    0.0004482819    
0.3330435700    0.0167493250    0.0004518600    
0.3332851600    0.0165057310    0.0004427182    
0.3335267500    0.0160863140    0.0004234707    
0.3337683400    0.0159971320    0.0004222952    
0.3340099300    0.0160810080    0.0004205712    
0.3342515200    0.0162151650    0.0004182557    
0.3344931100    0.0158936810    0.0004098270    
0.3347346900    0.0160241970    0.0004129180    
0.3349762800    0.0162924830    0.0004142305    
0.3352178700    0.0160328710    0.0004093536    
0.3354594600    0.0159031810    0.0004056459    
0.3357010500    0.0159521000    0.0004072914    
0.3359426400    0.0159971600    0.0004092429    
0.3361842300    0.0165438560    0.0004081483    
0.3364258100    0.0163296420    0.0004048395    
0.3366674000    0.0161983990    0.0004037004    
0.3369089900    0.0161307710    0.0004013921    
0.3371505800    0.0167722950    0.0004084733    
0.3373921700    0.0156539780    0.0003955750    
0.3376337600    0.0155489100    0.0003939274    
0.3378753400    0.0156912950    0.0003958865    
0.3381169300    0.0160553020    0.0003985283    
0.3383585200    0.0156306730    0.0003975328    
0.3386001100    0.0156434750    0.0003918222    
0.3388417000    0.0165268270    0.0004041768    
0.3390832900    0.0156414480    0.0003893366    
0.3393248800    0.0159561970    0.0003961904    
0.3395664600    0.0155991260    0.0003909568    
0.3398080500    0.0156208420    0.0003907654    
0.3400496400    0.0165007060    0.0004002009    
0.3402912300    0.0161395100    0.0003951776    
0.3405328200    0.0157434460    0.0003926059    
0.3407744100    0.0165691720    0.0004029294    
0.3410160000    0.0165496610    0.0004031709    
0.3412575800    0.0160748640    0.0003930061    
0.3414991700    0.0160883350    0.0003928661    
0.3417407600    0.0152886280    0.0003840200    
0.3419823500    0.0162823550    0.0003934038    
0.3422239400    0.0166893930    0.0003999827    
0.3424655300    0.0159871630    0.0003923895    
0.3427071200    0.0162137480    0.0003939369    
0.3429487000    0.0160595540    0.0003925145    
0.3431902900    0.0161878900    0.0003957695    
0.3434318800    0.0165627950    0.0004034908    
0.3436734700    0.0147542560    0.0003739151    
0.3439150600    0.0164413300    0.0003938114    
0.3441566500    0.0162335400    0.0003937212    
0.3443982300    0.0162627670    0.0003936205    
0.3446398200    0.0160145740    0.0003895579    
0.3448814100    0.0167677040    0.0003996845    
0.3451230000    0.0155269030    0.0003850566    
0.3453645900    0.0163385800    0.0003949929    
0.3456061800    0.0157871480    0.0003867819    
0.3458477700    0.0161776140    0.0003941073    
0.3460893500    0.0162454450    0.0003944743    
0.3463309400    0.0165922540    0.0003956148    
0.3465725300    0.0157081040    0.0003850766    
0.3468141200    0.0158382620    0.0003881507    
0.3470557100    0.0158765670    0.0003875793    
0.3472973000    0.0160067050    0.0003900595    
0.3475388900    0.0151928060    0.0003777015    
0.3477804700    0.0159699360    0.0003891635    
0.3480220600    0.0162574010    0.0003928009    
0.3482636500    0.0166367420    0.0003969012    
0.3485052400    0.0153970780    0.0003855298    
0.3487468300    0.0154555650    0.0003821142    
0.3489884200    0.0166332210    0.0003962538    
0.3492300100    0.0154581230    0.0003805527    
0.3494715900    0.0153010850    0.0003812189    
0.3497131800    0.0151676980    0.0003769608    
0.3499547700    0.0156734350    0.0003853864    
0.3501963600    0.0161224030    0.0003890851    
0.3504379500    0.0157081040    0.0003850766    
0.3506795400    0.0160563370    0.0003897674    
0.3509211300    0.0161463960    0.0003916076    
0.3511627100    0.0159306640    0.0003891319    
0.3514043000    0.0152051720    0.0003774262    
0.3516458900    0.0162250350    0.0003907662    
0.3518874800    0.0157110740    0.0003836537    
0.3521290700    0.0151791800    0.0003772462    
0.3523706600    0.0165105080    0.0003943388    
0.3526122400    0.0161374830    0.0003895625    
0.3528538300    0.0161772120    0.0003906354    
0.3530954200    0.0147790210    0.0003739428    
0.3533370100    0.0157878770    0.0003857592    
0.3535786000    0.0157656320    0.0003880055    
0.3538201900    0.0161522170    0.0003885619    
0.3540617800    0.0162113380    0.0003913454    
0.3543033600    0.0161278730    0.0003879763    
0.3545449500    0.0161383370    0.0003891299    
0.3547865400    0.0165727140    0.0003931424    
0.3550281300    0.0161111830    0.0003898374    
0.3552697200    0.0158688770    0.0003860138    
0.3555113100    0.0158418000    0.0003862705    
0.3557529000    0.0159130940    0.0003874334    
0.3559944800    0.0165229670    0.0003924042    
0.3562360700    0.0155102140    0.0003849981    
0.3564776600    0.0155865440    0.0003814096    
0.3567192500    0.0164076310    0.0003917699    
0.3569608400    0.0160263090    0.0003863163    
0.3572024300    0.0166074750    0.0003947453    
0.3574440200    0.0160252070    0.0003867395    
0.3576856000    0.0166138820    0.0003951209    
0.3579271900    0.0157970180    0.0003842658    
0.3581687800    0.0165199270    0.0003944512    
0.3584103700    0.0162953780    0.0003904275    
0.3586519600    0.0168465840    0.0004003156    
0.3588935500    0.0160069790    0.0003875430    
0.3591351400    0.0160406660    0.0003882448    
0.3593767200    0.0160821820    0.0003869892    
0.3596183100    0.0164424680    0.0003907129    
0.3598599000    0.0156218610    0.0003822738    
0.3601014900    0.0155518090    0.0003817041    
0.3603430800    0.0157366450    0.0003838206    
0.3605846700    0.0156169790    0.0003819257    
0.3608262500    0.0160191150    0.0003878368    
0.3610678400    0.0171092120    0.0004000582    
0.3613094300    0.0159455180    0.0003885685    
0.3615510200    0.0163985370    0.0003912184    
0.3617926100    0.0155793230    0.0003808909    
0.3620342000    0.0153692920    0.0003791710    
0.3622757900    0.0163145380    0.0003902151    
0.3625173700    0.0152922610    0.0003780768    
0.3627589600    0.0153831750    0.0003796290    
0.3630005500    0.0165913660    0.0003933636    
0.3632421400    0.0155910450    0.0003811775    
0.3634837300    0.0158903140    0.0003864210    
0.3637253200    0.0161620260    0.0003901550    
0.3639669100    0.0161111830    0.0003898374    
0.3642084900    0.0162625960    0.0003888615    
0.3644500800    0.0146736090    0.0003702106    
0.3646916700    0.0159519590    0.0003864375    
0.3649332600    0.0155694820    0.0003796306    
0.3651748500    0.0163242990    0.0003898913    
0.3654164400    0.0159064360    0.0003864703    
0.3656580300    0.0159894050    0.0003868908    
0.3658996100    0.0161315600    0.0003877286    
0.3661412000    0.0159866830    0.0003867117    
0.3663827900    0.0153718140    0.0003829811    
0.3666243800    0.0158132920    0.0003817365    
0.3668659700    0.0157096940    0.0003824813    
0.3671075600    0.0159451760    0.0003854822    
0.3673491500    0.0164424680    0.0003907129    
0.3675907300    0.0160858170    0.0003882022    
0.3678323200    0.0160192270    0.0003853627    
0.3680739100    0.0159413000    0.0003867471    
0.3683155000    0.0159385300    0.0003855469    
0.3685570900    0.0151716810    0.0003760162    
0.3687986800    0.0155381840    0.0003829882    
0.3690402600    0.0156747690    0.0003843749    
0.3692818500    0.0160998800    0.0003861871    
0.3695234400    0.0165043280    0.0003921828    
0.3697650300    0.0158456800    0.0003834131    
0.3700066200    0.0154395130    0.0003797495    
0.3702482100    0.0157108150    0.0003814923    
0.3704898000    0.0157121950    0.0003826556    
0.3707313800    0.0161766340    0.0003891493    
0.3709729700    0.0155606980    0.0003806632    
0.3712145600    0.0160584240    0.0003889025    
0.3714561500    0.0155263500    0.0003826965    
0.3716977400    0.0162068060    0.0003881939    
0.3719393300    0.0155488050    0.0003798044    
0.3721809200    0.0161696130    0.0003877483    
0.3724225000    0.0153606680    0.0003779245    
0.3726640900    0.0166004960    0.0003930281    
0.3729056800    0.0166191070    0.0003932484    
0.3731472700    0.0161119310    0.0003864762    
0.3733888600    0.0154347730    0.0003799778    
0.3736304500    0.0160472840    0.0003881776    
0.3738720400    0.0160196230    0.0003888762    
0.3741136200    0.0154534810    0.0003802081    
0.3743552100    0.0162527100    0.0003891818    
0.3745968000    0.0152825290    0.0003761159    
0.3748383900    0.0153026880    0.0003770691    
0.3750799800    0.0156582110    0.0003815673    
0.3753215700    0.0155188500    0.0003804371    
0.3755631500    0.0157182940    0.0003820119    
0.3758047400    0.0160104100    0.0003862699    
0.3760463300    0.0160961330    0.0003878868    
0.3762879200    0.0156573380    0.0003831419    
0.3765295100    0.0153705400    0.0003810618    
0.3767711000    0.0157951240    0.0003830880    
0.3770126900    0.0160497810    0.0003858745    
0.3772542700    0.0163124880    0.0003891655    
0.3774958600    0.0161989260    0.0003872284    
0.3777374500    0.0160924440    0.0003866768    
0.3779790400    0.0159065280    0.0003854500    
0.3782206300    0.0157426790    0.0003831708    
0.3784622200    0.0162689780    0.0003887919    
0.3787038100    0.0156336690    0.0003825627    
0.3789453900    0.0154745020    0.0003811870    
0.3791869800    0.0153497870    0.0003800803    
0.3794285700    0.0155488050    0.0003798044    
0.3796701600    0.0157799840    0.0003836245    
0.3799117500    0.0156830250    0.0003811548    
0.3801533400    0.0156680690    0.0003822617    
0.3803949300    0.0160989630    0.0003851691    
0.3806365100    0.0161268020    0.0003869442    
0.3808781000    0.0156601330    0.0003811617    
0.3811196900    0.0153993830    0.0003802607    
0.3813612800    0.0156792800    0.0003819673    
0.3816028700    0.0161917500    0.0003896257    
0.3818444600    0.0165198700    0.0003926630    
0.3820860500    0.0153362970    0.0003760749    
0.3823276300    0.0157789560    0.0003814638    
0.3825692200    0.0156053970    0.0003783752    
0.3828108100    0.0156416200    0.0003782541    
0.3830524000    0.0157144020    0.0003806826    
0.3832939900    0.0157504890    0.0003805532    
0.3835355800    0.0159987450    0.0003835406    
0.3837771600    0.0161017220    0.0003839188    
0.3840187500    0.0155900660    0.0003794563    
0.3842603400    0.0156762230    0.0003812147    
0.3845019300    0.0157284340    0.0003774945    
0.3847435200    0.0165045540    0.0003874052    
0.3849851100    0.0158428570    0.0003806796    
0.3852267000    0.0163054660    0.0003958150    
0.3854682800    0.0164104370    0.0004048567    
0.3857098700    0.0158596420    0.0004025757    
0.3859514600    0.0159984660    0.0004087417    
0.3861930500    0.0156823290    0.0004070930    
0.3864346400    0.0164633010    0.0004214438    
0.3866762300    0.0158973030    0.0004170524    
0.3869178200    0.0160897480    0.0004218109    
0.3871594000    0.0159513690    0.0004249545    
0.3874009900    0.0149237540    0.0004121703    
0.3876425800    0.0156895060    0.0004257546    
0.3878841700    0.0153446430    0.0004228282    
0.3881257600    0.0156997610    0.0004303324    
0.3883673500    0.0159871260    0.0004373883    
0.3886089400    0.0160778040    0.0004411920    
0.3888505200    0.0154876520    0.0004349366    
0.3890921100    0.0150524450    0.0004311270    
0.3893337000    0.0148976330    0.0004336869    
0.3895752900    0.0155769140    0.0004450547    
0.3898168800    0.0155108100    0.0004261147    
0.3900584700    0.0156563820    0.0004202393    
0.3903000600    0.0153778670    0.0004151634    
0.3905416400    0.0160997080    0.0004206290    
0.3907832300    0.0155143680    0.0004119988    
0.3910248200    0.0161333990    0.0004186611    
0.3912664100    0.0157561740    0.0004119349    
0.3915080000    0.0155428840    0.0004071944    
0.3917495900    0.0157209640    0.0004112956    
0.3919911700    0.0157325970    0.0004121645    
0.3922327600    0.0163919170    0.0004135630    
0.3924743500    0.0151293330    0.0003988314    
0.3927159400    0.0160352930    0.0004083520    
0.3929575300    0.0159479670    0.0004100019    
0.3931991200    0.0158418230    0.0004067358    
0.3934407100    0.0151432920    0.0003969985    
0.3936822900    0.0163879090    0.0004143861    
0.3939238800    0.0152845780    0.0004007024    
0.3941654700    0.0154106370    0.0004023514    
0.3944070600    0.0150331860    0.0003982388    
0.3946486500    0.0153118840    0.0004029443    
0.3948902400    0.0153953180    0.0004011320    
0.3951318300    0.0161623670    0.0004106570    
0.3953734100    0.0157982420    0.0004066906    
0.3956150000    0.0159524360    0.0004097108    
0.3958565900    0.0163079240    0.0004130243    
0.3960981800    0.0161798610    0.0004129720    
0.3963397700    0.0152881910    0.0004024602    
0.3965813600    0.0157013850    0.0004078626    
0.3968229500    0.0156495610    0.0004085894    
0.3970645300    0.0161919530    0.0004166878    
0.3973061200    0.0158586250    0.0004104267    
0.3975477100    0.0164397370    0.0004166300    
0.3977893000    0.0162050810    0.0004152420    
0.3980308900    0.0160360680    0.0004125396    
0.3982724800    0.0154921850    0.0004060056    
0.3985140700    0.0163894050    0.0004177764    
0.3987556500    0.0159864650    0.0004133202    
0.3989972400    0.0164248260    0.0004184075    
0.3992388300    0.0163338390    0.0004197835    
0.3994804200    0.0163842980    0.0004202484    
0.3997220100    0.0156014720    0.0004124257    
0.3999636000    0.0159726830    0.0004129639    
0.4002051800    0.0155650830    0.0004096074    
0.4004467700    0.0159162550    0.0004120562    
0.4006883600    0.0161602990    0.0004180941    
0.4009299500    0.0166832590    0.0004249908    
0.4011715400    0.0155982330    0.0004114784    
0.4014131300    0.0160062050    0.0004171905    
0.4016547200    0.0162969430    0.0004237620    
0.4018963000    0.0161893510    0.0004206800    
0.4021378900    0.0157984020    0.0004190985    
0.4023794800    0.0167359190    0.0004277224    
0.4026210700    0.0158267970    0.0004164947    
0.4028626600    0.0156204290    0.0004124947    
0.4031042500    0.0155364440    0.0004130222    
0.4033458400    0.0160524950    0.0004198255    
0.4035874200    0.0152502270    0.0004123189    
0.4038290100    0.0162113890    0.0004234023    
0.4040706000    0.0159809490    0.0004211350    
0.4043121900    0.0161522250    0.0004249115    
0.4045537800    0.0154197310    0.0004162936    
0.4047953700    0.0153081060    0.0004172525    
0.4050369600    0.0156538710    0.0004171770    
0.4052785400    0.0156775140    0.0004189992    
0.4055201300    0.0155850350    0.0004175728    
0.4057617200    0.0153200720    0.0004166510    
0.4060033100    0.0166255290    0.0004312867    
0.4062449000    0.0155241940    0.0004201871    
0.4064864900    0.0157166720    0.0004220096    
0.4067280800    0.0162092490    0.0004301488    
0.4069696600    0.0153779510    0.0004207220    
0.4072112500    0.0154467550    0.0004232385    
0.4074528400    0.0160320640    0.0004321955    
0.4076944300    0.0153461710    0.0004204825    
0.4079360200    0.0159565790    0.0004273743    
0.4081776100    0.0158133950    0.0004272331    
0.4084191900    0.0149572870    0.0004162840    
0.4086607800    0.0162031540    0.0004316623    
0.4089023700    0.0163616100    0.0004374387    
0.4091439600    0.0159624110    0.0004326826    
0.4093855500    0.0158851550    0.0004326598    
0.4096271400    0.0149926540    0.0004215346    
0.4098687300    0.0150723680    0.0004290658    
0.4101103100    0.0160087620    0.0004318813    
0.4103519000    0.0158018520    0.0004329681    
0.4105934900    0.0159424460    0.0004340592    
0.4108350800    0.0154666160    0.0004297941    
0.4110766700    0.0158931930    0.0004354708    
0.4113182600    0.0159324630    0.0004376984    
0.4115598500    0.0162472980    0.0004435115    
0.4118014300    0.0158384590    0.0004396181    
0.4120430200    0.0156298530    0.0004350025    
0.4122846100    0.0162178810    0.0004470604    
0.4125262000    0.0152269240    0.0004375625    
0.4127677900    0.0151024670    0.0004280192    
0.4130093800    0.0154937830    0.0004354523    
0.4132509700    0.0155889490    0.0004374365    
0.4134925500    0.0157868150    0.0004435128    
0.4137341400    0.0152957660    0.0004352490    
0.4139757300    0.0154344880    0.0004400882    
0.4142173200    0.0159380720    0.0004449615    
0.4144589100    0.0154403450    0.0004424186    
0.4147005000    0.0155793890    0.0004434992    
0.4149420800    0.0151318060    0.0004406907    
0.4151836700    0.0159583890    0.0004504714    
0.4154252600    0.0158862290    0.0004464820    
0.4156668500    0.0152528750    0.0004342043    
0.4159084400    0.0164024030    0.0004502690    
0.4161500300    0.0158378660    0.0004411337    
0.4163916200    0.0152660960    0.0004335280    
0.4166332000    0.0155393910    0.0004350194    
0.4168747900    0.0158840950    0.0004385262    
0.4171163800    0.0151854830    0.0004328123    
0.4173579700    0.0153416330    0.0004320301    
0.4175995600    0.0145686510    0.0004275661    
0.4178411500    0.0157972470    0.0004379684    
0.4180827400    0.0154173570    0.0004341626    
0.4183243200    0.0156814060    0.0004391672    
0.4185659100    0.0156392990    0.0004398896    
0.4188075000    0.0154506430    0.0004370102    
0.4190490900    0.0156069010    0.0004423153    
0.4192906800    0.0162384200    0.0004507196    
0.4195322700    0.0157803670    0.0004479517    
0.4197738600    0.0158439460    0.0004488532    
0.4200154400    0.0158442920    0.0004530641    
0.4202570300    0.0159591500    0.0004554184    
0.4204986200    0.0152699960    0.0004424692    
0.4207402100    0.0159201610    0.0004548618    
0.4209818000    0.0156200890    0.0004486753    
0.4212233900    0.0151099880    0.0004438359    
0.4214649800    0.0157928140    0.0004549524    
0.4217065600    0.0154288420    0.0004508737    
0.4219481500    0.0160451130    0.0004612646    
0.4221897400    0.0160366070    0.0004631300    
0.4224313300    0.0155494460    0.0004595282    
0.4226729200    0.0160680700    0.0004681565    
0.4229145100    0.0161021780    0.0004699488    
0.4231560900    0.0162641280    0.0004704861    
0.4233976800    0.0156351650    0.0004620614    
0.4236392700    0.0161008060    0.0004707114    
0.4238808600    0.0156824240    0.0004661117    
0.4241224500    0.0153393850    0.0004612436    
0.4243640400    0.0155836980    0.0004685899    
0.4246056300    0.0154284650    0.0004673147    
0.4248472100    0.0154457910    0.0004700004    
0.4250888000    0.0160143980    0.0004802399    
0.4253303900    0.0156968760    0.0004828094    
0.4255719800    0.0158207670    0.0004778838    
0.4258135700    0.0154996520    0.0004738382    
0.4260551600    0.0155110330    0.0004782256    
0.4262967500    0.0160116090    0.0004838691    
0.4265383300    0.0158983550    0.0004864818    
0.4267799200    0.0159324630    0.0004893617    
0.4270215100    0.0165884380    0.0004981266    
0.4272631000    0.0153937330    0.0004848570    
0.4275046900    0.0157434220    0.0004924631    
0.4277462800    0.0156428520    0.0004961611    
0.4279878700    0.0157644760    0.0005012812    
0.4282294500    0.0152205980    0.0004869501    
0.4284710400    0.0157245460    0.0004965096    
0.4287126300    0.0159216090    0.0005024815    
0.4289542200    0.0154695590    0.0004972105    
0.4291958100    0.0154976710    0.0004999249    
0.4294374000    0.0149312720    0.0004952390    
0.4296789900    0.0167257790    0.0005224256    
0.4299205700    0.0151856660    0.0005031236    
0.4301621600    0.0153114180    0.0005103806    
0.4304037500    0.0162792090    0.0005284455    
0.4306453400    0.0164902570    0.0005378529    
0.4308869300    0.0148452000    0.0005035889    
0.4311285200    0.0147377390    0.0005049066    
0.4313701000    0.0155078590    0.0005215857    
0.4316116900    0.0151217150    0.0005183657    
0.4318532800    0.0158345150    0.0005319709    
0.4320948700    0.0154453310    0.0005288380    
0.4323364600    0.0155368360    0.0005351171    
0.4325780500    0.0157986370    0.0005428476    
0.4328196400    0.0164630700    0.0005587930    
0.4330612200    0.0169832300    0.0005764484    
0.4333028100    0.0157152280    0.0005532022    
0.4335444000    0.0157137680    0.0005514451    
0.4337859900    0.0155353510    0.0005513290    
0.4340275800    0.0160431540    0.0005647458    
0.4342691700    0.0154258010    0.0005591848    
0.4345107600    0.0163147710    0.0005793545    
0.4347523400    0.0149620300    0.0005576019    
0.4349939300    0.0154498420    0.0005714330    
0.4352355200    0.0166079700    0.0006012489    
0.4354771100    0.0153319910    0.0005828349    
0.4357187000    0.0156663990    0.0006016644    
0.4359602900    0.0152123000    0.0005842249    
0.4362018800    0.0160574700    0.0006051886    
0.4364434600    0.0156262320    0.0006014539    
0.4366850500    0.0151612370    0.0005997693    
0.4369266400    0.0159098880    0.0006240371    
0.4371682300    0.0156665830    0.0006217094    
0.4374098200    0.0156150610    0.0006301726    
0.4376514100    0.0167396240    0.0006606603    
0.4378930000    0.0161919530    0.0006588412    
0.4381345800    0.0147456510    0.0006399067    
0.4383761700    0.0152433670    0.0006633824    
0.4386177600    0.0176015400    0.0007007062    
0.4388593500    0.0154887290    0.0006671468    
0.4391009400    0.0157711280    0.0006844086    
0.4393425300    0.0159848860    0.0006983030    
0.4395841100    0.0147034980    0.0006833295    
0.4398257000    0.0159476560    0.0007286670    
0.4400672900    0.0150565610    0.0007227381    
0.4403088800    0.0144800680    0.0007294953    
0.4405504700    0.0162777380    0.0008000072    
0.4407920600    0.0159603550    0.0008241892    
0.4410336500    0.0167988830    0.0008698132    
0.4412752300    0.0166497490    0.0008691098    
0.4415168200    0.0179009280    0.0009474176    
0.4417584100    0.0162671750    0.0012261845    
0.4420000000    0.0151612370    0.0017993078    