# Diamond Light Source Ltd.
# Data extracted from: /dls/b21/data/2017/mx13440-2/processed/b21-369037_00086.dat
q(1/A)          Column          Error           
0.0040000000    0.8361966200    0.0213013480    
0.0042415885    0.9086798000    0.0208850520    
0.0044831771    0.6793577600    0.0168114610    
0.0047247656    0.5280831300    0.0143513570    
0.0049663541    0.4312722200    0.0122276020    
0.0052079426    0.3545943500    0.0114088860    
0.0054495312    0.2789402200    0.0093291564    
0.0056911197    0.2518297000    0.0083572620    
0.0059327082    0.1980246700    0.0074108871    
0.0061742967    0.1686147300    0.0065533977    
0.0064158853    0.1460224000    0.0060372830    
0.0066574738    0.1216853300    0.0052076514    
0.0068990623    0.1139133500    0.0050842018    
0.0071406509    0.1005012400    0.0046909963    
0.0073822394    0.0949339940    0.0044072000    
0.0076238279    0.0793684760    0.0039341493    
0.0078654164    0.0700521000    0.0037551868    
0.0081070050    0.0716274850    0.0035994166    
0.0083485935    0.0698235990    0.0034316427    
0.0085901820    0.0606930690    0.0032212537    
0.0088317705    0.0526776320    0.0029220293    
0.0090733591    0.0537623550    0.0029329769    
0.0093149476    0.0488821410    0.0026949597    
0.0095565361    0.0451676930    0.0025905448    
0.0097981247    0.0491792970    0.0027031386    
0.0100397130    0.0407697860    0.0023777422    
0.0102813020    0.0361355360    0.0022899966    
0.0105228900    0.0370595820    0.0021724712    
0.0107644790    0.0358815720    0.0021598168    
0.0110060670    0.0368237910    0.0021331449    
0.0112476560    0.0325473080    0.0019956035    
0.0114892440    0.0325682840    0.0019675220    
0.0117308330    0.0341448920    0.0020050571    
0.0119724210    0.0322891210    0.0019227892    
0.0122140100    0.0294585880    0.0018199576    
0.0124555980    0.0334224810    0.0018801614    
0.0126971870    0.0268725280    0.0017382394    
0.0129387760    0.0304968200    0.0017519965    
0.0131803640    0.0276652120    0.0016962630    
0.0134219530    0.0266058160    0.0016043911    
0.0136635410    0.0273011960    0.0016315585    
0.0139051300    0.0247660850    0.0015539624    
0.0141467180    0.0275689690    0.0016024138    
0.0143883070    0.0243280220    0.0014833057    
0.0146298950    0.0226096860    0.0014299621    
0.0148714840    0.0234010250    0.0014654290    
0.0151130720    0.0223572380    0.0014168324    
0.0153546610    0.0237130390    0.0014046392    
0.0155962490    0.0257252080    0.0014778746    
0.0158378380    0.0221246050    0.0013390420    
0.0160794260    0.0247990080    0.0014176649    
0.0163210150    0.0210851470    0.0012784748    
0.0165626030    0.0224649840    0.0013449434    
0.0168041920    0.0246621580    0.0013576071    
0.0170457800    0.0264738870    0.0014150888    
0.0172873690    0.0226443450    0.0013008836    
0.0175289580    0.0223763650    0.0012854886    
0.0177705460    0.0235347450    0.0012955451    
0.0180121350    0.0216840780    0.0012295913    
0.0182537230    0.0204599130    0.0011812536    
0.0184953120    0.0203487170    0.0011748337    
0.0187369000    0.0210948370    0.0011961785    
0.0189784890    0.0209081320    0.0011597745    
0.0192200770    0.0201149240    0.0011555722    
0.0194616660    0.0198554150    0.0011187259    
0.0197032540    0.0205449000    0.0011467045    
0.0199448430    0.0200968800    0.0011341326    
0.0201864310    0.0210530430    0.0011519713    
0.0204280200    0.0181149680    0.0010476157    
0.0206696080    0.0196038780    0.0010742859    
0.0209111970    0.0187515600    0.0010737112    
0.0211527850    0.0202231080    0.0010809706    
0.0213943740    0.0192722860    0.0010577041    
0.0216359620    0.0188673050    0.0010514338    
0.0218775510    0.0199688750    0.0010766496    
0.0221191400    0.0208195670    0.0010794442    
0.0223607280    0.0208193190    0.0010722495    
0.0226023170    0.0185157410    0.0010415918    
0.0228439050    0.0174084880    0.0009656492    
0.0230854940    0.0204808970    0.0010451614    
0.0233270820    0.0189067000    0.0010020531    
0.0235686710    0.0177525020    0.0009772431    
0.0238102590    0.0184629570    0.0009757976    
0.0240518480    0.0189500540    0.0009825146    
0.0242934360    0.0180391090    0.0009726036    
0.0245350250    0.0209202610    0.0010344403    
0.0247766130    0.0203124690    0.0010130939    
0.0250182020    0.0210931550    0.0010429894    
0.0252597900    0.0188190920    0.0009616107    
0.0255013790    0.0193013110    0.0009662741    
0.0257429670    0.0184051640    0.0009454098    
0.0259845560    0.0199309110    0.0009725289    
0.0262261450    0.0184808090    0.0009418693    
0.0264677330    0.0184862230    0.0009313225    
0.0267093220    0.0199226500    0.0009596403    
0.0269509100    0.0201465000    0.0009704228    
0.0271924990    0.0186517390    0.0009268124    
0.0274340870    0.0199781880    0.0009645560    
0.0276756760    0.0188334600    0.0009211746    
0.0279172640    0.0178229390    0.0008945077    
0.0281588530    0.0187865070    0.0009070211    
0.0284004410    0.0164921510    0.0008573861    
0.0286420300    0.0204149150    0.0009357161    
0.0288836180    0.0181734280    0.0008920985    
0.0291252070    0.0179854340    0.0008693588    
0.0293667950    0.0185486740    0.0008934582    
0.0296083840    0.0198764260    0.0009139191    
0.0298499720    0.0172189240    0.0008535104    
0.0300915610    0.0181115000    0.0008724003    
0.0303331490    0.0188861250    0.0008834557    
0.0305747380    0.0205325120    0.0009091949    
0.0308163270    0.0180364030    0.0008521399    
0.0310579150    0.0193915990    0.0008878803    
0.0312995040    0.0188808270    0.0008690605    
0.0315410920    0.0183840430    0.0008534578    
0.0317826810    0.0203153380    0.0008943329    
0.0320242690    0.0188946980    0.0008544478    
0.0322658580    0.0193965180    0.0008780391    
0.0325074460    0.0175879700    0.0008218319    
0.0327490350    0.0180147340    0.0008291953    
0.0329906230    0.0174129780    0.0008066406    
0.0332322120    0.0197797750    0.0008649092    
0.0334738000    0.0192914640    0.0008427515    
0.0337153890    0.0172892280    0.0007966456    
0.0339569770    0.0188496750    0.0008330458    
0.0341985660    0.0179823260    0.0008148570    
0.0344401540    0.0190984730    0.0008288031    
0.0346817430    0.0169457280    0.0007875348    
0.0349233310    0.0179226450    0.0008063779    
0.0351649200    0.0182139070    0.0007979658    
0.0354065090    0.0184910080    0.0008085553    
0.0356480970    0.0185661020    0.0007989578    
0.0358896860    0.0171915140    0.0007774271    
0.0361312740    0.0181566310    0.0007879307    
0.0363728630    0.0183637470    0.0007902498    
0.0366144510    0.0177700860    0.0007838049    
0.0368560400    0.0188885690    0.0007960583    
0.0370976280    0.0199757510    0.0008287338    
0.0373392170    0.0173378400    0.0007647394    
0.0375808050    0.0178293520    0.0007672532    
0.0378223940    0.0174331450    0.0007586802    
0.0380639820    0.0171399510    0.0007552765    
0.0383055710    0.0169607430    0.0007367276    
0.0385471590    0.0179307080    0.0007604314    
0.0387887480    0.0182983010    0.0007711815    
0.0390303360    0.0167995140    0.0007304137    
0.0392719250    0.0190059090    0.0007759130    
0.0395135140    0.0176438180    0.0007475926    
0.0397551020    0.0177823090    0.0007652287    
0.0399966910    0.0190412250    0.0007622591    
0.0402382790    0.0183027370    0.0007528740    
0.0404798680    0.0182783560    0.0007468334    
0.0407214560    0.0195455940    0.0007799541    
0.0409630450    0.0187208200    0.0007512406    
0.0412046330    0.0187055630    0.0007555106    
0.0414462220    0.0189008280    0.0007530270    
0.0416878100    0.0173889630    0.0007214158    
0.0419293990    0.0179445180    0.0007319722    
0.0421709870    0.0182909670    0.0007363666    
0.0424125760    0.0180174800    0.0007343376    
0.0426541640    0.0164569070    0.0006911251    
0.0428957530    0.0173971260    0.0007114214    
0.0431373410    0.0177630110    0.0007180272    
0.0433789300    0.0181483180    0.0007207618    
0.0436205180    0.0178089990    0.0007123600    
0.0438621070    0.0166311870    0.0006899779    
0.0441036960    0.0190627530    0.0007370086    
0.0443452840    0.0175288580    0.0007011543    
0.0445868730    0.0176616910    0.0007110329    
0.0448284610    0.0178971600    0.0007068953    
0.0450700500    0.0189895400    0.0007529842    
0.0453116380    0.0181207940    0.0007373246    
0.0455532270    0.0183556130    0.0007634929    
0.0457948150    0.0180872900    0.0007569295    
0.0460364040    0.0171289130    0.0007384799    
0.0462779920    0.0189835680    0.0007896123    
0.0465195810    0.0188193510    0.0007861896    
0.0467611690    0.0185718480    0.0007841040    
0.0470027580    0.0187373720    0.0007875905    
0.0472443460    0.0188242500    0.0008056035    
0.0474859350    0.0182330360    0.0007831759    
0.0477275230    0.0189772700    0.0008055402    
0.0479691120    0.0183436610    0.0007930656    
0.0482107000    0.0184586240    0.0008033085    
0.0484522890    0.0180812350    0.0007906372    
0.0486938780    0.0190012820    0.0008161749    
0.0489354660    0.0176631470    0.0007891312    
0.0491770550    0.0177469040    0.0008000922    
0.0494186430    0.0187208200    0.0008056158    
0.0496602320    0.0182458390    0.0007731010    
0.0499018200    0.0189118490    0.0007759626    
0.0501434090    0.0184588830    0.0007542095    
0.0503849970    0.0188265870    0.0007542713    
0.0506265860    0.0183187020    0.0007386814    
0.0508681740    0.0187355720    0.0007434985    
0.0511097630    0.0184431500    0.0007342102    
0.0513513510    0.0189321160    0.0007303222    
0.0515929400    0.0178044160    0.0007197009    
0.0518345280    0.0184250060    0.0007204747    
0.0520761170    0.0186487610    0.0007331585    
0.0523177050    0.0185308990    0.0007090651    
0.0525592940    0.0176643400    0.0007054458    
0.0528008830    0.0175582850    0.0006850139    
0.0530424710    0.0182635590    0.0007008911    
0.0532840600    0.0175898540    0.0006841660    
0.0535256480    0.0174834100    0.0006820928    
0.0537672370    0.0163005880    0.0006530693    
0.0540088250    0.0177617880    0.0006831457    
0.0542504140    0.0178596360    0.0006879275    
0.0544920020    0.0176655750    0.0006784423    
0.0547335910    0.0181815370    0.0006833040    
0.0549751790    0.0187208200    0.0006905278    
0.0552167680    0.0181720840    0.0006810276    
0.0554583560    0.0181966370    0.0006739495    
0.0556999450    0.0193039070    0.0006920786    
0.0559415330    0.0179659480    0.0006723587    
0.0561831220    0.0172409130    0.0006521112    
0.0564247100    0.0186104810    0.0006755177    
0.0566662990    0.0178814850    0.0006595685    
0.0569078870    0.0190805970    0.0006880639    
0.0571494760    0.0175408850    0.0006532567    
0.0573910650    0.0173878320    0.0006404890    
0.0576326530    0.0175110930    0.0006476712    
0.0578742420    0.0177543530    0.0006509062    
0.0581158300    0.0179598110    0.0006484912    
0.0583574190    0.0174027810    0.0006371611    
0.0585990070    0.0178832790    0.0006495499    
0.0588405960    0.0172753330    0.0006372103    
0.0590821840    0.0181556200    0.0006471779    
0.0593237730    0.0180480770    0.0006470549    
0.0595653610    0.0175054860    0.0006396365    
0.0598069500    0.0176472250    0.0006282578    
0.0600485380    0.0176355550    0.0006314542    
0.0602901270    0.0174863560    0.0006293477    
0.0605317150    0.0177685340    0.0006309791    
0.0607733040    0.0179213540    0.0006308616    
0.0610148920    0.0170597400    0.0006188218    
0.0612564810    0.0175083600    0.0006241057    
0.0614980690    0.0182189800    0.0006304938    
0.0617396580    0.0185725140    0.0006509663    
0.0619812470    0.0187663690    0.0006537575    
0.0622228350    0.0186646010    0.0006478578    
0.0624644240    0.0187319040    0.0006443971    
0.0627060120    0.0191939090    0.0006575725    
0.0629476010    0.0182074520    0.0006445368    
0.0631891890    0.0174367200    0.0006267500    
0.0634307780    0.0183747580    0.0006405038    
0.0636723660    0.0180745060    0.0006346818    
0.0639139550    0.0171440960    0.0006170295    
0.0641555430    0.0175684350    0.0006180554    
0.0643971320    0.0186432320    0.0006428701    
0.0646387200    0.0174172010    0.0006100979    
0.0648803090    0.0187860490    0.0006391144    
0.0651218970    0.0179159610    0.0006119976    
0.0653634860    0.0174897460    0.0006092842    
0.0656050740    0.0178022010    0.0006131404    
0.0658466630    0.0183549750    0.0006194504    
0.0660882520    0.0178679830    0.0006096477    
0.0663298400    0.0182199280    0.0006166512    
0.0665714290    0.0176463360    0.0006038452    
0.0668130170    0.0175767700    0.0006046593    
0.0670546060    0.0179703420    0.0006078559    
0.0672961940    0.0180682420    0.0006070145    
0.0675377830    0.0186204940    0.0006112477    
0.0677793710    0.0180093880    0.0006050372    
0.0680209600    0.0175799110    0.0005906087    
0.0682625480    0.0175284110    0.0005902123    
0.0685041370    0.0179506600    0.0005953858    
0.0687457250    0.0181830400    0.0006074527    
0.0689873140    0.0192326400    0.0006153067    
0.0692289020    0.0180712020    0.0005964385    
0.0694704910    0.0179248170    0.0005935500    
0.0697120790    0.0191212130    0.0006111166    
0.0699536680    0.0180208840    0.0005960779    
0.0701952560    0.0182286850    0.0005990318    
0.0704368450    0.0179085940    0.0005956310    
0.0706784340    0.0180543830    0.0006038289    
0.0709200220    0.0189688440    0.0006134962    
0.0711616110    0.0183246120    0.0006025095    
0.0714031990    0.0180162730    0.0006022176    
0.0716447880    0.0184769000    0.0006128401    
0.0718863760    0.0178010970    0.0005933699    
0.0721279650    0.0185752460    0.0006004524    
0.0723695530    0.0184904100    0.0005958451    
0.0726111420    0.0186819400    0.0006026432    
0.0728527300    0.0172575180    0.0005708280    
0.0730943190    0.0186825360    0.0005980134    
0.0733359070    0.0184371710    0.0005904620    
0.0735774960    0.0178729050    0.0005835710    
0.0738190840    0.0169392170    0.0005621477    
0.0740606730    0.0187770390    0.0005931892    
0.0743022610    0.0181296360    0.0005833115    
0.0745438500    0.0178001240    0.0005753963    
0.0747854380    0.0181104570    0.0005744288    
0.0750270270    0.0186652690    0.0005879007    
0.0752686160    0.0177725870    0.0005665694    
0.0755102040    0.0180596590    0.0005719551    
0.0757517930    0.0182464130    0.0005770023    
0.0759933810    0.0189152760    0.0005782569    
0.0762349700    0.0176868210    0.0005664316    
0.0764765580    0.0189789770    0.0005812918    
0.0767181470    0.0184278910    0.0005719749    
0.0769597350    0.0175671560    0.0005541386    
0.0772013240    0.0187817430    0.0005717750    
0.0774429120    0.0181347170    0.0005591173    
0.0776845010    0.0183275970    0.0005597681    
0.0779260890    0.0179159030    0.0005568888    
0.0781676780    0.0181147200    0.0005561269    
0.0784092660    0.0188065380    0.0005678133    
0.0786508550    0.0185690300    0.0005596230    
0.0788924430    0.0171392630    0.0005428059    
0.0791340320    0.0178390420    0.0005500012    
0.0793756210    0.0190959180    0.0005705997    
0.0796172090    0.0167409740    0.0005288675    
0.0798587980    0.0174353070    0.0005448533    
0.0801003860    0.0183637470    0.0005587910    
0.0803419750    0.0189439820    0.0005596016    
0.0805835630    0.0185948390    0.0005588801    
0.0808251520    0.0182768810    0.0005533370    
0.0810667400    0.0180088420    0.0005492646    
0.0813083290    0.0195959300    0.0005661578    
0.0815499170    0.0185608130    0.0005591215    
0.0817915060    0.0189784080    0.0005615995    
0.0820330940    0.0194286480    0.0005622642    
0.0822746830    0.0180910680    0.0005439846    
0.0825162710    0.0184614840    0.0005470219    
0.0827578600    0.0172933060    0.0005311597    
0.0829994480    0.0177907410    0.0005318376    
0.0832410370    0.0182407990    0.0005448050    
0.0834826250    0.0186651740    0.0005447509    
0.0837242140    0.0184832460    0.0005410567    
0.0839658030    0.0186730630    0.0005452134    
0.0842073910    0.0191400020    0.0005502364    
0.0844489800    0.0176976960    0.0005257772    
0.0846905680    0.0182514530    0.0005299747    
0.0849321570    0.0177686470    0.0005288194    
0.0851737450    0.0177460170    0.0005219417    
0.0854153340    0.0188995580    0.0005419820    
0.0856569220    0.0188588110    0.0005377269    
0.0858985110    0.0186503530    0.0005404197    
0.0861400990    0.0183528430    0.0005304644    
0.0863816880    0.0187980510    0.0005388496    
0.0866232760    0.0180536210    0.0005323722    
0.0868648650    0.0186749360    0.0005344429    
0.0871064530    0.0186054020    0.0005350889    
0.0873480420    0.0177363110    0.0005183043    
0.0875896300    0.0178837100    0.0005217214    
0.0878312190    0.0187360030    0.0005333587    
0.0880728080    0.0184114470    0.0005271182    
0.0883143960    0.0168818990    0.0005044432    
0.0885559850    0.0179616630    0.0005222208    
0.0887975730    0.0186456360    0.0005295005    
0.0890391620    0.0176142820    0.0005149582    
0.0892807500    0.0191318560    0.0005347516    
0.0895223390    0.0181034870    0.0005189397    
0.0897639270    0.0189997970    0.0005281798    
0.0900055160    0.0185437910    0.0005230352    
0.0902471040    0.0179993580    0.0005174452    
0.0904886930    0.0186331350    0.0005218322    
0.0907302810    0.0189147060    0.0005212028    
0.0909718700    0.0196207880    0.0005402491    
0.0912134580    0.0188719680    0.0005212137    
0.0914550470    0.0186838950    0.0005253179    
0.0916966350    0.0183537450    0.0005140077    
0.0919382240    0.0185251320    0.0005181982    
0.0921798120    0.0182198810    0.0005106594    
0.0924214010    0.0177905040    0.0005046063    
0.0926629900    0.0190038260    0.0005185648    
0.0929045780    0.0181719070    0.0005123423    
0.0931461670    0.0174925310    0.0004969549    
0.0933877550    0.0174529320    0.0004972366    
0.0936293440    0.0185351830    0.0005144694    
0.0938709320    0.0190761890    0.0005207333    
0.0941125210    0.0188607360    0.0005137049    
0.0943541090    0.0177973710    0.0004990135    
0.0945956980    0.0200755700    0.0005308843    
0.0948372860    0.0181926900    0.0005028368    
0.0950788750    0.0180504920    0.0004994792    
0.0953204630    0.0187208200    0.0005106522    
0.0955620520    0.0197689640    0.0005238765    
0.0958036400    0.0192293880    0.0005141107    
0.0960452290    0.0199716240    0.0005239388    
0.0962868170    0.0189010950    0.0005119635    
0.0965284060    0.0187483100    0.0005076390    
0.0967699940    0.0191881530    0.0005135591    
0.0970115830    0.0186467710    0.0005010473    
0.0972531720    0.0191612300    0.0005095639    
0.0974947600    0.0185247550    0.0005004863    
0.0977363490    0.0196333760    0.0005133018    
0.0979779370    0.0184165810    0.0004990229    
0.0982195260    0.0197631220    0.0005172245    
0.0984611140    0.0196237530    0.0005123503    
0.0987027030    0.0201753200    0.0005200585    
0.0989442910    0.0206935520    0.0005269784    
0.0991858800    0.0193208460    0.0005075653    
0.0994274680    0.0200429120    0.0005147676    
0.0996690570    0.0195098200    0.0005044144    
0.0999106450    0.0198602330    0.0005129600    
0.1001522300    0.0192229110    0.0005006917    
0.1003938200    0.0207571200    0.0005222020    
0.1006354100    0.0211179190    0.0005245170    
0.1008770000    0.0208794050    0.0005226388    
0.1011185900    0.0202383710    0.0005145533    
0.1013601800    0.0205955240    0.0005196187    
0.1016017700    0.0218829900    0.0005319937    
0.1018433500    0.0204854040    0.0005263059    
0.1020849400    0.0219729890    0.0005526157    
0.1023265300    0.0202455930    0.0005346332    
0.1025681200    0.0208801080    0.0005402036    
0.1028097100    0.0213767150    0.0005547250    
0.1030513000    0.0216706360    0.0005604683    
0.1032928800    0.0217264900    0.0005664782    
0.1035344700    0.0208919750    0.0005480835    
0.1037760600    0.0210637120    0.0005597618    
0.1040176500    0.0221109680    0.0005759158    
0.1042592400    0.0218070010    0.0005736698    
0.1045008300    0.0215166410    0.0005664236    
0.1047424200    0.0230176500    0.0005911686    
0.1049840000    0.0226919030    0.0005898479    
0.1052255900    0.0196078800    0.0005499939    
0.1054671800    0.0188351110    0.0005357460    
0.1057087700    0.0194159000    0.0005476333    
0.1059503600    0.0187986290    0.0005408698    
0.1061919500    0.0187441340    0.0005397488    
0.1064335400    0.0191348670    0.0005319347    
0.1066751200    0.0194524380    0.0005282557    
0.1069167100    0.0192129100    0.0005234912    
0.1071583000    0.0191655610    0.0005161066    
0.1073998900    0.0186517900    0.0005074495    
0.1076414800    0.0182935960    0.0005062062    
0.1078830700    0.0194897960    0.0005150339    
0.1081246600    0.0190927570    0.0005128461    
0.1083662400    0.0190768310    0.0005062465    
0.1086078300    0.0194004540    0.0005161083    
0.1088494200    0.0185268560    0.0004978252    
0.1090910100    0.0185079320    0.0004962429    
0.1093326000    0.0180493980    0.0004874656    
0.1095741900    0.0186480280    0.0004967952    
0.1098157700    0.0188246080    0.0004941881    
0.1100573600    0.0185233430    0.0004938241    
0.1102989500    0.0184298230    0.0004882179    
0.1105405400    0.0187854190    0.0004926502    
0.1107821300    0.0184404320    0.0004903954    
0.1110237200    0.0192962550    0.0004967392    
0.1112653100    0.0182638960    0.0004882976    
0.1115068900    0.0182007970    0.0004804680    
0.1117484800    0.0186892080    0.0004861314    
0.1119900700    0.0182128180    0.0004779625    
0.1122316600    0.0182913270    0.0004806854    
0.1124732500    0.0193517180    0.0004916928    
0.1127148400    0.0189888840    0.0004865746    
0.1129564300    0.0175028990    0.0004687903    
0.1131980100    0.0192926380    0.0004897176    
0.1134396000    0.0181398940    0.0004760488    
0.1136811900    0.0179128160    0.0004718803    
0.1139227800    0.0183138460    0.0004752436    
0.1141643700    0.0191522310    0.0004824377    
0.1144059600    0.0182707420    0.0004714343    
0.1146475500    0.0184933420    0.0004768607    
0.1148891300    0.0182712330    0.0004680318    
0.1151307200    0.0179675780    0.0004691098    
0.1153723100    0.0182840610    0.0004677470    
0.1156139000    0.0186235060    0.0004759637    
0.1158554900    0.0185421860    0.0004699121    
0.1160970800    0.0187147440    0.0004768958    
0.1163386700    0.0190914110    0.0004777334    
0.1165802500    0.0187804780    0.0004733739    
0.1168218400    0.0184853380    0.0004665278    
0.1170634300    0.0178478890    0.0004588465    
0.1173050200    0.0181395020    0.0004638971    
0.1175466100    0.0178242970    0.0004585431    
0.1177882000    0.0182246340    0.0004612723    
0.1180297800    0.0189779100    0.0004709289    
0.1182713700    0.0181845930    0.0004629356    
0.1185129600    0.0177594330    0.0004549217    
0.1187545500    0.0185640880    0.0004642473    
0.1189961400    0.0184143010    0.0004615127    
0.1192377300    0.0188523750    0.0004643949    
0.1194793200    0.0180249210    0.0004534661    
0.1197209000    0.0184296450    0.0004587385    
0.1199624900    0.0187378850    0.0004617148    
0.1202040800    0.0176387240    0.0004447365    
0.1204456700    0.0183766870    0.0004591303    
0.1206872600    0.0184851260    0.0004554866    
0.1209288500    0.0186411080    0.0004607310    
0.1211704400    0.0179710850    0.0004501219    
0.1214120200    0.0190174430    0.0004613765    
0.1216536100    0.0184756660    0.0004537408    
0.1218952000    0.0179490550    0.0004448508    
0.1221367900    0.0190451350    0.0004615053    
0.1223783800    0.0190904910    0.0004589803    
0.1226199700    0.0181040160    0.0004485536    
0.1228615600    0.0176724540    0.0004427810    
0.1231031400    0.0191028780    0.0004599432    
0.1233447300    0.0188093340    0.0004561934    
0.1235863200    0.0180063700    0.0004483416    
0.1238279100    0.0187262800    0.0004521884    
0.1240695000    0.0188891820    0.0004529637    
0.1243110900    0.0182107450    0.0004445614    
0.1245526800    0.0184917190    0.0004491511    
0.1247942600    0.0196874720    0.0004598421    
0.1250358500    0.0179624530    0.0004411369    
0.1252774400    0.0178956150    0.0004393630    
0.1255190300    0.0188120360    0.0004493087    
0.1257606200    0.0184396290    0.0004465705    
0.1260022100    0.0181378190    0.0004425175    
0.1262437900    0.0187851530    0.0004487947    
0.1264853800    0.0188224180    0.0004486618    
0.1267269700    0.0183132700    0.0004402941    
0.1269685600    0.0184347630    0.0004419396    
0.1272101500    0.0182016800    0.0004391369    
0.1274517400    0.0181730510    0.0004418020    
0.1276933300    0.0182776930    0.0004365464    
0.1279349100    0.0183738420    0.0004429039    
0.1281765000    0.0181680190    0.0004394774    
0.1284180900    0.0188417350    0.0004450942    
0.1286596800    0.0178535280    0.0004345481    
0.1289012700    0.0182585770    0.0004379677    
0.1291428600    0.0178293520    0.0004337028    
0.1293844500    0.0186792870    0.0004403974    
0.1296260300    0.0191976170    0.0004485229    
0.1298676200    0.0186107900    0.0004416145    
0.1301092100    0.0185185170    0.0004383158    
0.1303508000    0.0181478920    0.0004328294    
0.1305923900    0.0181784160    0.0004375580    
0.1308339800    0.0185847070    0.0004411198    
0.1310755700    0.0186689040    0.0004402750    
0.1313171500    0.0182296630    0.0004341627    
0.1315587400    0.0179575470    0.0004303756    
0.1318003300    0.0188401270    0.0004421055    
0.1320419200    0.0190422730    0.0004408217    
0.1322835100    0.0181497810    0.0004321376    
0.1325251000    0.0188544670    0.0004402654    
0.1327666900    0.0191969030    0.0004433335    
0.1330082700    0.0182037830    0.0004317137    
0.1332498600    0.0181507210    0.0004317930    
0.1334914500    0.0184770190    0.0004378244    
0.1337330400    0.0187966130    0.0004358360    
0.1339746300    0.0190305490    0.0004396089    
0.1342162200    0.0187005260    0.0004356033    
0.1344578000    0.0189761500    0.0004402357    
0.1346993900    0.0187460430    0.0004348974    
0.1349409800    0.0189096100    0.0004392835    
0.1351825700    0.0189772700    0.0004368655    
0.1354241600    0.0185846140    0.0004330208    
0.1356657500    0.0177903420    0.0004241811    
0.1359073400    0.0183471200    0.0004334100    
0.1361489200    0.0181781870    0.0004273968    
0.1363905100    0.0191020590    0.0004377707    
0.1366321000    0.0178236240    0.0004226979    
0.1368736900    0.0186757100    0.0004326839    
0.1371152800    0.0171173130    0.0004122560    
0.1373568700    0.0182454180    0.0004273272    
0.1375984600    0.0185951090    0.0004324444    
0.1378400400    0.0179639680    0.0004243589    
0.1380816300    0.0184727960    0.0004280976    
0.1383232200    0.0180942860    0.0004258953    
0.1385648100    0.0191622540    0.0004384599    
0.1388064000    0.0182955720    0.0004253634    
0.1390479900    0.0178139460    0.0004179099    
0.1392895800    0.0184108060    0.0004290876    
0.1395311600    0.0180230890    0.0004208521    
0.1397727500    0.0178167170    0.0004184358    
0.1400143400    0.0193836340    0.0004362763    
0.1402559300    0.0183702430    0.0004289584    
0.1404975200    0.0187551340    0.0004288078    
0.1407391100    0.0181954780    0.0004226937    
0.1409806900    0.0181182080    0.0004248141    
0.1412222800    0.0193653550    0.0004348747    
0.1414638700    0.0180884590    0.0004211176    
0.1417054600    0.0177411020    0.0004138165    
0.1419470500    0.0180351300    0.0004218239    
0.1421886400    0.0183822000    0.0004217166    
0.1424302300    0.0185505860    0.0004247978    
0.1426718100    0.0183497240    0.0004233174    
0.1429134000    0.0182295750    0.0004211063    
0.1431549900    0.0184031870    0.0004240996    
0.1433965800    0.0191511840    0.0004328020    
0.1436381700    0.0180210210    0.0004170684    
0.1438797600    0.0179257270    0.0004156428    
0.1441213500    0.0187449880    0.0004256928    
0.1443629300    0.0187256390    0.0004248154    
0.1446045200    0.0182044170    0.0004191852    
0.1448461100    0.0181175450    0.0004181838    
0.1450877000    0.0187255870    0.0004225370    
0.1453292900    0.0175425870    0.0004124529    
0.1455708800    0.0188023610    0.0004247020    
0.1458124700    0.0178419080    0.0004174188    
0.1460540500    0.0182575270    0.0004154807    
0.1462956400    0.0177622530    0.0004126296    
0.1465372300    0.0185683860    0.0004205990    
0.1467788200    0.0184404120    0.0004186680    
0.1470204100    0.0185398040    0.0004202752    
0.1472620000    0.0179841540    0.0004134561    
0.1475035900    0.0183180690    0.0004166427    
0.1477451700    0.0185392500    0.0004209120    
0.1479867600    0.0185414480    0.0004183819    
0.1482283500    0.0181709110    0.0004168693    
0.1484699400    0.0187208200    0.0004213581    
0.1487115300    0.0188639450    0.0004242572    
0.1489531200    0.0185997400    0.0004162151    
0.1491947000    0.0184749910    0.0004179477    
0.1494362900    0.0183322660    0.0004142951    
0.1496778800    0.0185417180    0.0004180688    
0.1499194700    0.0193974760    0.0004269631    
0.1501610600    0.0191689120    0.0004252415    
0.1504026500    0.0180067120    0.0004099853    
0.1506442400    0.0192293570    0.0004275302    
0.1508858200    0.0179614220    0.0004116302    
0.1511274100    0.0176939400    0.0004055002    
0.1513690000    0.0177868700    0.0004065637    
0.1516105900    0.0188937710    0.0004202769    
0.1518521800    0.0194897860    0.0004262163    
0.1520937700    0.0190175340    0.0004199247    
0.1523353600    0.0184608090    0.0004140402    
0.1525769400    0.0178280170    0.0004082514    
0.1528185300    0.0189353590    0.0004202672    
0.1530601200    0.0181543670    0.0004105894    
0.1533017100    0.0186269810    0.0004180827    
0.1535433000    0.0183342540    0.0004107888    
0.1537848900    0.0189461500    0.0004174336    
0.1540264800    0.0191873390    0.0004210140    
0.1542680600    0.0188453490    0.0004169366    
0.1545096500    0.0186934100    0.0004132717    
0.1547512400    0.0179044650    0.0004063952    
0.1549928300    0.0186609500    0.0004145854    
0.1552344200    0.0186105350    0.0004135674    
0.1554760100    0.0189093620    0.0004170281    
0.1557176000    0.0191609280    0.0004213483    
0.1559591800    0.0190835730    0.0004186363    
0.1562007700    0.0186890510    0.0004118690    
0.1564423600    0.0179198570    0.0004027188    
0.1566839500    0.0184346540    0.0004125209    
0.1569255400    0.0183521390    0.0004087346    
0.1571671300    0.0188939080    0.0004148751    
0.1574087100    0.0186712580    0.0004101840    
0.1576503000    0.0180479400    0.0004078696    
0.1578918900    0.0182442570    0.0004050281    
0.1581334800    0.0192211330    0.0004181472    
0.1583750700    0.0187253850    0.0004134737    
0.1586166600    0.0189838200    0.0004260920    
0.1588582500    0.0187017370    0.0004224292    
0.1590998300    0.0191895730    0.0004328965    
0.1593414200    0.0190820730    0.0004345823    
0.1595830100    0.0187158160    0.0004328007    
0.1598246000    0.0187507250    0.0004323383    
0.1600661900    0.0191171890    0.0004407879    
0.1603077800    0.0194700630    0.0004470269    
0.1605493700    0.0189782570    0.0004420727    
0.1607909500    0.0174893230    0.0004254315    
0.1610325400    0.0180868380    0.0004353537    
0.1612741300    0.0180181340    0.0004347086    
0.1615157200    0.0182448670    0.0004392848    
0.1617573100    0.0189063850    0.0004477471    
0.1619989000    0.0186238210    0.0004480195    
0.1622404900    0.0178720570    0.0004368143    
0.1624820700    0.0186663670    0.0004508732    
0.1627236600    0.0182116310    0.0004441861    
0.1629652500    0.0188342790    0.0004511285    
0.1632068400    0.0184006710    0.0004394836    
0.1634484300    0.0181054380    0.0004291401    
0.1636900200    0.0180003980    0.0004273712    
0.1639316100    0.0180797650    0.0004255535    
0.1641731900    0.0195508560    0.0004421732    
0.1644147800    0.0187306630    0.0004293720    
0.1646563700    0.0177047310    0.0004189369    
0.1648979600    0.0179895380    0.0004188146    
0.1651395500    0.0186519210    0.0004284686    
0.1653811400    0.0186478630    0.0004259102    
0.1656227200    0.0178560260    0.0004188971    
0.1658643100    0.0183435010    0.0004212725    
0.1661059000    0.0176831880    0.0004131405    
0.1663474900    0.0188493380    0.0004236074    
0.1665890800    0.0183593410    0.0004179058    
0.1668306700    0.0188120940    0.0004251389    
0.1670722600    0.0183498280    0.0004177975    
0.1673138400    0.0180031650    0.0004136746    
0.1675554300    0.0178737240    0.0004101593    
0.1677970200    0.0181699280    0.0004154280    
0.1680386100    0.0180306300    0.0004143057    
0.1682802000    0.0174934560    0.0004056198    
0.1685217900    0.0180575570    0.0004107174    
0.1687633800    0.0180171000    0.0004097972    
0.1690049600    0.0183337530    0.0004160320    
0.1692465500    0.0176163470    0.0004026659    
0.1694881400    0.0182917430    0.0004130630    
0.1697297300    0.0180068510    0.0004086139    
0.1699713200    0.0183884420    0.0004149294    
0.1702129100    0.0174801180    0.0004008105    
0.1704545000    0.0173582140    0.0004004439    
0.1706960800    0.0185438570    0.0004155894    
0.1709376700    0.0186980620    0.0004125688    
0.1711792600    0.0179642840    0.0004058754    
0.1714208500    0.0179045050    0.0004029849    
0.1716624400    0.0179631710    0.0004061613    
0.1719040300    0.0182831440    0.0004061918    
0.1721456200    0.0177747730    0.0004021071    
0.1723872000    0.0183660520    0.0004087405    
0.1726287900    0.0177632220    0.0004015377    
0.1728703800    0.0186342130    0.0004121645    
0.1731119700    0.0177416880    0.0004001319    
0.1733535600    0.0182512190    0.0004059838    
0.1735951500    0.0177298750    0.0003978470    
0.1738367300    0.0171742390    0.0003929713    
0.1740783200    0.0188054490    0.0004092980    
0.1743199100    0.0192296830    0.0004143328    
0.1745615000    0.0179741210    0.0003997211    
0.1748030900    0.0180746640    0.0003999838    
0.1750446800    0.0173406290    0.0003961568    
0.1752862700    0.0177424720    0.0003954506    
0.1755278500    0.0178915030    0.0004026922    
0.1757694400    0.0179507440    0.0003986103    
0.1760110300    0.0180235080    0.0004001274    
0.1762526200    0.0183868330    0.0004020000    
0.1764942100    0.0178444510    0.0003964455    
0.1767358000    0.0180479790    0.0003984189    
0.1769773900    0.0181383940    0.0003985738    
0.1772189700    0.0168575270    0.0003849192    
0.1774605600    0.0180932570    0.0003999059    
0.1777021500    0.0187295840    0.0004051594    
0.1779437400    0.0174359290    0.0003910541    
0.1781853300    0.0178482390    0.0003966275    
0.1784269200    0.0183053790    0.0003980371    
0.1786685100    0.0190382690    0.0004069158    
0.1789100900    0.0178009730    0.0003921071    
0.1791516800    0.0184434740    0.0003998130    
0.1793932700    0.0177190800    0.0003920189    
0.1796348600    0.0178011100    0.0003911623    
0.1798764500    0.0181363320    0.0003948282    
0.1801180400    0.0177359660    0.0003905805    
0.1803596200    0.0181804610    0.0003980593    
0.1806012100    0.0177043630    0.0003896956    
0.1808428000    0.0182493710    0.0003955124    
0.1810843900    0.0182906030    0.0003947408    
0.1813259800    0.0175582480    0.0003874190    
0.1815675700    0.0181883730    0.0003936361    
0.1818091600    0.0183167120    0.0003947531    
0.1820507400    0.0179413180    0.0003909536    
0.1822923300    0.0178766230    0.0003894513    
0.1825339200    0.0178756940    0.0003906381    
0.1827755100    0.0173660790    0.0003834590    
0.1830171000    0.0173317030    0.0003861035    
0.1832586900    0.0183413440    0.0003932797    
0.1835002800    0.0179899010    0.0003898890    
0.1837418600    0.0183132060    0.0003923158    
0.1839834500    0.0176116260    0.0003861605    
0.1842250400    0.0179112710    0.0003886415    
0.1844666300    0.0185398810    0.0003950024    
0.1847082200    0.0176828760    0.0003855050    
0.1849498100    0.0182239560    0.0003917545    
0.1851914000    0.0179423810    0.0003906985    
0.1854329800    0.0179460490    0.0003887560    
0.1856745700    0.0184465690    0.0003945395    
0.1859161600    0.0172647560    0.0003790106    
0.1861577500    0.0185544130    0.0003929115    
0.1863993400    0.0174660730    0.0003822346    
0.1866409300    0.0175357480    0.0003812119    
0.1868825200    0.0178907500    0.0003882876    
0.1871241000    0.0167347130    0.0003725269    
0.1873656900    0.0178952100    0.0003872914    
0.1876072800    0.0177798260    0.0003830934    
0.1878488700    0.0175315960    0.0003838524    
0.1880904600    0.0174326130    0.0003818683    
0.1883320500    0.0178434750    0.0003833983    
0.1885736300    0.0176993840    0.0003826055    
0.1888152200    0.0170760330    0.0003756832    
0.1890568100    0.0182555000    0.0003894742    
0.1892984000    0.0175615600    0.0003799815    
0.1895399900    0.0174545580    0.0003800761    
0.1897815800    0.0182904560    0.0003890706    
0.1900231700    0.0175207670    0.0003807963    
0.1902647500    0.0174777050    0.0003793232    
0.1905063400    0.0177078700    0.0003842280    
0.1907479300    0.0177433280    0.0003825735    
0.1909895200    0.0186185200    0.0003903503    
0.1912311100    0.0178469360    0.0003826785    
0.1914727000    0.0176398280    0.0003800769    
0.1917142900    0.0178022850    0.0003829555    
0.1919558700    0.0174209320    0.0003756221    
0.1921974600    0.0177446190    0.0003823348    
0.1924390500    0.0180595990    0.0003863513    
0.1926806400    0.0174088050    0.0003778278    
0.1929222300    0.0177294520    0.0003819193    
0.1931638200    0.0185913200    0.0003879089    
0.1934054100    0.0177987740    0.0003827915    
0.1936469900    0.0168892590    0.0003699659    
0.1938885800    0.0178199930    0.0003820129    
0.1941301700    0.0180067180    0.0003822574    
0.1943717600    0.0168155490    0.0003712123    
0.1946133500    0.0176143890    0.0003764824    
0.1948549400    0.0178887840    0.0003819983    
0.1950965300    0.0177316570    0.0003799447    
0.1953381100    0.0178711670    0.0003811879    
0.1955797000    0.0177535570    0.0003806762    
0.1958212900    0.0170981870    0.0003715242    
0.1960628800    0.0180705390    0.0003820658    
0.1963044700    0.0180525070    0.0003812587    
0.1965460600    0.0178737800    0.0003824636    
0.1967876400    0.0177709520    0.0003774226    
0.1970292300    0.0176526650    0.0003765273    
0.1972708200    0.0178941860    0.0003808136    
0.1975124100    0.0182109140    0.0003839198    
0.1977540000    0.0173983510    0.0003751353    
0.1979955900    0.0185309860    0.0003869028    
0.1982371800    0.0176415530    0.0003783616    
0.1984787600    0.0176377970    0.0003740887    
0.1987203500    0.0180024860    0.0003801175    
0.1989619400    0.0186525100    0.0003871682    
0.1992035300    0.0180443570    0.0003800708    
0.1994451200    0.0179392830    0.0003792059    
0.1996867100    0.0172475880    0.0003711090    
0.1999283000    0.0178911880    0.0003786972    
0.2001698800    0.0176479590    0.0003765983    
0.2004114700    0.0174032490    0.0003750665    
0.2006530600    0.0175554920    0.0003736903    
0.2008946500    0.0183133250    0.0003825251    
0.2011362400    0.0181098010    0.0003778620    
0.2013778300    0.0180835670    0.0003807278    
0.2016194200    0.0178756180    0.0003757671    
0.2018610000    0.0180318810    0.0003789683    
0.2021025900    0.0180425290    0.0003794435    
0.2023441800    0.0178316210    0.0003762582    
0.2025857700    0.0180884400    0.0003793201    
0.2028273600    0.0182395650    0.0003824893    
0.2030689500    0.0178009070    0.0003765333    
0.2033105400    0.0178271030    0.0003746645    
0.2035521200    0.0177760460    0.0003756714    
0.2037937100    0.0180283360    0.0003777277    
0.2040353000    0.0179974250    0.0003782441    
0.2042768900    0.0179669350    0.0003766066    
0.2045184800    0.0186816710    0.0003824552    
0.2047600700    0.0180574680    0.0003787539    
0.2050016500    0.0176303640    0.0003746057    
0.2052432400    0.0182878540    0.0003811624    
0.2054848300    0.0186105120    0.0003829291    
0.2057264200    0.0187048600    0.0003863453    
0.2059680100    0.0180101000    0.0003750477    
0.2062096000    0.0185281460    0.0003817195    
0.2064511900    0.0181841490    0.0003774465    
0.2066927700    0.0181714860    0.0003789841    
0.2069343600    0.0188824440    0.0003858384    
0.2071759500    0.0187129410    0.0003839814    
0.2074175400    0.0171391110    0.0003672479    
0.2076591300    0.0179952070    0.0003757164    
0.2079007200    0.0181071530    0.0003798796    
0.2081423100    0.0187442800    0.0003828554    
0.2083838900    0.0177508090    0.0003733911    
0.2086254800    0.0176413790    0.0003728254    
0.2088670700    0.0182305410    0.0003781651    
0.2091086600    0.0186260310    0.0003835734    
0.2093502500    0.0177845830    0.0003732766    
0.2095918400    0.0175012740    0.0003722833    
0.2098334300    0.0178135740    0.0003748773    
0.2100750100    0.0186811240    0.0003851164    
0.2103166000    0.0187168430    0.0003858528    
0.2105581900    0.0176592290    0.0003719588    
0.2107997800    0.0183681950    0.0003815134    
0.2110413700    0.0176154450    0.0003716140    
0.2112829600    0.0188162130    0.0003867525    
0.2115245400    0.0179378500    0.0003747640    
0.2117661300    0.0181578470    0.0003794431    
0.2120077200    0.0179550220    0.0003755328    
0.2122493100    0.0188287550    0.0003879950    
0.2124909000    0.0184525910    0.0003815419    
0.2127324900    0.0189087080    0.0003888179    
0.2129740800    0.0177686470    0.0003739318    
0.2132156600    0.0180755460    0.0003771472    
0.2134572500    0.0182609270    0.0003805186    
0.2136988400    0.0181268850    0.0003788788    
0.2139404300    0.0174508150    0.0003698734    
0.2141820200    0.0169808200    0.0003664735    
0.2144236100    0.0177543530    0.0003758008    
0.2146652000    0.0176457320    0.0003741728    
0.2149067800    0.0181113410    0.0003774015    
0.2151483700    0.0179509160    0.0003814167    
0.2153899600    0.0182970460    0.0003899171    
0.2156315500    0.0183437770    0.0003942392    
0.2158731400    0.0183110620    0.0003953665    
0.2161147300    0.0177318290    0.0003939434    
0.2163563200    0.0176345990    0.0003938296    
0.2165979000    0.0184976340    0.0004063697    
0.2168394900    0.0180234830    0.0004014149    
0.2170810800    0.0182407990    0.0004083875    
0.2173226700    0.0181593320    0.0004071763    
0.2175642600    0.0188592880    0.0004172450    
0.2178058500    0.0174653250    0.0004030221    
0.2180474400    0.0174201760    0.0004044647    
0.2182890200    0.0172991060    0.0004062794    
0.2185306100    0.0176423120    0.0004076492    
0.2187722000    0.0182281670    0.0004196208    
0.2190137900    0.0181001610    0.0004173381    
0.2192553800    0.0170002100    0.0004082533    
0.2194969700    0.0181640850    0.0004193698    
0.2197385500    0.0176544740    0.0004109026    
0.2199801400    0.0171900100    0.0004011805    
0.2202217300    0.0177060290    0.0004032438    
0.2204633200    0.0168651120    0.0003916827    
0.2207049100    0.0165569270    0.0003855665    
0.2209465000    0.0177331510    0.0003990271    
0.2211880900    0.0166851750    0.0003851223    
0.2214296700    0.0175596330    0.0003945238    
0.2216712600    0.0178546060    0.0003972598    
0.2219128500    0.0174288200    0.0003913872    
0.2221544400    0.0173005590    0.0003918810    
0.2223960300    0.0174112410    0.0003911898    
0.2226376200    0.0172299390    0.0003921977    
0.2228792100    0.0176609850    0.0003941242    
0.2231207900    0.0175818270    0.0003932399    
0.2233623800    0.0171531520    0.0003859761    
0.2236039700    0.0173939410    0.0003903088    
0.2238455600    0.0172680810    0.0003869978    
0.2240871500    0.0169627510    0.0003842292    
0.2243287400    0.0172350410    0.0003852909    
0.2245703300    0.0172109360    0.0003875708    
0.2248119100    0.0174936530    0.0003901957    
0.2250535000    0.0174988570    0.0003901177    
0.2252950900    0.0172045740    0.0003883146    
0.2255366800    0.0176069460    0.0003891572    
0.2257782700    0.0166724200    0.0003796055    
0.2260198600    0.0173989460    0.0003864525    
0.2262614500    0.0171639680    0.0003837021    
0.2265030300    0.0174505240    0.0003863611    
0.2267446200    0.0174365650    0.0003876707    
0.2269862100    0.0174285560    0.0003849324    
0.2272278000    0.0174043790    0.0003857178    
0.2274693900    0.0171788060    0.0003820343    
0.2277109800    0.0168310070    0.0003815388    
0.2279525600    0.0166916700    0.0003764506    
0.2281941500    0.0170103960    0.0003809359    
0.2284357400    0.0173978990    0.0003847248    
0.2286773300    0.0170119190    0.0003817365    
0.2289189200    0.0169396980    0.0003785939    
0.2291605100    0.0169745710    0.0003811864    
0.2294021000    0.0173114520    0.0003833760    
0.2296436800    0.0174243640    0.0003880714    
0.2298852700    0.0169063930    0.0003786068    
0.2301268600    0.0174398760    0.0003885133    
0.2303684500    0.0171767910    0.0003833188    
0.2306100400    0.0174127210    0.0003864725    
0.2308516300    0.0167090690    0.0003778051    
0.2310932200    0.0169514480    0.0003825041    
0.2313348000    0.0169171250    0.0003802801    
0.2315763900    0.0171575390    0.0003833668    
0.2318179800    0.0170039880    0.0003834944    
0.2320595700    0.0162032660    0.0003728092    
0.2323011600    0.0170291280    0.0003833795    
0.2325427500    0.0173139530    0.0003865723    
0.2327843400    0.0171944530    0.0003867097    
0.2330259200    0.0173326690    0.0003847906    
0.2332675100    0.0172860280    0.0003847996    
0.2335091000    0.0173192380    0.0003864977    
0.2337506900    0.0165439800    0.0003758055    
0.2339922800    0.0172913870    0.0003864540    
0.2342338700    0.0169649360    0.0003821280    
0.2344754600    0.0175126060    0.0003894576    
0.2347170400    0.0171232760    0.0003829838    
0.2349586300    0.0165603940    0.0003775445    
0.2352002200    0.0171541880    0.0003874736    
0.2354418100    0.0168050600    0.0003812446    
0.2356834000    0.0171100090    0.0003844218    
0.2359249900    0.0167715340    0.0003782518    
0.2361665700    0.0172106560    0.0003864881    
0.2364081600    0.0173216940    0.0003855936    
0.2366497500    0.0168634920    0.0003825702    
0.2368913400    0.0179892020    0.0003934946    
0.2371329300    0.0167424090    0.0003819920    
0.2373745200    0.0168569550    0.0003818328    
0.2376161100    0.0170818290    0.0003843712    
0.2378576900    0.0164258970    0.0003782320    
0.2380992800    0.0178465790    0.0003920668    
0.2383408700    0.0176165380    0.0003906116    
0.2385824600    0.0162771070    0.0003739148    
0.2388240500    0.0174814320    0.0003892459    
0.2390656400    0.0174675610    0.0003892266    
0.2393072300    0.0168103560    0.0003807772    
0.2395488100    0.0167618150    0.0003807537    
0.2397904000    0.0179549290    0.0003953066    
0.2400319900    0.0169491060    0.0003846114    
0.2402735800    0.0166290590    0.0003814968    
0.2405151700    0.0175128840    0.0003908191    
0.2407567600    0.0167726160    0.0003798250    
0.2409983500    0.0164725820    0.0003785051    
0.2412399300    0.0172674870    0.0003859198    
0.2414815200    0.0167076880    0.0003819960    
0.2417231100    0.0169354320    0.0003812701    
0.2419647000    0.0168767060    0.0003840578    
0.2422062900    0.0170300200    0.0003852591    
0.2424478800    0.0168762110    0.0003836493    
0.2426894600    0.0171750640    0.0003889386    
0.2429310500    0.0166088610    0.0003799352    
0.2431726400    0.0166812310    0.0003804971    
0.2434142300    0.0169335780    0.0003819064    
0.2436558200    0.0163477580    0.0003790546    
0.2438974100    0.0167011460    0.0003796696    
0.2441390000    0.0175842450    0.0003913412    
0.2443805800    0.0169110970    0.0003840457    
0.2446221700    0.0163785320    0.0003783469    
0.2448637600    0.0165382610    0.0003811226    
0.2451053500    0.0165886180    0.0003795714    
0.2453469400    0.0166495990    0.0003843011    
0.2455885300    0.0178653340    0.0003939073    
0.2458301200    0.0165439800    0.0003814570    
0.2460717000    0.0173013960    0.0003869677    
0.2463132900    0.0175976570    0.0003906734    
0.2465548800    0.0169184640    0.0003852076    
0.2467964700    0.0166349350    0.0003802333    
0.2470380600    0.0175532290    0.0003918170    
0.2472796500    0.0164921510    0.0003796570    
0.2475212400    0.0172923240    0.0003910929    
0.2477628200    0.0165489380    0.0003834102    
0.2480044100    0.0169366410    0.0003839334    
0.2482460000    0.0165304100    0.0003794334    
0.2484875900    0.0161214350    0.0003756288    
0.2487291800    0.0168128540    0.0003835993    
0.2489707700    0.0162517100    0.0003762212    
0.2492123600    0.0168787050    0.0003857045    
0.2494539400    0.0171146740    0.0003875710    
0.2496955300    0.0169812940    0.0003867384    
0.2499371200    0.0165212000    0.0003801243    
0.2501787100    0.0161639170    0.0003801434    
0.2504203000    0.0165650890    0.0003802294    
0.2506618900    0.0165975730    0.0003784905    
0.2509034700    0.0168828710    0.0003843972    
0.2511450600    0.0169808700    0.0003848371    
0.2513866500    0.0166436500    0.0003819320    
0.2516282400    0.0168193520    0.0003812746    
0.2518698300    0.0160289370    0.0003742873    
0.2521114200    0.0168987470    0.0003833700    
0.2523530100    0.0168967400    0.0003840168    
0.2525945900    0.0168491720    0.0003825407    
0.2528361800    0.0173017750    0.0003905085    
0.2530777700    0.0168773000    0.0003821956    
0.2533193600    0.0172827500    0.0003863575    
0.2535609500    0.0165334630    0.0003792039    
0.2538025400    0.0166870820    0.0003808288    
0.2540441300    0.0169043620    0.0003833001    
0.2542857100    0.0171032930    0.0003851468    
0.2545273000    0.0167663520    0.0003833373    
0.2547688900    0.0160883400    0.0003726390    
0.2550104800    0.0171256940    0.0003874234    
0.2552520700    0.0169233740    0.0003866243    
0.2554936600    0.0156937890    0.0003686793    
0.2557352500    0.0168356460    0.0003833219    
0.2559768300    0.0162022080    0.0003744737    
0.2562184200    0.0168067870    0.0003832614    
0.2564600100    0.0173206480    0.0003869147    
0.2567016000    0.0174867690    0.0003912117    
0.2569431900    0.0168404870    0.0003824421    
0.2571847800    0.0165685540    0.0003788149    
0.2574263700    0.0168665430    0.0003827379    
0.2576679500    0.0164750190    0.0003790617    
0.2579095400    0.0164746710    0.0003794557    
0.2581511300    0.0173326510    0.0003871829    
0.2583927200    0.0166925150    0.0003795715    
0.2586343100    0.0162289990    0.0003731051    
0.2588759000    0.0163274100    0.0003769649    
0.2591174800    0.0167292430    0.0003785517    
0.2593590700    0.0169096810    0.0003809801    
0.2596006600    0.0163872000    0.0003763445    
0.2598422500    0.0167417740    0.0003807900    
0.2600838400    0.0170599270    0.0003846582    
0.2603254300    0.0165592140    0.0003802949    
0.2605670200    0.0167130040    0.0003807270    
0.2608086000    0.0171159340    0.0003822464    
0.2610501900    0.0172243620    0.0003854376    
0.2612917800    0.0166840640    0.0003802651    
0.2615333700    0.0165429780    0.0003777369    
0.2617749600    0.0160464170    0.0003726689    
0.2620165500    0.0167785400    0.0003801541    
0.2622581400    0.0165447920    0.0003798636    
0.2624997200    0.0166839740    0.0003798686    
0.2627413100    0.0174286640    0.0003920763    
0.2629829000    0.0171083570    0.0003825545    
0.2632244900    0.0161829930    0.0003750326    
0.2634660800    0.0166636820    0.0003787200    
0.2637076700    0.0166147820    0.0003790801    
0.2639492600    0.0170039880    0.0003834944    
0.2641908400    0.0166117990    0.0003797045    
0.2644324300    0.0172184510    0.0003872494    
0.2646740200    0.0168238460    0.0003800119    
0.2649156100    0.0168658410    0.0003846080    
0.2651572000    0.0165163280    0.0003786118    
0.2653987900    0.0170851050    0.0003871000    
0.2656403800    0.0168844220    0.0003833410    
0.2658819600    0.0163559030    0.0003757248    
0.2661235500    0.0160389410    0.0003740114    
0.2663651400    0.0172342170    0.0003859482    
0.2666067300    0.0167767010    0.0003815844    
0.2668483200    0.0166176490    0.0003792442    
0.2670899100    0.0167844870    0.0003843552    
0.2673314900    0.0165745110    0.0003783583    
0.2675730800    0.0167926460    0.0003836378    
0.2678146700    0.0172488910    0.0003899112    
0.2680562600    0.0169787440    0.0003836086    
0.2682978500    0.0169944170    0.0003844536    
0.2685394400    0.0169459050    0.0003825738    
0.2687810300    0.0172894850    0.0003884542    
0.2690226100    0.0164371640    0.0003760075    
0.2692642000    0.0163288620    0.0003796383    
0.2695057900    0.0168170810    0.0003819106    
0.2697473800    0.0164816120    0.0003782137    
0.2699889700    0.0170883430    0.0003872728    
0.2702305600    0.0172367180    0.0003896361    
0.2704721500    0.0168864780    0.0003849786    
0.2707137300    0.0168971390    0.0003821552    
0.2709553200    0.0168071360    0.0003836686    
0.2711969100    0.0165768150    0.0003800982    
0.2714385000    0.0165482160    0.0003788454    
0.2716800900    0.0157405210    0.0003709046    
0.2719216800    0.0165981230    0.0003892800    
0.2721632700    0.0170913120    0.0003977952    
0.2724048500    0.0168686840    0.0004002762    
0.2726464400    0.0161646230    0.0003990353    
0.2728880300    0.0164960270    0.0004034235    
0.2731296200    0.0166307520    0.0004073278    
0.2733712100    0.0171746920    0.0004172845    
0.2736128000    0.0174498460    0.0004263676    
0.2738543800    0.0168157860    0.0004161253    
0.2740959700    0.0163853100    0.0004147183    
0.2743375600    0.0162396190    0.0004158540    
0.2745791500    0.0166264080    0.0004225839    
0.2748207400    0.0169892260    0.0004301414    
0.2750623300    0.0168040870    0.0004277913    
0.2753039200    0.0170967920    0.0004360916    
0.2755455000    0.0164491170    0.0004264235    
0.2757870900    0.0173543370    0.0004445448    
0.2760286800    0.0165730840    0.0004322596    
0.2762702700    0.0172294710    0.0004489217    
0.2765118600    0.0166874720    0.0004242730    
0.2767534500    0.0156595540    0.0004094088    
0.2769950400    0.0167249860    0.0004197015    
0.2772366200    0.0159462190    0.0004055580    
0.2774782100    0.0167200030    0.0004157970    
0.2777198000    0.0162631600    0.0004111003    
0.2779613900    0.0173921120    0.0004240717    
0.2782029800    0.0170650340    0.0004119538    
0.2784445700    0.0167991800    0.0004121955    
0.2786861600    0.0163524330    0.0004055292    
0.2789277400    0.0158145930    0.0003943801    
0.2791693300    0.0167162490    0.0004057868    
0.2794109200    0.0162097940    0.0004014983    
0.2796525100    0.0166341200    0.0004060728    
0.2798941000    0.0169475750    0.0004052403    
0.2801356900    0.0163473400    0.0004020783    
0.2803772800    0.0162951650    0.0004049817    
0.2806188600    0.0173974180    0.0004099472    
0.2808604500    0.0171918100    0.0004053275    
0.2811020400    0.0160918160    0.0003936560    
0.2813436300    0.0166407290    0.0004021800    
0.2815852200    0.0168820830    0.0004010460    
0.2818268100    0.0169970410    0.0004045768    
0.2820683900    0.0163922150    0.0003983907    
0.2823099800    0.0171692110    0.0004074073    
0.2825515700    0.0166597250    0.0003977892    
0.2827931600    0.0168482520    0.0004048377    
0.2830347500    0.0157785650    0.0003895052    
0.2832763400    0.0164312920    0.0003955044    
0.2835179300    0.0166216890    0.0003977892    
0.2837595100    0.0150710300    0.0003809656    
0.2840011000    0.0163318520    0.0003970409    
0.2842426900    0.0160856170    0.0003901335    
0.2844842800    0.0165929110    0.0003983574    
0.2847258700    0.0158189250    0.0003895531    
0.2849674600    0.0163963900    0.0003976709    
0.2852090500    0.0168444410    0.0004010581    
0.2854506300    0.0164096080    0.0003975240    
0.2856922200    0.0167492000    0.0004003825    
0.2859338100    0.0169543430    0.0004034462    
0.2861754000    0.0160613430    0.0003905800    
0.2864169900    0.0163243650    0.0003936154    
0.2866585800    0.0162448250    0.0003944592    
0.2869001700    0.0165803440    0.0003975976    
0.2871417500    0.0162570540    0.0003932519    
0.2873833400    0.0167494500    0.0004008468    
0.2876249300    0.0167016250    0.0004007364    
0.2878665200    0.0167056300    0.0004032777    
0.2881081100    0.0164277070    0.0003929219    
0.2883497000    0.0162826930    0.0003934120    
0.2885912900    0.0172201150    0.0004044242    
0.2888328700    0.0165868650    0.0003970696    
0.2890744600    0.0167006560    0.0003975220    
0.2893160500    0.0161886730    0.0003918271    
0.2895576400    0.0169378850    0.0004029405    
0.2897992300    0.0158450310    0.0003858907    
0.2900408200    0.0166816380    0.0003968446    
0.2902824000    0.0162573020    0.0003947622    
0.2905239900    0.0160545650    0.0003906463    
0.2907655800    0.0161535000    0.0003890434    
0.2910071700    0.0163690050    0.0003916299    
0.2912487600    0.0169539960    0.0003991662    
0.2914903500    0.0164631030    0.0003923124    
0.2917319400    0.0161485640    0.0003872435    
0.2919735200    0.0167123490    0.0003951230    
0.2922151100    0.0159147910    0.0003848601    
0.2924567000    0.0158902770    0.0003852825    
0.2926982900    0.0161545950    0.0003886192    
0.2929398800    0.0164580710    0.0003943255    
0.2931814700    0.0164061790    0.0003897405    
0.2934230600    0.0164389290    0.0003912922    
0.2936646400    0.0163468530    0.0003874576    
0.2939062300    0.0159889460    0.0003867665    
0.2941478200    0.0166191740    0.0003918265    
0.2943894100    0.0165287960    0.0003926534    
0.2946310000    0.0163685380    0.0003897271    
0.2948725900    0.0163579980    0.0003904735    
0.2951141800    0.0161299920    0.0003870208    
0.2953557600    0.0161983570    0.0003904636    
0.2955973500    0.0158364270    0.0003826296    
0.2958389400    0.0162477370    0.0003868509    
0.2960805300    0.0167606450    0.0003931998    
0.2963221200    0.0158901810    0.0003821478    
0.2965637100    0.0163193020    0.0003871309    
0.2968053000    0.0161927090    0.0003847780    
0.2970468800    0.0161961990    0.0003859521    
0.2972884700    0.0156898300    0.0003787561    
0.2975300600    0.0166590150    0.0003902790    
0.2977716500    0.0158148330    0.0003816625    
0.2980132400    0.0168751050    0.0003951246    
0.2982548300    0.0157054470    0.0003782524    
0.2984964100    0.0161138940    0.0003825812    
0.2987380000    0.0162575540    0.0003851247    
0.2989795900    0.0166498120    0.0003888912    
0.2992211800    0.0159972150    0.0003807782    
0.2994627700    0.0160815810    0.0003828948    
0.2997043600    0.0159718010    0.0003825650    
0.2999459500    0.0165827370    0.0003896700    
0.3001875300    0.0157764330    0.0003795220    
0.3004291200    0.0162741110    0.0003894710    
0.3006707100    0.0162600590    0.0003838936    
0.3009123000    0.0161222310    0.0003840804    
0.3011538900    0.0167760930    0.0003890909    
0.3013954800    0.0165312500    0.0003883530    
0.3016370700    0.0161609410    0.0003836983    
0.3018786500    0.0157783260    0.0003791290    
0.3021202400    0.0163221150    0.0003854662    
0.3023618300    0.0166131780    0.0003906011    
0.3026034200    0.0169150270    0.0003932664    
0.3028450100    0.0159692390    0.0003823939    
0.3030866000    0.0163715410    0.0003876075    
0.3033281900    0.0164079280    0.0003857753    
0.3035697700    0.0158536670    0.0003801718    
0.3038113600    0.0161964080    0.0003845403    
0.3040529500    0.0160153420    0.0003809938    
0.3042945400    0.0171811300    0.0003944737    
0.3045361300    0.0172581840    0.0003978188    
0.3047777200    0.0157371320    0.0003783577    
0.3050193100    0.0164342380    0.0003869290    
0.3052608900    0.0164637000    0.0003882689    
0.3055024800    0.0162181370    0.0003902607    
0.3057440700    0.0171099900    0.0003929439    
0.3059856600    0.0158703250    0.0003792650    
0.3062272500    0.0154503700    0.0003751681    
0.3064688400    0.0161249030    0.0003842531    
0.3067104200    0.0166978000    0.0003879016    
0.3069520100    0.0162219800    0.0003842820    
0.3071936000    0.0159915580    0.0003823806    
0.3074351900    0.0159443110    0.0003822356    
0.3076767800    0.0153355740    0.0003728206    
0.3079183700    0.0162737450    0.0003880204    
0.3081599600    0.0158204110    0.0003825777    
0.3084015400    0.0159986140    0.0003803807    
0.3086431300    0.0168243550    0.0003897912    
0.3088847200    0.0157355460    0.0003793075    
0.3091263100    0.0170106580    0.0003933692    
0.3093679000    0.0156827920    0.0003782557    
0.3096094900    0.0168785400    0.0003904183    
0.3098510800    0.0162136500    0.0003865876    
0.3100926600    0.0156394850    0.0003778712    
0.3103342500    0.0158586020    0.0003805091    
0.3105758400    0.0163506270    0.0003890801    
0.3108174300    0.0169463130    0.0003921959    
0.3110590200    0.0164208070    0.0003879051    
0.3113006100    0.0159819580    0.0003797700    
0.3115422000    0.0161733960    0.0003849717    
0.3117837800    0.0158644850    0.0003798855    
0.3120253700    0.0159209320    0.0003816751    
0.3122669600    0.0163965440    0.0003850822    
0.3125085500    0.0159769350    0.0003829077    
0.3127501400    0.0160829900    0.0003834722    
0.3129917300    0.0156629480    0.0003801059    
0.3132333100    0.0164724860    0.0003888006    
0.3134749000    0.0168176280    0.0003922762    
0.3137164900    0.0164590620    0.0003866571    
0.3139580800    0.0164380150    0.0003862692    
0.3141996700    0.0166346690    0.0003888558    
0.3144412600    0.0162247110    0.0003844545    
0.3146828500    0.0161222310    0.0003840804    
0.3149244300    0.0159115620    0.0003800335    
0.3151660200    0.0154241580    0.0003760871    
0.3154076100    0.0159780450    0.0003834853    
0.3156492000    0.0160159280    0.0003855065    
0.3158907900    0.0159700240    0.0003804544    
0.3161323800    0.0163897880    0.0003855620    
0.3163739700    0.0167103170    0.0003894555    
0.3166155500    0.0165154040    0.0003891637    
0.3168571400    0.0156893110    0.0003776448    
0.3170987300    0.0153747190    0.0003746590    
0.3173403200    0.0164246550    0.0003872404    
0.3175819100    0.0158551540    0.0003813054    
0.3178235000    0.0160046810    0.0003822575    
0.3180650900    0.0164440880    0.0003893251    
0.3183066700    0.0161119180    0.0003843805    
0.3185482600    0.0160687040    0.0003840058    
0.3187898500    0.0161640730    0.0003824812    
0.3190314400    0.0157831470    0.0003794640    
0.3192730300    0.0158123340    0.0003793989    
0.3195146200    0.0164155250    0.0003871328    
0.3197562100    0.0156802210    0.0003775353    
0.3199977900    0.0153999730    0.0003748295    
0.3202393800    0.0161107500    0.0003847909    
0.3204809700    0.0166100040    0.0003912842    
0.3207225600    0.0158283130    0.0003815436    
0.3209641500    0.0159269420    0.0003825896    
0.3212057400    0.0156506420    0.0003770418    
0.3214473200    0.0153914610    0.0003741792    
0.3216889100    0.0159983700    0.0003813462    
0.3219305000    0.0162008860    0.0003852988    
0.3221720900    0.0164732250    0.0003879545    
0.3224136800    0.0161422320    0.0003825002    
0.3226552700    0.0159921480    0.0003849341    
0.3228968600    0.0164732250    0.0003879545    
0.3231384400    0.0161222580    0.0003875050    
0.3233800300    0.0164499780    0.0003865504    
0.3236216200    0.0158190020    0.0003793406    
0.3238632100    0.0153473290    0.0003743251    
0.3241048000    0.0156006830    0.0003778169    
0.3243463900    0.0163207150    0.0003862959    
0.3245879800    0.0159864210    0.0003820394    
0.3248295600    0.0159721820    0.0003815902    
0.3250711500    0.0161909790    0.0003841949    
0.3253127400    0.0162494700    0.0003860178    
0.3255543300    0.0160923690    0.0003845713    
0.3257959200    0.0157702810    0.0003828234    
0.3260375100    0.0164772280    0.0003868704    
0.3262791000    0.0156098330    0.0003779277    
0.3265206800    0.0160880620    0.0003828321    
0.3267622700    0.0159076570    0.0003817960    
0.3270038600    0.0158818380    0.0003810666    
0.3272454500    0.0156075210    0.0003772090    
0.3274870400    0.0163607460    0.0003864863    
0.3277286300    0.0169135780    0.0003944070    
0.3279702200    0.0163256560    0.0003870639    
0.3282118000    0.0156286250    0.0003815266    
0.3284533900    0.0167502070    0.0003909164    
0.3286949800    0.0162657910    0.0003988679    
0.3289365700    0.0163493150    0.0004053272    
0.3291781600    0.0169473760    0.0004162078    
0.3294197500    0.0151168400    0.0003976739    
0.3296613300    0.0156300430    0.0004084977    
0.3299029200    0.0162589630    0.0004171708    
0.3301445100    0.0163800290    0.0004247752    
0.3303861000    0.0160416330    0.0004231752    
0.3306276900    0.0167767570    0.0004360910    
0.3308692800    0.0157027970    0.0004220938    
0.3311108700    0.0169329410    0.0004419462    
0.3313524500    0.0164677160    0.0004407483    
0.3315940400    0.0158094770    0.0004312388    
0.3318356300    0.0170430680    0.0004535555    
0.3320772200    0.0157699930    0.0004367096    
0.3323188100    0.0161766610    0.0004464332    
0.3325604000    0.0156989550    0.0004391424    
0.3328019900    0.0165194770    0.0004552012    
0.3330435700    0.0163500070    0.0004481557    
0.3332851600    0.0163694990    0.0004425806    
0.3335267500    0.0172660670    0.0004404093    
0.3337683400    0.0162887420    0.0004277633    
0.3340099300    0.0163045150    0.0004251102    
0.3342515200    0.0163508210    0.0004216146    
0.3344931100    0.0160905340    0.0004139408    
0.3347346900    0.0165763960    0.0004215852    
0.3349762800    0.0162692840    0.0004155252    
0.3352178700    0.0165564720    0.0004175818    
0.3354594600    0.0155876500    0.0004031439    
0.3357010500    0.0158757580    0.0004078760    
0.3359426400    0.0156455200    0.0004062744    
0.3361842300    0.0160217750    0.0004031991    
0.3364258100    0.0162024600    0.0004048086    
0.3366674000    0.0161202840    0.0004042724    
0.3369089900    0.0161743860    0.0004034780    
0.3371505800    0.0158187170    0.0003982151    
0.3373921700    0.0152002780    0.0003912974    
0.3376337600    0.0169055590    0.0004123307    
0.3378753400    0.0162750350    0.0004047314    
0.3381169300    0.0166573430    0.0004074905    
0.3383585200    0.0156490770    0.0003992943    
0.3386001100    0.0157341920    0.0003944658    
0.3388417000    0.0164448380    0.0004047213    
0.3390832900    0.0165235410    0.0004017010    
0.3393248800    0.0159501190    0.0003976362    
0.3395664600    0.0163708440    0.0004020488    
0.3398080500    0.0152583790    0.0003876883    
0.3400496400    0.0166668110    0.0004037548    
0.3402912300    0.0160979550    0.0003961842    
0.3405328200    0.0157264750    0.0003939011    
0.3407744100    0.0162819790    0.0004009561    
0.3410160000    0.0158753350    0.0003963882    
0.3412575800    0.0160630150    0.0003943700    
0.3414991700    0.0157287760    0.0003899430    
0.3417407600    0.0155812430    0.0003891664    
0.3419823500    0.0158808490    0.0003900151    
0.3422239400    0.0157359210    0.0003898806    
0.3424655300    0.0156443560    0.0003896504    
0.3427071200    0.0162034920    0.0003953247    
0.3429487000    0.0157577780    0.0003903023    
0.3431902900    0.0165952270    0.0004022568    
0.3434318800    0.0153827690    0.0003903452    
0.3436734700    0.0154789340    0.0003844585    
0.3439150600    0.0164062630    0.0003949020    
0.3441566500    0.0160120510    0.0003925277    
0.3443982300    0.0158406940    0.0003899709    
0.3446398200    0.0157081100    0.0003872942    
0.3448814100    0.0161671080    0.0003939683    
0.3451230000    0.0163199750    0.0003962840    
0.3453645900    0.0163295970    0.0003964008    
0.3456061800    0.0162715010    0.0003941784    
0.3458477700    0.0160602380    0.0003941831    
0.3460893500    0.0158685370    0.0003913686    
0.3463309400    0.0165963700    0.0003971833    
0.3465725300    0.0161238770    0.0003916378    
0.3468141200    0.0166215580    0.0003991601    
0.3470557100    0.0158747980    0.0003890461    
0.3472973000    0.0163310300    0.0003955045    
0.3475388900    0.0162843220    0.0003925358    
0.3477804700    0.0161215020    0.0003925075    
0.3480220600    0.0165929110    0.0003983574    
0.3482636500    0.0165739370    0.0003976727    
0.3485052400    0.0159241270    0.0003935784    
0.3487468300    0.0157839410    0.0003876352    
0.3489884200    0.0159050870    0.0003889716    
0.3492300100    0.0160585550    0.0003893627    
0.3494715900    0.0164907840    0.0003972818    
0.3497131800    0.0165872320    0.0003957200    
0.3499547700    0.0166630100    0.0003988924    
0.3501963600    0.0156314350    0.0003845863    
0.3504379500    0.0164568180    0.0003956606    
0.3506795400    0.0160178140    0.0003907946    
0.3509211300    0.0155432570    0.0003856995    
0.3511627100    0.0156797040    0.0003875373    
0.3514043000    0.0159452670    0.0003879868    
0.3516458900    0.0163593790    0.0003938876    
0.3518874800    0.0159547080    0.0003881017    
0.3521290700    0.0163069070    0.0003925104    
0.3523706600    0.0162579290    0.0003928136    
0.3526122400    0.0166217760    0.0003968831    
0.3528538300    0.0161401130    0.0003916857    
0.3530954200    0.0150834410    0.0003792252    
0.3533370100    0.0162987960    0.0003934566    
0.3535786000    0.0166086530    0.0003997735    
0.3538201900    0.0158903260    0.0003868791    
0.3540617800    0.0162789740    0.0003936670    
0.3543033600    0.0165247330    0.0003942290    
0.3545449500    0.0171512970    0.0004026969    
0.3547865400    0.0155161010    0.0003818643    
0.3550281300    0.0159119840    0.0003889078    
0.3552697200    0.0167006560    0.0003975220    
0.3555113100    0.0155935650    0.0003847039    
0.3557529000    0.0158739630    0.0003884428    
0.3559944800    0.0164059560    0.0003925139    
0.3562360700    0.0158606950    0.0003908188    
0.3564776600    0.0158475670    0.0003860670    
0.3567192500    0.0161002820    0.0003895736    
0.3569608400    0.0156616780    0.0003833629    
0.3572024300    0.0154683140    0.0003824294    
0.3574440200    0.0156406550    0.0003835384    
0.3576856000    0.0164292480    0.0003944282    
0.3579271900    0.0154287810    0.0003812191    
0.3581687800    0.0156220380    0.0003850550    
0.3584103700    0.0164019270    0.0003932061    
0.3586519600    0.0162860590    0.0003951112    
0.3588935500    0.0160167020    0.0003891494    
0.3591351400    0.0163250850    0.0003931758    
0.3593767200    0.0165437620    0.0003940108    
0.3596183100    0.0161573490    0.0003887979    
0.3598599000    0.0162416780    0.0003912806    
0.3601014900    0.0163606560    0.0003930080    
0.3603430800    0.0158011460    0.0003860834    
0.3605846700    0.0163583640    0.0003923873    
0.3608262500    0.0165776480    0.0003960553    
0.3610678400    0.0160908560    0.0003894596    
0.3613094300    0.0152953490    0.0003820257    
0.3615510200    0.0166281890    0.0003954611    
0.3617926100    0.0150611110    0.0003759408    
0.3620342000    0.0165904550    0.0003954595    
0.3622757900    0.0165247330    0.0003942290    
0.3625173700    0.0161446470    0.0003899628    
0.3627589600    0.0158319790    0.0003866061    
0.3630005500    0.0161457670    0.0003895356    
0.3632421400    0.0165937740    0.0003947543    
0.3634837300    0.0159747210    0.0003889339    
0.3637253200    0.0164097830    0.0003946439    
0.3639669100    0.0158169300    0.0003877444    
0.3642084900    0.0163127870    0.0003909568    
0.3644500800    0.0159536400    0.0003875029    
0.3646916700    0.0154143710    0.0003813290    
0.3649332600    0.0158478690    0.0003844804    
0.3651748500    0.0162153270    0.0003900801    
0.3654164400    0.0165114130    0.0003952633    
0.3656580300    0.0162256540    0.0003912353    
0.3658996100    0.0165280380    0.0003939716    
0.3661412000    0.0159683130    0.0003879737    
0.3663827900    0.0162400950    0.0003951607    
0.3666243800    0.0166221570    0.0003928808    
0.3668659700    0.0160651850    0.0003882700    
0.3671075600    0.0157016360    0.0003839961    
0.3673491500    0.0161386380    0.0003885727    
0.3675907300    0.0158603010    0.0003869517    
0.3678323200    0.0159743520    0.0003863004    
0.3680739100    0.0160734310    0.0003898380    
0.3683155000    0.0157886430    0.0003852035    
0.3685570900    0.0162932640    0.0003911635    
0.3687986800    0.0160382630    0.0003905967    
0.3690402600    0.0161943170    0.0003921935    
0.3692818500    0.0157943790    0.0003839745    
0.3695234400    0.0158988450    0.0003864000    
0.3697650300    0.0151355840    0.0003761627    
0.3700066200    0.0161983570    0.0003904636    
0.3702482100    0.0163637980    0.0003908347    
0.3704898000    0.0166689020    0.0003956469    
0.3707313800    0.0153577700    0.0003806282    
0.3709729700    0.0159431950    0.0003867930    
0.3712145600    0.0159352380    0.0003888958    
0.3714561500    0.0152180920    0.0003803335    
0.3716977400    0.0156194230    0.0003825579    
0.3719393300    0.0154627900    0.0003802070    
0.3721809200    0.0159754740    0.0003868936    
0.3724225000    0.0165470310    0.0003937538    
0.3726640900    0.0158655780    0.0003857054    
0.3729056800    0.0162406510    0.0003902379    
0.3731472700    0.0158809350    0.0003851693    
0.3733888600    0.0159023280    0.0003871713    
0.3736304500    0.0162370110    0.0003919651    
0.3738720400    0.0163807170    0.0003947447    
0.3741136200    0.0162228250    0.0003910534    
0.3743552100    0.0159364090    0.0003868562    
0.3745968000    0.0164448460    0.0003916550    
0.3748383900    0.0153923620    0.0003796246    
0.3750799800    0.0150291270    0.0003752594    
0.3753215700    0.0159108170    0.0003866910    
0.3755631500    0.0160731480    0.0003877835    
0.3758047400    0.0159833640    0.0003874257    
0.3760463300    0.0162576780    0.0003913255    
0.3762879200    0.0163352500    0.0003928514    
0.3765295100    0.0156125830    0.0003855253    
0.3767711000    0.0168810390    0.0003975587    
0.3770126900    0.0154627900    0.0003802070    
0.3772542700    0.0158392540    0.0003849517    
0.3774958600    0.0159784580    0.0003860612    
0.3777374500    0.0152519210    0.0003778888    
0.3779790400    0.0164054240    0.0003929513    
0.3782206300    0.0157416530    0.0003846298    
0.3784622200    0.0162443720    0.0003899898    
0.3787038100    0.0165180930    0.0003947452    
0.3789453900    0.0157828290    0.0003864442    
0.3791869800    0.0154584280    0.0003828878    
0.3794285700    0.0156404150    0.0003823845    
0.3796701600    0.0158920210    0.0003864625    
0.3799117500    0.0157943790    0.0003839745    
0.3801533400    0.0159296130    0.0003869193    
0.3803949300    0.0156006830    0.0003806177    
0.3806365100    0.0154088910    0.0003796860    
0.3808781000    0.0157619490    0.0003838673    
0.3811196900    0.0161897010    0.0003913937    
0.3813612800    0.0158280710    0.0003852492    
0.3816028700    0.0164675190    0.0003944387    
0.3818444600    0.0161485290    0.0003897156    
0.3820860500    0.0163836220    0.0003901968    
0.3823276300    0.0160676580    0.0003864160    
0.3825692200    0.0158549170    0.0003828529    
0.3828108100    0.0159739940    0.0003837198    
0.3830524000    0.0161327100    0.0003871974    
0.3832939900    0.0154454870    0.0003782978    
0.3835355800    0.0157790430    0.0003823608    
0.3837771600    0.0164008960    0.0003889571    
0.3840187500    0.0159147910    0.0003848601    
0.3842603400    0.0157221260    0.0003832386    
0.3845019300    0.0164246550    0.0003872404    
0.3847435200    0.0155686110    0.0003777054    
0.3849851100    0.0159647760    0.0003836091    
0.3852267000    0.0155595330    0.0003881402    
0.3854682800    0.0166373740    0.0004092120    
0.3857098700    0.0161876400    0.0004082792    
0.3859514600    0.0156690840    0.0004060657    
0.3861930500    0.0163035130    0.0004166713    
0.3864346400    0.0162855910    0.0004207728    
0.3866762300    0.0154683810    0.0004129676    
0.3869178200    0.0163918610    0.0004273876    
0.3871594000    0.0156520200    0.0004225648    
0.3874009900    0.0160480560    0.0004290556    
0.3876425800    0.0152863410    0.0004218628    
0.3878841700    0.0160967350    0.0004347295    
0.3881257600    0.0163316870    0.0004405931    
0.3883673500    0.0166648460    0.0004482778    
0.3886089400    0.0166773290    0.0004510682    
0.3888505200    0.0157422280    0.0004401806    
0.3890921100    0.0168978890    0.0004585456    
0.3893337000    0.0159918930    0.0004510578    
0.3895752900    0.0159786880    0.0004524888    
0.3898168800    0.0157835270    0.0004314952    
0.3900584700    0.0157541330    0.0004231681    
0.3903000600    0.0159931710    0.0004250137    
0.3905416400    0.0160574910    0.0004216904    
0.3907832300    0.0159975910    0.0004199725    
0.3910248200    0.0158743790    0.0004168816    
0.3912664100    0.0151068880    0.0004049071    
0.3915080000    0.0156947440    0.0004107502    
0.3917495900    0.0160262800    0.0004168651    
0.3919911700    0.0165065290    0.0004238020    
0.3922327600    0.0151932520    0.0003996840    
0.3924743500    0.0163899880    0.0004167096    
0.3927159400    0.0154146800    0.0004019094    
0.3929575300    0.0157839080    0.0004094540    
0.3931991200    0.0160689670    0.0004112145    
0.3934407100    0.0155954390    0.0004044288    
0.3936822900    0.0155531690    0.0004052448    
0.3939238800    0.0168418570    0.0004222356    
0.3941654700    0.0159950010    0.0004114831    
0.3944070600    0.0164033080    0.0004175884    
0.3946486500    0.0163379760    0.0004178251    
0.3948902400    0.0154611330    0.0004035323    
0.3951318300    0.0152563380    0.0004005130    
0.3953734100    0.0153817730    0.0004028354    
0.3956150000    0.0154071660    0.0004041941    
0.3958565900    0.0154847320    0.0004040106    
0.3960981800    0.0155927170    0.0004069666    
0.3963397700    0.0159823600    0.0004130760    
0.3965813600    0.0159396550    0.0004125238    
0.3968229500    0.0153615000    0.0004063661    
0.3970645300    0.0157438580    0.0004124596    
0.3973061200    0.0154240720    0.0004063189    
0.3975477100    0.0155767440    0.0004071047    
0.3977893000    0.0162118440    0.0004169236    
0.3980308900    0.0159241940    0.0004126768    
0.3982724800    0.0164906190    0.0004204930    
0.3985140700    0.0158501870    0.0004124242    
0.3987556500    0.0157649010    0.0004120223    
0.3989972400    0.0155630910    0.0004088478    
0.3992388300    0.0159050870    0.0004158281    
0.3994804200    0.0161953830    0.0004194231    
0.3997220100    0.0156446290    0.0004145818    
0.3999636000    0.0158266240    0.0004126501    
0.4002051800    0.0158152100    0.0004144711    
0.4004467700    0.0162214860    0.0004175861    
0.4006883600    0.0165353620    0.0004245422    
0.4009299500    0.0151533910    0.0004065919    
0.4011715400    0.0161995530    0.0004209451    
0.4014131300    0.0158773590    0.0004171037    
0.4016547200    0.0159337940    0.0004206232    
0.4018963000    0.0164571370    0.0004257739    
0.4021378900    0.0166594010    0.0004320200    
0.4023794800    0.0154987900    0.0004131909    
0.4026210700    0.0156282950    0.0004154640    
0.4028626600    0.0154442650    0.0004117373    
0.4031042500    0.0159215480    0.0004197154    
0.4033458400    0.0161870920    0.0004232010    
0.4035874200    0.0158393980    0.0004218219    
0.4038290100    0.0162135670    0.0004250569    
0.4040706000    0.0147954870    0.0004067704    
0.4043121900    0.0153078180    0.0004152442    
0.4045537800    0.0163764700    0.0004306616    
0.4047953700    0.0161135430    0.0004297327    
0.4050369600    0.0155054550    0.0004167892    
0.4052785400    0.0159110040    0.0004237289    
0.4055201300    0.0158853570    0.0004231959    
0.4057617200    0.0161230850    0.0004290726    
0.4060033100    0.0156711470    0.0004203329    
0.4062449000    0.0158957930    0.0004268192    
0.4064864900    0.0153123630    0.0004181459    
0.4067280800    0.0149421480    0.0004145801    
0.4069696600    0.0156470790    0.0004260174    
0.4072112500    0.0150981890    0.0004200429    
0.4074528400    0.0150400570    0.0004202183    
0.4076944300    0.0165323710    0.0004381070    
0.4079360200    0.0161601160    0.0004317431    
0.4081776100    0.0155047240    0.0004246674    
0.4084191900    0.0146987920    0.0004142560    
0.4086607800    0.0162699050    0.0004342116    
0.4089023700    0.0163578840    0.0004390686    
0.4091439600    0.0165461790    0.0004422152    
0.4093855500    0.0159124000    0.0004346936    
0.4096271400    0.0156812990    0.0004327626    
0.4098687300    0.0153483650    0.0004346392    
0.4101103100    0.0162611070    0.0004369435    
0.4103519000    0.0156843650    0.0004330121    
0.4105934900    0.0157793170    0.0004334912    
0.4108350800    0.0150079480    0.0004249992    
0.4110766700    0.0163401380    0.0004432472    
0.4113182600    0.0155340400    0.0004338508    
0.4115598500    0.0157623330    0.0004385198    
0.4118014300    0.0160833050    0.0004447044    
0.4120430200    0.0162625300    0.0004454234    
0.4122846100    0.0160570610    0.0004465466    
0.4125262000    0.0156608690    0.0004454578    
0.4127677900    0.0154264930    0.0004342477    
0.4130093800    0.0160323230    0.0004446566    
0.4132509700    0.0164510670    0.0004510953    
0.4134925500    0.0152051730    0.0004369375    
0.4137341400    0.0164618410    0.0004532690    
0.4139757300    0.0162866710    0.0004538103    
0.4142173200    0.0162610130    0.0004511729    
0.4144589100    0.0171687360    0.0004683157    
0.4147005000    0.0158773930    0.0004494402    
0.4149420800    0.0150154560    0.0004406790    
0.4151836700    0.0166962550    0.0004625374    
0.4154252600    0.0156670690    0.0004450944    
0.4156668500    0.0160304030    0.0004468432    
0.4159084400    0.0165410840    0.0004539049    
0.4161500300    0.0161083250    0.0004465928    
0.4163916200    0.0159294450    0.0004445475    
0.4166332000    0.0158675980    0.0004412776    
0.4168747900    0.0165187290    0.0004489183    
0.4171163800    0.0160730550    0.0004469914    
0.4173579700    0.0160726880    0.0004439021    
0.4175995600    0.0157050040    0.0004456329    
0.4178411500    0.0160656450    0.0004433695    
0.4180827400    0.0157084870    0.0004399256    
0.4183243200    0.0156161760    0.0004399359    
0.4185659100    0.0157845870    0.0004436254    
0.4188075000    0.0151958750    0.0004350566    
0.4190490900    0.0157522690    0.0004460771    
0.4192906800    0.0148379830    0.0004325005    
0.4195322700    0.0153636300    0.0004436947    
0.4197738600    0.0159530600    0.0004521258    
0.4200154400    0.0162142670    0.0004600833    
0.4202570300    0.0160950600    0.0004591099    
0.4204986200    0.0161756150    0.0004571499    
0.4207402100    0.0156497940    0.0004527148    
0.4209818000    0.0158182160    0.0004532459    
0.4212233900    0.0164086340    0.0004642920    
0.4214649800    0.0152143810    0.0004482580    
0.4217065600    0.0155874060    0.0004549250    
0.4219481500    0.0149926910    0.0004475929    
0.4221897400    0.0156343780    0.0004590411    
0.4224313300    0.0155459440    0.0004612410    
0.4226729200    0.0163978990    0.0004747533    
0.4229145100    0.0154935690    0.0004627524    
0.4231560900    0.0162109960    0.0004715209    
0.4233976800    0.0159068490    0.0004678485    
0.4236392700    0.0164881890    0.0004781697    
0.4238808600    0.0150352890    0.0004581460    
0.4241224500    0.0158487570    0.0004706398    
0.4243640400    0.0161579770    0.0004789783    
0.4246056300    0.0160464170    0.0004784117    
0.4248472100    0.0165014160    0.0004876615    
0.4250888000    0.0158909290    0.0004802222    
0.4253303900    0.0165509410    0.0004976742    
0.4255719800    0.0154624950    0.0004742561    
0.4258135700    0.0153853760    0.0004739012    
0.4260551600    0.0154521050    0.0004791494    
0.4262967500    0.0146760620    0.0004650288    
0.4265383300    0.0161857090    0.0004927436    
0.4267799200    0.0158884630    0.0004905623    
0.4270215100    0.0162337550    0.0004946649    
0.4272631000    0.0160354250    0.0004967600    
0.4275046900    0.0158335290    0.0004957670    
0.4277462800    0.0159693910    0.0005032382    
0.4279878700    0.0154039180    0.0004974184    
0.4282294500    0.0164366440    0.0005079720    
0.4284710400    0.0157665640    0.0004990819    
0.4287126300    0.0167312830    0.0005170778    
0.4289542200    0.0159428920    0.0005066984    
0.4291958100    0.0156331850    0.0005040341    
0.4294374000    0.0158075890    0.0005115216    
0.4296789900    0.0161638700    0.0005155474    
0.4299205700    0.0156888700    0.0005133555    
0.4301621600    0.0155321090    0.0005160197    
0.4304037500    0.0162316250    0.0005296991    
0.4306453400    0.0155741670    0.0005247070    
0.4308869300    0.0157857400    0.0005212911    
0.4311285200    0.0151997720    0.0005147292    
0.4313701000    0.0166701920    0.0005428561    
0.4316116900    0.0154887700    0.0005266340    
0.4318532800    0.0158843320    0.0005348533    
0.4320948700    0.0150532910    0.0005240883    
0.4323364600    0.0155449670    0.0005373126    
0.4325780500    0.0154503150    0.0005388916    
0.4328196400    0.0151180890    0.0005375374    
0.4330612200    0.0165027130    0.0005704172    
0.4333028100    0.0158754120    0.0005581498    
0.4335444000    0.0157761910    0.0005546613    
0.4337859900    0.0161478160    0.0005642504    
0.4340275800    0.0147442730    0.0005434811    
0.4342691700    0.0156262160    0.0005649670    
0.4345107600    0.0167098350    0.0005885788    
0.4347523400    0.0167942930    0.0005930271    
0.4349939300    0.0158030130    0.0005801469    
0.4352355200    0.0151126480    0.0005757460    
0.4354771100    0.0156509180    0.0005911270    
0.4357187000    0.0148788610    0.0005885986    
0.4359602900    0.0146736860    0.0005759926    
0.4362018800    0.0167326670    0.0006201539    
0.4364434600    0.0162130470    0.0006149959    
0.4366850500    0.0169515470    0.0006366287    
0.4369266400    0.0163036390    0.0006341381    
0.4371682300    0.0156628370    0.0006240224    
0.4374098200    0.0151457970    0.0006230148    
0.4376514100    0.0144774340    0.0006167594    
0.4378930000    0.0159113460    0.0006556156    
0.4381345800    0.0149430760    0.0006466501    
0.4383761700    0.0142842620    0.0006446397    
0.4386177600    0.0170623690    0.0006925402    
0.4388593500    0.0173453540    0.0007087119    
0.4391009400    0.0153537660    0.0006778853    
0.4393425300    0.0162923390    0.0007076940    
0.4395841100    0.0158406940    0.0007119862    
0.4398257000    0.0153658340    0.0007179983    
0.4400672900    0.0141236440    0.0007026775    
0.4403088800    0.0153692190    0.0007544453    
0.4405504700    0.0160067960    0.0007963679    
0.4407920600    0.0164262860    0.0008393440    
0.4410336500    0.0166558570    0.0008694287    
0.4412752300    0.0154521050    0.0008404837    
0.4415168200    0.0164217720    0.0009109160    
0.4417584100    0.0162992210    0.0012321053    
0.4420000000    0.0154930920    0.0018258784    