# Diamond Light Source Ltd.
# Data extracted from: /dls/b21/data/2017/mx13440-2/processed/b21-369037_00090.dat
q(1/A)          Column          Error           
0.0040000000    0.8529393700    0.0215399720    
0.0042415885    0.8411394800    0.0201185790    
0.0044831771    0.6952072400    0.0170273270    
0.0047247656    0.5235167000    0.0143067260    
0.0049663541    0.4305947600    0.0122330030    
0.0052079426    0.3562020200    0.0114487670    
0.0054495312    0.2852560000    0.0094457700    
0.0056911197    0.2616236800    0.0085286882    
0.0059327082    0.2049061100    0.0075478137    
0.0061742967    0.1708165600    0.0066041498    
0.0064158853    0.1436289000    0.0059949544    
0.0066574738    0.1324849700    0.0054405056    
0.0068990623    0.1128285300    0.0050661505    
0.0071406509    0.1077721600    0.0048636894    
0.0073822394    0.1043969700    0.0046273143    
0.0076238279    0.0793681030    0.0039389728    
0.0078654164    0.0724440460    0.0038234505    
0.0081070050    0.0766992670    0.0037292460    
0.0083485935    0.0666138360    0.0033559566    
0.0085901820    0.0598139530    0.0032017675    
0.0088317705    0.0519947140    0.0029065929    
0.0090733591    0.0535737200    0.0029314235    
0.0093149476    0.0479597070    0.0026726900    
0.0095565361    0.0485554800    0.0026892393    
0.0097981247    0.0393210020    0.0024200404    
0.0100397130    0.0414260660    0.0023997476    
0.0102813020    0.0375336840    0.0023367451    
0.0105228900    0.0399593300    0.0022586349    
0.0107644790    0.0381853110    0.0022308097    
0.0110060670    0.0331981100    0.0020278973    
0.0112476560    0.0353258200    0.0020815939    
0.0114892440    0.0344356660    0.0020256274    
0.0117308330    0.0297436740    0.0018736754    
0.0119724210    0.0355823920    0.0020209440    
0.0122140100    0.0280657280    0.0017785932    
0.0124555980    0.0294756050    0.0017678293    
0.0126971870    0.0300945760    0.0018417581    
0.0129387760    0.0297646150    0.0017329629    
0.0131803640    0.0291928650    0.0017446074    
0.0134219530    0.0262832770    0.0015965954    
0.0136635410    0.0259998960    0.0015941559    
0.0139051300    0.0236540400    0.0015205393    
0.0141467180    0.0244622520    0.0015112830    
0.0143883070    0.0264730330    0.0015492171    
0.0146298950    0.0276516270    0.0015833276    
0.0148714840    0.0240105180    0.0014862138    
0.0151130720    0.0236723240    0.0014596980    
0.0153546610    0.0238547410    0.0014105604    
0.0155962490    0.0245117940    0.0014443713    
0.0158378380    0.0249412140    0.0014234703    
0.0160794260    0.0244537640    0.0014094915    
0.0163210150    0.0223026240    0.0013164823    
0.0165626030    0.0247803030    0.0014142866    
0.0168041920    0.0197033110    0.0012149582    
0.0170457800    0.0201696160    0.0012366785    
0.0172873690    0.0229247650    0.0013105216    
0.0175289580    0.0250964870    0.0013630541    
0.0177705460    0.0245935000    0.0013259926    
0.0180121350    0.0216674900    0.0012306307    
0.0182537230    0.0216724550    0.0012172463    
0.0184953120    0.0201267580    0.0011698441    
0.0187369000    0.0221666320    0.0012276962    
0.0189784890    0.0204436050    0.0011482272    
0.0192200770    0.0192992350    0.0011332901    
0.0194616660    0.0205992950    0.0011408894    
0.0197032540    0.0202746050    0.0011405357    
0.0199448430    0.0189272420    0.0011019867    
0.0201864310    0.0219894310    0.0011787572    
0.0204280200    0.0186453740    0.0010641477    
0.0206696080    0.0198291160    0.0010817670    
0.0209111970    0.0202151860    0.0011161969    
0.0211527850    0.0205624350    0.0010913407    
0.0213943740    0.0217637180    0.0011253750    
0.0216359620    0.0200297120    0.0010846697    
0.0218775510    0.0212981840    0.0011132739    
0.0221191400    0.0196364570    0.0010496128    
0.0223607280    0.0196525930    0.0010430513    
0.0226023170    0.0201471890    0.0010878459    
0.0228439050    0.0194917420    0.0010230511    
0.0230854940    0.0206381800    0.0010504557    
0.0233270820    0.0190596580    0.0010073342    
0.0235686710    0.0193600470    0.0010217842    
0.0238102590    0.0180430520    0.0009658224    
0.0240518480    0.0202732960    0.0010174876    
0.0242934360    0.0199759100    0.0010247426    
0.0245350250    0.0201000060    0.0010152036    
0.0247766130    0.0196532650    0.0009977434    
0.0250182020    0.0185083460    0.0009781965    
0.0252597900    0.0208848850    0.0010142597    
0.0255013790    0.0186698560    0.0009515040    
0.0257429670    0.0201542740    0.0009905285    
0.0259845560    0.0200274790    0.0009760796    
0.0262261450    0.0191999230    0.0009611984    
0.0264677330    0.0198016050    0.0009650712    
0.0267093220    0.0189985310    0.0009382706    
0.0269509100    0.0193057150    0.0009511243    
0.0271924990    0.0177742540    0.0009058599    
0.0274340870    0.0180665870    0.0009183762    
0.0276756760    0.0179312550    0.0008999439    
0.0279172640    0.0193969040    0.0009343160    
0.0281588530    0.0198423690    0.0009333065    
0.0284004410    0.0189902570    0.0009211628    
0.0286420300    0.0190892960    0.0009059379    
0.0288836180    0.0199740660    0.0009363986    
0.0291252070    0.0183666510    0.0008796031    
0.0293667950    0.0195002590    0.0009172150    
0.0296083840    0.0192512840    0.0009005371    
0.0298499720    0.0191697460    0.0009016690    
0.0300915610    0.0192512840    0.0009005371    
0.0303331490    0.0186011300    0.0008778416    
0.0305747380    0.0189282770    0.0008740266    
0.0308163270    0.0196950940    0.0008915550    
0.0310579150    0.0183796870    0.0008654657    
0.0312995040    0.0180851410    0.0008515960    
0.0315410920    0.0176348740    0.0008369141    
0.0317826810    0.0191812520    0.0008700793    
0.0320242690    0.0176241760    0.0008262341    
0.0322658580    0.0178902590    0.0008442935    
0.0325074460    0.0182856410    0.0008390027    
0.0327490350    0.0173320680    0.0008143316    
0.0329906230    0.0194785590    0.0008541913    
0.0332322120    0.0181602370    0.0008297624    
0.0334738000    0.0178626380    0.0008119381    
0.0337153890    0.0178836970    0.0008112209    
0.0339569770    0.0190067330    0.0008375367    
0.0341985660    0.0190259500    0.0008391987    
0.0344401540    0.0182079830    0.0008102446    
0.0346817430    0.0177211820    0.0008063417    
0.0349233310    0.0185486230    0.0008213468    
0.0351649200    0.0183638190    0.0008022272    
0.0354065090    0.0176149580    0.0007901389    
0.0356480970    0.0171296980    0.0007683720    
0.0358896860    0.0188197060    0.0008144083    
0.0361312740    0.0173100550    0.0007702874    
0.0363728630    0.0171475410    0.0007645711    
0.0366144510    0.0184722560    0.0008001222    
0.0368560400    0.0186659450    0.0007923252    
0.0370976280    0.0175432920    0.0007775928    
0.0373392170    0.0180905590    0.0007821231    
0.0375808050    0.0174760010    0.0007605453    
0.0378223940    0.0191640240    0.0007964296    
0.0380639820    0.0186500710    0.0007888139    
0.0383055710    0.0196971640    0.0007949129    
0.0385471590    0.0180071160    0.0007629860    
0.0387887480    0.0184410290    0.0007751343    
0.0390303360    0.0177003630    0.0007506626    
0.0392719250    0.0170203510    0.0007351672    
0.0395135140    0.0185445610    0.0007673794    
0.0397551020    0.0176609680    0.0007635502    
0.0399966910    0.0183844700    0.0007499181    
0.0402382790    0.0176026460    0.0007392416    
0.0404798680    0.0176809040    0.0007354287    
0.0407214560    0.0180648400    0.0007507492    
0.0409630450    0.0174673670    0.0007265467    
0.0412046330    0.0186291880    0.0007548928    
0.0414462220    0.0157593350    0.0006884498    
0.0416878100    0.0189018550    0.0007530679    
0.0419293990    0.0181682190    0.0007374252    
0.0421709870    0.0175632680    0.0007224563    
0.0424125760    0.0179717640    0.0007343064    
0.0426541640    0.0171665690    0.0007067364    
0.0428957530    0.0171482570    0.0007071822    
0.0431373410    0.0178357740    0.0007203801    
0.0433789300    0.0187955380    0.0007344024    
0.0436205180    0.0187382780    0.0007316068    
0.0438621070    0.0177625000    0.0007139352    
0.0441036960    0.0190810510    0.0007382680    
0.0443452840    0.0172064530    0.0006955296    
0.0445868730    0.0186520600    0.0007315940    
0.0448284610    0.0174093600    0.0006980517    
0.0450700500    0.0189464290    0.0007530530    
0.0453116380    0.0186766170    0.0007494668    
0.0455532270    0.0179868800    0.0007567137    
0.0457948150    0.0201322810    0.0007995550    
0.0460364040    0.0191817550    0.0007824401    
0.0462779920    0.0185034480    0.0007805208    
0.0465195810    0.0193594790    0.0007983715    
0.0467611690    0.0164603950    0.0007390936    
0.0470027580    0.0181528960    0.0007761618    
0.0472443460    0.0197345610    0.0008258657    
0.0474859350    0.0178394600    0.0007756287    
0.0477275230    0.0184754850    0.0007957955    
0.0479691120    0.0172544960    0.0007701058    
0.0482107000    0.0185390470    0.0008060455    
0.0484522890    0.0189227990    0.0008098210    
0.0486938780    0.0181693960    0.0007990891    
0.0489354660    0.0164342400    0.0007621196    
0.0491770550    0.0191284380    0.0008316712    
0.0494186430    0.0177937470    0.0007863799    
0.0496602320    0.0190131260    0.0007901585    
0.0499018200    0.0188945080    0.0007765595    
0.0501434090    0.0181335580    0.0007484520    
0.0503849970    0.0176308350    0.0007308216    
0.0506265860    0.0185428940    0.0007441007    
0.0508681740    0.0186633210    0.0007429751    
0.0511097630    0.0181368860    0.0007289830    
0.0513513510    0.0184985430    0.0007227979    
0.0515929400    0.0174690570    0.0007137663    
0.0518345280    0.0170581980    0.0006940882    
0.0520761170    0.0192435980    0.0007456743    
0.0523177050    0.0183588670    0.0007066331    
0.0525592940    0.0186962370    0.0007266499    
0.0528008830    0.0172799620    0.0006803978    
0.0530424710    0.0182275650    0.0007010602    
0.0532840600    0.0190469440    0.0007128140    
0.0535256480    0.0187001510    0.0007062950    
0.0537672370    0.0190684750    0.0007072106    
0.0540088250    0.0190960850    0.0007092108    
0.0542504140    0.0179832300    0.0006911517    
0.0544920020    0.0195373670    0.0007143569    
0.0547335910    0.0179945440    0.0006806162    
0.0549751790    0.0180263820    0.0006784318    
0.0552167680    0.0180632450    0.0006798192    
0.0554583560    0.0170152700    0.0006525058    
0.0556999450    0.0168640410    0.0006476596    
0.0559415330    0.0184641510    0.0006824547    
0.0561831220    0.0178272640    0.0006639220    
0.0564247100    0.0184104320    0.0006727025    
0.0566662990    0.0176815600    0.0006566767    
0.0569078870    0.0171873930    0.0006538392    
0.0571494760    0.0171694050    0.0006470963    
0.0573910650    0.0196773950    0.0006821909    
0.0576326530    0.0185627240    0.0006676548    
0.0578742420    0.0184678170    0.0006646713    
0.0581158300    0.0183795340    0.0006568309    
0.0583574190    0.0186849930    0.0006610275    
0.0585990070    0.0177616870    0.0006481332    
0.0588405960    0.0173884860    0.0006400790    
0.0590821840    0.0186859010    0.0006573677    
0.0593237730    0.0182552300    0.0006515571    
0.0595653610    0.0184622620    0.0006576908    
0.0598069500    0.0170179610    0.0006177128    
0.0600485380    0.0177922360    0.0006350321    
0.0602901270    0.0183013610    0.0006446379    
0.0605317150    0.0174303640    0.0006257136    
0.0607733040    0.0180767210    0.0006343685    
0.0610148920    0.0182492910    0.0006408193    
0.0612564810    0.0181758480    0.0006366722    
0.0614980690    0.0174982210    0.0006186555    
0.0617396580    0.0179548700    0.0006408368    
0.0619812470    0.0176709680    0.0006351698    
0.0622228350    0.0179665740    0.0006364087    
0.0624644240    0.0175779420    0.0006249997    
0.0627060120    0.0181345060    0.0006399528    
0.0629476010    0.0189612580    0.0006585517    
0.0631891890    0.0175473360    0.0006295072    
0.0634307780    0.0187780330    0.0006482897    
0.0636723660    0.0183200120    0.0006397626    
0.0639139550    0.0172530280    0.0006197471    
0.0641555430    0.0183745040    0.0006328515    
0.0643971320    0.0188890650    0.0006478896    
0.0646387200    0.0189168050    0.0006366012    
0.0648803090    0.0183091140    0.0006317245    
0.0651218970    0.0170169470    0.0005971778    
0.0653634860    0.0183200120    0.0006243443    
0.0656050740    0.0182058480    0.0006208143    
0.0658466630    0.0181276590    0.0006163589    
0.0660882520    0.0193924030    0.0006359020    
0.0663298400    0.0178044400    0.0006103283    
0.0665714290    0.0183939910    0.0006172619    
0.0668130170    0.0185583220    0.0006220763    
0.0670546060    0.0189008170    0.0006241600    
0.0672961940    0.0174584780    0.0005974168    
0.0675377830    0.0177007730    0.0005966929    
0.0677793710    0.0183389340    0.0006112978    
0.0680209600    0.0180408330    0.0005990360    
0.0682625480    0.0173125110    0.0005872867    
0.0685041370    0.0191627670    0.0006159147    
0.0687457250    0.0176784670    0.0005997009    
0.0689873140    0.0177012170    0.0005910264    
0.0692289020    0.0178393540    0.0005933281    
0.0694704910    0.0176733410    0.0005900957    
0.0697120790    0.0170340660    0.0005775089    
0.0699536680    0.0191917890    0.0006158938    
0.0701952560    0.0180366920    0.0005966007    
0.0704368450    0.0181114920    0.0005997314    
0.0706784340    0.0176736280    0.0005981617    
0.0709200220    0.0176629100    0.0005927285    
0.0711616110    0.0184490970    0.0006052952    
0.0714031990    0.0180202040    0.0006030231    
0.0716447880    0.0185630760    0.0006150221    
0.0718863760    0.0181621000    0.0006000927    
0.0721279650    0.0185236220    0.0006003540    
0.0723695530    0.0173424870    0.0005777620    
0.0726111420    0.0175975680    0.0005856104    
0.0728527300    0.0192116440    0.0006030197    
0.0730943190    0.0189587320    0.0006031576    
0.0733359070    0.0189564060    0.0005994542    
0.0735774960    0.0189483030    0.0006016092    
0.0738190840    0.0181590470    0.0005827516    
0.0740606730    0.0185414150    0.0005901797    
0.0743022610    0.0183059020    0.0005868603    
0.0745438500    0.0180489850    0.0005801163    
0.0747854380    0.0177531590    0.0005694328    
0.0750270270    0.0182656500    0.0005822877    
0.0752686160    0.0185586230    0.0005796740    
0.0755102040    0.0186669700    0.0005822068    
0.0757517930    0.0185107640    0.0005818809    
0.0759933810    0.0182529250    0.0005687401    
0.0762349700    0.0180576300    0.0005730416    
0.0764765580    0.0183295740    0.0005719620    
0.0767181470    0.0187045530    0.0005769604    
0.0769597350    0.0181885920    0.0005645474    
0.0772013240    0.0177111530    0.0005559219    
0.0774429120    0.0177991230    0.0005546001    
0.0776845010    0.0180812950    0.0005566770    
0.0779260890    0.0172484890    0.0005470889    
0.0781676780    0.0175431040    0.0005479545    
0.0784092660    0.0177013250    0.0005515529    
0.0786508550    0.0183948870    0.0005576769    
0.0788924430    0.0180775180    0.0005581502    
0.0791340320    0.0181548800    0.0005555303    
0.0793756210    0.0177242400    0.0005503998    
0.0796172090    0.0186914730    0.0005595146    
0.0798587980    0.0175805800    0.0005477906    
0.0801003860    0.0182043480    0.0005570440    
0.0803419750    0.0180791390    0.0005473503    
0.0805835630    0.0179669990    0.0005500388    
0.0808251520    0.0174149580    0.0005407955    
0.0810667400    0.0186073030    0.0005590022    
0.0813083290    0.0183979000    0.0005492522    
0.0815499170    0.0183700620    0.0005569243    
0.0817915060    0.0186418960    0.0005572820    
0.0820330940    0.0179757150    0.0005414961    
0.0822746830    0.0186766560    0.0005533976    
0.0825162710    0.0178406860    0.0005384066    
0.0827578600    0.0184152190    0.0005487919    
0.0829994480    0.0189182520    0.0005491053    
0.0832410370    0.0180409620    0.0005424780    
0.0834826250    0.0180576070    0.0005364697    
0.0837242140    0.0183381580    0.0005395910    
0.0839658030    0.0184317200    0.0005423440    
0.0842073910    0.0175062050    0.0005268749    
0.0844489800    0.0188529640    0.0005433334    
0.0846905680    0.0191602280    0.0005436756    
0.0849321570    0.0193269290    0.0005521980    
0.0851737450    0.0183744230    0.0005317550    
0.0854153340    0.0186032460    0.0005383771    
0.0856569220    0.0182135200    0.0005290963    
0.0858985110    0.0183508480    0.0005367213    
0.0861400990    0.0189512830    0.0005397058    
0.0863816880    0.0185190950    0.0005354935    
0.0866232760    0.0187589730    0.0005433391    
0.0868648650    0.0182455410    0.0005289118    
0.0871064530    0.0179106480    0.0005256482    
0.0873480420    0.0192223480    0.0005402435    
0.0875896300    0.0184006600    0.0005298583    
0.0878312190    0.0177622910    0.0005199524    
0.0880728080    0.0186987640    0.0005318678    
0.0883143960    0.0180717740    0.0005225588    
0.0885559850    0.0175035430    0.0005161513    
0.0887975730    0.0184050720    0.0005267198    
0.0890391620    0.0183367210    0.0005260579    
0.0892807500    0.0187293830    0.0005297470    
0.0895223390    0.0180883430    0.0005193599    
0.0897639270    0.0180014490    0.0005147475    
0.0900055160    0.0185893780    0.0005243210    
0.0902471040    0.0182822000    0.0005221355    
0.0904886930    0.0186349910    0.0005224992    
0.0907302810    0.0181837530    0.0005116604    
0.0909718700    0.0181927270    0.0005208563    
0.0912134580    0.0185287390    0.0005170867    
0.0914550470    0.0188038580    0.0005276490    
0.0916966350    0.0184132950    0.0005154733    
0.0919382240    0.0187159830    0.0005215005    
0.0921798120    0.0184798870    0.0005149219    
0.0924214010    0.0171598950    0.0004961912    
0.0926629900    0.0177313320    0.0005015178    
0.0929045780    0.0188392450    0.0005223058    
0.0931461670    0.0183281000    0.0005093104    
0.0933877550    0.0186177300    0.0005141921    
0.0936293440    0.0180224670    0.0005079271    
0.0938709320    0.0175271190    0.0004997560    
0.0941125210    0.0177569670    0.0004990590    
0.0943541090    0.0186686600    0.0005117103    
0.0945956980    0.0188020250    0.0005144005    
0.0948372860    0.0182234810    0.0005038804    
0.0950788750    0.0186767830    0.0005086946    
0.0953204630    0.0193533060    0.0005198446    
0.0955620520    0.0182588780    0.0005040889    
0.0958036400    0.0192904400    0.0005155587    
0.0960452290    0.0188219580    0.0005092599    
0.0962868170    0.0182246890    0.0005033369    
0.0965284060    0.0186841690    0.0005073924    
0.0967699940    0.0185877170    0.0005060810    
0.0970115830    0.0192459670    0.0005096593    
0.0972531720    0.0191947500    0.0005106359    
0.0974947600    0.0185296300    0.0005011670    
0.0977363490    0.0198296240    0.0005164945    
0.0979779370    0.0195869170    0.0005152668    
0.0982195260    0.0196488700    0.0005163608    
0.0984611140    0.0190685600    0.0005056710    
0.0987027030    0.0196470630    0.0005138353    
0.0989442910    0.0202197590    0.0005215506    
0.0991858800    0.0206248130    0.0005250577    
0.0994274680    0.0197873550    0.0005121036    
0.0996690570    0.0199892030    0.0005112011    
0.0999106450    0.0200551530    0.0005161043    
0.1001522300    0.0203160380    0.0005153633    
0.1003938200    0.0206369410    0.0005213277    
0.1006354100    0.0202556520    0.0005143282    
0.1008770000    0.0207864740    0.0005221150    
0.1011185900    0.0206422150    0.0005203001    
0.1013601800    0.0202781770    0.0005162332    
0.1016017700    0.0207310400    0.0005184380    
0.1018433500    0.0202375550    0.0005237549    
0.1020849400    0.0207452320    0.0005376145    
0.1023265300    0.0210737770    0.0005461287    
0.1025681200    0.0216739860    0.0005510533    
0.1028097100    0.0222662340    0.0005668443    
0.1030513000    0.0221307780    0.0005670831    
0.1032928800    0.0215430020    0.0005647740    
0.1035344700    0.0218946490    0.0005617707    
0.1037760600    0.0221742500    0.0005750339    
0.1040176500    0.0220750990    0.0005761554    
0.1042592400    0.0233280700    0.0005940686    
0.1045008300    0.0220030200    0.0005734934    
0.1047424200    0.0212629990    0.0005688874    
0.1049840000    0.0224863960    0.0005878922    
0.1052255900    0.0203674750    0.0005612344    
0.1054671800    0.0199201970    0.0005516388    
0.1057087700    0.0207023660    0.0005661797    
0.1059503600    0.0192036430    0.0005473367    
0.1061919500    0.0191641480    0.0005464330    
0.1064335400    0.0195228520    0.0005379605    
0.1066751200    0.0189681720    0.0005222796    
0.1069167100    0.0185452150    0.0005149462    
0.1071583000    0.0172203540    0.0004898158    
0.1073998900    0.0197494720    0.0005228095    
0.1076414800    0.0183947350    0.0005082272    
0.1078830700    0.0193330540    0.0005135888    
0.1081246600    0.0177173350    0.0004946353    
0.1083662400    0.0188139780    0.0005033643    
0.1086078300    0.0190765260    0.0005124101    
0.1088494200    0.0191087890    0.0005062042    
0.1090910100    0.0189269000    0.0005024447    
0.1093326000    0.0185424850    0.0004946862    
0.1095741900    0.0196623970    0.0005107547    
0.1098157700    0.0182466250    0.0004871399    
0.1100573600    0.0193211370    0.0005049660    
0.1102989500    0.0186825700    0.0004921581    
0.1105405400    0.0184430520    0.0004887399    
0.1107821300    0.0182896640    0.0004889865    
0.1110237200    0.0189719440    0.0004931522    
0.1112653100    0.0180994020    0.0004866908    
0.1115068900    0.0186269810    0.0004866578    
0.1117484800    0.0184436040    0.0004835198    
0.1119900700    0.0181067020    0.0004771535    
0.1122316600    0.0189821160    0.0004902796    
0.1124732500    0.0186102950    0.0004827740    
0.1127148400    0.0192230460    0.0004901670    
0.1129564300    0.0189934040    0.0004889429    
0.1131980100    0.0184428460    0.0004793990    
0.1134396000    0.0185602000    0.0004821238    
0.1136811900    0.0183431550    0.0004781015    
0.1139227800    0.0187173910    0.0004810413    
0.1141643700    0.0184196460    0.0004737022    
0.1144059600    0.0181205510    0.0004700694    
0.1146475500    0.0188346370    0.0004818319    
0.1148891300    0.0177392630    0.0004617346    
0.1151307200    0.0176802440    0.0004659153    
0.1153723100    0.0186648810    0.0004731735    
0.1156139000    0.0186083180    0.0004763540    
0.1158554900    0.0189459150    0.0004755839    
0.1160970800    0.0182734590    0.0004718187    
0.1163386700    0.0189106490    0.0004760504    
0.1165802500    0.0186352710    0.0004721195    
0.1168218400    0.0187550390    0.0004704961    
0.1170634300    0.0185066840    0.0004678121    
0.1173050200    0.0181365240    0.0004644288    
0.1175466100    0.0183647800    0.0004660151    
0.1177882000    0.0185503240    0.0004659474    
0.1180297800    0.0186614100    0.0004675592    
0.1182713700    0.0185128370    0.0004676689    
0.1185129600    0.0187259560    0.0004677106    
0.1187545500    0.0188424910    0.0004682900    
0.1189961400    0.0190509250    0.0004699994    
0.1192377300    0.0178666300    0.0004526462    
0.1194793200    0.0188240230    0.0004639781    
0.1197209000    0.0194250260    0.0004715423    
0.1199624900    0.0189778340    0.0004652324    
0.1202040800    0.0175809170    0.0004445526    
0.1204456700    0.0189738290    0.0004671034    
0.1206872600    0.0185755730    0.0004571605    
0.1209288500    0.0184472120    0.0004588915    
0.1211704400    0.0184447370    0.0004565753    
0.1214120200    0.0174820570    0.0004429032    
0.1216536100    0.0188897200    0.0004593606    
0.1218952000    0.0180815980    0.0004470387    
0.1221367900    0.0190134790    0.0004616881    
0.1223783800    0.0187834350    0.0004558334    
0.1226199700    0.0187278490    0.0004567768    
0.1228615600    0.0185833440    0.0004546065    
0.1231031400    0.0181840210    0.0004492964    
0.1233447300    0.0176576910    0.0004425500    
0.1235863200    0.0189347030    0.0004603184    
0.1238279100    0.0191006940    0.0004572476    
0.1240695000    0.0184238450    0.0004478990    
0.1243110900    0.0189953080    0.0004545945    
0.1245526800    0.0186793510    0.0004519786    
0.1247942600    0.0178731830    0.0004386800    
0.1250358500    0.0186799590    0.0004504138    
0.1252774400    0.0183613360    0.0004455900    
0.1255190300    0.0190841950    0.0004531031    
0.1257606200    0.0176176300    0.0004370396    
0.1260022100    0.0180850020    0.0004424155    
0.1262437900    0.0187990870    0.0004495126    
0.1264853800    0.0187722020    0.0004486133    
0.1267269700    0.0186129720    0.0004444275    
0.1269685600    0.0185650480    0.0004440433    
0.1272101500    0.0188518080    0.0004474596    
0.1274517400    0.0184761340    0.0004460181    
0.1276933300    0.0188243290    0.0004435705    
0.1279349100    0.0184511180    0.0004443795    
0.1281765000    0.0192677170    0.0004531386    
0.1284180900    0.0187194110    0.0004441920    
0.1286596800    0.0191909510    0.0004510838    
0.1289012700    0.0186194030    0.0004428173    
0.1291428600    0.0182539130    0.0004393753    
0.1293844500    0.0178092440    0.0004305469    
0.1296260300    0.0190452190    0.0004472878    
0.1298676200    0.0187825990    0.0004441932    
0.1301092100    0.0185432420    0.0004391471    
0.1303508000    0.0186271390    0.0004390459    
0.1305923900    0.0177057630    0.0004323626    
0.1308339800    0.0191027140    0.0004477745    
0.1310755700    0.0176322960    0.0004284027    
0.1313171500    0.0185128860    0.0004380598    
0.1315587400    0.0185497050    0.0004379513    
0.1318003300    0.0176384400    0.0004282992    
0.1320419200    0.0181786200    0.0004312382    
0.1322835100    0.0178127710    0.0004286327    
0.1325251000    0.0181278830    0.0004322293    
0.1327666900    0.0183511700    0.0004339903    
0.1330082700    0.0191209330    0.0004429989    
0.1332498600    0.0177422600    0.0004274313    
0.1334914500    0.0182936410    0.0004361815    
0.1337330400    0.0179108110    0.0004259652    
0.1339746300    0.0183138320    0.0004317811    
0.1342162200    0.0184108310    0.0004327470    
0.1344578000    0.0180911130    0.0004303750    
0.1346993900    0.0184280170    0.0004317222    
0.1349409800    0.0188128770    0.0004386967    
0.1351825700    0.0183887830    0.0004305668    
0.1354241600    0.0182358480    0.0004294653    
0.1356657500    0.0188986460    0.0004377314    
0.1359073400    0.0188643450    0.0004400165    
0.1361489200    0.0177091300    0.0004223649    
0.1363905100    0.0189277580    0.0004363042    
0.1366321000    0.0186010310    0.0004323483    
0.1368736900    0.0187618170    0.0004342129    
0.1371152800    0.0185130340    0.0004292607    
0.1373568700    0.0180695440    0.0004257850    
0.1375984600    0.0175620940    0.0004207772    
0.1378400400    0.0181890140    0.0004275332    
0.1380816300    0.0186276070    0.0004304158    
0.1383232200    0.0180885220    0.0004263506    
0.1385648100    0.0181131200    0.0004268118    
0.1388064000    0.0186677040    0.0004301954    
0.1390479900    0.0184081150    0.0004253441    
0.1392895800    0.0185462920    0.0004311925    
0.1395311600    0.0181954630    0.0004233793    
0.1397727500    0.0179294760    0.0004202734    
0.1400143400    0.0181614600    0.0004228171    
0.1402559300    0.0174715380    0.0004188481    
0.1404975200    0.0183589740    0.0004247760    
0.1407391100    0.0189292620    0.0004316622    
0.1409806900    0.0180429280    0.0004244514    
0.1412222800    0.0183360960    0.0004236800    
0.1414638700    0.0187815840    0.0004296372    
0.1417054600    0.0179782380    0.0004170847    
0.1419470500    0.0176838540    0.0004182088    
0.1421886400    0.0188638280    0.0004277303    
0.1424302300    0.0180793580    0.0004198829    
0.1426718100    0.0186983140    0.0004278443    
0.1429134000    0.0179135820    0.0004179534    
0.1431549900    0.0175470710    0.0004146263    
0.1433965800    0.0191982640    0.0004338660    
0.1436381700    0.0186168620    0.0004244279    
0.1438797600    0.0177186040    0.0004137422    
0.1441213500    0.0190527300    0.0004297001    
0.1443629300    0.0185494650    0.0004233317    
0.1446045200    0.0174750800    0.0004112068    
0.1448461100    0.0190909920    0.0004297986    
0.1450877000    0.0185422330    0.0004209797    
0.1453292900    0.0184800660    0.0004238503    
0.1455708800    0.0182715860    0.0004191789    
0.1458124700    0.0182284090    0.0004224341    
0.1460540500    0.0186341470    0.0004202597    
0.1462956400    0.0180365400    0.0004163141    
0.1465372300    0.0178595390    0.0004129994    
0.1467788200    0.0174852270    0.0004081814    
0.1470204100    0.0181174040    0.0004159703    
0.1472620000    0.0187430200    0.0004226077    
0.1475035900    0.0180211080    0.0004137594    
0.1477451700    0.0182303730    0.0004179036    
0.1479867600    0.0187005950    0.0004206898    
0.1482283500    0.0186949380    0.0004233570    
0.1484699400    0.0178541690    0.0004119949    
0.1487115300    0.0188242330    0.0004243310    
0.1489531200    0.0181412810    0.0004115585    
0.1491947000    0.0178379780    0.0004111836    
0.1494362900    0.0191094230    0.0004235051    
0.1496778800    0.0184077580    0.0004170676    
0.1499194700    0.0173065710    0.0004037908    
0.1501610600    0.0179582930    0.0004121000    
0.1504026500    0.0190522520    0.0004222381    
0.1506442400    0.0186286750    0.0004213166    
0.1508858200    0.0182325380    0.0004152347    
0.1511274100    0.0194329280    0.0004254819    
0.1513690000    0.0185758660    0.0004159935    
0.1516105900    0.0185091200    0.0004164877    
0.1518521800    0.0185659520    0.0004165032    
0.1520937700    0.0183764470    0.0004132932    
0.1523353600    0.0188971670    0.0004194196    
0.1525769400    0.0187059260    0.0004186961    
0.1528185300    0.0183180090    0.0004138672    
0.1530601200    0.0182734680    0.0004124400    
0.1533017100    0.0190866780    0.0004237301    
0.1535433000    0.0182224740    0.0004100377    
0.1537848900    0.0191218030    0.0004198793    
0.1540264800    0.0189196440    0.0004185803    
0.1542680600    0.0184570670    0.0004131259    
0.1545096500    0.0180158020    0.0004062108    
0.1547512400    0.0192153230    0.0004215265    
0.1549928300    0.0179404550    0.0004070025    
0.1552344200    0.0184904530    0.0004127374    
0.1554760100    0.0191125830    0.0004197781    
0.1557176000    0.0186878920    0.0004166260    
0.1559591800    0.0179889180    0.0004069516    
0.1562007700    0.0188896800    0.0004145824    
0.1564423600    0.0190707770    0.0004159604    
0.1566839500    0.0187760960    0.0004168351    
0.1569255400    0.0186892740    0.0004129785    
0.1571671300    0.0184198150    0.0004101402    
0.1574087100    0.0177054200    0.0003999247    
0.1576503000    0.0192935330    0.0004222275    
0.1578918900    0.0185414960    0.0004088158    
0.1581334800    0.0189674590    0.0004158891    
0.1583750700    0.0187256570    0.0004139847    
0.1586166600    0.0186565900    0.0004229226    
0.1588582500    0.0187572770    0.0004235757    
0.1590998300    0.0185906280    0.0004266105    
0.1593414200    0.0195456930    0.0004403702    
0.1595830100    0.0188721890    0.0004351389    
0.1598246000    0.0186968910    0.0004322475    
0.1600661900    0.0185936410    0.0004352442    
0.1603077800    0.0189931960    0.0004420610    
0.1605493700    0.0176519800    0.0004268698    
0.1607909500    0.0186216040    0.0004395263    
0.1610325400    0.0186355320    0.0004424508    
0.1612741300    0.0189455740    0.0004463036    
0.1615157200    0.0190425130    0.0004493359    
0.1617573100    0.0193780530    0.0004538547    
0.1619989000    0.0179241170    0.0004400627    
0.1622404900    0.0180872330    0.0004399758    
0.1624820700    0.0183738190    0.0004478756    
0.1627236600    0.0179957510    0.0004420880    
0.1629652500    0.0181114920    0.0004429310    
0.1632068400    0.0185300860    0.0004415682    
0.1634484300    0.0178746400    0.0004269198    
0.1636900200    0.0188177010    0.0004375026    
0.1639316100    0.0175619080    0.0004199299    
0.1641731900    0.0182154660    0.0004273294    
0.1644147800    0.0183622990    0.0004256512    
0.1646563700    0.0185531870    0.0004293845    
0.1648979600    0.0181608290    0.0004213207    
0.1651395500    0.0184313670    0.0004264510    
0.1653811400    0.0180891100    0.0004199961    
0.1656227200    0.0182742740    0.0004242953    
0.1658643100    0.0186310610    0.0004250832    
0.1661059000    0.0181911130    0.0004195467    
0.1663474900    0.0179222630    0.0004135662    
0.1665890800    0.0178132420    0.0004121493    
0.1668306700    0.0192147040    0.0004301919    
0.1670722600    0.0183186500    0.0004179552    
0.1673138400    0.0190479400    0.0004260314    
0.1675554300    0.0180214520    0.0004123567    
0.1677970200    0.0187382780    0.0004223934    
0.1680386100    0.0183994260    0.0004190354    
0.1682802000    0.0177721660    0.0004093405    
0.1685217900    0.0182892430    0.0004138516    
0.1687633800    0.0182762970    0.0004132414    
0.1690049600    0.0182179380    0.0004152253    
0.1692465500    0.0177888260    0.0004051294    
0.1694881400    0.0182712550    0.0004133387    
0.1697297300    0.0184415130    0.0004140242    
0.1699713200    0.0181896170    0.0004131870    
0.1702129100    0.0176060060    0.0004027453    
0.1704545000    0.0183825220    0.0004125958    
0.1706960800    0.0181226070    0.0004113466    
0.1709376700    0.0176580790    0.0004014237    
0.1711792600    0.0186519340    0.0004140787    
0.1714208500    0.0185940850    0.0004111764    
0.1716624400    0.0176022580    0.0004025543    
0.1719040300    0.0175772350    0.0003987624    
0.1721456200    0.0182470610    0.0004079147    
0.1723872000    0.0185023920    0.0004107588    
0.1726287900    0.0182982400    0.0004080405    
0.1728703800    0.0186617440    0.0004129756    
0.1731119700    0.0188075510    0.0004124820    
0.1733535600    0.0177438550    0.0004007928    
0.1735951500    0.0183193730    0.0004049036    
0.1738367300    0.0186586760    0.0004101055    
0.1740783200    0.0175746590    0.0003961634    
0.1743199100    0.0179613980    0.0004009281    
0.1745615000    0.0181430630    0.0004020886    
0.1748030900    0.0179505070    0.0003990973    
0.1750446800    0.0178006010    0.0004018696    
0.1752862700    0.0184841020    0.0004041267    
0.1755278500    0.0175447940    0.0003992612    
0.1757694400    0.0177907890    0.0003973178    
0.1760110300    0.0175958620    0.0003958376    
0.1762526200    0.0172690190    0.0003900674    
0.1764942100    0.0178706600    0.0003972239    
0.1767358000    0.0185331930    0.0004042350    
0.1769773900    0.0178581320    0.0003959684    
0.1772189700    0.0179562550    0.0003977532    
0.1774605600    0.0173136970    0.0003916765    
0.1777021500    0.0185032630    0.0004031987    
0.1779437400    0.0176810120    0.0003942767    
0.1781853300    0.0180511570    0.0003993658    
0.1784269200    0.0180467090    0.0003957003    
0.1786685100    0.0175070010    0.0003906878    
0.1789100900    0.0176196190    0.0003905839    
0.1791516800    0.0184627500    0.0004005133    
0.1793932700    0.0179104450    0.0003946142    
0.1796348600    0.0172417130    0.0003854401    
0.1798764500    0.0188788570    0.0004033244    
0.1801180400    0.0188056430    0.0004026803    
0.1803596200    0.0179193640    0.0003956760    
0.1806012100    0.0180488440    0.0003939519    
0.1808428000    0.0177958470    0.0003910467    
0.1810843900    0.0176779810    0.0003885505    
0.1813259800    0.0179013390    0.0003916664    
0.1815675700    0.0186430110    0.0003990150    
0.1818091600    0.0182594000    0.0003946192    
0.1820507400    0.0181049850    0.0003932151    
0.1822923300    0.0182267580    0.0003937299    
0.1825339200    0.0178768500    0.0003911306    
0.1827755100    0.0178925840    0.0003897066    
0.1830171000    0.0177795670    0.0003915407    
0.1832586900    0.0182680840    0.0003929756    
0.1835002800    0.0175089430    0.0003851143    
0.1837418600    0.0182992510    0.0003926480    
0.1839834500    0.0177058490    0.0003876677    
0.1842250400    0.0180905590    0.0003910615    
0.1844666300    0.0183576750    0.0003935394    
0.1847082200    0.0178442970    0.0003877363    
0.1849498100    0.0176946920    0.0003864981    
0.1851914000    0.0184043830    0.0003961827    
0.1854329800    0.0177284610    0.0003868667    
0.1856745700    0.0179251470    0.0003894012    
0.1859161600    0.0181412810    0.0003889899    
0.1861577500    0.0179911460    0.0003873769    
0.1863993400    0.0182553240    0.0003912554    
0.1866409300    0.0176120870    0.0003825101    
0.1868825200    0.0181543750    0.0003916184    
0.1871241000    0.0174409010    0.0003807730    
0.1873656900    0.0178131650    0.0003868772    
0.1876072800    0.0182041680    0.0003881142    
0.1878488700    0.0175157190    0.0003841499    
0.1880904600    0.0184733480    0.0003935848    
0.1883320500    0.0183332850    0.0003891023    
0.1885736300    0.0180662460    0.0003870253    
0.1888152200    0.0176400030    0.0003823057    
0.1890568100    0.0182004220    0.0003893639    
0.1892984000    0.0178107800    0.0003831383    
0.1895399900    0.0178127360    0.0003844277    
0.1897815800    0.0179122950    0.0003855005    
0.1900231700    0.0175804320    0.0003819127    
0.1902647500    0.0182139050    0.0003877055    
0.1905063400    0.0176511110    0.0003840830    
0.1907479300    0.0184319410    0.0003904056    
0.1909895200    0.0179505360    0.0003837547    
0.1912311100    0.0174959780    0.0003793626    
0.1914727000    0.0177734970    0.0003819829    
0.1917142900    0.0178543070    0.0003839858    
0.1919558700    0.0173825690    0.0003756692    
0.1921974600    0.0181516030    0.0003871695    
0.1924390500    0.0184437040    0.0003909179    
0.1926806400    0.0179201560    0.0003838076    
0.1929222300    0.0166019130    0.0003700294    
0.1931638200    0.0178256600    0.0003803037    
0.1934054100    0.0180571020    0.0003860330    
0.1936469900    0.0179625490    0.0003820090    
0.1938885800    0.0170674820    0.0003743193    
0.1941301700    0.0176686520    0.0003791172    
0.1943717600    0.0181794800    0.0003864477    
0.1946133500    0.0176980230    0.0003778387    
0.1948549400    0.0178101010    0.0003816255    
0.1950965300    0.0172610880    0.0003753297    
0.1953381100    0.0177194850    0.0003800330    
0.1955797000    0.0176008190    0.0003795008    
0.1958212900    0.0174153700    0.0003754150    
0.1960628800    0.0179125150    0.0003808588    
0.1963044700    0.0184116850    0.0003855058    
0.1965460600    0.0174500870    0.0003783675    
0.1967876400    0.0178628520    0.0003788620    
0.1970292300    0.0176477550    0.0003769374    
0.1972708200    0.0174913470    0.0003769652    
0.1975124100    0.0177932060    0.0003799574    
0.1977540000    0.0178303240    0.0003802302    
0.1979955900    0.0179692010    0.0003814610    
0.1982371800    0.0176279790    0.0003786806    
0.1984787600    0.0171562100    0.0003693995    
0.1987203500    0.0173145740    0.0003732422    
0.1989619400    0.0178041300    0.0003787256    
0.1992035300    0.0175590550    0.0003753855    
0.1994451200    0.0181199870    0.0003815791    
0.1996867100    0.0181224700    0.0003808721    
0.1999283000    0.0180476670    0.0003808169    
0.2001698800    0.0173610410    0.0003739832    
0.2004114700    0.0184589230    0.0003867493    
0.2006530600    0.0186432450    0.0003855665    
0.2008946500    0.0183263060    0.0003831307    
0.2011362400    0.0184546540    0.0003819113    
0.2013778300    0.0182405190    0.0003828461    
0.2016194200    0.0177136820    0.0003745207    
0.2018610000    0.0180442730    0.0003795641    
0.2021025900    0.0187988400    0.0003877905    
0.2023441800    0.0177242400    0.0003755844    
0.2025857700    0.0176385190    0.0003750331    
0.2028273600    0.0183326480    0.0003839351    
0.2030689500    0.0175652210    0.0003744918    
0.2033105400    0.0176341220    0.0003730888    
0.2035521200    0.0182415610    0.0003810261    
0.2037937100    0.0189136130    0.0003873659    
0.2040353000    0.0183046440    0.0003819274    
0.2042768900    0.0186916640    0.0003845989    
0.2045184800    0.0186648060    0.0003827521    
0.2047600700    0.0179107270    0.0003776752    
0.2050016500    0.0176577470    0.0003753571    
0.2052432400    0.0179346180    0.0003779270    
0.2054848300    0.0183482210    0.0003806882    
0.2057264200    0.0177429050    0.0003767419    
0.2059680100    0.0186572320    0.0003821952    
0.2062096000    0.0179351250    0.0003760224    
0.2064511900    0.0178754270    0.0003746884    
0.2066927700    0.0177169760    0.0003746741    
0.2069343600    0.0186443380    0.0003838690    
0.2071759500    0.0181981500    0.0003791281    
0.2074175400    0.0180884270    0.0003777450    
0.2076591300    0.0180394450    0.0003766400    
0.2079007200    0.0181756350    0.0003810648    
0.2081423100    0.0182416210    0.0003781510    
0.2083838900    0.0187707790    0.0003844405    
0.2086254800    0.0186088720    0.0003833826    
0.2088670700    0.0182753580    0.0003790948    
0.2091086600    0.0180066660    0.0003776053    
0.2093502500    0.0179304040    0.0003752642    
0.2095918400    0.0178856580    0.0003768117    
0.2098334300    0.0183714180    0.0003811694    
0.2100750100    0.0185360370    0.0003840892    
0.2103166000    0.0186113490    0.0003852365    
0.2105581900    0.0181503130    0.0003775584    
0.2107997800    0.0183259700    0.0003815427    
0.2110413700    0.0183188900    0.0003794268    
0.2112829600    0.0176750980    0.0003753021    
0.2115245400    0.0186569570    0.0003826716    
0.2117661300    0.0186555600    0.0003850807    
0.2120077200    0.0182117500    0.0003786726    
0.2122493100    0.0182659120    0.0003826213    
0.2124909000    0.0179285420    0.0003765470    
0.2127324900    0.0185223880    0.0003852982    
0.2129740800    0.0174810100    0.0003713485    
0.2132156600    0.0180963160    0.0003778274    
0.2134572500    0.0182263320    0.0003806249    
0.2136988400    0.0174410960    0.0003720992    
0.2139404300    0.0184760660    0.0003810511    
0.2141820200    0.0186162000    0.0003841864    
0.2144236100    0.0184119980    0.0003831678    
0.2146652000    0.0188185410    0.0003868821    
0.2149067800    0.0182347010    0.0003791498    
0.2151483700    0.0184012540    0.0003866458    
0.2153899600    0.0184836320    0.0003923816    
0.2156315500    0.0185502530    0.0003969388    
0.2158731400    0.0187925150    0.0004010225    
0.2161147300    0.0177841930    0.0003950093    
0.2163563200    0.0179071910    0.0003973493    
0.2165979000    0.0188473860    0.0004106974    
0.2168394900    0.0181932610    0.0004037965    
0.2170810800    0.0183498010    0.0004101090    
0.2173226700    0.0173436560    0.0003984153    
0.2175642600    0.0180542940    0.0004087445    
0.2178058500    0.0181142440    0.0004109451    
0.2180474400    0.0177171790    0.0004083991    
0.2182890200    0.0172842420    0.0004066037    
0.2185306100    0.0167697670    0.0003979290    
0.2187722000    0.0174498710    0.0004110691    
0.2190137900    0.0169388720    0.0004042241    
0.2192553800    0.0175923790    0.0004158130    
0.2194969700    0.0180728520    0.0004188291    
0.2197385500    0.0178129210    0.0004132495    
0.2199801400    0.0176170860    0.0004066323    
0.2202217300    0.0173352780    0.0003994897    
0.2204633200    0.0177819930    0.0004026828    
0.2207049100    0.0171826870    0.0003932675    
0.2209465000    0.0180827750    0.0004034364    
0.2211880900    0.0176975060    0.0003971206    
0.2214296700    0.0170785370    0.0003895597    
0.2216712600    0.0173580000    0.0003921773    
0.2219128500    0.0176655020    0.0003945198    
0.2221544400    0.0172985970    0.0003923402    
0.2223960300    0.0170487510    0.0003875717    
0.2226376200    0.0175855240    0.0003967108    
0.2228792100    0.0168227080    0.0003851294    
0.2231207900    0.0172811890    0.0003903423    
0.2233623800    0.0170386040    0.0003851577    
0.2236039700    0.0174542610    0.0003914653    
0.2238455600    0.0175452800    0.0003905708    
0.2240871500    0.0172923670    0.0003884209    
0.2243287400    0.0171306260    0.0003845939    
0.2245703300    0.0177431960    0.0003940015    
0.2248119100    0.0174843100    0.0003905707    
0.2250535000    0.0180214000    0.0003963860    
0.2252950900    0.0174753040    0.0003918387    
0.2255366800    0.0169173190    0.0003819285    
0.2257782700    0.0173025780    0.0003871879    
0.2260198600    0.0170889260    0.0003834645    
0.2262614500    0.0170083910    0.0003824284    
0.2265030300    0.0171418400    0.0003833991    
0.2267446200    0.0171770170    0.0003852473    
0.2269862100    0.0166361830    0.0003765423    
0.2272278000    0.0174385950    0.0003865710    
0.2274693900    0.0172551040    0.0003833521    
0.2277109800    0.0173839310    0.0003882315    
0.2279525600    0.0170816560    0.0003812908    
0.2281941500    0.0170094550    0.0003813932    
0.2284357400    0.0167669220    0.0003781478    
0.2286773300    0.0168648260    0.0003805495    
0.2289189200    0.0174139330    0.0003843283    
0.2291605100    0.0171192730    0.0003832780    
0.2294021000    0.0176263630    0.0003873224    
0.2296436800    0.0168173780    0.0003817205    
0.2298852700    0.0170244500    0.0003803931    
0.2301268600    0.0169708470    0.0003837241    
0.2303684500    0.0177592550    0.0003902426    
0.2306100400    0.0169310020    0.0003815573    
0.2308516300    0.0169984860    0.0003815311    
0.2310932200    0.0176506950    0.0003907930    
0.2313348000    0.0178327850    0.0003909157    
0.2315763900    0.0163667810    0.0003748883    
0.2318179800    0.0163261550    0.0003762346    
0.2320595700    0.0173953360    0.0003867541    
0.2323011600    0.0174257350    0.0003882946    
0.2325427500    0.0170017730    0.0003835420    
0.2327843400    0.0171582560    0.0003867770    
0.2330259200    0.0169214140    0.0003806652    
0.2332675100    0.0169936310    0.0003819999    
0.2335091000    0.0181226910    0.0003958467    
0.2337506900    0.0168328220    0.0003795376    
0.2339922800    0.0177148600    0.0003916381    
0.2342338700    0.0169721280    0.0003826785    
0.2344754600    0.0174167410    0.0003888673    
0.2347170400    0.0171739570    0.0003840214    
0.2349586300    0.0164630500    0.0003768956    
0.2352002200    0.0169770170    0.0003859410    
0.2354418100    0.0167683400    0.0003812956    
0.2356834000    0.0166065990    0.0003791896    
0.2359249900    0.0162569000    0.0003728608    
0.2361665700    0.0168005430    0.0003823245    
0.2364081600    0.0169254370    0.0003816258    
0.2366497500    0.0169832530    0.0003843979    
0.2368913400    0.0165234490    0.0003775864    
0.2371329300    0.0172903070    0.0003886689    
0.2373745200    0.0170804710    0.0003848280    
0.2376161100    0.0172625470    0.0003868737    
0.2378576900    0.0167020090    0.0003818662    
0.2380992800    0.0168456910    0.0003813820    
0.2383408700    0.0172257300    0.0003867291    
0.2385824600    0.0177120410    0.0003905274    
0.2388240500    0.0167250790    0.0003811999    
0.2390656400    0.0179452220    0.0003949972    
0.2393072300    0.0168257430    0.0003814194    
0.2395488100    0.0162047710    0.0003748334    
0.2397904000    0.0174581360    0.0003902782    
0.2400319900    0.0173669840    0.0003898021    
0.2402735800    0.0172402270    0.0003889213    
0.2405151700    0.0166029500    0.0003809981    
0.2407567600    0.0171846160    0.0003849339    
0.2409983500    0.0163735790    0.0003778295    
0.2412399300    0.0162810240    0.0003751946    
0.2414815200    0.0169413760    0.0003851308    
0.2417231100    0.0169082280    0.0003814317    
0.2419647000    0.0165765010    0.0003810942    
0.2422062900    0.0171854650    0.0003874887    
0.2424478800    0.0168477540    0.0003837966    
0.2426894600    0.0171643100    0.0003892945    
0.2429310500    0.0163883150    0.0003778678    
0.2431726400    0.0175922830    0.0003912295    
0.2434142300    0.0169752070    0.0003828453    
0.2436558200    0.0172425870    0.0003897687    
0.2438974100    0.0165691570    0.0003786309    
0.2441390000    0.0169028170    0.0003841549    
0.2443805800    0.0172411890    0.0003882521    
0.2446221700    0.0159982510    0.0003743882    
0.2448637600    0.0174417610    0.0003918755    
0.2451053500    0.0177960680    0.0003936259    
0.2453469400    0.0165126870    0.0003831879    
0.2455885300    0.0165075080    0.0003791075    
0.2458301200    0.0167786240    0.0003846245    
0.2460717000    0.0172831940    0.0003872392    
0.2463132900    0.0169018950    0.0003833428    
0.2465548800    0.0174612080    0.0003918183    
0.2467964700    0.0165799910    0.0003800711    
0.2470380600    0.0171141680    0.0003873610    
0.2472796500    0.0164713650    0.0003798837    
0.2475212400    0.0167762180    0.0003856857    
0.2477628200    0.0170259560    0.0003893745    
0.2480044100    0.0164111710    0.0003783948    
0.2482460000    0.0166932780    0.0003817664    
0.2484875900    0.0171700370    0.0003881288    
0.2487291800    0.0166523920    0.0003822333    
0.2489707700    0.0172171260    0.0003877102    
0.2492123600    0.0171145820    0.0003888674    
0.2494539400    0.0168839990    0.0003854232    
0.2496955300    0.0166345470    0.0003832397    
0.2499371200    0.0167810020    0.0003835720    
0.2501787100    0.0170461000    0.0003908587    
0.2504203000    0.0170957620    0.0003867463    
0.2506618900    0.0166902900    0.0003800124    
0.2509034700    0.0167401280    0.0003832389    
0.2511450600    0.0166116930    0.0003810984    
0.2513866500    0.0169130010    0.0003854831    
0.2516282400    0.0172505920    0.0003866058    
0.2518698300    0.0168393420    0.0003841036    
0.2521114200    0.0169926020    0.0003849054    
0.2523530100    0.0167807940    0.0003831671    
0.2525945900    0.0166468110    0.0003807037    
0.2528361800    0.0167965000    0.0003852368    
0.2530777700    0.0163895350    0.0003770949    
0.2533193600    0.0160178350    0.0003724071    
0.2535609500    0.0168879780    0.0003837186    
0.2538025400    0.0172944200    0.0003881734    
0.2540441300    0.0169981940    0.0003848346    
0.2542857100    0.0171801160    0.0003864850    
0.2545273000    0.0169305730    0.0003856833    
0.2547688900    0.0164826340    0.0003776410    
0.2550104800    0.0166406360    0.0003823666    
0.2552520700    0.0168764340    0.0003865621    
0.2554936600    0.0165050970    0.0003785533    
0.2557352500    0.0170957620    0.0003867463    
0.2559768300    0.0168667320    0.0003825453    
0.2562184200    0.0164976490    0.0003801867    
0.2564600100    0.0165054640    0.0003781641    
0.2567016000    0.0166874860    0.0003826359    
0.2569431900    0.0168993000    0.0003835800    
0.2571847800    0.0170954950    0.0003852643    
0.2574263700    0.0161679540    0.0003751882    
0.2576679500    0.0170051280    0.0003855850    
0.2579095400    0.0164275580    0.0003793782    
0.2581511300    0.0168897240    0.0003826732    
0.2583927200    0.0161019330    0.0003732543    
0.2586343100    0.0166128470    0.0003779554    
0.2588759000    0.0170131760    0.0003852726    
0.2591174800    0.0168991740    0.0003809368    
0.2593590700    0.0174417190    0.0003874025    
0.2596006600    0.0167393990    0.0003808345    
0.2598422500    0.0173472820    0.0003880911    
0.2600838400    0.0169192840    0.0003835399    
0.2603254300    0.0172040330    0.0003881048    
0.2605670200    0.0168410350    0.0003826520    
0.2608086000    0.0167044580    0.0003780876    
0.2610501900    0.0162896710    0.0003752942    
0.2612917800    0.0168727810    0.0003828795    
0.2615333700    0.0162637320    0.0003749953    
0.2617749600    0.0164936510    0.0003782908    
0.2620165500    0.0161894770    0.0003738800    
0.2622581400    0.0163056890    0.0003775719    
0.2624997200    0.0169850980    0.0003837522    
0.2627413100    0.0169144730    0.0003867239    
0.2629829000    0.0166444780    0.0003777960    
0.2632244900    0.0167716670    0.0003822618    
0.2634660800    0.0164457940    0.0003766981    
0.2637076700    0.0164908910    0.0003781280    
0.2639492600    0.0168983950    0.0003827714    
0.2641908400    0.0164612260    0.0003784440    
0.2644324300    0.0172782420    0.0003883977    
0.2646740200    0.0171663690    0.0003843324    
0.2649156100    0.0164764870    0.0003806097    
0.2651572000    0.0165830320    0.0003798416    
0.2653987900    0.0172677810    0.0003896420    
0.2656403800    0.0171004230    0.0003862592    
0.2658819600    0.0166037670    0.0003790261    
0.2661235500    0.0168914690    0.0003842942    
0.2663651400    0.0167393990    0.0003808345    
0.2666067300    0.0163742220    0.0003774425    
0.2668483200    0.0164936510    0.0003782908    
0.2670899100    0.0168610410    0.0003857039    
0.2673314900    0.0169442720    0.0003830253    
0.2675730800    0.0170008610    0.0003864830    
0.2678146700    0.0169467060    0.0003869555    
0.2680562600    0.0167511440    0.0003814969    
0.2682978500    0.0165741080    0.0003801361    
0.2685394400    0.0173858450    0.0003879841    
0.2687810300    0.0167282990    0.0003825673    
0.2690226100    0.0168483390    0.0003811490    
0.2692642000    0.0165813590    0.0003830322    
0.2695057900    0.0161367890    0.0003745658    
0.2697473800    0.0171572610    0.0003863621    
0.2699889700    0.0172447310    0.0003895188    
0.2702305600    0.0168817700    0.0003860771    
0.2704721500    0.0164352840    0.0003802671    
0.2707137300    0.0167134060    0.0003805387    
0.2709553200    0.0168221140    0.0003843110    
0.2711969100    0.0172990440    0.0003887671    
0.2714385000    0.0167801740    0.0003819599    
0.2716800900    0.0165064100    0.0003802876    
0.2719216800    0.0166572310    0.0003904515    
0.2721632700    0.0170312340    0.0003975832    
0.2724048500    0.0167482880    0.0003993351    
0.2726464400    0.0174386970    0.0004149719    
0.2728880300    0.0168431790    0.0004081471    
0.2731296200    0.0171416830    0.0004140455    
0.2733712100    0.0167290670    0.0004123413    
0.2736128000    0.0171376670    0.0004230556    
0.2738543800    0.0166609920    0.0004147144    
0.2740959700    0.0161625280    0.0004123953    
0.2743375600    0.0171976010    0.0004284697    
0.2745791500    0.0173456010    0.0004321570    
0.2748207400    0.0170964950    0.0004320273    
0.2750623300    0.0170419080    0.0004313371    
0.2753039200    0.0169381060    0.0004345962    
0.2755455000    0.0167111890    0.0004303350    
0.2757870900    0.0172828460    0.0004441732    
0.2760286800    0.0172015260    0.0004409198    
0.2762702700    0.0164627590    0.0004393585    
0.2765118600    0.0169231390    0.0004277832    
0.2767534500    0.0173075560    0.0004309417    
0.2769950400    0.0172412110    0.0004266529    
0.2772366200    0.0169263470    0.0004183492    
0.2774782100    0.0164501400    0.0004129345    
0.2777198000    0.0170531890    0.0004214842    
0.2779613900    0.0166885480    0.0004159160    
0.2782029800    0.0174259970    0.0004167993    
0.2784445700    0.0168202000    0.0004129600    
0.2786861600    0.0161103480    0.0004030107    
0.2789277400    0.0172830440    0.0004127901    
0.2791693300    0.0162833580    0.0004009901    
0.2794109200    0.0166185000    0.0004070277    
0.2796525100    0.0167147620    0.0004075559    
0.2798941000    0.0172903620    0.0004098209    
0.2801356900    0.0171310630    0.0004121093    
0.2803772800    0.0169103370    0.0004130620    
0.2806188600    0.0165105600    0.0003998523    
0.2808604500    0.0163910500    0.0003962614    
0.2811020400    0.0166719840    0.0004011817    
0.2813436300    0.0170421630    0.0004075021    
0.2815852200    0.0165033600    0.0003970091    
0.2818268100    0.0164402940    0.0003983843    
0.2820683900    0.0159180870    0.0003930691    
0.2823099800    0.0157965160    0.0003912619    
0.2825515700    0.0168530240    0.0004005818    
0.2827931600    0.0165678690    0.0004019481    
0.2830347500    0.0163185740    0.0003966009    
0.2832763400    0.0169011330    0.0004016119    
0.2835179300    0.0165957480    0.0003979670    
0.2837595100    0.0170291710    0.0004054565    
0.2840011000    0.0163913540    0.0003982521    
0.2842426900    0.0166847990    0.0003978213    
0.2844842800    0.0159913630    0.0003915502    
0.2847258700    0.0169829580    0.0004041271    
0.2849674600    0.0165333850    0.0003998193    
0.2852090500    0.0161104800    0.0003927050    
0.2854506300    0.0166430220    0.0004008331    
0.2856922200    0.0158405200    0.0003898485    
0.2859338100    0.0169094060    0.0004034061    
0.2861754000    0.0165769010    0.0003972866    
0.2864169900    0.0164596380    0.0003957284    
0.2866585800    0.0165920200    0.0003991420    
0.2869001700    0.0158755920    0.0003895338    
0.2871417500    0.0162588750    0.0003937570    
0.2873833400    0.0162713280    0.0003955695    
0.2876249300    0.0161932690    0.0003950753    
0.2878665200    0.0167662170    0.0004045046    
0.2881081100    0.0163550390    0.0003925335    
0.2883497000    0.0172279510    0.0004051673    
0.2885912900    0.0164436000    0.0003956860    
0.2888328700    0.0153793770    0.0003828133    
0.2890744600    0.0167417120    0.0003984992    
0.2893160500    0.0161048790    0.0003912918    
0.2895576400    0.0163453140    0.0003963155    
0.2897992300    0.0164586710    0.0003937752    
0.2900408200    0.0172620880    0.0004041857    
0.2902824000    0.0161915660    0.0003944472    
0.2905239900    0.0164561240    0.0003959874    
0.2907655800    0.0159489980    0.0003870478    
0.2910071700    0.0165031740    0.0003937147    
0.2912487600    0.0164869350    0.0003941131    
0.2914903500    0.0165972920    0.0003943919    
0.2917319400    0.0161044830    0.0003871896    
0.2919735200    0.0162290110    0.0003898457    
0.2922151100    0.0168402440    0.0003963782    
0.2924567000    0.0169407270    0.0003983022    
0.2926982900    0.0166722660    0.0003952816    
0.2929398800    0.0161386320    0.0003909596    
0.2931814700    0.0159638810    0.0003849234    
0.2934230600    0.0164980150    0.0003924763    
0.2936646400    0.0161384710    0.0003854530    
0.2939062300    0.0165065680    0.0003934599    
0.2941478200    0.0161969930    0.0003872929    
0.2943894100    0.0165787800    0.0003937297    
0.2946310000    0.0155715950    0.0003805883    
0.2948725900    0.0167626160    0.0003957588    
0.2951141800    0.0164396050    0.0003911975    
0.2953557600    0.0166061550    0.0003958337    
0.2955973500    0.0164592160    0.0003905599    
0.2958389400    0.0159645120    0.0003839354    
0.2960805300    0.0168388370    0.0003946000    
0.2963221200    0.0158923920    0.0003826438    
0.2965637100    0.0161937090    0.0003861121    
0.2968053000    0.0163516710    0.0003871370    
0.2970468800    0.0167246630    0.0003926800    
0.2972884700    0.0158567210    0.0003812329    
0.2975300600    0.0164799910    0.0003886531    
0.2977716500    0.0167862820    0.0003936929    
0.2980132400    0.0167032780    0.0003935907    
0.2982548300    0.0166116230    0.0003894895    
0.2984964100    0.0160351330    0.0003821139    
0.2987380000    0.0166359090    0.0003900589    
0.2989795900    0.0161717180    0.0003837379    
0.2992211800    0.0162364300    0.0003840858    
0.2994627700    0.0164683950    0.0003879483    
0.2997043600    0.0161212960    0.0003848233    
0.2999459500    0.0163756650    0.0003877051    
0.3001875300    0.0166572310    0.0003904515    
0.3004291200    0.0158095580    0.0003843435    
0.3006707100    0.0163182030    0.0003850518    
0.3009123000    0.0160151060    0.0003832725    
0.3011538900    0.0157136680    0.0003770315    
0.3013954800    0.0162792290    0.0003858547    
0.3016370700    0.0163650520    0.0003865880    
0.3018786500    0.0159997600    0.0003822491    
0.3021202400    0.0163074870    0.0003857667    
0.3023618300    0.0170682980    0.0003964016    
0.3026034200    0.0161133620    0.0003843056    
0.3028450100    0.0163205890    0.0003870526    
0.3030866000    0.0160990070    0.0003848399    
0.3033281900    0.0163118770    0.0003851170    
0.3035697700    0.0161393930    0.0003840536    
0.3038113600    0.0159525020    0.0003821027    
0.3040529500    0.0169996420    0.0003930094    
0.3042945400    0.0160339830    0.0003815453    
0.3045361300    0.0161882970    0.0003857638    
0.3047777200    0.0156025590    0.0003771993    
0.3050193100    0.0165111680    0.0003883100    
0.3052608900    0.0165133520    0.0003893316    
0.3055024800    0.0167287070    0.0003968430    
0.3057440700    0.0162021760    0.0003828473    
0.3059856600    0.0161546580    0.0003831174    
0.3062272500    0.0159449670    0.0003815940    
0.3064688400    0.0164674560    0.0003887902    
0.3067104200    0.0160342450    0.0003805830    
0.3069520100    0.0160702210    0.0003829501    
0.3071936000    0.0162783450    0.0003862680    
0.3074351900    0.0160294370    0.0003837254    
0.3076767800    0.0159002530    0.0003800888    
0.3079183700    0.0164343190    0.0003904090    
0.3081599600    0.0154976000    0.0003791196    
0.3084015400    0.0159654150    0.0003804526    
0.3086431300    0.0154715550    0.0003742510    
0.3088847200    0.0162416820    0.0003858328    
0.3091263100    0.0157484630    0.0003789588    
0.3093679000    0.0164164140    0.0003874771    
0.3096094900    0.0165760190    0.0003873790    
0.3098510800    0.0165029940    0.0003905009    
0.3100926600    0.0167212970    0.0003912017    
0.3103342500    0.0158426740    0.0003807851    
0.3105758400    0.0161866330    0.0003875996    
0.3108174300    0.0170334680    0.0003936862    
0.3110590200    0.0157906030    0.0003808560    
0.3113006100    0.0172877490    0.0003954651    
0.3115422000    0.0167091950    0.0003917772    
0.3117837800    0.0174901860    0.0003993651    
0.3120253700    0.0158224840    0.0003809607    
0.3122669600    0.0164368520    0.0003860288    
0.3125085500    0.0162921950    0.0003871420    
0.3127501400    0.0165166540    0.0003890852    
0.3129917300    0.0166538960    0.0003924271    
0.3132333100    0.0157126300    0.0003801937    
0.3134749000    0.0162352450    0.0003858977    
0.3137164900    0.0159440760    0.0003810275    
0.3139580800    0.0167422980    0.0003903068    
0.3141996700    0.0158645650    0.0003802146    
0.3144412600    0.0161824060    0.0003844247    
0.3146828500    0.0166113150    0.0003903416    
0.3149244300    0.0159688770    0.0003811850    
0.3151660200    0.0159125170    0.0003824638    
0.3154076100    0.0164971060    0.0003901432    
0.3156492000    0.0152646280    0.0003768183    
0.3158907900    0.0159184250    0.0003803059    
0.3161323800    0.0154026310    0.0003742297    
0.3163739700    0.0164784250    0.0003872188    
0.3166155500    0.0160412140    0.0003840073    
0.3168571400    0.0163748560    0.0003862811    
0.3170987300    0.0160714820    0.0003835250    
0.3173403200    0.0160989390    0.0003838525    
0.3175819100    0.0159217100    0.0003825743    
0.3178235000    0.0162362240    0.0003854857    
0.3180650900    0.0168541210    0.0003946333    
0.3183066700    0.0159584800    0.0003830158    
0.3185482600    0.0162553970    0.0003867046    
0.3187898500    0.0156685210    0.0003770352    
0.3190314400    0.0166907830    0.0003907017    
0.3192730300    0.0162527330    0.0003851186    
0.3195146200    0.0157145420    0.0003792421    
0.3197562100    0.0163748560    0.0003862811    
0.3199977900    0.0168919870    0.0003930495    
0.3202393800    0.0159384570    0.0003831980    
0.3204809700    0.0160040230    0.0003845521    
0.3207225600    0.0162452350    0.0003870108    
0.3209641500    0.0161779940    0.0003860668    
0.3212057400    0.0164631010    0.0003871796    
0.3214473200    0.0163320770    0.0003859167    
0.3216889100    0.0153451620    0.0003739387    
0.3219305000    0.0157263010    0.0003800797    
0.3221720900    0.0157901590    0.0003802926    
0.3224136800    0.0161092280    0.0003825783    
0.3226552700    0.0153441340    0.0003775177    
0.3228968600    0.0160099760    0.0003829305    
0.3231384400    0.0169648520    0.0003979904    
0.3233800300    0.0158894420    0.0003803741    
0.3236216200    0.0162591250    0.0003850539    
0.3238632100    0.0160165680    0.0003828692    
0.3241048000    0.0163269690    0.0003869863    
0.3243463900    0.0160125390    0.0003831014    
0.3245879800    0.0159708070    0.0003823219    
0.3248295600    0.0162581990    0.0003854646    
0.3250711500    0.0155545000    0.0003770303    
0.3253127400    0.0159217100    0.0003825743    
0.3255543300    0.0159937350    0.0003838619    
0.3257959200    0.0159953670    0.0003860193    
0.3260375100    0.0161079780    0.0003829809    
0.3262791000    0.0154831030    0.0003768528    
0.3265206800    0.0172052220    0.0003963874    
0.3267622700    0.0162682710    0.0003865735    
0.3270038600    0.0163150080    0.0003867028    
0.3272454500    0.0160754200    0.0003832917    
0.3274870400    0.0158518270    0.0003808951    
0.3277286300    0.0167523220    0.0003930045    
0.3279702200    0.0163013940    0.0003872513    
0.3282118000    0.0160218410    0.0003867709    
0.3284533900    0.0158676760    0.0003809461    
0.3286949800    0.0165705140    0.0004030813    
0.3289365700    0.0163492130    0.0004058239    
0.3291781600    0.0162000420    0.0004074274    
0.3294197500    0.0158776190    0.0004080585    
0.3296613300    0.0162142950    0.0004165736    
0.3299029200    0.0164491530    0.0004201191    
0.3301445100    0.0164423820    0.0004261057    
0.3303861000    0.0166406050    0.0004315326    
0.3306276900    0.0161020980    0.0004277574    
0.3308692800    0.0162304750    0.0004296544    
0.3311108700    0.0159223300    0.0004290814    
0.3313524500    0.0160706610    0.0004359373    
0.3315940400    0.0167799030    0.0004448228    
0.3318356300    0.0162379770    0.0004432571    
0.3320772200    0.0164149250    0.0004460973    
0.3323188100    0.0167969100    0.0004554702    
0.3325604000    0.0160700320    0.0004448478    
0.3328019900    0.0155290120    0.0004418861    
0.3330435700    0.0164764010    0.0004504372    
0.3332851600    0.0162418050    0.0004413925    
0.3335267500    0.0160585160    0.0004252513    
0.3337683400    0.0169368920    0.0004367268    
0.3340099300    0.0157779250    0.0004187027    
0.3342515200    0.0164237110    0.0004230724    
0.3344931100    0.0166851960    0.0004220382    
0.3347346900    0.0163269380    0.0004189149    
0.3349762800    0.0162560850    0.0004158668    
0.3352178700    0.0157736500    0.0004080909    
0.3354594600    0.0158350130    0.0004068292    
0.3357010500    0.0157677190    0.0004069851    
0.3359426400    0.0168050220    0.0004215772    
0.3361842300    0.0160713340    0.0004043183    
0.3364258100    0.0163943730    0.0004076991    
0.3366674000    0.0165054710    0.0004095764    
0.3369089900    0.0164058520    0.0004068539    
0.3371505800    0.0158375060    0.0003989410    
0.3373921700    0.0173985840    0.0004191517    
0.3376337600    0.0163018980    0.0004053995    
0.3378753400    0.0166984540    0.0004104661    
0.3381169300    0.0160487480    0.0004004685    
0.3383585200    0.0164943950    0.0004104404    
0.3386001100    0.0153366640    0.0003899292    
0.3388417000    0.0164553100    0.0004053475    
0.3390832900    0.0156635090    0.0003915877    
0.3393248800    0.0162675780    0.0004020671    
0.3395664600    0.0163615980    0.0004024290    
0.3398080500    0.0162241100    0.0004002599    
0.3400496400    0.0159724060    0.0003957399    
0.3402912300    0.0166164750    0.0004030087    
0.3405328200    0.0160816260    0.0003988133    
0.3407744100    0.0162428210    0.0004009656    
0.3410160000    0.0161524820    0.0004003244    
0.3412575800    0.0165683990    0.0004010179    
0.3414991700    0.0163779820    0.0003983979    
0.3417407600    0.0156974990    0.0003910954    
0.3419823500    0.0161023250    0.0003932077    
0.3422239400    0.0161135320    0.0003950155    
0.3424655300    0.0155466120    0.0003889084    
0.3427071200    0.0162916690    0.0003968858    
0.3429487000    0.0162907620    0.0003973357    
0.3431902900    0.0159811390    0.0003952290    
0.3434318800    0.0165922710    0.0004058987    
0.3436734700    0.0165986760    0.0003986106    
0.3439150600    0.0163513080    0.0003947243    
0.3441566500    0.0164758500    0.0003986611    
0.3443982300    0.0170345180    0.0004048957    
0.3446398200    0.0165412410    0.0003979204    
0.3448814100    0.0166976770    0.0004008726    
0.3451230000    0.0171028580    0.0004061761    
0.3453645900    0.0160514140    0.0003934927    
0.3456061800    0.0159477470    0.0003907166    
0.3458477700    0.0156826790    0.0003900006    
0.3460893500    0.0157624060    0.0003905368    
0.3463309400    0.0161988480    0.0003928798    
0.3465725300    0.0164305230    0.0003958300    
0.3468141200    0.0167008560    0.0004006027    
0.3470557100    0.0158182450    0.0003888296    
0.3472973000    0.0157950650    0.0003894381    
0.3475388900    0.0165425180    0.0003961215    
0.3477804700    0.0156534050    0.0003872423    
0.3480220600    0.0163556740    0.0003959852    
0.3482636500    0.0161268580    0.0003927543    
0.3485052400    0.0149881200    0.0003823052    
0.3487468300    0.0161567570    0.0003926682    
0.3489884200    0.0159727950    0.0003902775    
0.3492300100    0.0152368210    0.0003797357    
0.3494715900    0.0168479420    0.0004020542    
0.3497131800    0.0160223220    0.0003894009    
0.3499547700    0.0164742340    0.0003971136    
0.3501963600    0.0158785410    0.0003880904    
0.3504379500    0.0156867150    0.0003867667    
0.3506795400    0.0158947080    0.0003897682    
0.3509211300    0.0162147050    0.0003944262    
0.3511627100    0.0160639170    0.0003927385    
0.3514043000    0.0159466110    0.0003884798    
0.3516458900    0.0162474840    0.0003930204    
0.3518874800    0.0159560740    0.0003885951    
0.3521290700    0.0162522840    0.0003923338    
0.3523706600    0.0159839260    0.0003899679    
0.3526122400    0.0161211500    0.0003913408    
0.3528538300    0.0160940320    0.0003916066    
0.3530954200    0.0156557610    0.0003868274    
0.3533370100    0.0159484830    0.0003896835    
0.3535786000    0.0157909640    0.0003902872    
0.3538201900    0.0156272320    0.0003841343    
0.3540617800    0.0166911810    0.0003991096    
0.3543033600    0.0159430950    0.0003877045    
0.3545449500    0.0162551180    0.0003925166    
0.3547865400    0.0162043010    0.0003907204    
0.3550281300    0.0158176990    0.0003882301    
0.3552697200    0.0160492780    0.0003901713    
0.3555113100    0.0159934410    0.0003900839    
0.3557529000    0.0164561240    0.0003959874    
0.3559944800    0.0160791400    0.0003890621    
0.3562360700    0.0161699900    0.0003950957    
0.3564776600    0.0161128020    0.0003897625    
0.3567192500    0.0153460980    0.0003808070    
0.3569608400    0.0154085650    0.0003807196    
0.3572024300    0.0161698140    0.0003914854    
0.3574440200    0.0158959540    0.0003871309    
0.3576856000    0.0163462330    0.0003939137    
0.3579271900    0.0161748930    0.0003908074    
0.3581687800    0.0163454670    0.0003943536    
0.3584103700    0.0157146320    0.0003853524    
0.3586519600    0.0157399320    0.0003889071    
0.3588935500    0.0158665120    0.0003877964    
0.3591351400    0.0159285590    0.0003888486    
0.3593767200    0.0157660290    0.0003851105    
0.3596183100    0.0156343460    0.0003829234    
0.3598599000    0.0164705970    0.0003945124    
0.3601014900    0.0168172860    0.0003989442    
0.3603430800    0.0158021630    0.0003865701    
0.3605846700    0.0161343890    0.0003901705    
0.3608262500    0.0159639100    0.0003891322    
0.3610678400    0.0157902280    0.0003862782    
0.3613094300    0.0169494620    0.0004026466    
0.3615510200    0.0164050770    0.0003932816    
0.3617926100    0.0169889310    0.0003997672    
0.3620342000    0.0160075680    0.0003889275    
0.3622757900    0.0156036790    0.0003835553    
0.3625173700    0.0165620330    0.0003954566    
0.3627589600    0.0162399900    0.0003920371    
0.3630005500    0.0163361970    0.0003923073    
0.3632421400    0.0166251530    0.0003956128    
0.3634837300    0.0157671850    0.0003868738    
0.3637253200    0.0158412130    0.0003882230    
0.3639669100    0.0163989520    0.0003952989    
0.3642084900    0.0165125670    0.0003938267    
0.3644500800    0.0163042250    0.0003922187    
0.3646916700    0.0166059840    0.0003962802    
0.3649332600    0.0162702070    0.0003900484    
0.3651748500    0.0155120410    0.0003819958    
0.3654164400    0.0158406000    0.0003876264    
0.3656580300    0.0158494470    0.0003871481    
0.3658996100    0.0161167960    0.0003895174    
0.3661412000    0.0156390350    0.0003844244    
0.3663827900    0.0165884620    0.0003998671    
0.3666243800    0.0161044830    0.0003871896    
0.3668659700    0.0166596880    0.0003958746    
0.3671075600    0.0155801970    0.0003829781    
0.3673491500    0.0159813590    0.0003871497    
0.3675907300    0.0158046530    0.0003867468    
0.3678323200    0.0155079290    0.0003810866    
0.3680739100    0.0151840810    0.0003793650    
0.3683155000    0.0163833020    0.0003928725    
0.3685570900    0.0162956630    0.0003916729    
0.3687986800    0.0153434190    0.0003825112    
0.3690402600    0.0165673800    0.0003971725    
0.3692818500    0.0149255110    0.0003737222    
0.3695234400    0.0155707830    0.0003828624    
0.3697650300    0.0162224240    0.0003899125    
0.3700066200    0.0163985780    0.0003933519    
0.3702482100    0.0158519220    0.0003851459    
0.3704898000    0.0167192930    0.0003967313    
0.3707313800    0.0169464250    0.0004003217    
0.3709729700    0.0158883190    0.0003866011    
0.3712145600    0.0158602410    0.0003884561    
0.3714561500    0.0157509980    0.0003874107    
0.3716977400    0.0165407450    0.0003941626    
0.3719393300    0.0160256180    0.0003875402    
0.3721809200    0.0161744250    0.0003897735    
0.3724225000    0.0160898900    0.0003887536    
0.3726640900    0.0160173800    0.0003880223    
0.3729056800    0.0164027750    0.0003926627    
0.3731472700    0.0162664690    0.0003902954    
0.3733888600    0.0160264670    0.0003891570    
0.3736304500    0.0166942850    0.0003979344    
0.3738720400    0.0158965070    0.0003893444    
0.3741136200    0.0156579340    0.0003846566    
0.3743552100    0.0158626180    0.0003864336    
0.3745968000    0.0161112450    0.0003881383    
0.3748383900    0.0163687780    0.0003919612    
0.3750799800    0.0161838180    0.0003898866    
0.3753215700    0.0158274570    0.0003861504    
0.3755631500    0.0164690530    0.0003930125    
0.3758047400    0.0157214080    0.0003847097    
0.3760463300    0.0162976450    0.0003922875    
0.3762879200    0.0158071460    0.0003869237    
0.3765295100    0.0157941130    0.0003882364    
0.3767711000    0.0155334450    0.0003818289    
0.3770126900    0.0154633160    0.0003806805    
0.3772542700    0.0162345840    0.0003902048    
0.3774958600    0.0159335820    0.0003859923    
0.3777374500    0.0161810630    0.0003897072    
0.3779790400    0.0163419660    0.0003926724    
0.3782206300    0.0156296140    0.0003837294    
0.3784622200    0.0157774750    0.0003848165    
0.3787038100    0.0160480380    0.0003895660    
0.3789453900    0.0157457460    0.0003864641    
0.3791869800    0.0162950190    0.0003935949    
0.3794285700    0.0160537330    0.0003878800    
0.3796701600    0.0157238250    0.0003848842    
0.3799117500    0.0159267840    0.0003860542    
0.3801533400    0.0167601470    0.0003973652    
0.3803949300    0.0158717590    0.0003843818    
0.3806365100    0.0165534610    0.0003940184    
0.3808781000    0.0158756710    0.0003857229    
0.3811196900    0.0161820740    0.0003917822    
0.3813612800    0.0161301780    0.0003893862    
0.3816028700    0.0160533930    0.0003899258    
0.3818444600    0.0163956480    0.0003931686    
0.3820860500    0.0163773190    0.0003906010    
0.3823276300    0.0154177830    0.0003789858    
0.3825692200    0.0162460610    0.0003880227    
0.3828108100    0.0164105920    0.0003894061    
0.3830524000    0.0157717860    0.0003833120    
0.3832939900    0.0167466550    0.0003943939    
0.3835355800    0.0154555930    0.0003788864    
0.3837771600    0.0160250980    0.0003849474    
0.3840187500    0.0157300000    0.0003830892    
0.3842603400    0.0159761640    0.0003867969    
0.3845019300    0.0161813100    0.0003848332    
0.3847435200    0.0167918680    0.0003927452    
0.3849851100    0.0159208610    0.0003835517    
0.3852267000    0.0160830910    0.0003951011    
0.3854682800    0.0163251350    0.0004058518    
0.3857098700    0.0170326120    0.0004193139    
0.3859514600    0.0158130950    0.0004084285    
0.3861930500    0.0155002590    0.0004067763    
0.3864346400    0.0158134080    0.0004151373    
0.3866762300    0.0164679590    0.0004266253    
0.3869178200    0.0158959620    0.0004213901    
0.3871594000    0.0164567250    0.0004338234    
0.3874009900    0.0164784830    0.0004353055    
0.3876425800    0.0150905020    0.0004196666    
0.3878841700    0.0166541750    0.0004427361    
0.3881257600    0.0157641470    0.0004334016    
0.3883673500    0.0163552580    0.0004446400    
0.3886089400    0.0161190600    0.0004439990    
0.3888505200    0.0162744670    0.0004481097    
0.3890921100    0.0160912110    0.0004480163    
0.3893337000    0.0155848320    0.0004458272    
0.3895752900    0.0164675510    0.0004599229    
0.3898168800    0.0159760580    0.0004346523    
0.3900584700    0.0159637800    0.0004264977    
0.3903000600    0.0164061260    0.0004309946    
0.3905416400    0.0160303580    0.0004218515    
0.3907832300    0.0161805990    0.0004228867    
0.3910248200    0.0160670510    0.0004199191    
0.3912664100    0.0155356810    0.0004111177    
0.3915080000    0.0164768890    0.0004213776    
0.3917495900    0.0157504510    0.0004137698    
0.3919911700    0.0164380300    0.0004234412    
0.3922327600    0.0158946350    0.0004093077    
0.3924743500    0.0165683500    0.0004194855    
0.3927159400    0.0157151950    0.0004063067    
0.3929575300    0.0162592730    0.0004160846    
0.3931991200    0.0158974880    0.0004095169    
0.3934407100    0.0154445330    0.0004029618    
0.3936822900    0.0166922220    0.0004203377    
0.3939238800    0.0165330730    0.0004188609    
0.3941654700    0.0161828860    0.0004144012    
0.3944070600    0.0156976480    0.0004090093    
0.3946486500    0.0154140900    0.0004063380    
0.3948902400    0.0156258380    0.0004061743    
0.3951318300    0.0153360040    0.0004020506    
0.3953734100    0.0153244040    0.0004025774    
0.3956150000    0.0163485720    0.0004168710    
0.3958565900    0.0150472880    0.0003987523    
0.3960981800    0.0159398370    0.0004119770    
0.3963397700    0.0162892120    0.0004175349    
0.3965813600    0.0162571050    0.0004171232    
0.3968229500    0.0159057470    0.0004140101    
0.3970645300    0.0159233810    0.0004153140    
0.3973061200    0.0153439590    0.0004057602    
0.3975477100    0.0155723720    0.0004075476    
0.3977893000    0.0164451710    0.0004204290    
0.3980308900    0.0166601960    0.0004226244    
0.3982724800    0.0157572680    0.0004115418    
0.3985140700    0.0157493020    0.0004116146    
0.3987556500    0.0161598860    0.0004176644    
0.3989972400    0.0165919130    0.0004226639    
0.3992388300    0.0157044250    0.0004137043    
0.3994804200    0.0158649780    0.0004156327    
0.3997220100    0.0160905850    0.0004209657    
0.3999636000    0.0155311800    0.0004092825    
0.4002051800    0.0154512030    0.0004101768    
0.4004467700    0.0164984410    0.0004216531    
0.4006883600    0.0157346450    0.0004146443    
0.4009299500    0.0154749890    0.0004113885    
0.4011715400    0.0160529690    0.0004195511    
0.4014131300    0.0162569070    0.0004225782    
0.4016547200    0.0161844530    0.0004244395    
0.4018963000    0.0149958060    0.0004069302    
0.4021378900    0.0157457290    0.0004205220    
0.4023794800    0.0159675510    0.0004199080    
0.4026210700    0.0152127680    0.0004104071    
0.4028626600    0.0157133100    0.0004158183    
0.4031042500    0.0164487160    0.0004271313    
0.4033458400    0.0159163230    0.0004201620    
0.4035874200    0.0158445530    0.0004224088    
0.4038290100    0.0154044500    0.0004148242    
0.4040706000    0.0165807400    0.0004311415    
0.4043121900    0.0158309940    0.0004227992    
0.4045537800    0.0162350780    0.0004293252    
0.4047953700    0.0160612460    0.0004295618    
0.4050369600    0.0165880460    0.0004316234    
0.4052785400    0.0158822460    0.0004238658    
0.4055201300    0.0162521640    0.0004285799    
0.4057617200    0.0165175680    0.0004348234    
0.4060033100    0.0159922200    0.0004251386    
0.4062449000    0.0156131850    0.0004235277    
0.4064864900    0.0162199540    0.0004308883    
0.4067280800    0.0167546680    0.0004395447    
0.4069696600    0.0163250600    0.0004356836    
0.4072112500    0.0152524520    0.0004227019    
0.4074528400    0.0155595890    0.0004279395    
0.4076944300    0.0153277090    0.0004223615    
0.4079360200    0.0154598080    0.0004228033    
0.4081776100    0.0169303850    0.0004443074    
0.4084191900    0.0158818860    0.0004311339    
0.4086607800    0.0159846330    0.0004309168    
0.4089023700    0.0156419890    0.0004298807    
0.4091439600    0.0166342460    0.0004439352    
0.4093855500    0.0160348470    0.0004368990    
0.4096271400    0.0164381970    0.0004436280    
0.4098687300    0.0154724650    0.0004369289    
0.4101103100    0.0161363060    0.0004357982    
0.4103519000    0.0166337020    0.0004464719    
0.4105934900    0.0158300460    0.0004347208    
0.4108350800    0.0163719730    0.0004444379    
0.4110766700    0.0160428170    0.0004397356    
0.4113182600    0.0164346520    0.0004467984    
0.4115598500    0.0159845310    0.0004421423    
0.4118014300    0.0163816970    0.0004493620    
0.4120430200    0.0153241140    0.0004329122    
0.4122846100    0.0158475560    0.0004441688    
0.4125262000    0.0166392980    0.0004597263    
0.4127677900    0.0161383810    0.0004447000    
0.4130093800    0.0159481070    0.0004440320    
0.4132509700    0.0155615370    0.0004392691    
0.4134925500    0.0155446340    0.0004423307    
0.4137341400    0.0167400230    0.0004576442    
0.4139757300    0.0158069920    0.0004476267    
0.4142173200    0.0157111910    0.0004440245    
0.4144589100    0.0160840350    0.0004538373    
0.4147005000    0.0156613540    0.0004469203    
0.4149420800    0.0161543940    0.0004576481    
0.4151836700    0.0156197670    0.0004479276    
0.4154252600    0.0153886840    0.0004416641    
0.4156668500    0.0148211850    0.0004301873    
0.4159084400    0.0155828470    0.0004411025    
0.4161500300    0.0153287370    0.0004361872    
0.4163916200    0.0156576900    0.0004412806    
0.4166332000    0.0157343760    0.0004399611    
0.4168747900    0.0159845310    0.0004421423    
0.4171163800    0.0163493340    0.0004513705    
0.4173579700    0.0147725890    0.0004260930    
0.4175995600    0.0152238960    0.0004392930    
0.4178411500    0.0159579490    0.0004424237    
0.4180827400    0.0158335580    0.0004422161    
0.4183243200    0.0162012330    0.0004486517    
0.4185659100    0.0153109430    0.0004374555    
0.4188075000    0.0162071600    0.0004498519    
0.4190490900    0.0151704970    0.0004382999    
0.4192906800    0.0163656970    0.0004547782    
0.4195322700    0.0156454580    0.0004482958    
0.4197738600    0.0158895170    0.0004517788    
0.4200154400    0.0157044700    0.0004533490    
0.4202570300    0.0157932920    0.0004553442    
0.4204986200    0.0157361720    0.0004514514    
0.4207402100    0.0153338030    0.0004486715    
0.4209818000    0.0155967230    0.0004506143    
0.4212233900    0.0162514270    0.0004626301    
0.4214649800    0.0157681190    0.0004569030    
0.4217065600    0.0154660070    0.0004537067    
0.4219481500    0.0151902920    0.0004510862    
0.4221897400    0.0155782350    0.0004587791    
0.4224313300    0.0158310930    0.0004660237    
0.4226729200    0.0152532260    0.0004584457    
0.4229145100    0.0155870780    0.0004647169    
0.4231560900    0.0160308700    0.0004694700    
0.4233976800    0.0155873070    0.0004636944    
0.4236392700    0.0150968820    0.0004581127    
0.4238808600    0.0152401870    0.0004618239    
0.4241224500    0.0159998010    0.0004734581    
0.4243640400    0.0155856590    0.0004709970    
0.4246056300    0.0164862240    0.0004855194    
0.4248472100    0.0156318110    0.0004752211    
0.4250888000    0.0160754730    0.0004835959    
0.4253303900    0.0159165620    0.0004886429    
0.4255719800    0.0159525450    0.0004823045    
0.4258135700    0.0159353540    0.0004828895    
0.4260551600    0.0150432620    0.0004733489    
0.4262967500    0.0158495250    0.0004838563    
0.4265383300    0.0154435470    0.0004819055    
0.4267799200    0.0147735740    0.0004736190    
0.4270215100    0.0158354670    0.0004891592    
0.4272631000    0.0155040500    0.0004890600    
0.4275046900    0.0154989840    0.0004911041    
0.4277462800    0.0164378780    0.0005111937    
0.4279878700    0.0158443350    0.0005050990    
0.4282294500    0.0157846060    0.0004984060    
0.4284710400    0.0158845080    0.0005015605    
0.4287126300    0.0165161030    0.0005143731    
0.4289542200    0.0161435200    0.0005105029    
0.4291958100    0.0158182320    0.0005076312    
0.4294374000    0.0157468900    0.0005111657    
0.4296789900    0.0157915100    0.0005102006    
0.4299205700    0.0162662800    0.0005233590    
0.4301621600    0.0150547190    0.0005086518    
0.4304037500    0.0162541990    0.0005307184    
0.4306453400    0.0154706830    0.0005236033    
0.4308869300    0.0160488860    0.0005262637    
0.4311285200    0.0159186160    0.0005274073    
0.4313701000    0.0155592890    0.0005251006    
0.4316116900    0.0156345480    0.0005297564    
0.4318532800    0.0153456620    0.0005263519    
0.4320948700    0.0153646660    0.0005301313    
0.4323364600    0.0162906610    0.0005507249    
0.4325780500    0.0163927230    0.0005557654    
0.4328196400    0.0158833200    0.0005516505    
0.4330612200    0.0166223420    0.0005731842    
0.4333028100    0.0153242870    0.0005490496    
0.4335444000    0.0156194860    0.0005525777    
0.4337859900    0.0155550340    0.0005544771    
0.4340275800    0.0164674270    0.0005750675    
0.4342691700    0.0156236780    0.0005656151    
0.4345107600    0.0154831640    0.0005672592    
0.4347523400    0.0154710990    0.0005698853    
0.4349939300    0.0165250690    0.0005939813    
0.4352355200    0.0164470980    0.0006013655    
0.4354771100    0.0166070330    0.0006096633    
0.4357187000    0.0153822750    0.0005992083    
0.4359602900    0.0150270730    0.0005836031    
0.4362018800    0.0162208190    0.0006113451    
0.4364434600    0.0150602450    0.0005934568    
0.4366850500    0.0158906980    0.0006171436    
0.4369266400    0.0155772210    0.0006206113    
0.4371682300    0.0170222480    0.0006513382    
0.4374098200    0.0156711480    0.0006345062    
0.4376514100    0.0151451710    0.0006315973    
0.4378930000    0.0160858650    0.0006600110    
0.4381345800    0.0157652690    0.0006650177    
0.4383761700    0.0155734170    0.0006739276    
0.4386177600    0.0158926410    0.0006692009    
0.4388593500    0.0150366960    0.0006606745    
0.4391009400    0.0170416730    0.0007150527    
0.4393425300    0.0157777060    0.0006972827    
0.4395841100    0.0165533170    0.0007287192    
0.4398257000    0.0153027120    0.0007174022    
0.4400672900    0.0158405460    0.0007450766    
0.4403088800    0.0140704910    0.0007227526    
0.4405504700    0.0149340370    0.0007701642    
0.4407920600    0.0170685830    0.0008566476    
0.4410336500    0.0159233810    0.0008511405    
0.4412752300    0.0159942070    0.0008561503    
0.4415168200    0.0156010450    0.0008889521    
0.4417584100    0.0166193920    0.0012456761    
0.4420000000    0.0170411550    0.0019172798    