# Diamond Light Source Ltd.
# Data extracted from: /dls/b21/data/2017/mx13440-2/processed/b21-369037_00101.dat
q(1/A)          Column          Error           
0.0040000000    0.8473799700    0.0214750350    
0.0042415885    0.8598556000    0.0203462700    
0.0044831771    0.6918002100    0.0169898060    
0.0047247656    0.5468580500    0.0146258470    
0.0049663541    0.4113387900    0.0119593420    
0.0052079426    0.3600620500    0.0115135150    
0.0054495312    0.2825824400    0.0094037549    
0.0056911197    0.2470119000    0.0082891765    
0.0059327082    0.2052869100    0.0075567157    
0.0061742967    0.1724348800    0.0066370215    
0.0064158853    0.1494588900    0.0061169451    
0.0066574738    0.1202573600    0.0051846630    
0.0068990623    0.1117470900    0.0050430756    
0.0071406509    0.1014575900    0.0047202342    
0.0073822394    0.0941890180    0.0043963669    
0.0076238279    0.0819504730    0.0040035426    
0.0078654164    0.0803542410    0.0040277941    
0.0081070050    0.0780075760    0.0037618594    
0.0083485935    0.0646173380    0.0033061106    
0.0085901820    0.0555571000    0.0030865056    
0.0088317705    0.0620997790    0.0031773011    
0.0090733591    0.0537610350    0.0029372791    
0.0093149476    0.0435131960    0.0025464172    
0.0095565361    0.0485798010    0.0026905863    
0.0097981247    0.0414269470    0.0024846232    
0.0100397130    0.0399169000    0.0023562201    
0.0102813020    0.0388624550    0.0023783436    
0.0105228900    0.0375524840    0.0021901054    
0.0107644790    0.0397691240    0.0022771734    
0.0110060670    0.0369328060    0.0021394600    
0.0112476560    0.0343617500    0.0020535074    
0.0114892440    0.0303996300    0.0019036987    
0.0117308330    0.0323565430    0.0019547303    
0.0119724210    0.0292840470    0.0018338382    
0.0122140100    0.0279670150    0.0017759072    
0.0124555980    0.0262018750    0.0016671854    
0.0126971870    0.0286436370    0.0017972616    
0.0129387760    0.0283662580    0.0016921891    
0.0131803640    0.0287902380    0.0017329687    
0.0134219530    0.0309541150    0.0017330977    
0.0136635410    0.0273820200    0.0016363887    
0.0139051300    0.0296312570    0.0017022712    
0.0141467180    0.0250349900    0.0015292554    
0.0143883070    0.0261234670    0.0015393401    
0.0146298950    0.0264862930    0.0015499931    
0.0148714840    0.0238384640    0.0014812501    
0.0151130720    0.0250349900    0.0015014989    
0.0153546610    0.0240335900    0.0014161929    
0.0155962490    0.0242686120    0.0014375485    
0.0158378380    0.0230842110    0.0013697959    
0.0160794260    0.0234906230    0.0013818014    
0.0163210150    0.0241797570    0.0013711082    
0.0165626030    0.0214816360    0.0013171236    
0.0168041920    0.0224115620    0.0012960941    
0.0170457800    0.0216969910    0.0012829700    
0.0172873690    0.0197131800    0.0012155668    
0.0175289580    0.0219241330    0.0012743143    
0.0177705460    0.0236759470    0.0013013478    
0.0180121350    0.0222377840    0.0012470330    
0.0182537230    0.0213413030    0.0012082133    
0.0184953120    0.0221097050    0.0012264258    
0.0187369000    0.0210892570    0.0011977893    
0.0189784890    0.0205828910    0.0011524206    
0.0192200770    0.0205739670    0.0011704121    
0.0194616660    0.0208624910    0.0011484423    
0.0197032540    0.0215686060    0.0011766639    
0.0199448430    0.0193860690    0.0011155429    
0.0201864310    0.0215579080    0.0011674262    
0.0204280200    0.0206599430    0.0011204427    
0.0206696080    0.0198980930    0.0010839182    
0.0209111970    0.0190537240    0.0010839285    
0.0211527850    0.0182546800    0.0010285347    
0.0213943740    0.0210759680    0.0011077283    
0.0216359620    0.0206274210    0.0011010103    
0.0218775510    0.0186306900    0.0010414872    
0.0221191400    0.0213863920    0.0010956581    
0.0223607280    0.0218225350    0.0010994034    
0.0226023170    0.0185705560    0.0010446754    
0.0228439050    0.0201461830    0.0010403444    
0.0230854940    0.0197926200    0.0010289693    
0.0233270820    0.0204008530    0.0010424349    
0.0235686710    0.0179129670    0.0009831018    
0.0238102590    0.0183624410    0.0009745772    
0.0240518480    0.0208454610    0.0010320041    
0.0242934360    0.0204066720    0.0010359918    
0.0245350250    0.0181093260    0.0009638622    
0.0247766130    0.0183961560    0.0009655478    
0.0250182020    0.0189831430    0.0009909120    
0.0252597900    0.0212403160    0.0010231100    
0.0255013790    0.0188247600    0.0009556824    
0.0257429670    0.0187031830    0.0009544428    
0.0259845560    0.0181813040    0.0009302365    
0.0262261450    0.0176207810    0.0009210530    
0.0264677330    0.0214585620    0.0010048893    
0.0267093220    0.0192862140    0.0009455844    
0.0269509100    0.0195497950    0.0009573576    
0.0271924990    0.0192150470    0.0009420952    
0.0274340870    0.0183091710    0.0009247528    
0.0276756760    0.0185728890    0.0009161331    
0.0279172640    0.0183709990    0.0009095000    
0.0281588530    0.0184029130    0.0008990411    
0.0284004410    0.0180162510    0.0008974534    
0.0286420300    0.0176793480    0.0008720579    
0.0288836180    0.0185785970    0.0009033223    
0.0291252070    0.0175329220    0.0008596222    
0.0293667950    0.0189057330    0.0009033509    
0.0296083840    0.0192609260    0.0009009881    
0.0298499720    0.0171426030    0.0008528764    
0.0300915610    0.0193873660    0.0009039406    
0.0303331490    0.0181130640    0.0008664653    
0.0305747380    0.0188973790    0.0008735317    
0.0308163270    0.0176860090    0.0008450702    
0.0310579150    0.0181850250    0.0008610859    
0.0312995040    0.0181343190    0.0008529666    
0.0315410920    0.0183589920    0.0008541376    
0.0317826810    0.0193488090    0.0008740901    
0.0320242690    0.0177880190    0.0008302736    
0.0322658580    0.0188559710    0.0008669985    
0.0325074460    0.0181407390    0.0008358811    
0.0327490350    0.0174173090    0.0008165360    
0.0329906230    0.0189261520    0.0008422027    
0.0332322120    0.0191934920    0.0008532548    
0.0334738000    0.0184993060    0.0008264881    
0.0337153890    0.0196230140    0.0008499671    
0.0339569770    0.0179085100    0.0008131836    
0.0341985660    0.0195539560    0.0008509767    
0.0344401540    0.0186139120    0.0008194318    
0.0346817430    0.0169224780    0.0007881584    
0.0349233310    0.0180484810    0.0008104007    
0.0351649200    0.0187937740    0.0008117674    
0.0354065090    0.0189358140    0.0008194328    
0.0356480970    0.0186210670    0.0008013231    
0.0358896860    0.0182649640    0.0008025165    
0.0361312740    0.0176959650    0.0007790214    
0.0363728630    0.0181793590    0.0007874354    
0.0366144510    0.0174759480    0.0007784406    
0.0368560400    0.0176994680    0.0007717335    
0.0370976280    0.0175865630    0.0007787461    
0.0373392170    0.0185394250    0.0007919650    
0.0375808050    0.0181139410    0.0007744962    
0.0378223940    0.0186768970    0.0007864392    
0.0380639820    0.0191267320    0.0007990307    
0.0383055710    0.0188083380    0.0007769653    
0.0385471590    0.0178220660    0.0007592456    
0.0387887480    0.0182220820    0.0007707120    
0.0390303360    0.0181232940    0.0007597680    
0.0392719250    0.0180137550    0.0007565066    
0.0395135140    0.0174418900    0.0007444017    
0.0397551020    0.0174716480    0.0007596369    
0.0399966910    0.0186691240    0.0007558907    
0.0402382790    0.0186054080    0.0007601964    
0.0404798680    0.0173224990    0.0007281189    
0.0407214560    0.0176368690    0.0007419887    
0.0409630450    0.0172342320    0.0007218625    
0.0412046330    0.0168940270    0.0007190576    
0.0414462220    0.0195284950    0.0007665605    
0.0416878100    0.0165999390    0.0007059012    
0.0419293990    0.0184168880    0.0007426406    
0.0421709870    0.0182856510    0.0007373486    
0.0424125760    0.0190614130    0.0007564291    
0.0426541640    0.0160689700    0.0006839408    
0.0428957530    0.0186741180    0.0007381593    
0.0431373410    0.0166511790    0.0006962208    
0.0433789300    0.0189197910    0.0007370104    
0.0436205180    0.0182904030    0.0007229917    
0.0438621070    0.0172546200    0.0007038306    
0.0441036960    0.0180331940    0.0007178901    
0.0443452840    0.0171869420    0.0006953093    
0.0445868730    0.0174842990    0.0007084995    
0.0448284610    0.0183141870    0.0007161414    
0.0450700500    0.0178179650    0.0007304654    
0.0453116380    0.0184753410    0.0007456041    
0.0455532270    0.0171040580    0.0007380946    
0.0457948150    0.0177595930    0.0007511507    
0.0460364040    0.0177224730    0.0007522771    
0.0462779920    0.0186444790    0.0007836859    
0.0465195810    0.0172939070    0.0007547680    
0.0467611690    0.0177635540    0.0007679854    
0.0470027580    0.0192908870    0.0008003209    
0.0472443460    0.0178426170    0.0007854774    
0.0474859350    0.0180170950    0.0007796759    
0.0477275230    0.0189648620    0.0008064680    
0.0479691120    0.0190857410    0.0008101446    
0.0482107000    0.0188989630    0.0008140359    
0.0484522890    0.0179267170    0.0007884161    
0.0486938780    0.0191981800    0.0008216063    
0.0489354660    0.0171143150    0.0007779234    
0.0491770550    0.0175461990    0.0007967319    
0.0494186430    0.0173854090    0.0007774991    
0.0496602320    0.0181355830    0.0007719017    
0.0499018200    0.0174670140    0.0007468356    
0.0501434090    0.0178644740    0.0007430642    
0.0503849970    0.0182761490    0.0007442623    
0.0506265860    0.0200757910    0.0007744405    
0.0508681740    0.0187910380    0.0007456996    
0.0511097630    0.0182339150    0.0007311134    
0.0513513510    0.0186490890    0.0007259148    
0.0515929400    0.0186741180    0.0007381593    
0.0518345280    0.0178014030    0.0007092249    
0.0520761170    0.0180968860    0.0007232970    
0.0523177050    0.0188850900    0.0007168682    
0.0525592940    0.0174340730    0.0007018693    
0.0528008830    0.0180659350    0.0006958738    
0.0530424710    0.0183985590    0.0007045172    
0.0532840600    0.0188963460    0.0007101682    
0.0535256480    0.0186828280    0.0007061445    
0.0537672370    0.0193404480    0.0007124146    
0.0540088250    0.0189475340    0.0007066238    
0.0542504140    0.0195336700    0.0007205103    
0.0544920020    0.0182143920    0.0006899193    
0.0547335910    0.0183641440    0.0006877426    
0.0549751790    0.0182142320    0.0006821284    
0.0552167680    0.0173043490    0.0006655519    
0.0554583560    0.0169486880    0.0006513910    
0.0556999450    0.0180421150    0.0006700673    
0.0559415330    0.0183472150    0.0006804605    
0.0561831220    0.0186525510    0.0006792859    
0.0564247100    0.0178786220    0.0006630814    
0.0566662990    0.0181296270    0.0006651115    
0.0569078870    0.0181416570    0.0006719132    
0.0571494760    0.0178612210    0.0006601697    
0.0573910650    0.0176995960    0.0006471613    
0.0576326530    0.0182116330    0.0006614763    
0.0578742420    0.0187403410    0.0006697251    
0.0581158300    0.0167447910    0.0006270974    
0.0583574190    0.0182498050    0.0006534479    
0.0585990070    0.0175812830    0.0006449947    
0.0588405960    0.0168550070    0.0006303415    
0.0590821840    0.0186952600    0.0006576970    
0.0593237730    0.0175663730    0.0006393058    
0.0595653610    0.0183308630    0.0006555103    
0.0598069500    0.0177892000    0.0006317130    
0.0600485380    0.0181866500    0.0006421929    
0.0602901270    0.0182878100    0.0006445606    
0.0605317150    0.0180009220    0.0006360313    
0.0607733040    0.0178184980    0.0006299790    
0.0610148920    0.0169076230    0.0006169679    
0.0612564810    0.0186535220    0.0006451455    
0.0614980690    0.0182948000    0.0006327389    
0.0617396580    0.0186503810    0.0006532943    
0.0619812470    0.0191417160    0.0006612396    
0.0622228350    0.0175696010    0.0006294963    
0.0624644240    0.0191208620    0.0006520160    
0.0627060120    0.0182339680    0.0006418661    
0.0629476010    0.0180096310    0.0006419740    
0.0631891890    0.0186632680    0.0006493782    
0.0634307780    0.0168168850    0.0006136568    
0.0636723660    0.0183738940    0.0006408632    
0.0639139550    0.0170389390    0.0006160441    
0.0641555430    0.0182092480    0.0006301570    
0.0643971320    0.0180981190    0.0006343387    
0.0646387200    0.0178760110    0.0006189957    
0.0648803090    0.0182092480    0.0006301570    
0.0651218970    0.0196883210    0.0006425041    
0.0653634860    0.0183504770    0.0006250197    
0.0656050740    0.0177701830    0.0006134948    
0.0658466630    0.0178222290    0.0006112974    
0.0660882520    0.0177539800    0.0006085986    
0.0663298400    0.0173947130    0.0006034159    
0.0665714290    0.0183617560    0.0006168752    
0.0668130170    0.0178791550    0.0006107403    
0.0670546060    0.0175904830    0.0006022867    
0.0672961940    0.0177944780    0.0006032893    
0.0675377830    0.0175888910    0.0005949531    
0.0677793710    0.0177772890    0.0006020150    
0.0680209600    0.0174329500    0.0005890048    
0.0682625480    0.0180188140    0.0005992968    
0.0685041370    0.0184791500    0.0006049802    
0.0687457250    0.0180740410    0.0006065251    
0.0689873140    0.0171770040    0.0005823550    
0.0692289020    0.0188552170    0.0006101405    
0.0694704910    0.0183327090    0.0006011532    
0.0697120790    0.0171209550    0.0005791249    
0.0699536680    0.0179160350    0.0005952204    
0.0701952560    0.0179470070    0.0005952647    
0.0704368450    0.0182993850    0.0006029852    
0.0706784340    0.0181078320    0.0006056165    
0.0709200220    0.0181891740    0.0006016444    
0.0711616110    0.0177629210    0.0005940809    
0.0714031990    0.0184128310    0.0006097098    
0.0716447880    0.0193062990    0.0006273704    
0.0718863760    0.0185877850    0.0006072365    
0.0721279650    0.0171507200    0.0005778224    
0.0723695530    0.0186799540    0.0005997772    
0.0726111420    0.0176258800    0.0005862281    
0.0728527300    0.0184827150    0.0005916173    
0.0730943190    0.0184690640    0.0005954665    
0.0733359070    0.0181314010    0.0005864114    
0.0735774960    0.0177729310    0.0005827974    
0.0738190840    0.0184862250    0.0005881252    
0.0740606730    0.0185694970    0.0005907744    
0.0743022610    0.0186538910    0.0005925604    
0.0745438500    0.0190467390    0.0005960844    
0.0747854380    0.0179447880    0.0005726412    
0.0750270270    0.0179405040    0.0005772263    
0.0752686160    0.0177165120    0.0005665116    
0.0755102040    0.0185491470    0.0005805118    
0.0757517930    0.0171658040    0.0005604834    
0.0759933810    0.0188826230    0.0005786121    
0.0762349700    0.0187398540    0.0005839123    
0.0764765580    0.0183387550    0.0005722484    
0.0767181470    0.0184468340    0.0005731153    
0.0769597350    0.0177594150    0.0005579868    
0.0772013240    0.0182961430    0.0005651697    
0.0774429120    0.0183440080    0.0005631661    
0.0776845010    0.0180389100    0.0005561634    
0.0779260890    0.0182640840    0.0005631058    
0.0781676780    0.0180827280    0.0005564575    
0.0784092660    0.0184151610    0.0005627050    
0.0786508550    0.0190807220    0.0005681202    
0.0788924430    0.0192417690    0.0005759873    
0.0791340320    0.0179428760    0.0005524155    
0.0793756210    0.0186565390    0.0005648312    
0.0796172090    0.0188181350    0.0005615477    
0.0798587980    0.0192458620    0.0005732914    
0.0801003860    0.0185715960    0.0005627756    
0.0803419750    0.0192819160    0.0005654059    
0.0805835630    0.0183634850    0.0005562139    
0.0808251520    0.0183309890    0.0005549751    
0.0810667400    0.0178773350    0.0005480649    
0.0813083290    0.0187680390    0.0005548887    
0.0815499170    0.0195110750    0.0005741035    
0.0817915060    0.0183178780    0.0005525560    
0.0820330940    0.0185396010    0.0005500615    
0.0822746830    0.0172587210    0.0005321092    
0.0825162710    0.0186461900    0.0005505647    
0.0827578600    0.0180153750    0.0005429373    
0.0829994480    0.0181623270    0.0005381578    
0.0832410370    0.0180499990    0.0005427497    
0.0834826250    0.0180507060    0.0005365015    
0.0837242140    0.0189350940    0.0005484403    
0.0839658030    0.0179140680    0.0005348079    
0.0842073910    0.0183082240    0.0005389436    
0.0844489800    0.0186430770    0.0005404358    
0.0846905680    0.0181357040    0.0005290729    
0.0849321570    0.0186578550    0.0005426914    
0.0851737450    0.0175830000    0.0005203073    
0.0854153340    0.0177552010    0.0005260945    
0.0856569220    0.0183302870    0.0005309225    
0.0858985110    0.0184856850    0.0005388245    
0.0861400990    0.0192837080    0.0005445550    
0.0863816880    0.0180326290    0.0005285457    
0.0866232760    0.0180283410    0.0005327863    
0.0868648650    0.0175030170    0.0005181674    
0.0871064530    0.0185215710    0.0005346717    
0.0873480420    0.0184268460    0.0005290791    
0.0875896300    0.0180893060    0.0005254879    
0.0878312190    0.0199640340    0.0005513748    
0.0880728080    0.0181783690    0.0005245458    
0.0883143960    0.0180203550    0.0005219456    
0.0885559850    0.0193853660    0.0005433251    
0.0887975730    0.0178110380    0.0005182798    
0.0890391620    0.0181194130    0.0005230624    
0.0892807500    0.0181840970    0.0005221092    
0.0895223390    0.0192462080    0.0005358587    
0.0897639270    0.0181724570    0.0005173162    
0.0900055160    0.0184951160    0.0005231209    
0.0902471040    0.0180974030    0.0005196200    
0.0904886930    0.0194358290    0.0005337419    
0.0907302810    0.0193020060    0.0005272906    
0.0909718700    0.0186195870    0.0005270633    
0.0912134580    0.0185091440    0.0005169426    
0.0914550470    0.0188280900    0.0005281211    
0.0916966350    0.0175129420    0.0005028387    
0.0919382240    0.0188998180    0.0005241866    
0.0921798120    0.0175991380    0.0005026274    
0.0924214010    0.0178862370    0.0005067106    
0.0926629900    0.0183646690    0.0005105238    
0.0929045780    0.0187038030    0.0005205552    
0.0931461670    0.0178275180    0.0005024328    
0.0933877550    0.0186412630    0.0005146458    
0.0936293440    0.0180601380    0.0005085850    
0.0938709320    0.0179065760    0.0005052633    
0.0941125210    0.0185797790    0.0005106185    
0.0943541090    0.0189446390    0.0005156078    
0.0945956980    0.0183467890    0.0005082623    
0.0948372860    0.0180374590    0.0005014276    
0.0950788750    0.0182564130    0.0005030632    
0.0953204630    0.0180777210    0.0005025468    
0.0955620520    0.0187135850    0.0005104549    
0.0958036400    0.0181007390    0.0004995327    
0.0960452290    0.0195758180    0.0005194883    
0.0962868170    0.0193743000    0.0005190993    
0.0965284060    0.0189554570    0.0005111907    
0.0967699940    0.0181558820    0.0005002930    
0.0970115830    0.0186614650    0.0005019861    
0.0972531720    0.0190276790    0.0005085361    
0.0974947600    0.0200171420    0.0005210254    
0.0977363490    0.0195165240    0.0005125290    
0.0979779370    0.0184032940    0.0004995807    
0.0982195260    0.0191292300    0.0005096147    
0.0984611140    0.0194001040    0.0005101759    
0.0987027030    0.0194552250    0.0005114486    
0.0989442910    0.0199472340    0.0005181537    
0.0991858800    0.0193914180    0.0005092436    
0.0994274680    0.0203011490    0.0005188395    
0.0996690570    0.0205485730    0.0005184341    
0.0999106450    0.0199721810    0.0005151646    
0.1001522300    0.0198422570    0.0005094461    
0.1003938200    0.0207922180    0.0005234164    
0.1006354100    0.0201220690    0.0005127578    
0.1008770000    0.0190386630    0.0004998075    
0.1011185900    0.0195372640    0.0005063099    
0.1013601800    0.0205381580    0.0005196620    
0.1016017700    0.0213899990    0.0005267450    
0.1018433500    0.0211427670    0.0005354745    
0.1020849400    0.0212156200    0.0005438115    
0.1023265300    0.0211692930    0.0005475020    
0.1025681200    0.0215446690    0.0005495445    
0.1028097100    0.0215699390    0.0005580507    
0.1030513000    0.0224035530    0.0005707101    
0.1032928800    0.0223537270    0.0005754470    
0.1035344700    0.0219921420    0.0005631611    
0.1037760600    0.0219317250    0.0005720238    
0.1040176500    0.0212887680    0.0005659425    
0.1042592400    0.0213872070    0.0005689616    
0.1045008300    0.0198754490    0.0005451982    
0.1047424200    0.0223396170    0.0005832579    
0.1049840000    0.0206061950    0.0005629184    
0.1052255900    0.0205169320    0.0005634309    
0.1054671800    0.0210458980    0.0005671533    
0.1057087700    0.0200001060    0.0005566333    
0.1059503600    0.0186357710    0.0005393184    
0.1061919500    0.0192049230    0.0005471510    
0.1064335400    0.0185834370    0.0005249894    
0.1066751200    0.0183589920    0.0005139531    
0.1069167100    0.0189407580    0.0005205391    
0.1071583000    0.0186926060    0.0005104527    
0.1073998900    0.0197593640    0.0005230714    
0.1076414800    0.0189939990    0.0005165687    
0.1078830700    0.0193154360    0.0005134833    
0.1081246600    0.0182650420    0.0005023483    
0.1083662400    0.0190389880    0.0005064922    
0.1086078300    0.0188382100    0.0005093269    
0.1088494200    0.0188366160    0.0005027121    
0.1090910100    0.0194701760    0.0005097324    
0.1093326000    0.0172181570    0.0004768128    
0.1095741900    0.0184510260    0.0004948951    
0.1098157700    0.0175531190    0.0004779124    
0.1100573600    0.0194100390    0.0005062532    
0.1102989500    0.0184454690    0.0004891476    
0.1105405400    0.0181024230    0.0004843268    
0.1107821300    0.0189659010    0.0004980690    
0.1110237200    0.0196227120    0.0005016644    
0.1112653100    0.0188417100    0.0004966951    
0.1115068900    0.0185091000    0.0004852369    
0.1117484800    0.0183260180    0.0004820967    
0.1119900700    0.0184177010    0.0004813543    
0.1122316600    0.0178893750    0.0004760777    
0.1124732500    0.0190581680    0.0004886710    
0.1127148400    0.0187574850    0.0004843162    
0.1129564300    0.0184362300    0.0004818386    
0.1131980100    0.0187762420    0.0004838338    
0.1134396000    0.0188952770    0.0004865781    
0.1136811900    0.0176790910    0.0004694851    
0.1139227800    0.0195431240    0.0004916606    
0.1141643700    0.0192089310    0.0004838660    
0.1144059600    0.0186908400    0.0004775287    
0.1146475500    0.0184494310    0.0004769987    
0.1148891300    0.0183734220    0.0004700330    
0.1151307200    0.0186472590    0.0004786071    
0.1153723100    0.0195263320    0.0004840909    
0.1156139000    0.0190080480    0.0004815637    
0.1158554900    0.0185015260    0.0004700909    
0.1160970800    0.0177706980    0.0004653993    
0.1163386700    0.0173494400    0.0004560907    
0.1165802500    0.0185129680    0.0004706856    
0.1168218400    0.0182684570    0.0004644690    
0.1170634300    0.0191430120    0.0004759058    
0.1173050200    0.0188357360    0.0004734151    
0.1175466100    0.0188945550    0.0004728073    
0.1177882000    0.0187586780    0.0004686741    
0.1180297800    0.0179675280    0.0004588991    
0.1182713700    0.0180020250    0.0004612872    
0.1185129600    0.0185717080    0.0004658970    
0.1187545500    0.0183162970    0.0004618206    
0.1189961400    0.0177263500    0.0004534795    
0.1192377300    0.0194474370    0.0004723648    
0.1194793200    0.0184787510    0.0004598184    
0.1197209000    0.0177627030    0.0004510276    
0.1199624900    0.0172757400    0.0004439905    
0.1202040800    0.0179946020    0.0004498650    
0.1204456700    0.0175452020    0.0004492866    
0.1206872600    0.0183935130    0.0004550286    
0.1209288500    0.0183765050    0.0004581259    
0.1211704400    0.0184200530    0.0004563839    
0.1214120200    0.0192533660    0.0004649161    
0.1216536100    0.0183068360    0.0004523310    
0.1218952000    0.0184002750    0.0004510738    
0.1221367900    0.0188211080    0.0004594616    
0.1223783800    0.0188481820    0.0004567327    
0.1226199700    0.0181353200    0.0004496053    
0.1228615600    0.0181475860    0.0004493574    
0.1231031400    0.0184041600    0.0004521211    
0.1233447300    0.0188095330    0.0004568706    
0.1235863200    0.0182948000    0.0004525866    
0.1238279100    0.0184750780    0.0004498096    
0.1240695000    0.0184112850    0.0004478584    
0.1243110900    0.0182755420    0.0004460103    
0.1245526800    0.0192686260    0.0004591674    
0.1247942600    0.0183022580    0.0004440256    
0.1250358500    0.0184719970    0.0004480117    
0.1252774400    0.0181866110    0.0004435759    
0.1255190300    0.0177376020    0.0004369345    
0.1257606200    0.0178759370    0.0004403421    
0.1260022100    0.0178341820    0.0004394469    
0.1262437900    0.0179374410    0.0004392001    
0.1264853800    0.0182989250    0.0004430330    
0.1267269700    0.0185373590    0.0004436349    
0.1269685600    0.0183299480    0.0004413333    
0.1272101500    0.0182236870    0.0004400522    
0.1274517400    0.0182053060    0.0004428480    
0.1276933300    0.0184782070    0.0004395837    
0.1279349100    0.0179785060    0.0004387612    
0.1281765000    0.0176140560    0.0004333655    
0.1284180900    0.0172629650    0.0004266690    
0.1286596800    0.0189565790    0.0004484331    
0.1289012700    0.0182178020    0.0004381254    
0.1291428600    0.0186757210    0.0004445341    
0.1293844500    0.0182451340    0.0004358931    
0.1296260300    0.0186133360    0.0004422980    
0.1298676200    0.0183821140    0.0004395422    
0.1301092100    0.0180946990    0.0004339119    
0.1303508000    0.0186157610    0.0004390217    
0.1305923900    0.0186864540    0.0004442864    
0.1308339800    0.0194168190    0.0004515539    
0.1310755700    0.0186304480    0.0004404718    
0.1313171500    0.0185325300    0.0004384019    
0.1315587400    0.0183831310    0.0004360896    
0.1318003300    0.0189271180    0.0004437804    
0.1320419200    0.0175019750    0.0004232422    
0.1322835100    0.0188020410    0.0004404847    
0.1325251000    0.0180647860    0.0004315844    
0.1327666900    0.0187711080    0.0004390377    
0.1330082700    0.0181241820    0.0004314059    
0.1332498600    0.0186577640    0.0004384301    
0.1334914500    0.0181259150    0.0004342860    
0.1337330400    0.0181731730    0.0004291811    
0.1339746300    0.0173554200    0.0004204364    
0.1342162200    0.0183895230    0.0004326049    
0.1344578000    0.0177621410    0.0004265508    
0.1346993900    0.0175467550    0.0004213784    
0.1349409800    0.0185766580    0.0004360430    
0.1351825700    0.0190031910    0.0004378104    
0.1354241600    0.0187610630    0.0004357151    
0.1356657500    0.0179748790    0.0004270061    
0.1359073400    0.0181960630    0.0004322605    
0.1361489200    0.0180304330    0.0004262859    
0.1363905100    0.0178303860    0.0004235736    
0.1366321000    0.0183288300    0.0004292807    
0.1368736900    0.0186907810    0.0004334987    
0.1371152800    0.0179646460    0.0004229611    
0.1373568700    0.0176871100    0.0004213606    
0.1375984600    0.0188216320    0.0004357139    
0.1378400400    0.0183791010    0.0004298690    
0.1380816300    0.0178309620    0.0004212169    
0.1383232200    0.0183087210    0.0004290452    
0.1385648100    0.0179611960    0.0004251245    
0.1388064000    0.0177942830    0.0004201161    
0.1390479900    0.0179945130    0.0004206439    
0.1392895800    0.0185656110    0.0004315251    
0.1395311600    0.0184312720    0.0004262207    
0.1397727500    0.0181947210    0.0004234767    
0.1400143400    0.0183576790    0.0004252015    
0.1402559300    0.0181433350    0.0004269315    
0.1404975200    0.0189778200    0.0004319840    
0.1407391100    0.0189978340    0.0004325517    
0.1409806900    0.0185214970    0.0004301513    
0.1412222800    0.0179632910    0.0004194558    
0.1414638700    0.0195481380    0.0004384269    
0.1417054600    0.0185196960    0.0004234249    
0.1419470500    0.0184348560    0.0004271037    
0.1421886400    0.0174759750    0.0004117983    
0.1424302300    0.0191518650    0.0004322658    
0.1426718100    0.0185705560    0.0004264869    
0.1429134000    0.0184786710    0.0004246007    
0.1431549900    0.0182322160    0.0004227494    
0.1433965800    0.0187468120    0.0004288418    
0.1436381700    0.0182776720    0.0004206490    
0.1438797600    0.0174568310    0.0004107774    
0.1441213500    0.0181799400    0.0004198477    
0.1443629300    0.0181141200    0.0004184393    
0.1446045200    0.0176387280    0.0004132312    
0.1448461100    0.0179291570    0.0004166193    
0.1450877000    0.0190296520    0.0004265838    
0.1453292900    0.0185768570    0.0004250652    
0.1455708800    0.0181075520    0.0004173976    
0.1458124700    0.0177282200    0.0004167023    
0.1460540500    0.0188900380    0.0004232414    
0.1462956400    0.0187185580    0.0004242183    
0.1465372300    0.0184513610    0.0004198917    
0.1467788200    0.0179992610    0.0004142416    
0.1470204100    0.0186615780    0.0004222768    
0.1472620000    0.0185045370    0.0004200156    
0.1475035900    0.0185148670    0.0004194943    
0.1477451700    0.0184503660    0.0004205229    
0.1479867600    0.0183596240    0.0004169413    
0.1482283500    0.0192894110    0.0004301431    
0.1484699400    0.0181294410    0.0004152627    
0.1487115300    0.0176278480    0.0004107282    
0.1489531200    0.0195422380    0.0004272612    
0.1491947000    0.0186150320    0.0004201493    
0.1494362900    0.0187152040    0.0004192190    
0.1496778800    0.0189936910    0.0004237594    
0.1499194700    0.0180975830    0.0004130189    
0.1501610600    0.0190932010    0.0004250286    
0.1504026500    0.0190337070    0.0004221382    
0.1506442400    0.0188191430    0.0004235710    
0.1508858200    0.0186579740    0.0004201564    
0.1511274100    0.0189020700    0.0004197352    
0.1513690000    0.0180072970    0.0004096802    
0.1516105900    0.0186215320    0.0004178552    
0.1518521800    0.0174534450    0.0004039327    
0.1520937700    0.0194737250    0.0004255599    
0.1523353600    0.0181615440    0.0004112780    
0.1525769400    0.0186965430    0.0004186959    
0.1528185300    0.0182429860    0.0004131223    
0.1530601200    0.0185340880    0.0004154748    
0.1533017100    0.0175809630    0.0004067750    
0.1535433000    0.0182223710    0.0004101392    
0.1537848900    0.0180152300    0.0004076512    
0.1540264800    0.0188735280    0.0004181745    
0.1542680600    0.0184293050    0.0004129185    
0.1545096500    0.0192435860    0.0004199295    
0.1547512400    0.0189844040    0.0004190910    
0.1549928300    0.0180602970    0.0004084619    
0.1552344200    0.0187578070    0.0004158147    
0.1554760100    0.0181166980    0.0004087976    
0.1557176000    0.0183627090    0.0004130887    
0.1559591800    0.0179058200    0.0004061123    
0.1562007700    0.0181162290    0.0004061077    
0.1564423600    0.0186900080    0.0004118901    
0.1566839500    0.0189243780    0.0004185826    
0.1569255400    0.0183334280    0.0004091305    
0.1571671300    0.0189681160    0.0004163039    
0.1574087100    0.0192868840    0.0004175080    
0.1576503000    0.0188871800    0.0004178621    
0.1578918900    0.0187131140    0.0004108062    
0.1581334800    0.0182379530    0.0004079150    
0.1583750700    0.0189548020    0.0004166142    
0.1586166600    0.0194332910    0.0004317443    
0.1588582500    0.0183934440    0.0004195525    
0.1590998300    0.0185313770    0.0004260368    
0.1593414200    0.0185528930    0.0004291479    
0.1595830100    0.0190322130    0.0004370893    
0.1598246000    0.0182363500    0.0004269977    
0.1600661900    0.0180321240    0.0004287291    
0.1603077800    0.0192600600    0.0004452672    
0.1605493700    0.0189311620    0.0004421769    
0.1607909500    0.0183922060    0.0004369200    
0.1610325400    0.0183821140    0.0004395422    
0.1612741300    0.0185237880    0.0004414181    
0.1615157200    0.0183413120    0.0004410958    
0.1617573100    0.0185901280    0.0004446432    
0.1619989000    0.0185492410    0.0004477829    
0.1622404900    0.0189100900    0.0004499852    
0.1624820700    0.0183393310    0.0004475671    
0.1627236600    0.0181677530    0.0004443069    
0.1629652500    0.0183373170    0.0004457954    
0.1632068400    0.0188236170    0.0004451633    
0.1634484300    0.0189139650    0.0004392661    
0.1636900200    0.0189594250    0.0004392570    
0.1639316100    0.0179825970    0.0004250362    
0.1641731900    0.0190771430    0.0004374295    
0.1644147800    0.0181740600    0.0004235699    
0.1646563700    0.0185227110    0.0004291391    
0.1648979600    0.0178863260    0.0004182291    
0.1651395500    0.0181938030    0.0004237999    
0.1653811400    0.0187518510    0.0004277278    
0.1656227200    0.0184805530    0.0004267901    
0.1658643100    0.0186598000    0.0004255174    
0.1661059000    0.0182486290    0.0004203147    
0.1663474900    0.0183704500    0.0004188102    
0.1665890800    0.0184709370    0.0004197940    
0.1668306700    0.0184534280    0.0004216894    
0.1670722600    0.0191769550    0.0004277417    
0.1673138400    0.0182852670    0.0004175197    
0.1675554300    0.0191727240    0.0004254307    
0.1677970200    0.0185761910    0.0004206679    
0.1680386100    0.0183704500    0.0004188102    
0.1682802000    0.0178848300    0.0004107387    
0.1685217900    0.0182515570    0.0004135285    
0.1687633800    0.0181545740    0.0004119661    
0.1690049600    0.0185774010    0.0004194068    
0.1692465500    0.0175946500    0.0004030131    
0.1694881400    0.0191223910    0.0004229624    
0.1697297300    0.0178369650    0.0004072833    
0.1699713200    0.0177761570    0.0004085663    
0.1702129100    0.0186103250    0.0004141768    
0.1704545000    0.0174466640    0.0004020566    
0.1706960800    0.0182811470    0.0004132454    
0.1709376700    0.0180777820    0.0004062679    
0.1711792600    0.0189371940    0.0004173376    
0.1714208500    0.0174207870    0.0003980919    
0.1716624400    0.0184768910    0.0004125375    
0.1719040300    0.0182105560    0.0004059843    
0.1721456200    0.0183656830    0.0004093410    
0.1723872000    0.0187944890    0.0004140921    
0.1726287900    0.0182254720    0.0004073303    
0.1728703800    0.0179121780    0.0004046981    
0.1731119700    0.0186812070    0.0004111971    
0.1733535600    0.0179520080    0.0004032378    
0.1735951500    0.0179435330    0.0004008290    
0.1738367300    0.0182892500    0.0004061271    
0.1740783200    0.0180480650    0.0004015642    
0.1743199100    0.0179524870    0.0004009290    
0.1745615000    0.0170109540    0.0003894391    
0.1748030900    0.0187584870    0.0004080826    
0.1750446800    0.0180909120    0.0004052349    
0.1752862700    0.0182546800    0.0004017114    
0.1755278500    0.0172808700    0.0003963461    
0.1757694400    0.0192201250    0.0004130734    
0.1760110300    0.0188341520    0.0004096317    
0.1762526200    0.0176479050    0.0003944220    
0.1764942100    0.0179591160    0.0003983055    
0.1767358000    0.0181102300    0.0003996957    
0.1769773900    0.0181042500    0.0003987875    
0.1772189700    0.0177272410    0.0003953075    
0.1774605600    0.0186166710    0.0004062491    
0.1777021500    0.0181521250    0.0003994546    
0.1779437400    0.0174963440    0.0003923105    
0.1781853300    0.0178391980    0.0003971136    
0.1784269200    0.0188022840    0.0004040000    
0.1786685100    0.0182659470    0.0003991663    
0.1789100900    0.0182001770    0.0003970659    
0.1791516800    0.0177939660    0.0003932908    
0.1793932700    0.0180933910    0.0003967238    
0.1796348600    0.0182331280    0.0003964660    
0.1798764500    0.0180089850    0.0003940216    
0.1801180400    0.0178833680    0.0003927803    
0.1803596200    0.0181818360    0.0003986631    
0.1806012100    0.0178342040    0.0003917005    
0.1808428000    0.0183205920    0.0003968695    
0.1810843900    0.0183362070    0.0003958172    
0.1813259800    0.0169414860    0.0003811168    
0.1815675700    0.0183105740    0.0003955404    
0.1818091600    0.0178333770    0.0003900861    
0.1820507400    0.0180286100    0.0003924831    
0.1822923300    0.0182358880    0.0003939271    
0.1825339200    0.0179114900    0.0003916074    
0.1827755100    0.0177741630    0.0003885121    
0.1830171000    0.0177625920    0.0003914517    
0.1832586900    0.0182434030    0.0003928084    
0.1835002800    0.0174838130    0.0003849342    
0.1837418600    0.0181229720    0.0003908501    
0.1839834500    0.0182836950    0.0003940415    
0.1842250400    0.0178543460    0.0003885973    
0.1844666300    0.0178773120    0.0003884537    
0.1847082200    0.0177689420    0.0003870136    
0.1849498100    0.0182525680    0.0003926419    
0.1851914000    0.0178248440    0.0003899927    
0.1854329800    0.0182863540    0.0003930051    
0.1856745700    0.0181372490    0.0003917963    
0.1859161600    0.0185092020    0.0003930130    
0.1861577500    0.0178582930    0.0003860407    
0.1863993400    0.0177359140    0.0003857457    
0.1866409300    0.0177871440    0.0003845027    
0.1868825200    0.0180197830    0.0003902617    
0.1871241000    0.0180235290    0.0003871777    
0.1873656900    0.0180406610    0.0003894373    
0.1876072800    0.0178159050    0.0003840491    
0.1878488700    0.0183589920    0.0003933869    
0.1880904600    0.0182057400    0.0003908215    
0.1883320500    0.0169378640    0.0003740948    
0.1885736300    0.0178264390    0.0003845443    
0.1888152200    0.0182705680    0.0003891762    
0.1890568100    0.0179678550    0.0003869652    
0.1892984000    0.0178361930    0.0003835075    
0.1895399900    0.0182283940    0.0003889844    
0.1897815800    0.0178382600    0.0003847993    
0.1900231700    0.0184110100    0.0003909281    
0.1902647500    0.0181569730    0.0003871960    
0.1905063400    0.0184543160    0.0003928229    
0.1907479300    0.0174980180    0.0003804816    
0.1909895200    0.0184109780    0.0003887427    
0.1912311100    0.0177598640    0.0003823085    
0.1914727000    0.0177495450    0.0003818210    
0.1917142900    0.0175492800    0.0003807869    
0.1919558700    0.0176430880    0.0003785687    
0.1921974600    0.0180780720    0.0003864813    
0.1924390500    0.0180881940    0.0003872290    
0.1926806400    0.0181758630    0.0003866330    
0.1929222300    0.0175756520    0.0003808217    
0.1931638200    0.0181268260    0.0003835990    
0.1934054100    0.0180661470    0.0003862263    
0.1936469900    0.0182235220    0.0003848704    
0.1938885800    0.0178973890    0.0003834079    
0.1941301700    0.0172949780    0.0003751808    
0.1943717600    0.0175310680    0.0003795884    
0.1946133500    0.0172387940    0.0003729978    
0.1948549400    0.0175735810    0.0003791780    
0.1950965300    0.0176780010    0.0003799305    
0.1953381100    0.0180056210    0.0003831851    
0.1955797000    0.0180680910    0.0003846016    
0.1958212900    0.0184523740    0.0003865272    
0.1960628800    0.0177270410    0.0003789768    
0.1963044700    0.0175164170    0.0003761105    
0.1965460600    0.0174752430    0.0003787350    
0.1967876400    0.0177351270    0.0003775996    
0.1970292300    0.0181640610    0.0003825073    
0.1972708200    0.0172074910    0.0003739875    
0.1975124100    0.0172907030    0.0003746475    
0.1977540000    0.0177986930    0.0003799879    
0.1979955900    0.0175163910    0.0003767184    
0.1982371800    0.0177588900    0.0003801793    
0.1984787600    0.0174990280    0.0003731654    
0.1987203500    0.0179752830    0.0003803920    
0.1989619400    0.0176518440    0.0003771968    
0.1992035300    0.0177685800    0.0003777131    
0.1994451200    0.0179441540    0.0003798183    
0.1996867100    0.0181876080    0.0003816515    
0.1999283000    0.0175100220    0.0003751956    
0.2001698800    0.0171440510    0.0003717318    
0.2004114700    0.0178033800    0.0003799149    
0.2006530600    0.0178627600    0.0003775040    
0.2008946500    0.0186640490    0.0003867418    
0.2011362400    0.0174359290    0.0003713135    
0.2013778300    0.0175904170    0.0003760559    
0.2016194200    0.0182850490    0.0003806083    
0.2018610000    0.0181092280    0.0003803419    
0.2021025900    0.0176477470    0.0003758244    
0.2023441800    0.0178764480    0.0003772881    
0.2025857700    0.0183813310    0.0003829444    
0.2028273600    0.0176982570    0.0003773281    
0.2030689500    0.0181331930    0.0003805935    
0.2033105400    0.0181562900    0.0003786672    
0.2035521200    0.0175021970    0.0003733178    
0.2037937100    0.0174467050    0.0003721342    
0.2040353000    0.0181224620    0.0003801172    
0.2042768900    0.0185189250    0.0003829135    
0.2045184800    0.0178888660    0.0003748055    
0.2047600700    0.0179515690    0.0003782003    
0.2050016500    0.0181136450    0.0003802670    
0.2052432400    0.0180073440    0.0003787873    
0.2054848300    0.0184522410    0.0003818613    
0.2057264200    0.0188162600    0.0003880672    
0.2059680100    0.0175150930    0.0003704047    
0.2062096000    0.0184804600    0.0003817918    
0.2064511900    0.0185522940    0.0003818120    
0.2066927700    0.0179319650    0.0003770349    
0.2069343600    0.0182741190    0.0003801338    
0.2071759500    0.0181361430    0.0003785764    
0.2074175400    0.0181053800    0.0003780167    
0.2076591300    0.0187329700    0.0003839078    
0.2079007200    0.0177211280    0.0003763644    
0.2081423100    0.0180860540    0.0003766294    
0.2083838900    0.0182760150    0.0003794351    
0.2086254800    0.0185233630    0.0003825965    
0.2088670700    0.0176708320    0.0003728654    
0.2091086600    0.0180949100    0.0003786242    
0.2093502500    0.0174679160    0.0003704856    
0.2095918400    0.0181328940    0.0003795021    
0.2098334300    0.0176684990    0.0003738999    
0.2100750100    0.0179082990    0.0003776240    
0.2103166000    0.0192429560    0.0003918169    
0.2105581900    0.0186858770    0.0003831842    
0.2107997800    0.0182556730    0.0003809056    
0.2110413700    0.0175260650    0.0003712183    
0.2112829600    0.0177317890    0.0003759977    
0.2115245400    0.0179516890    0.0003754631    
0.2117661300    0.0188955320    0.0003876465    
0.2120077200    0.0180002990    0.0003765621    
0.2122493100    0.0182910990    0.0003829809    
0.2124909000    0.0187683300    0.0003853615    
0.2127324900    0.0178660980    0.0003785054    
0.2129740800    0.0176712930    0.0003734576    
0.2132156600    0.0180106700    0.0003770267    
0.2134572500    0.0179968810    0.0003783162    
0.2136988400    0.0180772960    0.0003789198    
0.2139404300    0.0179506540    0.0003756880    
0.2141820200    0.0185779290    0.0003838874    
0.2144236100    0.0182855950    0.0003819458    
0.2146652000    0.0179367030    0.0003778032    
0.2149067800    0.0174077570    0.0003705456    
0.2151483700    0.0184998820    0.0003877777    
0.2153899600    0.0176428340    0.0003834493    
0.2156315500    0.0181176500    0.0003923813    
0.2158731400    0.0183995190    0.0003969065    
0.2161147300    0.0168977400    0.0003851352    
0.2163563200    0.0177838400    0.0003960776    
0.2165979000    0.0179972560    0.0004014286    
0.2168394900    0.0181396070    0.0004033016    
0.2170810800    0.0180288610    0.0004066086    
0.2173226700    0.0183962300    0.0004104298    
0.2175642600    0.0175818950    0.0004034625    
0.2178058500    0.0170786390    0.0003991251    
0.2180474400    0.0171326730    0.0004017064    
0.2182890200    0.0172067700    0.0004057930    
0.2185306100    0.0184030790    0.0004169616    
0.2187722000    0.0179236570    0.0004167166    
0.2190137900    0.0168411940    0.0004031579    
0.2192553800    0.0174831940    0.0004146244    
0.2194969700    0.0171205150    0.0004077469    
0.2197385500    0.0177834750    0.0004130112    
0.2199801400    0.0175601760    0.0004060767    
0.2202217300    0.0174268580    0.0004006439    
0.2204633200    0.0172161170    0.0003963230    
0.2207049100    0.0173083630    0.0003948020    
0.2209465000    0.0170562120    0.0003919157    
0.2211880900    0.0176707080    0.0003969192    
0.2214296700    0.0176471780    0.0003960910    
0.2216712600    0.0169500350    0.0003876383    
0.2219128500    0.0174010810    0.0003916541    
0.2221544400    0.0182331640    0.0004028998    
0.2223960300    0.0177625010    0.0003957005    
0.2226376200    0.0178181790    0.0003994264    
0.2228792100    0.0174398080    0.0003922278    
0.2231207900    0.0172545590    0.0003901391    
0.2233623800    0.0167858120    0.0003823856    
0.2236039700    0.0170677140    0.0003872032    
0.2238455600    0.0175279720    0.0003904758    
0.2240871500    0.0174494230    0.0003902785    
0.2243287400    0.0172342320    0.0003858518    
0.2245703300    0.0178133580    0.0003948786    
0.2248119100    0.0168994910    0.0003840793    
0.2250535000    0.0173849250    0.0003894208    
0.2252950900    0.0170005860    0.0003865767    
0.2255366800    0.0173226250    0.0003865733    
0.2257782700    0.0169384940    0.0003831885    
0.2260198600    0.0167789530    0.0003800659    
0.2262614500    0.0172922090    0.0003857025    
0.2265030300    0.0173477550    0.0003857915    
0.2267446200    0.0173412250    0.0003871812    
0.2269862100    0.0172072920    0.0003830469    
0.2272278000    0.0173272990    0.0003854320    
0.2274693900    0.0167865650    0.0003782063    
0.2277109800    0.0169068590    0.0003829632    
0.2279525600    0.0172434880    0.0003831886    
0.2281941500    0.0173858850    0.0003856869    
0.2284357400    0.0173811430    0.0003851082    
0.2286773300    0.0168818650    0.0003808370    
0.2289189200    0.0171935220    0.0003819840    
0.2291605100    0.0169647250    0.0003816395    
0.2294021000    0.0172349720    0.0003830940    
0.2296436800    0.0173199130    0.0003874788    
0.2298852700    0.0175687120    0.0003865225    
0.2301268600    0.0173092130    0.0003876276    
0.2303684500    0.0175622420    0.0003881692    
0.2306100400    0.0169136730    0.0003814575    
0.2308516300    0.0166642900    0.0003778566    
0.2310932200    0.0175123730    0.0003893562    
0.2313348000    0.0172587100    0.0003846684    
0.2315763900    0.0170708730    0.0003829630    
0.2318179800    0.0177049250    0.0003918976    
0.2320595700    0.0171545600    0.0003841643    
0.2323011600    0.0174864030    0.0003890674    
0.2325427500    0.0171574510    0.0003853904    
0.2327843400    0.0173151410    0.0003886385    
0.2330259200    0.0171269490    0.0003830660    
0.2332675100    0.0174145240    0.0003867985    
0.2335091000    0.0173532100    0.0003874488    
0.2337506900    0.0172094150    0.0003838558    
0.2339922800    0.0178103590    0.0003927906    
0.2342338700    0.0174209000    0.0003878020    
0.2344754600    0.0173559710    0.0003882855    
0.2347170400    0.0172341070    0.0003847896    
0.2349586300    0.0165058280    0.0003774795    
0.2352002200    0.0178545470    0.0003958889    
0.2354418100    0.0171931220    0.0003861917    
0.2356834000    0.0169094460    0.0003827273    
0.2359249900    0.0171463150    0.0003830204    
0.2361665700    0.0168176630    0.0003826151    
0.2364081600    0.0174762820    0.0003878832    
0.2366497500    0.0166696820    0.0003809280    
0.2368913400    0.0171878150    0.0003851989    
0.2371329300    0.0169493170    0.0003849136    
0.2373745200    0.0166726440    0.0003803013    
0.2376161100    0.0168461360    0.0003822748    
0.2378576900    0.0176100970    0.0003922080    
0.2380992800    0.0163444440    0.0003757592    
0.2383408700    0.0165220510    0.0003788425    
0.2385824600    0.0171609430    0.0003845001    
0.2388240500    0.0172115550    0.0003868009    
0.2390656400    0.0169799510    0.0003843231    
0.2393072300    0.0172061490    0.0003858036    
0.2395488100    0.0171844470    0.0003860942    
0.2397904000    0.0165590570    0.0003801911    
0.2400319900    0.0162639900    0.0003773151    
0.2402735800    0.0168450720    0.0003845346    
0.2405151700    0.0170398880    0.0003860755    
0.2407567600    0.0174865350    0.0003883979    
0.2409983500    0.0170098360    0.0003851969    
0.2412399300    0.0167390130    0.0003805304    
0.2414815200    0.0170111790    0.0003860200    
0.2417231100    0.0170372230    0.0003829798    
0.2419647000    0.0170932180    0.0003870852    
0.2422062900    0.0168793870    0.0003841188    
0.2424478800    0.0168474460    0.0003838892    
0.2426894600    0.0170227330    0.0003877827    
0.2429310500    0.0170415750    0.0003854219    
0.2431726400    0.0166783870    0.0003810275    
0.2434142300    0.0169059610    0.0003821593    
0.2436558200    0.0169250630    0.0003862600    
0.2438974100    0.0162052210    0.0003745433    
0.2441390000    0.0170510470    0.0003859323    
0.2443805800    0.0165675300    0.0003806868    
0.2446221700    0.0170318570    0.0003863898    
0.2448637600    0.0168955350    0.0003857870    
0.2451053500    0.0171516680    0.0003865303    
0.2453469400    0.0166544070    0.0003849251    
0.2455885300    0.0167683910    0.0003821871    
0.2458301200    0.0166370650    0.0003830945    
0.2460717000    0.0172224060    0.0003866544    
0.2463132900    0.0170408420    0.0003850116    
0.2465548800    0.0170389230    0.0003871483    
0.2467964700    0.0172159140    0.0003873883    
0.2470380600    0.0166841450    0.0003825592    
0.2472796500    0.0168039480    0.0003837958    
0.2475212400    0.0172015750    0.0003906423    
0.2477628200    0.0164999290    0.0003834084    
0.2480044100    0.0170653430    0.0003859594    
0.2482460000    0.0162648820    0.0003769303    
0.2484875900    0.0172664180    0.0003893140    
0.2487291800    0.0167221790    0.0003831293    
0.2489707700    0.0162561460    0.0003768291    
0.2492123600    0.0168049140    0.0003854297    
0.2494539400    0.0169276670    0.0003860179    
0.2496955300    0.0170845690    0.0003884864    
0.2499371200    0.0172016870    0.0003884474    
0.2501787100    0.0172698390    0.0003935140    
0.2504203000    0.0166841570    0.0003821579    
0.2506618900    0.0164476070    0.0003773340    
0.2509034700    0.0160111570    0.0003748956    
0.2511450600    0.0169786560    0.0003853812    
0.2513866500    0.0170884900    0.0003875748    
0.2516282400    0.0169124880    0.0003828943    
0.2518698300    0.0174789110    0.0003914279    
0.2521114200    0.0161637060    0.0003754942    
0.2523530100    0.0167454320    0.0003828590    
0.2525945900    0.0166899930    0.0003812926    
0.2528361800    0.0167165130    0.0003844146    
0.2530777700    0.0161460060    0.0003743765    
0.2533193600    0.0166322420    0.0003795773    
0.2535609500    0.0165649630    0.0003801264    
0.2538025400    0.0174251200    0.0003897350    
0.2540441300    0.0170938770    0.0003860129    
0.2542857100    0.0168233740    0.0003825471    
0.2545273000    0.0166665520    0.0003827600    
0.2547688900    0.0168890960    0.0003823647    
0.2550104800    0.0163237270    0.0003788030    
0.2552520700    0.0166545580    0.0003841087    
0.2554936600    0.0171996110    0.0003865325    
0.2557352500    0.0174632180    0.0003909785    
0.2559768300    0.0163456610    0.0003766841    
0.2562184200    0.0170318570    0.0003863898    
0.2564600100    0.0170511860    0.0003844611    
0.2567016000    0.0169416300    0.0003856351    
0.2569431900    0.0170471380    0.0003853506    
0.2571847800    0.0169650710    0.0003838880    
0.2574263700    0.0168729210    0.0003833765    
0.2576679500    0.0168561930    0.0003839889    
0.2579095400    0.0166111010    0.0003815872    
0.2581511300    0.0162475870    0.0003754222    
0.2583927200    0.0164908900    0.0003778302    
0.2586343100    0.0170943380    0.0003834894    
0.2588759000    0.0169693230    0.0003848721    
0.2591174800    0.0163749790    0.0003750760    
0.2593590700    0.0165379010    0.0003773260    
0.2596006600    0.0167477840    0.0003810253    
0.2598422500    0.0168955780    0.0003831010    
0.2600838400    0.0170147460    0.0003847167    
0.2603254300    0.0169936600    0.0003858212    
0.2605670200    0.0169103610    0.0003835348    
0.2608086000    0.0166443300    0.0003775011    
0.2610501900    0.0170590880    0.0003841513    
0.2612917800    0.0169855450    0.0003842530    
0.2615333700    0.0167822670    0.0003810217    
0.2617749600    0.0163803830    0.0003770840    
0.2620165500    0.0166727160    0.0003795139    
0.2622581400    0.0161651500    0.0003760354    
0.2624997200    0.0166986680    0.0003805980    
0.2627413100    0.0167902510    0.0003853977    
0.2629829000    0.0169187800    0.0003809918    
0.2632244900    0.0161698840    0.0003754352    
0.2634660800    0.0166007880    0.0003785638    
0.2637076700    0.0170803510    0.0003849231    
0.2639492600    0.0166552940    0.0003801033    
0.2641908400    0.0177403720    0.0003929711    
0.2644324300    0.0164308500    0.0003788486    
0.2646740200    0.0168478250    0.0003808451    
0.2649156100    0.0167222470    0.0003835337    
0.2651572000    0.0168437780    0.0003829120    
0.2653987900    0.0171444820    0.0003883456    
0.2656403800    0.0168733040    0.0003837816    
0.2658819600    0.0166899930    0.0003801042    
0.2661235500    0.0162088870    0.0003765438    
0.2663651400    0.0168604760    0.0003823050    
0.2666067300    0.0172877220    0.0003879253    
0.2668483200    0.0161026020    0.0003738730    
0.2670899100    0.0162868670    0.0003791747    
0.2673314900    0.0166409050    0.0003796761    
0.2675730800    0.0170269570    0.0003868764    
0.2678146700    0.0167695530    0.0003850240    
0.2680562600    0.0168290760    0.0003824790    
0.2682978500    0.0172628030    0.0003880506    
0.2685394400    0.0166495670    0.0003797749    
0.2687810300    0.0172006130    0.0003880276    
0.2690226100    0.0164340640    0.0003765282    
0.2692642000    0.0168375350    0.0003860764    
0.2695057900    0.0163362440    0.0003769679    
0.2697473800    0.0165391100    0.0003794332    
0.2699889700    0.0168396400    0.0003850129    
0.2702305600    0.0167577190    0.0003847523    
0.2704721500    0.0166019660    0.0003822862    
0.2707137300    0.0162016600    0.0003747614    
0.2709553200    0.0167954030    0.0003841019    
0.2711969100    0.0170017650    0.0003855087    
0.2714385000    0.0160491850    0.0003736412    
0.2716800900    0.0170143260    0.0003861908    
0.2719216800    0.0167296730    0.0003913976    
0.2721632700    0.0167519000    0.0003944081    
0.2724048500    0.0168424130    0.0004005559    
0.2726464400    0.0171312830    0.0004114010    
0.2728880300    0.0163469580    0.0004021906    
0.2731296200    0.0164598550    0.0004058290    
0.2733712100    0.0168493000    0.0004139240    
0.2736128000    0.0168014450    0.0004189900    
0.2738543800    0.0168139290    0.0004167178    
0.2740959700    0.0170865380    0.0004241259    
0.2743375600    0.0166401510    0.0004215737    
0.2745791500    0.0163632310    0.0004198461    
0.2748207400    0.0165043060    0.0004245854    
0.2750623300    0.0165589200    0.0004252873    
0.2753039200    0.0167346190    0.0004320860    
0.2755455000    0.0168415190    0.0004321180    
0.2757870900    0.0172458190    0.0004438082    
0.2760286800    0.0163281500    0.0004296882    
0.2762702700    0.0166704410    0.0004422319    
0.2765118600    0.0165529530    0.0004231845    
0.2767534500    0.0170907820    0.0004283417    
0.2769950400    0.0172392840    0.0004267359    
0.2772366200    0.0169968960    0.0004193251    
0.2774782100    0.0163546720    0.0004118376    
0.2777198000    0.0160715880    0.0004092763    
0.2779613900    0.0167695020    0.0004170279    
0.2782029800    0.0162378340    0.0004024398    
0.2784445700    0.0168692010    0.0004136646    
0.2786861600    0.0167942210    0.0004115786    
0.2789277400    0.0164039350    0.0004022554    
0.2791693300    0.0166274220    0.0004053058    
0.2794109200    0.0166866680    0.0004079638    
0.2796525100    0.0158183750    0.0003965763    
0.2798941000    0.0173087410    0.0004101413    
0.2801356900    0.0163659800    0.0004029026    
0.2803772800    0.0164241640    0.0004071829    
0.2806188600    0.0166544690    0.0004016917    
0.2808604500    0.0163992600    0.0003964599    
0.2811020400    0.0162456990    0.0003961188    
0.2813436300    0.0170507000    0.0004077062    
0.2815852200    0.0170085040    0.0004031402    
0.2818268100    0.0166803340    0.0004013826    
0.2820683900    0.0169165830    0.0004053112    
0.2823099800    0.0159595630    0.0003933744    
0.2825515700    0.0172139370    0.0004049497    
0.2827931600    0.0165761680    0.0004021494    
0.2830347500    0.0166353450    0.0004005321    
0.2832763400    0.0162030420    0.0003933287    
0.2835179300    0.0168809540    0.0004014726    
0.2837595100    0.0159752600    0.0003928079    
0.2840011000    0.0163705210    0.0003980986    
0.2842426900    0.0174144070    0.0004065282    
0.2844842800    0.0169873430    0.0004036604    
0.2847258700    0.0161640210    0.0003943617    
0.2849674600    0.0164739520    0.0003991999    
0.2852090500    0.0170666990    0.0004042925    
0.2854506300    0.0163905780    0.0003978811    
0.2856922200    0.0164628090    0.0003975318    
0.2859338100    0.0158683320    0.0003908883    
0.2861754000    0.0166518880    0.0003982839    
0.2864169900    0.0164393260    0.0003955832    
0.2866585800    0.0161007840    0.0003932874    
0.2869001700    0.0166294300    0.0003987747    
0.2871417500    0.0169157910    0.0004017334    
0.2873833400    0.0161928850    0.0003947137    
0.2876249300    0.0169246560    0.0004039999    
0.2878665200    0.0169698950    0.0004070561    
0.2881081100    0.0173529430    0.0004044327    
0.2883497000    0.0164548330    0.0003960710    
0.2885912900    0.0162803640    0.0003938157    
0.2888328700    0.0158446890    0.0003886585    
0.2890744600    0.0168639790    0.0004000519    
0.2893160500    0.0164743930    0.0003958544    
0.2895576400    0.0162092900    0.0003947619    
0.2897992300    0.0169570580    0.0003997928    
0.2900408200    0.0170813620    0.0004021650    
0.2902824000    0.0166707650    0.0004003418    
0.2905239900    0.0157684210    0.0003877220    
0.2907655800    0.0160227690    0.0003880390    
0.2910071700    0.0157126510    0.0003842654    
0.2912487600    0.0167402640    0.0003972289    
0.2914903500    0.0166337350    0.0003949235    
0.2917319400    0.0161404900    0.0003877193    
0.2919735200    0.0162839860    0.0003906032    
0.2922151100    0.0167740030    0.0003956969    
0.2924567000    0.0161340760    0.0003888011    
0.2926982900    0.0165962290    0.0003944780    
0.2929398800    0.0158908700    0.0003880441    
0.2931814700    0.0175504930    0.0004036997    
0.2934230600    0.0161699880    0.0003886522    
0.2936646400    0.0162110310    0.0003864153    
0.2939062300    0.0157641610    0.0003846062    
0.2941478200    0.0164367400    0.0003902464    
0.2943894100    0.0168116130    0.0003965841    
0.2946310000    0.0164635300    0.0003914345    
0.2948725900    0.0170795090    0.0003995822    
0.2951141800    0.0162801940    0.0003893936    
0.2953557600    0.0166522330    0.0003964817    
0.2955973500    0.0162820150    0.0003885491    
0.2958389400    0.0168501180    0.0003945395    
0.2960805300    0.0157370720    0.0003815678    
0.2963221200    0.0171631630    0.0003977475    
0.2965637100    0.0162478740    0.0003868541    
0.2968053000    0.0159655370    0.0003826345    
0.2970468800    0.0165301040    0.0003904870    
0.2972884700    0.0163782020    0.0003875480    
0.2975300600    0.0159013450    0.0003818645    
0.2977716500    0.0161387920    0.0003861220    
0.2980132400    0.0160621080    0.0003860593    
0.2982548300    0.0159529530    0.0003817851    
0.2984964100    0.0164622370    0.0003872663    
0.2987380000    0.0167540450    0.0003915394    
0.2989795900    0.0163620240    0.0003860858    
0.2992211800    0.0169081630    0.0003920486    
0.2994627700    0.0163760650    0.0003869562    
0.2997043600    0.0167727080    0.0003926194    
0.2999459500    0.0163287640    0.0003872464    
0.3001875300    0.0163908670    0.0003874141    
0.3004291200    0.0162288060    0.0003895038    
0.3006707100    0.0159173080    0.0003803878    
0.3009123000    0.0166655210    0.0003910758    
0.3011538900    0.0156310290    0.0003761330    
0.3013954800    0.0160769290    0.0003835458    
0.3016370700    0.0163367010    0.0003863497    
0.3018786500    0.0165742590    0.0003891486    
0.3021202400    0.0159595780    0.0003817251    
0.3023618300    0.0166163060    0.0003912157    
0.3026034200    0.0163782020    0.0003875480    
0.3028450100    0.0162920290    0.0003868106    
0.3030866000    0.0163279670    0.0003876639    
0.3033281900    0.0161653980    0.0003834800    
0.3035697700    0.0162754860    0.0003857660    
0.3038113600    0.0160154340    0.0003829515    
0.3040529500    0.0159627600    0.0003809305    
0.3042945400    0.0162418580    0.0003841068    
0.3045361300    0.0161412220    0.0003852990    
0.3047777200    0.0163767520    0.0003865410    
0.3050193100    0.0161356900    0.0003839655    
0.3052608900    0.0156950830    0.0003796580    
0.3055024800    0.0163791750    0.0003927735    
0.3057440700    0.0164727700    0.0003861277    
0.3059856600    0.0160809360    0.0003823379    
0.3062272500    0.0156423000    0.0003780496    
0.3064688400    0.0164114180    0.0003882253    
0.3067104200    0.0164760960    0.0003858877    
0.3069520100    0.0164434780    0.0003874689    
0.3071936000    0.0163965430    0.0003877649    
0.3074351900    0.0163958960    0.0003881841    
0.3076767800    0.0156264150    0.0003768959    
0.3079183700    0.0160249910    0.0003856130    
0.3081599600    0.0166745280    0.0003933503    
0.3084015400    0.0161457540    0.0003826911    
0.3086431300    0.0157782030    0.0003780362    
0.3088847200    0.0162681580    0.0003862439    
0.3091263100    0.0157563510    0.0003791486    
0.3093679000    0.0165435900    0.0003890725    
0.3096094900    0.0163397690    0.0003847048    
0.3098510800    0.0160675080    0.0003854106    
0.3100926600    0.0158689230    0.0003811959    
0.3103342500    0.0162901410    0.0003862219    
0.3105758400    0.0165104640    0.0003915556    
0.3108174300    0.0156127300    0.0003770047    
0.3110590200    0.0160190850    0.0003836975    
0.3113006100    0.0157034370    0.0003770031    
0.3115422000    0.0163223720    0.0003873127    
0.3117837800    0.0167781870    0.0003912498    
0.3120253700    0.0159313570    0.0003823648    
0.3122669600    0.0163543790    0.0003851556    
0.3125085500    0.0158677650    0.0003821617    
0.3127501400    0.0159196860    0.0003820847    
0.3129917300    0.0164587020    0.0003902183    
0.3132333100    0.0169722500    0.0003952382    
0.3134749000    0.0153440260    0.0003752504    
0.3137164900    0.0169906320    0.0003934324    
0.3139580800    0.0168417200    0.0003915620    
0.3141996700    0.0170030060    0.0003937189    
0.3144412600    0.0166656280    0.0003902198    
0.3146828500    0.0167022290    0.0003915063    
0.3149244300    0.0158585280    0.0003799608    
0.3151660200    0.0158101200    0.0003813267    
0.3154076100    0.0161084280    0.0003856163    
0.3156492000    0.0169753980    0.0003974729    
0.3158907900    0.0164627330    0.0003868501    
0.3161323800    0.0158561000    0.0003797936    
0.3163739700    0.0158403210    0.0003797426    
0.3166155500    0.0157825280    0.0003809938    
0.3168571400    0.0162918890    0.0003853977    
0.3170987300    0.0164732790    0.0003883868    
0.3173403200    0.0163542400    0.0003869810    
0.3175819100    0.0154882150    0.0003774247    
0.3178235000    0.0160062770    0.0003828420    
0.3180650900    0.0155497980    0.0003791506    
0.3183066700    0.0158009230    0.0003812158    
0.3185482600    0.0159690100    0.0003833789    
0.3187898500    0.0167020960    0.0003893696    
0.3190314400    0.0159762760    0.0003823433    
0.3192730300    0.0161878320    0.0003844451    
0.3195146200    0.0164183380    0.0003877386    
0.3197562100    0.0165653950    0.0003886193    
0.3199977900    0.0166991430    0.0003908974    
0.3202393800    0.0164902780    0.0003898727    
0.3204809700    0.0165112600    0.0003906965    
0.3207225600    0.0157644790    0.0003813367    
0.3209641500    0.0153841670    0.0003765701    
0.3212057400    0.0168813080    0.0003921646    
0.3214473200    0.0158749570    0.0003805730    
0.3216889100    0.0162371870    0.0003847502    
0.3219305000    0.0158168930    0.0003812683    
0.3221720900    0.0166136300    0.0003901805    
0.3224136800    0.0161082070    0.0003826620    
0.3226552700    0.0156956560    0.0003819132    
0.3228968600    0.0161279580    0.0003844351    
0.3231384400    0.0164782540    0.0003923394    
0.3233800300    0.0165168980    0.0003879088    
0.3236216200    0.0159114510    0.0003810101    
0.3238632100    0.0161161600    0.0003841539    
0.3241048000    0.0159405340    0.0003824749    
0.3243463900    0.0161947950    0.0003853720    
0.3245879800    0.0161070030    0.0003840447    
0.3248295600    0.0164309260    0.0003876038    
0.3250711500    0.0159554630    0.0003819546    
0.3253127400    0.0163711540    0.0003880336    
0.3255543300    0.0164165380    0.0003890000    
0.3257959200    0.0166371770    0.0003937862    
0.3260375100    0.0160613850    0.0003825224    
0.3262791000    0.0169041240    0.0003938654    
0.3265206800    0.0169671440    0.0003937339    
0.3267622700    0.0161201800    0.0003849064    
0.3270038600    0.0162864990    0.0003864615    
0.3272454500    0.0164583570    0.0003879272    
0.3274870400    0.0162992980    0.0003863304    
0.3277286300    0.0159950890    0.0003841158    
0.3279702200    0.0160426420    0.0003842618    
0.3282118000    0.0167024480    0.0003949994    
0.3284533900    0.0158847740    0.0003812468    
0.3286949800    0.0167652030    0.0004055438    
0.3289365700    0.0163574030    0.0004060272    
0.3291781600    0.0166182300    0.0004127559    
0.3294197500    0.0154134110    0.0004021498    
0.3296613300    0.0161688770    0.0004160939    
0.3299029200    0.0162856260    0.0004181303    
0.3301445100    0.0161633670    0.0004225807    
0.3303861000    0.0160779270    0.0004242803    
0.3306276900    0.0168605310    0.0004378251    
0.3308692800    0.0161361890    0.0004285119    
0.3311108700    0.0169020890    0.0004421965    
0.3313524500    0.0167767560    0.0004455227    
0.3315940400    0.0166939260    0.0004437928    
0.3318356300    0.0158708270    0.0004383270    
0.3320772200    0.0161320430    0.0004423475    
0.3323188100    0.0162121950    0.0004475844    
0.3325604000    0.0155729460    0.0004380233    
0.3328019900    0.0172477240    0.0004658146    
0.3330435700    0.0160041590    0.0004440463    
0.3332851600    0.0160459160    0.0004388325    
0.3335267500    0.0163932990    0.0004297688    
0.3337683400    0.0170017100    0.0004376712    
0.3340099300    0.0162304990    0.0004247716    
0.3342515200    0.0152652380    0.0004079806    
0.3344931100    0.0162236130    0.0004162639    
0.3347346900    0.0154210370    0.0004072293    
0.3349762800    0.0160726340    0.0004136172    
0.3352178700    0.0163308410    0.0004153401    
0.3354594600    0.0164494730    0.0004147512    
0.3357010500    0.0163746910    0.0004148484    
0.3359426400    0.0158822990    0.0004099426    
0.3361842300    0.0165678710    0.0004106194    
0.3364258100    0.0167677620    0.0004124190    
0.3366674000    0.0161680070    0.0004054693    
0.3369089900    0.0163837850    0.0004066820    
0.3371505800    0.0164989630    0.0004072887    
0.3373921700    0.0155382620    0.0003962089    
0.3376337600    0.0158259060    0.0003995371    
0.3378753400    0.0167371020    0.0004110437    
0.3381169300    0.0167766420    0.0004095520    
0.3383585200    0.0158793360    0.0004028161    
0.3386001100    0.0172189940    0.0004132691    
0.3388417000    0.0162237920    0.0004025866    
0.3390832900    0.0163373880    0.0004000226    
0.3393248800    0.0154604480    0.0003920639    
0.3395664600    0.0160727010    0.0003989602    
0.3398080500    0.0170226070    0.0004100940    
0.3400496400    0.0167946320    0.0004058996    
0.3402912300    0.0158815710    0.0003940946    
0.3405328200    0.0162183190    0.0004006050    
0.3407744100    0.0160528950    0.0003987143    
0.3410160000    0.0158826260    0.0003970656    
0.3412575800    0.0159940370    0.0003941044    
0.3414991700    0.0160856110    0.0003949248    
0.3417407600    0.0157638540    0.0003920193    
0.3419823500    0.0153130370    0.0003835457    
0.3422239400    0.0166447800    0.0004015748    
0.3424655300    0.0159826800    0.0003944237    
0.3427071200    0.0159806040    0.0003931770    
0.3429487000    0.0162601380    0.0003970614    
0.3431902900    0.0161945090    0.0003979583    
0.3434318800    0.0153587670    0.0003906174    
0.3436734700    0.0163292490    0.0003954613    
0.3439150600    0.0159876910    0.0003904085    
0.3441566500    0.0161366620    0.0003946350    
0.3443982300    0.0158779610    0.0003910069    
0.3446398200    0.0154768720    0.0003850016    
0.3448814100    0.0160705370    0.0003933709    
0.3451230000    0.0162717780    0.0003962837    
0.3453645900    0.0160787560    0.0003939263    
0.3456061800    0.0165399490    0.0003980045    
0.3458477700    0.0162339290    0.0003968950    
0.3460893500    0.0162737110    0.0003969198    
0.3463309400    0.0158160880    0.0003883076    
0.3465725300    0.0152461560    0.0003813923    
0.3468141200    0.0159208690    0.0003912340    
0.3470557100    0.0159600450    0.0003906663    
0.3472973000    0.0162929170    0.0003956270    
0.3475388900    0.0158390440    0.0003877044    
0.3477804700    0.0166005370    0.0003988854    
0.3480220600    0.0156636540    0.0003876145    
0.3482636500    0.0155894490    0.0003862515    
0.3485052400    0.0159712700    0.0003947436    
0.3487468300    0.0160693700    0.0003917029    
0.3489884200    0.0164101300    0.0003956834    
0.3492300100    0.0153202020    0.0003808686    
0.3494715900    0.0165396040    0.0003984579    
0.3497131800    0.0159451290    0.0003885590    
0.3499547700    0.0158599630    0.0003897373    
0.3501963600    0.0160857870    0.0003907126    
0.3504379500    0.0165437010    0.0003972905    
0.3506795400    0.0158739810    0.0003896115    
0.3509211300    0.0161748300    0.0003940395    
0.3511627100    0.0158029770    0.0003896332    
0.3514043000    0.0160492840    0.0003898260    
0.3516458900    0.0161129450    0.0003914878    
0.3518874800    0.0165795260    0.0003962133    
0.3521290700    0.0163267550    0.0003933302    
0.3523706600    0.0153351210    0.0003820669    
0.3526122400    0.0163573340    0.0003942957    
0.3528538300    0.0160353590    0.0003909900    
0.3530954200    0.0159504820    0.0003905492    
0.3533370100    0.0161565230    0.0003923151    
0.3535786000    0.0157216650    0.0003895274    
0.3538201900    0.0163341500    0.0003928249    
0.3540617800    0.0162125900    0.0003934446    
0.3543033600    0.0159793790    0.0003882426    
0.3545449500    0.0160356690    0.0003899557    
0.3547865400    0.0166083030    0.0003956601    
0.3550281300    0.0165501680    0.0003972168    
0.3552697200    0.0163515110    0.0003939266    
0.3555113100    0.0164012500    0.0003951248    
0.3557529000    0.0161211600    0.0003920347    
0.3559944800    0.0154938140    0.0003820106    
0.3562360700    0.0169700910    0.0004048539    
0.3564776600    0.0156303610    0.0003839792    
0.3567192500    0.0164032130    0.0003938031    
0.3569608400    0.0160280400    0.0003883945    
0.3572024300    0.0164434360    0.0003948826    
0.3574440200    0.0160359770    0.0003889296    
0.3576856000    0.0160410080    0.0003903164    
0.3579271900    0.0162585720    0.0003919151    
0.3581687800    0.0154588680    0.0003836054    
0.3584103700    0.0158737720    0.0003873957    
0.3586519600    0.0163054310    0.0003959309    
0.3588935500    0.0161020500    0.0003907620    
0.3591351400    0.0165063780    0.0003959377    
0.3593767200    0.0158021610    0.0003856480    
0.3596183100    0.0161864160    0.0003897231    
0.3598599000    0.0167908390    0.0003984290    
0.3601014900    0.0158315060    0.0003871721    
0.3603430800    0.0167940690    0.0003986179    
0.3605846700    0.0161991110    0.0003910502    
0.3608262500    0.0165223340    0.0003959789    
0.3610678400    0.0158926800    0.0003876263    
0.3613094300    0.0163263350    0.0003952749    
0.3615510200    0.0156397940    0.0003840951    
0.3617926100    0.0166962670    0.0003964082    
0.3620342000    0.0155617800    0.0003835697    
0.3622757900    0.0165642210    0.0003952836    
0.3625173700    0.0157389780    0.0003856018    
0.3627589600    0.0161060960    0.0003905154    
0.3630005500    0.0154772040    0.0003819495    
0.3632421400    0.0160495190    0.0003888009    
0.3634837300    0.0163639180    0.0003942254    
0.3637253200    0.0161251990    0.0003917855    
0.3639669100    0.0158446890    0.0003886585    
0.3642084900    0.0158818060    0.0003863283    
0.3644500800    0.0164823120    0.0003944537    
0.3646916700    0.0160939220    0.0003902202    
0.3649332600    0.0152960420    0.0003782859    
0.3651748500    0.0157927490    0.0003855332    
0.3654164400    0.0165508040    0.0003963199    
0.3656580300    0.0167373000    0.0003979436    
0.3658996100    0.0167465050    0.0003971534    
0.3661412000    0.0161195830    0.0003903837    
0.3663827900    0.0156227590    0.0003881506    
0.3666243800    0.0160752950    0.0003869355    
0.3668659700    0.0162162730    0.0003906685    
0.3671075600    0.0158140510    0.0003859382    
0.3673491500    0.0162145660    0.0003900618    
0.3675907300    0.0166079320    0.0003965526    
0.3678323200    0.0163308330    0.0003911647    
0.3680739100    0.0160641180    0.0003903015    
0.3683155000    0.0160050500    0.0003884080    
0.3685570900    0.0152300900    0.0003787455    
0.3687986800    0.0159426320    0.0003900065    
0.3690402600    0.0155373170    0.0003847238    
0.3692818500    0.0157194270    0.0003836289    
0.3695234400    0.0159364940    0.0003874294    
0.3697650300    0.0160617740    0.0003880743    
0.3700066200    0.0159347900    0.0003878467    
0.3702482100    0.0165058660    0.0003931083    
0.3704898000    0.0167465050    0.0003971534    
0.3707313800    0.0159803840    0.0003888413    
0.3709729700    0.0161033330    0.0003893057    
0.3712145600    0.0155826150    0.0003851377    
0.3714561500    0.0163880990    0.0003952671    
0.3716977400    0.0165208380    0.0003940240    
0.3719393300    0.0156117070    0.0003825985    
0.3721809200    0.0158912040    0.0003864426    
0.3724225000    0.0162389120    0.0003906475    
0.3726640900    0.0157056470    0.0003843241    
0.3729056800    0.0158467160    0.0003860462    
0.3731472700    0.0159935360    0.0003871041    
0.3733888600    0.0153726940    0.0003812323    
0.3736304500    0.0158390440    0.0003877044    
0.3738720400    0.0157327350    0.0003874306    
0.3741136200    0.0159777690    0.0003886626    
0.3743552100    0.0155409080    0.0003825907    
0.3745968000    0.0158386540    0.0003849371    
0.3748383900    0.0158980630    0.0003863810    
0.3750799800    0.0157972290    0.0003852983    
0.3753215700    0.0155997390    0.0003834585    
0.3755631500    0.0163459340    0.0003916388    
0.3758047400    0.0163132440    0.0003919822    
0.3760463300    0.0159751570    0.0003884842    
0.3762879200    0.0156539750    0.0003851409    
0.3765295100    0.0173106160    0.0004065497    
0.3767711000    0.0162455110    0.0003905803    
0.3770126900    0.0162211730    0.0003899952    
0.3772542700    0.0159424460    0.0003867749    
0.3774958600    0.0162128690    0.0003894580    
0.3777374500    0.0155412260    0.0003820202    
0.3779790400    0.0158875890    0.0003872719    
0.3782206300    0.0169853350    0.0004001260    
0.3784622200    0.0157008640    0.0003839772    
0.3787038100    0.0155640810    0.0003837430    
0.3789453900    0.0154024970    0.0003823243    
0.3791869800    0.0157990570    0.0003876559    
0.3794285700    0.0166993690    0.0003957019    
0.3796701600    0.0158825140    0.0003869183    
0.3799117500    0.0157007020    0.0003834004    
0.3801533400    0.0168439480    0.0003984572    
0.3803949300    0.0168017560    0.0003955819    
0.3806365100    0.0155014250    0.0003813876    
0.3808781000    0.0159117520    0.0003862576    
0.3811196900    0.0158390440    0.0003877044    
0.3813612800    0.0160348070    0.0003883306    
0.3816028700    0.0157013540    0.0003857233    
0.3818444600    0.0158095860    0.0003861744    
0.3820860500    0.0161431880    0.0003878960    
0.3823276300    0.0157703660    0.0003833907    
0.3825692200    0.0155216930    0.0003793686    
0.3828108100    0.0161969360    0.0003869598    
0.3830524000    0.0155280310    0.0003804336    
0.3832939900    0.0170431220    0.0003979692    
0.3835355800    0.0158629280    0.0003839428    
0.3837771600    0.0158388400    0.0003827996    
0.3840187500    0.0158778960    0.0003849823    
0.3842603400    0.0158998420    0.0003859685    
0.3845019300    0.0158231390    0.0003806456    
0.3847435200    0.0156882260    0.0003797144    
0.3849851100    0.0160027940    0.0003846337    
0.3852267000    0.0156638630    0.0003900153    
0.3854682800    0.0162828380    0.0004054272    
0.3857098700    0.0152647340    0.0003970562    
0.3859514600    0.0161165380    0.0004124319    
0.3861930500    0.0160740870    0.0004143411    
0.3864346400    0.0164646490    0.0004237054    
0.3866762300    0.0154257110    0.0004130077    
0.3869178200    0.0166750910    0.0004317017    
0.3871594000    0.0169569720    0.0004404780    
0.3874009900    0.0163831920    0.0004341537    
0.3876425800    0.0154133330    0.0004242380    
0.3878841700    0.0159795300    0.0004337846    
0.3881257600    0.0157243580    0.0004329627    
0.3883673500    0.0161336600    0.0004417281    
0.3886089400    0.0161393700    0.0004443899    
0.3888505200    0.0163196530    0.0004488438    
0.3890921100    0.0160618300    0.0004477192    
0.3893337000    0.0163071950    0.0004561565    
0.3895752900    0.0165272060    0.0004608705    
0.3898168800    0.0164454800    0.0004411021    
0.3900584700    0.0159033740    0.0004257966    
0.3903000600    0.0164709840    0.0004319538    
0.3905416400    0.0164715570    0.0004277244    
0.3907832300    0.0165093810    0.0004272685    
0.3910248200    0.0163825460    0.0004241280    
0.3912664100    0.0155978870    0.0004120431    
0.3915080000    0.0156980810    0.0004114015    
0.3917495900    0.0159323460    0.0004162564    
0.3919911700    0.0166099630    0.0004257565    
0.3922327600    0.0162400520    0.0004138348    
0.3924743500    0.0160453460    0.0004129149    
0.3927159400    0.0156810260    0.0004059664    
0.3929575300    0.0158625950    0.0004110805    
0.3931991200    0.0158104610    0.0004084968    
0.3934407100    0.0156310900    0.0004054897    
0.3936822900    0.0163405200    0.0004159900    
0.3939238800    0.0160529700    0.0004128379    
0.3941654700    0.0159361830    0.0004113334    
0.3944070600    0.0156415370    0.0004083799    
0.3946486500    0.0161934370    0.0004165880    
0.3948902400    0.0153801450    0.0004030693    
0.3951318300    0.0165564170    0.0004178463    
0.3953734100    0.0160833410    0.0004125290    
0.3956150000    0.0158994520    0.0004112080    
0.3958565900    0.0152451250    0.0004014656    
0.3960981800    0.0156069190    0.0004077541    
0.3963397700    0.0158262250    0.0004116614    
0.3965813600    0.0159333040    0.0004130517    
0.3968229500    0.0155471380    0.0004094188    
0.3970645300    0.0163431880    0.0004208585    
0.3973061200    0.0159098860    0.0004132787    
0.3975477100    0.0155908440    0.0004078914    
0.3977893000    0.0154963140    0.0004082220    
0.3980308900    0.0154564780    0.0004071726    
0.3982724800    0.0166469780    0.0004231067    
0.3985140700    0.0152943770    0.0004057278    
0.3987556500    0.0156711690    0.0004114032    
0.3989972400    0.0161477840    0.0004170730    
0.3992388300    0.0159630770    0.0004172017    
0.3994804200    0.0156223560    0.0004125456    
0.3997220100    0.0162859660    0.0004236198    
0.3999636000    0.0156360770    0.0004107652    
0.4002051800    0.0161017030    0.0004188269    
0.4004467700    0.0156118280    0.0004102697    
0.4006883600    0.0155894740    0.0004128304    
0.4009299500    0.0160954850    0.0004196601    
0.4011715400    0.0156221850    0.0004139871    
0.4014131300    0.0164518790    0.0004252111    
0.4016547200    0.0163261990    0.0004264009    
0.4018963000    0.0160528860    0.0004211340    
0.4021378900    0.0163154420    0.0004281693    
0.4023794800    0.0163843290    0.0004254594    
0.4026210700    0.0162727430    0.0004245706    
0.4028626600    0.0158092550    0.0004171903    
0.4031042500    0.0168342550    0.0004322163    
0.4033458400    0.0160907510    0.0004225638    
0.4035874200    0.0156947530    0.0004205125    
0.4038290100    0.0156021630    0.0004175823    
0.4040706000    0.0154449730    0.0004162174    
0.4043121900    0.0166297400    0.0004334426    
0.4045537800    0.0166066940    0.0004343197    
0.4047953700    0.0165060810    0.0004355788    
0.4050369600    0.0163828610    0.0004290531    
0.4052785400    0.0160826040    0.0004266378    
0.4055201300    0.0156610030    0.0004208184    
0.4057617200    0.0160219350    0.0004283572    
0.4060033100    0.0152652380    0.0004154671    
0.4062449000    0.0150922600    0.0004165066    
0.4064864900    0.0164914840    0.0004345888    
0.4067280800    0.0150671410    0.0004169263    
0.4069696600    0.0165775370    0.0004391497    
0.4072112500    0.0168071980    0.0004438342    
0.4074528400    0.0158264470    0.0004317017    
0.4076944300    0.0166744670    0.0004406365    
0.4079360200    0.0164971790    0.0004368677    
0.4081776100    0.0157372790    0.0004284732    
0.4084191900    0.0160537750    0.0004335692    
0.4086607800    0.0160856200    0.0004323841    
0.4089023700    0.0165363320    0.0004421100    
0.4091439600    0.0155401850    0.0004291952    
0.4093855500    0.0157093960    0.0004325508    
0.4096271400    0.0151048430    0.0004253620    
0.4098687300    0.0156900750    0.0004401009    
0.4101103100    0.0163092480    0.0004382370    
0.4103519000    0.0155269690    0.0004314712    
0.4105934900    0.0164112960    0.0004427408    
0.4108350800    0.0156679920    0.0004348866    
0.4110766700    0.0160026160    0.0004392943    
0.4113182600    0.0160175320    0.0004412024    
0.4115598500    0.0160414820    0.0004430402    
0.4118014300    0.0153539710    0.0004351471    
0.4120430200    0.0158946490    0.0004410079    
0.4122846100    0.0158679490    0.0004445658    
0.4125262000    0.0165205510    0.0004581977    
0.4127677900    0.0152147020    0.0004318944    
0.4130093800    0.0153871180    0.0004362617    
0.4132509700    0.0160655660    0.0004464380    
0.4134925500    0.0159302120    0.0004478951    
0.4137341400    0.0169111350    0.0004600924    
0.4139757300    0.0166138990    0.0004590246    
0.4142173200    0.0162965980    0.0004523344    
0.4144589100    0.0155667920    0.0004465921    
0.4147005000    0.0157712780    0.0004485983    
0.4149420800    0.0170704900    0.0004705633    
0.4151836700    0.0164757990    0.0004601532    
0.4154252600    0.0163222040    0.0004549771    
0.4156668500    0.0156656070    0.0004423830    
0.4159084400    0.0154657270    0.0004395518    
0.4161500300    0.0161311760    0.0004475705    
0.4163916200    0.0155037760    0.0004392163    
0.4166332000    0.0159761140    0.0004434389    
0.4168747900    0.0155398030    0.0004360574    
0.4171163800    0.0153227100    0.0004370787    
0.4173579700    0.0157636820    0.0004402645    
0.4175995600    0.0161446510    0.0004524957    
0.4178411500    0.0145423840    0.0004224511    
0.4180827400    0.0163234060    0.0004491169    
0.4183243200    0.0163833740    0.0004512795    
0.4185659100    0.0163440220    0.0004520861    
0.4188075000    0.0159279500    0.0004460718    
0.4190490900    0.0160776320    0.0004513270    
0.4192906800    0.0163738950    0.0004550060    
0.4195322700    0.0154862230    0.0004461203    
0.4197738600    0.0155376300    0.0004468601    
0.4200154400    0.0154897450    0.0004503518    
0.4202570300    0.0151707310    0.0004463911    
0.4204986200    0.0160032150    0.0004553798    
0.4207402100    0.0155516410    0.0004519604    
0.4209818000    0.0157738670    0.0004532795    
0.4212233900    0.0158906300    0.0004575805    
0.4214649800    0.0158422470    0.0004580904    
0.4217065600    0.0156069190    0.0004558830    
0.4219481500    0.0155061470    0.0004558660    
0.4221897400    0.0165187670    0.0004725438    
0.4224313300    0.0160311770    0.0004690768    
0.4226729200    0.0157709410    0.0004662776    
0.4229145100    0.0157612310    0.0004674228    
0.4231560900    0.0154199030    0.0004605522    
0.4233976800    0.0155813140    0.0004637214    
0.4236392700    0.0156746850    0.0004669140    
0.4238808600    0.0159479040    0.0004725435    
0.4241224500    0.0157414860    0.0004697381    
0.4243640400    0.0163054970    0.0004818716    
0.4246056300    0.0164229530    0.0004847081    
0.4248472100    0.0150614660    0.0004665878    
0.4250888000    0.0161417460    0.0004847131    
0.4253303900    0.0162997590    0.0004946139    
0.4255719800    0.0167483500    0.0004943119    
0.4258135700    0.0170120810    0.0004990618    
0.4260551600    0.0149166810    0.0004714712    
0.4262967500    0.0160052500    0.0004863492    
0.4265383300    0.0159929050    0.0004905245    
0.4267799200    0.0164519990    0.0004999245    
0.4270215100    0.0161457540    0.0004940521    
0.4272631000    0.0154346420    0.0004880862    
0.4275046900    0.0162851980    0.0005035322    
0.4277462800    0.0158258030    0.0005017117    
0.4279878700    0.0155139610    0.0004999304    
0.4282294500    0.0159814560    0.0005016298    
0.4284710400    0.0159558450    0.0005028113    
0.4287126300    0.0163801280    0.0005123796    
0.4289542200    0.0155539970    0.0005012205    
0.4291958100    0.0162173270    0.0005141238    
0.4294374000    0.0164852420    0.0005231433    
0.4296789900    0.0169868510    0.0005292907    
0.4299205700    0.0160217190    0.0005195399    
0.4301621600    0.0160939220    0.0005260463    
0.4304037500    0.0159329330    0.0005255790    
0.4306453400    0.0159216860    0.0005313135    
0.4308869300    0.0158152070    0.0005225492    
0.4311285200    0.0154720430    0.0005200870    
0.4313701000    0.0163826700    0.0005389503    
0.4316116900    0.0160554380    0.0005369742    
0.4318532800    0.0156062270    0.0005309346    
0.4320948700    0.0152442590    0.0005281823    
0.4323364600    0.0162988210    0.0005510007    
0.4325780500    0.0157034230    0.0005440914    
0.4328196400    0.0165238600    0.0005628049    
0.4330612200    0.0160967470    0.0005641907    
0.4333028100    0.0158436840    0.0005584165    
0.4335444000    0.0160380400    0.0005600727    
0.4337859900    0.0159187730    0.0005610630    
0.4340275800    0.0145870000    0.0005413744    
0.4342691700    0.0149554360    0.0005535255    
0.4345107600    0.0154285400    0.0005663995    
0.4347523400    0.0152478210    0.0005658997    
0.4349939300    0.0149953610    0.0005659634    
0.4352355200    0.0154433770    0.0005828727    
0.4354771100    0.0156748590    0.0005924540    
0.4357187000    0.0159037570    0.0006094333    
0.4359602900    0.0164859030    0.0006114283    
0.4362018800    0.0162981010    0.0006129532    
0.4364434600    0.0153485540    0.0005992604    
0.4366850500    0.0157068180    0.0006137162    
0.4369266400    0.0162529530    0.0006340881    
0.4371682300    0.0157092070    0.0006258698    
0.4374098200    0.0158846240    0.0006389733    
0.4376514100    0.0152845200    0.0006346551    
0.4378930000    0.0156062270    0.0006502595    
0.4381345800    0.0146785870    0.0006418498    
0.4383761700    0.0155812170    0.0006742652    
0.4386177600    0.0153931350    0.0006587654    
0.4388593500    0.0155089150    0.0006711364    
0.4391009400    0.0151590760    0.0006745701    
0.4393425300    0.0164330660    0.0007117951    
0.4395841100    0.0160480700    0.0007176915    
0.4398257000    0.0151421310    0.0007138069    
0.4400672900    0.0154277250    0.0007354879    
0.4403088800    0.0174947780    0.0008061168    
0.4405504700    0.0153388980    0.0007807294    
0.4407920600    0.0170341170    0.0008559966    
0.4410336500    0.0161134300    0.0008564191    
0.4412752300    0.0151768890    0.0008341973    
0.4415168200    0.0161156410    0.0009037203    
0.4417584100    0.0151330910    0.0011889679    
0.4420000000    0.0176971480    0.0019543230    