# Diamond Light Source Ltd.
# Data extracted from: /dls/b21/data/2017/mx13440-2/processed/b21-369037_00131.dat
q(1/A)          Column          Error           
0.0040000000    0.8235537100    0.0212782560    
0.0042415885    0.8967998300    0.0208840660    
0.0044831771    0.6705896900    0.0168120930    
0.0047247656    0.5370038800    0.0145669190    
0.0049663541    0.4225431600    0.0121825520    
0.0052079426    0.3745057600    0.0118016780    
0.0054495312    0.2949372300    0.0096558115    
0.0056911197    0.2635713900    0.0086059111    
0.0059327082    0.2056868400    0.0076024045    
0.0061742967    0.1845091500    0.0069002510    
0.0064158853    0.1481956900    0.0061219073    
0.0066574738    0.1307369900    0.0054332439    
0.0068990623    0.1108134000    0.0050474123    
0.0071406509    0.1075907200    0.0048854431    
0.0073822394    0.1015720400    0.0045885572    
0.0076238279    0.0802147080    0.0039809891    
0.0078654164    0.0685260240    0.0037384011    
0.0081070050    0.0683545910    0.0035392666    
0.0083485935    0.0666408970    0.0033744930    
0.0085901820    0.0597591190    0.0032173228    
0.0088317705    0.0540272820    0.0029786205    
0.0090733591    0.0526861790    0.0029225034    
0.0093149476    0.0505787320    0.0027592961    
0.0095565361    0.0432026670    0.0025501728    
0.0097981247    0.0401920280    0.0024597122    
0.0100397130    0.0411654680    0.0024049123    
0.0102813020    0.0396984240    0.0024159691    
0.0105228900    0.0392243230    0.0022496692    
0.0107644790    0.0362217480    0.0021842536    
0.0110060670    0.0400623620    0.0022395541    
0.0112476560    0.0343389920    0.0020632301    
0.0114892440    0.0325148990    0.0019787938    
0.0117308330    0.0324467340    0.0019673722    
0.0119724210    0.0315537050    0.0019132244    
0.0122140100    0.0290485960    0.0018190937    
0.0124555980    0.0311830740    0.0018279842    
0.0126971870    0.0293903440    0.0018297629    
0.0129387760    0.0297761890    0.0017425197    
0.0131803640    0.0271860690    0.0016925307    
0.0134219530    0.0237210330    0.0015248458    
0.0136635410    0.0279566040    0.0016618476    
0.0139051300    0.0244990730    0.0015556927    
0.0141467180    0.0234964630    0.0014890279    
0.0143883070    0.0268470450    0.0015684211    
0.0146298950    0.0246479690    0.0015028132    
0.0148714840    0.0240806830    0.0014963008    
0.0151130720    0.0231061120    0.0014498064    
0.0153546610    0.0253736640    0.0014625137    
0.0155962490    0.0268376950    0.0015193853    
0.0158378380    0.0220050330    0.0013441713    
0.0160794260    0.0220871410    0.0013466768    
0.0163210150    0.0208126770    0.0012785126    
0.0165626030    0.0243920020    0.0014106259    
0.0168041920    0.0242293330    0.0013544609    
0.0170457800    0.0228370640    0.0013229156    
0.0172873690    0.0221092660    0.0012938469    
0.0175289580    0.0207253090    0.0012452631    
0.0177705460    0.0249280890    0.0013420832    
0.0180121350    0.0226050200    0.0012636590    
0.0182537230    0.0231473710    0.0012646760    
0.0184953120    0.0210286580    0.0012021283    
0.0187369000    0.0214409840    0.0012138567    
0.0189784890    0.0217697120    0.0011911856    
0.0192200770    0.0221954540    0.0012218195    
0.0194616660    0.0193501970    0.0011116398    
0.0197032540    0.0194533590    0.0011231402    
0.0199448430    0.0198424260    0.0011343160    
0.0201864310    0.0208190240    0.0011530591    
0.0204280200    0.0187828790    0.0010737457    
0.0206696080    0.0198020510    0.0010867787    
0.0209111970    0.0200570830    0.0011177376    
0.0211527850    0.0201378290    0.0010857590    
0.0213943740    0.0205843680    0.0011002807    
0.0216359620    0.0205401890    0.0011042474    
0.0218775510    0.0205255550    0.0010987078    
0.0221191400    0.0187685650    0.0010316137    
0.0223607280    0.0200300730    0.0010586223    
0.0226023170    0.0194716250    0.0010751406    
0.0228439050    0.0208393060    0.0010634514    
0.0230854940    0.0193452840    0.0010224300    
0.0233270820    0.0183482420    0.0009936130    
0.0235686710    0.0173864390    0.0009734537    
0.0238102590    0.0184445170    0.0009817026    
0.0240518480    0.0177541670    0.0009572406    
0.0242934360    0.0199764740    0.0010302080    
0.0245350250    0.0192261370    0.0009981713    
0.0247766130    0.0200164820    0.0010122770    
0.0250182020    0.0193850310    0.0010064206    
0.0252597900    0.0200124510    0.0009981303    
0.0255013790    0.0178887960    0.0009363424    
0.0257429670    0.0210088700    0.0010166905    
0.0259845560    0.0181737270    0.0009347557    
0.0262261450    0.0196478920    0.0009775192    
0.0264677330    0.0188719520    0.0009471561    
0.0267093220    0.0192011850    0.0009482790    
0.0269509100    0.0201273050    0.0009763177    
0.0271924990    0.0189903540    0.0009413169    
0.0274340870    0.0184008450    0.0009317630    
0.0276756760    0.0189898490    0.0009310540    
0.0279172640    0.0209228570    0.0009755332    
0.0281588530    0.0193885140    0.0009274784    
0.0284004410    0.0172509600    0.0008826359    
0.0286420300    0.0195536340    0.0009217671    
0.0288836180    0.0196547180    0.0009338238    
0.0291252070    0.0194992080    0.0009111382    
0.0293667950    0.0184437960    0.0008967681    
0.0296083840    0.0195417830    0.0009121323    
0.0298499720    0.0198028600    0.0009213124    
0.0300915610    0.0185625650    0.0008889856    
0.0303331490    0.0194275930    0.0009019033    
0.0305747380    0.0175801880    0.0008468079    
0.0308163270    0.0172538740    0.0008389121    
0.0310579150    0.0196054370    0.0008986137    
0.0312995040    0.0179538290    0.0008530122    
0.0315410920    0.0181039750    0.0008524829    
0.0317826810    0.0187077490    0.0008638436    
0.0320242690    0.0192214840    0.0008674534    
0.0322658580    0.0171951580    0.0008321320    
0.0325074460    0.0187919440    0.0008550631    
0.0327490350    0.0199917470    0.0008792360    
0.0329906230    0.0183234330    0.0008328833    
0.0332322120    0.0184689010    0.0008412354    
0.0334738000    0.0189483750    0.0008406982    
0.0337153890    0.0193389270    0.0008480681    
0.0339569770    0.0178293760    0.0008154967    
0.0341985660    0.0178073050    0.0008161965    
0.0344401540    0.0190216850    0.0008325565    
0.0346817430    0.0176135610    0.0008081656    
0.0349233310    0.0171291350    0.0007934918    
0.0351649200    0.0184534450    0.0008084601    
0.0354065090    0.0185909080    0.0008160503    
0.0356480970    0.0182529310    0.0007973830    
0.0358896860    0.0186642650    0.0008153522    
0.0361312740    0.0180836290    0.0007914989    
0.0363728630    0.0174682680    0.0007757930    
0.0366144510    0.0192997790    0.0008221982    
0.0368560400    0.0183891760    0.0007906124    
0.0370976280    0.0183574320    0.0007996623    
0.0373392170    0.0184885770    0.0007948860    
0.0375808050    0.0179969300    0.0007759027    
0.0378223940    0.0179634780    0.0007751813    
0.0380639820    0.0184780970    0.0007893452    
0.0383055710    0.0185779570    0.0007761053    
0.0385471590    0.0181338480    0.0007697390    
0.0387887480    0.0193621710    0.0007984825    
0.0390303360    0.0175674220    0.0007518163    
0.0392719250    0.0186781870    0.0007742358    
0.0395135140    0.0183251630    0.0007668842    
0.0397551020    0.0178159910    0.0007709734    
0.0399966910    0.0194771400    0.0007759878    
0.0402382790    0.0167549890    0.0007250593    
0.0404798680    0.0173748460    0.0007329136    
0.0407214560    0.0175322790    0.0007435342    
0.0409630450    0.0173788040    0.0007285573    
0.0412046330    0.0187351540    0.0007610636    
0.0414462220    0.0179639610    0.0007389386    
0.0416878100    0.0191034780    0.0007611008    
0.0419293990    0.0190880260    0.0007598823    
0.0421709870    0.0189219720    0.0007538694    
0.0424125760    0.0185273410    0.0007495360    
0.0426541640    0.0172320560    0.0007118497    
0.0428957530    0.0195712580    0.0007595121    
0.0431373410    0.0182906810    0.0007333895    
0.0433789300    0.0185320010    0.0007331146    
0.0436205180    0.0180432120    0.0007217285    
0.0438621070    0.0186770090    0.0007359773    
0.0441036960    0.0180720810    0.0007223056    
0.0443452840    0.0188675720    0.0007322038    
0.0445868730    0.0176619540    0.0007156985    
0.0448284610    0.0198863810    0.0007500291    
0.0450700500    0.0188460230    0.0007550500    
0.0453116380    0.0187238580    0.0007544057    
0.0455532270    0.0179213450    0.0007593518    
0.0457948150    0.0191916760    0.0007848060    
0.0460364040    0.0182573740    0.0007674147    
0.0462779920    0.0177358320    0.0007682242    
0.0465195810    0.0189337490    0.0007937440    
0.0467611690    0.0194533590    0.0008077568    
0.0470027580    0.0187154730    0.0007922891    
0.0472443460    0.0194560460    0.0008243791    
0.0474859350    0.0179275020    0.0007816762    
0.0477275230    0.0179797000    0.0007892212    
0.0479691120    0.0190365010    0.0008131990    
0.0482107000    0.0190909920    0.0008223072    
0.0484522890    0.0189845380    0.0008154557    
0.0486938780    0.0184697620    0.0008099526    
0.0489354660    0.0170024550    0.0007793063    
0.0491770550    0.0188939340    0.0008309543    
0.0494186430    0.0192831420    0.0008229844    
0.0496602320    0.0172578350    0.0007568061    
0.0499018200    0.0186767130    0.0007761777    
0.0501434090    0.0190450780    0.0007711127    
0.0503849970    0.0184618500    0.0007518246    
0.0506265860    0.0182276580    0.0007416729    
0.0508681740    0.0182944350    0.0007395087    
0.0511097630    0.0183599610    0.0007373538    
0.0513513510    0.0184104300    0.0007249100    
0.0515929400    0.0182154180    0.0007327315    
0.0518345280    0.0183248000    0.0007232222    
0.0520761170    0.0189232210    0.0007433743    
0.0523177050    0.0178949750    0.0007013594    
0.0525592940    0.0183533440    0.0007237852    
0.0528008830    0.0179516590    0.0006971847    
0.0530424710    0.0182857380    0.0007059131    
0.0532840600    0.0184412860    0.0007051202    
0.0535256480    0.0183334420    0.0007030554    
0.0537672370    0.0186621740    0.0007033571    
0.0540088250    0.0192199180    0.0007152913    
0.0542504140    0.0176112780    0.0006876049    
0.0544920020    0.0181354850    0.0006919119    
0.0547335910    0.0182385240    0.0006888596    
0.0549751790    0.0189154140    0.0006986567    
0.0552167680    0.0172215930    0.0006673232    
0.0554583560    0.0185118160    0.0006842164    
0.0556999450    0.0174461430    0.0006622465    
0.0559415330    0.0182532120    0.0006821545    
0.0561831220    0.0183922660    0.0006779479    
0.0564247100    0.0191284990    0.0006893433    
0.0566662990    0.0177469240    0.0006613888    
0.0569078870    0.0184768230    0.0006815279    
0.0571494760    0.0176729780    0.0006600095    
0.0573910650    0.0177599230    0.0006515484    
0.0576326530    0.0180568990    0.0006619980    
0.0578742420    0.0182296200    0.0006638836    
0.0581158300    0.0177927060    0.0006496978    
0.0583574190    0.0183643340    0.0006588168    
0.0585990070    0.0179750500    0.0006554826    
0.0588405960    0.0175025270    0.0006455904    
0.0590821840    0.0162908390    0.0006170595    
0.0593237730    0.0175098310    0.0006415106    
0.0595653610    0.0188249500    0.0006676522    
0.0598069500    0.0190123460    0.0006563791    
0.0600485380    0.0172489970    0.0006285884    
0.0602901270    0.0183129890    0.0006482728    
0.0605317150    0.0175254850    0.0006307560    
0.0607733040    0.0186070340    0.0006470300    
0.0610148920    0.0172158720    0.0006257215    
0.0612564810    0.0181217920    0.0006391063    
0.0614980690    0.0185470090    0.0006403139    
0.0617396580    0.0178458780    0.0006422872    
0.0619812470    0.0189900990    0.0006619532    
0.0622228350    0.0183632690    0.0006468186    
0.0624644240    0.0197643360    0.0006662556    
0.0627060120    0.0184192410    0.0006483880    
0.0629476010    0.0190710490    0.0006639687    
0.0631891890    0.0181225240    0.0006431443    
0.0634307780    0.0193402580    0.0006614229    
0.0636723660    0.0183122110    0.0006430287    
0.0639139550    0.0184720370    0.0006446785    
0.0641555430    0.0182841240    0.0006346512    
0.0643971320    0.0188884160    0.0006513247    
0.0646387200    0.0185123360    0.0006331085    
0.0648803090    0.0174029610    0.0006191696    
0.0651218970    0.0182151210    0.0006211305    
0.0653634860    0.0180423280    0.0006228903    
0.0656050740    0.0179721380    0.0006200977    
0.0658466630    0.0182363020    0.0006214915    
0.0660882520    0.0180397480    0.0006165859    
0.0663298400    0.0182058060    0.0006204522    
0.0665714290    0.0183808470    0.0006203235    
0.0668130170    0.0179554500    0.0006151436    
0.0670546060    0.0182691710    0.0006169061    
0.0672961940    0.0182438810    0.0006139555    
0.0675377830    0.0175846480    0.0005978960    
0.0677793710    0.0184315820    0.0006160998    
0.0680209600    0.0181729630    0.0006044238    
0.0682625480    0.0171951580    0.0005884062    
0.0685041370    0.0176865500    0.0005948631    
0.0687457250    0.0192034700    0.0006283567    
0.0689873140    0.0189271360    0.0006144008    
0.0692289020    0.0177903110    0.0005956637    
0.0694704910    0.0185986360    0.0006085660    
0.0697120790    0.0177302600    0.0005923264    
0.0699536680    0.0185974720    0.0006095075    
0.0701952560    0.0196451310    0.0006259459    
0.0704368450    0.0180236910    0.0006014584    
0.0706784340    0.0176370820    0.0006007214    
0.0709200220    0.0178312140    0.0005987136    
0.0711616110    0.0182444710    0.0006051309    
0.0714031990    0.0196604430    0.0006332202    
0.0716447880    0.0197084070    0.0006370823    
0.0718863760    0.0176745020    0.0005951314    
0.0721279650    0.0179739350    0.0005945249    
0.0723695530    0.0195506250    0.0006167052    
0.0726111420    0.0185337180    0.0006041819    
0.0728527300    0.0192444040    0.0006067440    
0.0730943190    0.0178421910    0.0005882396    
0.0733359070    0.0181623630    0.0005898861    
0.0735774960    0.0189380670    0.0006046460    
0.0738190840    0.0186173580    0.0005931984    
0.0740606730    0.0197074790    0.0006116914    
0.0743022610    0.0183300370    0.0005903707    
0.0745438500    0.0192214260    0.0006018462    
0.0747854380    0.0184963100    0.0005843207    
0.0750270270    0.0183479230    0.0005867019    
0.0752686160    0.0184637990    0.0005812668    
0.0755102040    0.0188477350    0.0005881308    
0.0757517930    0.0192997790    0.0005973132    
0.0759933810    0.0171222620    0.0005537735    
0.0762349700    0.0192243290    0.0005944090    
0.0764765580    0.0187595870    0.0005817101    
0.0767181470    0.0183284950    0.0005741690    
0.0769597350    0.0191441210    0.0005822675    
0.0772013240    0.0185173180    0.0005714568    
0.0774429120    0.0186701190    0.0005710291    
0.0776845010    0.0195386340    0.0005817543    
0.0779260890    0.0189933310    0.0005771476    
0.0781676780    0.0186643130    0.0005682001    
0.0784092660    0.0188107030    0.0005715981    
0.0786508550    0.0181980910    0.0005576363    
0.0788924430    0.0178871760    0.0005581572    
0.0791340320    0.0182798140    0.0005604036    
0.0793756210    0.0178442040    0.0005551969    
0.0796172090    0.0186369430    0.0005616697    
0.0798587980    0.0183718790    0.0005629616    
0.0801003860    0.0181918060    0.0005598141    
0.0803419750    0.0187074320    0.0005597416    
0.0805835630    0.0186351660    0.0005631527    
0.0808251520    0.0184493560    0.0005595855    
0.0810667400    0.0173970470    0.0005433925    
0.0813083290    0.0191078890    0.0005627274    
0.0815499170    0.0179516960    0.0005534745    
0.0817915060    0.0183356320    0.0005556252    
0.0820330940    0.0193214710    0.0005643862    
0.0822746830    0.0194724800    0.0005680706    
0.0825162710    0.0173084360    0.0005331354    
0.0827578600    0.0180331360    0.0005459576    
0.0829994480    0.0189267550    0.0005521502    
0.0832410370    0.0181674590    0.0005472722    
0.0834826250    0.0192328050    0.0005565965    
0.0837242140    0.0176672540    0.0005324458    
0.0839658030    0.0185154290    0.0005464656    
0.0842073910    0.0189910640    0.0005516837    
0.0844489800    0.0175822810    0.0005274948    
0.0846905680    0.0183355700    0.0005346761    
0.0849321570    0.0187358170    0.0005465800    
0.0851737450    0.0186948450    0.0005392245    
0.0854153340    0.0188331770    0.0005445754    
0.0856569220    0.0188427530    0.0005410208    
0.0858985110    0.0193874560    0.0005546068    
0.0861400990    0.0182835280    0.0005329320    
0.0863816880    0.0182471540    0.0005343747    
0.0866232760    0.0175594090    0.0005284761    
0.0868648650    0.0182697080    0.0005320773    
0.0871064530    0.0182108380    0.0005328544    
0.0873480420    0.0180769860    0.0005266879    
0.0875896300    0.0186894580    0.0005368407    
0.0878312190    0.0185670710    0.0005344287    
0.0880728080    0.0179349620    0.0005236625    
0.0883143960    0.0192877230    0.0005427243    
0.0885559850    0.0187824310    0.0005375192    
0.0887975730    0.0195154690    0.0005452610    
0.0890391620    0.0190051570    0.0005384092    
0.0892807500    0.0186414430    0.0005313131    
0.0895223390    0.0186580660    0.0005302813    
0.0897639270    0.0188480160    0.0005295139    
0.0900055160    0.0185634710    0.0005267425    
0.0902471040    0.0186731370    0.0005304954    
0.0904886930    0.0185524450    0.0005241138    
0.0907302810    0.0180284950    0.0005121814    
0.0909718700    0.0184922840    0.0005279202    
0.0912134580    0.0186826290    0.0005219915    
0.0914550470    0.0182263010    0.0005222457    
0.0916966350    0.0188284730    0.0005240250    
0.0919382240    0.0186365890    0.0005231613    
0.0921798120    0.0184594970    0.0005173753    
0.0924214010    0.0182854880    0.0005149310    
0.0926629900    0.0184509150    0.0005143143    
0.0929045780    0.0183816230    0.0005186675    
0.0931461670    0.0190528480    0.0005220448    
0.0933877550    0.0193904280    0.0005275453    
0.0936293440    0.0185329970    0.0005178108    
0.0938709320    0.0178292910    0.0005067267    
0.0941125210    0.0191513080    0.0005210396    
0.0943541090    0.0192363620    0.0005221954    
0.0945956980    0.0192159360    0.0005227979    
0.0948372860    0.0183897060    0.0005088657    
0.0950788750    0.0181198450    0.0005037178    
0.0953204630    0.0180497210    0.0005047022    
0.0955620520    0.0189599920    0.0005164083    
0.0958036400    0.0187163590    0.0005105306    
0.0960452290    0.0197886500    0.0005249515    
0.0962868170    0.0188827270    0.0005150686    
0.0965284060    0.0194265780    0.0005201268    
0.0967699940    0.0192455420    0.0005176976    
0.0970115830    0.0186055530    0.0005037736    
0.0972531720    0.0195367900    0.0005179058    
0.0974947600    0.0192752640    0.0005138700    
0.0977363490    0.0196604430    0.0005170221    
0.0979779370    0.0194259590    0.0005158749    
0.0982195260    0.0195156010    0.0005173441    
0.0984611140    0.0202884140    0.0005243692    
0.0987027030    0.0198158890    0.0005187832    
0.0989442910    0.0200819320    0.0005225348    
0.0991858800    0.0197100350    0.0005160119    
0.0994274680    0.0196367640    0.0005128649    
0.0996690570    0.0194096550    0.0005064154    
0.0999106450    0.0199603440    0.0005176218    
0.1001522300    0.0204534690    0.0005198541    
0.1003938200    0.0206041780    0.0005236846    
0.1006354100    0.0198513600    0.0005118779    
0.1008770000    0.0212600330    0.0005308377    
0.1011185900    0.0211142350    0.0005290144    
0.1013601800    0.0212250040    0.0005309570    
0.1016017700    0.0200218400    0.0005122032    
0.1018433500    0.0214945910    0.0005426474    
0.1020849400    0.0206144940    0.0005387684    
0.1023265300    0.0207979290    0.0005454286    
0.1025681200    0.0224149310    0.0005633742    
0.1028097100    0.0214244980    0.0005589845    
0.1030513000    0.0220584370    0.0005691671    
0.1032928800    0.0218326540    0.0005715824    
0.1035344700    0.0217494380    0.0005628830    
0.1037760600    0.0222902100    0.0005796023    
0.1040176500    0.0216418610    0.0005735082    
0.1042592400    0.0220020540    0.0005800065    
0.1045008300    0.0219809010    0.0005762541    
0.1047424200    0.0214128940    0.0005739258    
0.1049840000    0.0215146020    0.0005781073    
0.1052255900    0.0209598520    0.0005723660    
0.1054671800    0.0194533590    0.0005480363    
0.1057087700    0.0187948820    0.0005423356    
0.1059503600    0.0189197250    0.0005461654    
0.1061919500    0.0194630490    0.0005536071    
0.1064335400    0.0187872420    0.0005305353    
0.1066751200    0.0195047870    0.0005324330    
0.1069167100    0.0191332120    0.0005258282    
0.1071583000    0.0193190480    0.0005215653    
0.1073998900    0.0184494880    0.0005079979    
0.1076414800    0.0188180130    0.0005167756    
0.1078830700    0.0186016110    0.0005064593    
0.1081246600    0.0190228510    0.0005152615    
0.1083662400    0.0185110540    0.0005019514    
0.1086078300    0.0192521910    0.0005175021    
0.1088494200    0.0181199800    0.0004955552    
0.1090910100    0.0188726610    0.0005043931    
0.1093326000    0.0188069650    0.0005008517    
0.1095741900    0.0191882730    0.0005072430    
0.1098157700    0.0182440960    0.0004896972    
0.1100573600    0.0191670990    0.0005056244    
0.1102989500    0.0185280640    0.0004927258    
0.1105405400    0.0188099480    0.0004962028    
0.1107821300    0.0191718240    0.0005033032    
0.1110237200    0.0190836250    0.0004972325    
0.1112653100    0.0185305450    0.0004950729    
0.1115068900    0.0177719480    0.0004778856    
0.1117484800    0.0184481700    0.0004861520    
0.1119900700    0.0192529600    0.0004946422    
0.1122316600    0.0187878490    0.0004903589    
0.1124732500    0.0185936330    0.0004851247    
0.1127148400    0.0188343880    0.0004877673    
0.1129564300    0.0183818580    0.0004835657    
0.1131980100    0.0185136300    0.0004828730    
0.1134396000    0.0188088080    0.0004879236    
0.1136811900    0.0185388180    0.0004832014    
0.1139227800    0.0189920140    0.0004871349    
0.1141643700    0.0177788920    0.0004678656    
0.1144059600    0.0190532940    0.0004845798    
0.1146475500    0.0191227470    0.0004880857    
0.1148891300    0.0181957110    0.0004701248    
0.1151307200    0.0186133710    0.0004805952    
0.1153723100    0.0188276060    0.0004777595    
0.1156139000    0.0178085450    0.0004684837    
0.1158554900    0.0190273520    0.0004791401    
0.1160970800    0.0190347420    0.0004841080    
0.1163386700    0.0182524300    0.0004701799    
0.1165802500    0.0181449990    0.0004683458    
0.1168218400    0.0179769220    0.0004630829    
0.1170634300    0.0187638490    0.0004735568    
0.1173050200    0.0178011180    0.0004625618    
0.1175466100    0.0187758010    0.0004737076    
0.1177882000    0.0186772260    0.0004700254    
0.1180297800    0.0186591950    0.0004700183    
0.1182713700    0.0186506090    0.0004719027    
0.1185129600    0.0182291230    0.0004639190    
0.1187545500    0.0185024060    0.0004665131    
0.1189961400    0.0180236540    0.0004595838    
0.1192377300    0.0184165000    0.0004620034    
0.1194793200    0.0190594900    0.0004693545    
0.1197209000    0.0181398560    0.0004581005    
0.1199624900    0.0185924100    0.0004629334    
0.1202040800    0.0191544790    0.0004664892    
0.1204456700    0.0178396950    0.0004553373    
0.1206872600    0.0186372620    0.0004603548    
0.1209288500    0.0187478190    0.0004650762    
0.1211704400    0.0189042010    0.0004646857    
0.1214120200    0.0187912470    0.0004616303    
0.1216536100    0.0189783150    0.0004628857    
0.1218952000    0.0186095780    0.0004559309    
0.1221367900    0.0188650510    0.0004623287    
0.1223783800    0.0190285150    0.0004612380    
0.1226199700    0.0181957330    0.0004526358    
0.1228615600    0.0181746240    0.0004519709    
0.1231031400    0.0188043380    0.0004593260    
0.1233447300    0.0178684620    0.0004475515    
0.1235863200    0.0174740920    0.0004445600    
0.1238279100    0.0183530440    0.0004505935    
0.1240695000    0.0183122300    0.0004489155    
0.1243110900    0.0183952650    0.0004497364    
0.1245526800    0.0180385690    0.0004465211    
0.1247942600    0.0186188060    0.0004501185    
0.1250358500    0.0182096610    0.0004470732    
0.1252774400    0.0183714020    0.0004480830    
0.1255190300    0.0191029300    0.0004557368    
0.1257606200    0.0177726830    0.0004412935    
0.1260022100    0.0184201090    0.0004488706    
0.1262437900    0.0187714880    0.0004515718    
0.1264853800    0.0186798920    0.0004498894    
0.1267269700    0.0186613640    0.0004473720    
0.1269685600    0.0178184840    0.0004373375    
0.1272101500    0.0181512390    0.0004414022    
0.1274517400    0.0186949790    0.0004510383    
0.1276933300    0.0188877970    0.0004466811    
0.1279349100    0.0186154830    0.0004487287    
0.1281765000    0.0187731540    0.0004496644    
0.1284180900    0.0189616980    0.0004494353    
0.1286596800    0.0185383910    0.0004457065    
0.1289012700    0.0190734610    0.0004505682    
0.1291428600    0.0189189260    0.0004496865    
0.1293844500    0.0175889440    0.0004301517    
0.1296260300    0.0186644440    0.0004451492    
0.1298676200    0.0181973020    0.0004395432    
0.1301092100    0.0184677540    0.0004405835    
0.1303508000    0.0194533590    0.0004510640    
0.1305923900    0.0180120040    0.0004384053    
0.1308339800    0.0184684510    0.0004426200    
0.1310755700    0.0179360940    0.0004343758    
0.1313171500    0.0186789310    0.0004423605    
0.1315587400    0.0180996620    0.0004349071    
0.1318003300    0.0190038130    0.0004469321    
0.1320419200    0.0178452350    0.0004295383    
0.1322835100    0.0192015710    0.0004473959    
0.1325251000    0.0186024740    0.0004401797    
0.1327666900    0.0187854970    0.0004414317    
0.1330082700    0.0178934190    0.0004308229    
0.1332498600    0.0191803710    0.0004467806    
0.1334914500    0.0195924270    0.0004538008    
0.1337330400    0.0176411250    0.0004249948    
0.1339746300    0.0179227320    0.0004294179    
0.1342162200    0.0187717000    0.0004392919    
0.1344578000    0.0186772940    0.0004396179    
0.1346993900    0.0185223650    0.0004351283    
0.1349409800    0.0189101600    0.0004421690    
0.1351825700    0.0184015290    0.0004330071    
0.1354241600    0.0191459110    0.0004423919    
0.1356657500    0.0179730750    0.0004291485    
0.1359073400    0.0182564740    0.0004351716    
0.1361489200    0.0189263010    0.0004389611    
0.1363905100    0.0185197850    0.0004338721    
0.1366321000    0.0180986550    0.0004287385    
0.1368736900    0.0185150660    0.0004336426    
0.1371152800    0.0181773610    0.0004276138    
0.1373568700    0.0187185930    0.0004356697    
0.1375984600    0.0190026860    0.0004400232    
0.1378400400    0.0184338150    0.0004326901    
0.1380816300    0.0178010600    0.0004229963    
0.1383232200    0.0189924160    0.0004391970    
0.1385648100    0.0185401140    0.0004341102    
0.1388064000    0.0175843260    0.0004197466    
0.1390479900    0.0185150740    0.0004288471    
0.1392895800    0.0188758370    0.0004373204    
0.1395311600    0.0187081570    0.0004315863    
0.1397727500    0.0180809010    0.0004242894    
0.1400143400    0.0179771380    0.0004229037    
0.1402559300    0.0186828740    0.0004354285    
0.1404975200    0.0178296980    0.0004208349    
0.1407391100    0.0184148770    0.0004280215    
0.1409806900    0.0189417960    0.0004372089    
0.1412222800    0.0182645420    0.0004251018    
0.1414638700    0.0178694300    0.0004213036    
0.1417054600    0.0184927270    0.0004252606    
0.1419470500    0.0187021360    0.0004323688    
0.1421886400    0.0188101910    0.0004293938    
0.1424302300    0.0183904740    0.0004257328    
0.1426718100    0.0188384010    0.0004317283    
0.1429134000    0.0187748410    0.0004301588    
0.1431549900    0.0180907090    0.0004232396    
0.1433965800    0.0183228990    0.0004261139    
0.1436381700    0.0188350040    0.0004291781    
0.1438797600    0.0186496870    0.0004267317    
0.1441213500    0.0184919920    0.0004255815    
0.1443629300    0.0182298250    0.0004219008    
0.1446045200    0.0185025060    0.0004253731    
0.1448461100    0.0180037600    0.0004196008    
0.1450877000    0.0187786580    0.0004259086    
0.1453292900    0.0178715450    0.0004190306    
0.1455708800    0.0187289040    0.0004266498    
0.1458124700    0.0181557070    0.0004238333    
0.1460540500    0.0181815220    0.0004173324    
0.1462956400    0.0185008610    0.0004238815    
0.1465372300    0.0178280380    0.0004148300    
0.1467788200    0.0183554960    0.0004204406    
0.1470204100    0.0182527450    0.0004197420    
0.1472620000    0.0189718400    0.0004274412    
0.1475035900    0.0182421400    0.0004185034    
0.1477451700    0.0193058940    0.0004323419    
0.1479867600    0.0186800800    0.0004226955    
0.1482283500    0.0181579590    0.0004194520    
0.1484699400    0.0184577780    0.0004211296    
0.1487115300    0.0187736810    0.0004260149    
0.1489531200    0.0180233920    0.0004124011    
0.1491947000    0.0182294180    0.0004178818    
0.1494362900    0.0183077560    0.0004167316    
0.1496778800    0.0180501900    0.0004151938    
0.1499194700    0.0181672100    0.0004159097    
0.1501610600    0.0179491420    0.0004141865    
0.1504026500    0.0187731460    0.0004213634    
0.1506442400    0.0182977140    0.0004197783    
0.1508858200    0.0185130390    0.0004206423    
0.1511274100    0.0189623170    0.0004225340    
0.1513690000    0.0181055290    0.0004128778    
0.1516105900    0.0185265920    0.0004189007    
0.1518521800    0.0185373510    0.0004183960    
0.1520937700    0.0189576300    0.0004220107    
0.1523353600    0.0186377360    0.0004187462    
0.1525769400    0.0189622890    0.0004237978    
0.1528185300    0.0182582420    0.0004153894    
0.1530601200    0.0191363730    0.0004243109    
0.1533017100    0.0181874280    0.0004158281    
0.1535433000    0.0182583260    0.0004126241    
0.1537848900    0.0183473700    0.0004134766    
0.1540264800    0.0187564360    0.0004189879    
0.1542680600    0.0184296490    0.0004150148    
0.1545096500    0.0186893230    0.0004159349    
0.1547512400    0.0189436600    0.0004207625    
0.1549928300    0.0191676600    0.0004229304    
0.1552344200    0.0188646010    0.0004191099    
0.1554760100    0.0191766820    0.0004227180    
0.1557176000    0.0184366430    0.0004160170    
0.1559591800    0.0186739360    0.0004168331    
0.1562007700    0.0184934240    0.0004123930    
0.1564423600    0.0181463580    0.0004079121    
0.1566839500    0.0186209790    0.0004173178    
0.1569255400    0.0184090350    0.0004120508    
0.1571671300    0.0185055400    0.0004132802    
0.1574087100    0.0188346430    0.0004146749    
0.1576503000    0.0196580930    0.0004284650    
0.1578918900    0.0182291140    0.0004075135    
0.1581334800    0.0195568640    0.0004245477    
0.1583750700    0.0195636460    0.0004253972    
0.1586166600    0.0190881420    0.0004300615    
0.1588582500    0.0195277220    0.0004344861    
0.1590998300    0.0189868130    0.0004334256    
0.1593414200    0.0189720380    0.0004361676    
0.1595830100    0.0185766310    0.0004340145    
0.1598246000    0.0191488170    0.0004397671    
0.1600661900    0.0188743520    0.0004408500    
0.1603077800    0.0188422420    0.0004426429    
0.1605493700    0.0193739080    0.0004495844    
0.1607909500    0.0193235080    0.0004501148    
0.1610325400    0.0182503860    0.0004401839    
0.1612741300    0.0190945340    0.0004504380    
0.1615157200    0.0187634240    0.0004484035    
0.1617573100    0.0188971940    0.0004505722    
0.1619989000    0.0187923140    0.0004529913    
0.1622404900    0.0187128330    0.0004499005    
0.1624820700    0.0186911810    0.0004541298    
0.1627236600    0.0185718780    0.0004514978    
0.1629652500    0.0184907960    0.0004499257    
0.1632068400    0.0184087020    0.0004424606    
0.1634484300    0.0190237040    0.0004427711    
0.1636900200    0.0185969360    0.0004372422    
0.1639316100    0.0178405720    0.0004254998    
0.1641731900    0.0181260720    0.0004285471    
0.1644147800    0.0183886400    0.0004282222    
0.1646563700    0.0178070080    0.0004228989    
0.1648979600    0.0184138200    0.0004265019    
0.1651395500    0.0184285290    0.0004286864    
0.1653811400    0.0176315960    0.0004168564    
0.1656227200    0.0190367200    0.0004353597    
0.1658643100    0.0185945460    0.0004269253    
0.1661059000    0.0179157460    0.0004185739    
0.1663474900    0.0175154420    0.0004110202    
0.1665890800    0.0184851390    0.0004220835    
0.1668306700    0.0185046520    0.0004244142    
0.1670722600    0.0178972380    0.0004153173    
0.1673138400    0.0183073440    0.0004198888    
0.1675554300    0.0177178140    0.0004110430    
0.1677970200    0.0185051180    0.0004219901    
0.1680386100    0.0180555660    0.0004173094    
0.1682802000    0.0182952460    0.0004175300    
0.1685217900    0.0185411180    0.0004189081    
0.1687633800    0.0181501720    0.0004140035    
0.1690049600    0.0182783580    0.0004181257    
0.1692465500    0.0190323000    0.0004212790    
0.1694881400    0.0186268090    0.0004195610    
0.1697297300    0.0186945910    0.0004190727    
0.1699713200    0.0188484510    0.0004228407    
0.1702129100    0.0190042700    0.0004206585    
0.1704545000    0.0180544730    0.0004110728    
0.1706960800    0.0183725360    0.0004163764    
0.1709376700    0.0178925490    0.0004062294    
0.1711792600    0.0186836570    0.0004166351    
0.1714208500    0.0180297010    0.0004070418    
0.1716624400    0.0179761060    0.0004089706    
0.1719040300    0.0185601640    0.0004119398    
0.1721456200    0.0181559950    0.0004090599    
0.1723872000    0.0181006980    0.0004084365    
0.1726287900    0.0179784400    0.0004066105    
0.1728703800    0.0186853130    0.0004154344    
0.1731119700    0.0181670180    0.0004075536    
0.1733535600    0.0178416300    0.0004040333    
0.1735951500    0.0181258550    0.0004049017    
0.1738367300    0.0179193740    0.0004040366    
0.1740783200    0.0182043720    0.0004053431    
0.1743199100    0.0180444510    0.0004039915    
0.1745615000    0.0180123690    0.0004027688    
0.1748030900    0.0186531500    0.0004089974    
0.1750446800    0.0182013750    0.0004085300    
0.1752862700    0.0175918260    0.0003963490    
0.1755278500    0.0182829080    0.0004097412    
0.1757694400    0.0183572100    0.0004057399    
0.1760110300    0.0179725500    0.0004021802    
0.1762526200    0.0184772660    0.0004056287    
0.1764942100    0.0184271490    0.0004055068    
0.1767358000    0.0180269160    0.0004007961    
0.1769773900    0.0178888990    0.0003984175    
0.1772189700    0.0185217890    0.0004061171    
0.1774605600    0.0187073250    0.0004093007    
0.1777021500    0.0191978970    0.0004128819    
0.1779437400    0.0181806200    0.0004019350    
0.1781853300    0.0181008280    0.0004020421    
0.1784269200    0.0181427530    0.0003988623    
0.1786685100    0.0182665000    0.0004011952    
0.1789100900    0.0190326540    0.0004081029    
0.1791516800    0.0187738420    0.0004060218    
0.1793932700    0.0187165910    0.0004055430    
0.1796348600    0.0181048870    0.0003970714    
0.1798764500    0.0180526360    0.0003964980    
0.1801180400    0.0184920860    0.0004014331    
0.1803596200    0.0183842390    0.0004029074    
0.1806012100    0.0191799420    0.0004082687    
0.1808428000    0.0179509340    0.0003948361    
0.1810843900    0.0181945340    0.0003962832    
0.1813259800    0.0186638990    0.0004020488    
0.1815675700    0.0181513780    0.0003958129    
0.1818091600    0.0181783480    0.0003958368    
0.1820507400    0.0182031650    0.0003963772    
0.1822923300    0.0188079990    0.0004020860    
0.1825339200    0.0182232200    0.0003970021    
0.1827755100    0.0180148130    0.0003931155    
0.1830171000    0.0182916540    0.0003992517    
0.1832586900    0.0183860530    0.0003963395    
0.1835002800    0.0184148360    0.0003970522    
0.1837418600    0.0176770110    0.0003879673    
0.1839834500    0.0181606470    0.0003947034    
0.1842250400    0.0177709060    0.0003896529    
0.1844666300    0.0178202210    0.0003897983    
0.1847082200    0.0176940410    0.0003881542    
0.1849498100    0.0178493100    0.0003902479    
0.1851914000    0.0168509580    0.0003811108    
0.1854329800    0.0174909580    0.0003863107    
0.1856745700    0.0180223070    0.0003925320    
0.1859161600    0.0178711520    0.0003881366    
0.1861577500    0.0183347900    0.0003931392    
0.1863993400    0.0178822260    0.0003892964    
0.1866409300    0.0178251410    0.0003868637    
0.1868825200    0.0187236930    0.0003998271    
0.1871241000    0.0181982610    0.0003910215    
0.1873656900    0.0182409530    0.0003935776    
0.1876072800    0.0186994120    0.0003954504    
0.1878488700    0.0189627670    0.0004018293    
0.1880904600    0.0179246010    0.0003897574    
0.1883320500    0.0174020890    0.0003811082    
0.1885736300    0.0179070160    0.0003873655    
0.1888152200    0.0181380020    0.0003897268    
0.1890568100    0.0184619110    0.0003942370    
0.1892984000    0.0185671930    0.0003932704    
0.1895399900    0.0180278970    0.0003887996    
0.1897815800    0.0179188910    0.0003876224    
0.1900231700    0.0181033630    0.0003896125    
0.1902647500    0.0188002080    0.0003959914    
0.1905063400    0.0178731790    0.0003885474    
0.1907479300    0.0182441130    0.0003904774    
0.1909895200    0.0178435130    0.0003846442    
0.1912311100    0.0182479150    0.0003894897    
0.1914727000    0.0184360140    0.0003911065    
0.1917142900    0.0173853960    0.0003809254    
0.1919558700    0.0179536450    0.0003838212    
0.1921974600    0.0174938980    0.0003821122    
0.1924390500    0.0177611740    0.0003856571    
0.1926806400    0.0177291420    0.0003837872    
0.1929222300    0.0183710490    0.0003913165    
0.1931638200    0.0177779980    0.0003818152    
0.1934054100    0.0180161710    0.0003876463    
0.1936469900    0.0177846650    0.0003821347    
0.1938885800    0.0182285880    0.0003889001    
0.1941301700    0.0187286010    0.0003923995    
0.1943717600    0.0173521910    0.0003795607    
0.1946133500    0.0178868050    0.0003818690    
0.1948549400    0.0182232200    0.0003880796    
0.1950965300    0.0179318600    0.0003845879    
0.1953381100    0.0183862750    0.0003891766    
0.1955797000    0.0179456910    0.0003852391    
0.1958212900    0.0178219690    0.0003817922    
0.1960628800    0.0180544800    0.0003843990    
0.1963044700    0.0173436100    0.0003761472    
0.1965460600    0.0181751770    0.0003882026    
0.1967876400    0.0185569050    0.0003882062    
0.1970292300    0.0181126540    0.0003839012    
0.1972708200    0.0175547610    0.0003796567    
0.1975124100    0.0182454080    0.0003868019    
0.1977540000    0.0180451020    0.0003845481    
0.1979955900    0.0179726370    0.0003835267    
0.1982371800    0.0183339680    0.0003882434    
0.1984787600    0.0180144530    0.0003805399    
0.1987203500    0.0181010060    0.0003836544    
0.1989619400    0.0177009280    0.0003796350    
0.1992035300    0.0179977880    0.0003820678    
0.1994451200    0.0178828470    0.0003810904    
0.1996867100    0.0180973490    0.0003826326    
0.1999283000    0.0178990890    0.0003812634    
0.2001698800    0.0178067750    0.0003807684    
0.2004114700    0.0180907420    0.0003849094    
0.2006530600    0.0179878470    0.0003807432    
0.2008946500    0.0176960800    0.0003784879    
0.2011362400    0.0178687020    0.0003777983    
0.2013778300    0.0175904840    0.0003779624    
0.2016194200    0.0184948500    0.0003847254    
0.2018610000    0.0174459510    0.0003752034    
0.2021025900    0.0181423710    0.0003829858    
0.2023441800    0.0186533210    0.0003873520    
0.2025857700    0.0177460750    0.0003781757    
0.2028273600    0.0182356480    0.0003849548    
0.2030689500    0.0179381820    0.0003804597    
0.2033105400    0.0178541330    0.0003774059    
0.2035521200    0.0178409080    0.0003788229    
0.2037937100    0.0186021970    0.0003862071    
0.2040353000    0.0178394730    0.0003790488    
0.2042768900    0.0180832560    0.0003803000    
0.2045184800    0.0180944300    0.0003788631    
0.2047600700    0.0188020240    0.0003890166    
0.2050016500    0.0186121990    0.0003874180    
0.2052432400    0.0179890940    0.0003805139    
0.2054848300    0.0188233350    0.0003876365    
0.2057264200    0.0182070500    0.0003836678    
0.2059680100    0.0181045270    0.0003784942    
0.2062096000    0.0188355580    0.0003873957    
0.2064511900    0.0177724080    0.0003755945    
0.2066927700    0.0188108680    0.0003881212    
0.2069343600    0.0181323000    0.0003805747    
0.2071759500    0.0186237660    0.0003855761    
0.2074175400    0.0178986840    0.0003777574    
0.2076591300    0.0185020880    0.0003834681    
0.2079007200    0.0190719930    0.0003924245    
0.2081423100    0.0178182280    0.0003757247    
0.2083838900    0.0181911550    0.0003804715    
0.2086254800    0.0185599040    0.0003849145    
0.2088670700    0.0180093350    0.0003783273    
0.2091086600    0.0185748790    0.0003855569    
0.2093502500    0.0187487390    0.0003857733    
0.2095918400    0.0179560920    0.0003795612    
0.2098334300    0.0190389600    0.0003900968    
0.2100750100    0.0181304810    0.0003818848    
0.2103166000    0.0176251890    0.0003768855    
0.2105581900    0.0187487390    0.0003857733    
0.2107997800    0.0182484850    0.0003827605    
0.2110413700    0.0188399420    0.0003868318    
0.2112829600    0.0180166600    0.0003809266    
0.2115245400    0.0187766400    0.0003859391    
0.2117661300    0.0175611670    0.0003756024    
0.2120077200    0.0183343930    0.0003819665    
0.2122493100    0.0174968070    0.0003764713    
0.2124909000    0.0178799970    0.0003780371    
0.2127324900    0.0185822570    0.0003879732    
0.2129740800    0.0184009640    0.0003830211    
0.2132156600    0.0184727180    0.0003837671    
0.2134572500    0.0181395770    0.0003817378    
0.2136988400    0.0182449300    0.0003826018    
0.2139404300    0.0178550550    0.0003765850    
0.2141820200    0.0181897530    0.0003817806    
0.2144236100    0.0178427840    0.0003792048    
0.2146652000    0.0187138090    0.0003878562    
0.2149067800    0.0179033410    0.0003776875    
0.2151483700    0.0182198390    0.0003867817    
0.2153899600    0.0183019580    0.0003925254    
0.2156315500    0.0182845720    0.0003961822    
0.2158731400    0.0178253710    0.0003926446    
0.2161147300    0.0186921400    0.0004071212    
0.2163563200    0.0176081000    0.0003961129    
0.2165979000    0.0182796170    0.0004066155    
0.2168394900    0.0184688460    0.0004090074    
0.2170810800    0.0176006580    0.0004037868    
0.2173226700    0.0183611530    0.0004121162    
0.2175642600    0.0182468760    0.0004131045    
0.2178058500    0.0175913740    0.0004071248    
0.2180474400    0.0182296560    0.0004164671    
0.2182890200    0.0176716210    0.0004133218    
0.2185306100    0.0178075310    0.0004122379    
0.2187722000    0.0179100390    0.0004186692    
0.2190137900    0.0183089550    0.0004224894    
0.2192553800    0.0181574870    0.0004246857    
0.2194969700    0.0175397160    0.0004148000    
0.2197385500    0.0182936100    0.0004210158    
0.2199801400    0.0170651050    0.0004023402    
0.2202217300    0.0177248870    0.0004061028    
0.2204633200    0.0179255890    0.0004064561    
0.2207049100    0.0171294520    0.0003947465    
0.2209465000    0.0174387460    0.0003982944    
0.2211880900    0.0171567820    0.0003930867    
0.2214296700    0.0175031870    0.0003964708    
0.2216712600    0.0180446430    0.0004019859    
0.2219128500    0.0173819870    0.0003934228    
0.2221544400    0.0175640580    0.0003974420    
0.2223960300    0.0171148460    0.0003903878    
0.2226376200    0.0174294020    0.0003970467    
0.2228792100    0.0165833370    0.0003844136    
0.2231207900    0.0172516610    0.0003920832    
0.2233623800    0.0176163230    0.0003937161    
0.2236039700    0.0171701490    0.0003903315    
0.2238455600    0.0174512440    0.0003915947    
0.2240871500    0.0170535680    0.0003877815    
0.2243287400    0.0175751500    0.0003916240    
0.2245703300    0.0171631680    0.0003895693    
0.2248119100    0.0169036660    0.0003860734    
0.2250535000    0.0174470190    0.0003920926    
0.2252950900    0.0172088450    0.0003909083    
0.2255366800    0.0170454860    0.0003854118    
0.2257782700    0.0178636800    0.0003955085    
0.2260198600    0.0176364630    0.0003916314    
0.2262614500    0.0172419600    0.0003870934    
0.2265030300    0.0171513560    0.0003855454    
0.2267446200    0.0175436250    0.0003914077    
0.2269862100    0.0172270890    0.0003852094    
0.2272278000    0.0173907700    0.0003880940    
0.2274693900    0.0169915620    0.0003824369    
0.2277109800    0.0175781250    0.0003924706    
0.2279525600    0.0166359300    0.0003782848    
0.2281941500    0.0175279680    0.0003892222    
0.2284357400    0.0177215190    0.0003908314    
0.2286773300    0.0172530060    0.0003869515    
0.2289189200    0.0162880660    0.0003736739    
0.2291605100    0.0168075420    0.0003817924    
0.2294021000    0.0168681790    0.0003809162    
0.2296436800    0.0171543870    0.0003875770    
0.2298852700    0.0178674870    0.0003917706    
0.2301268600    0.0175815460    0.0003926448    
0.2303684500    0.0163973550    0.0003769756    
0.2306100400    0.0171985070    0.0003866053    
0.2308516300    0.0170153640    0.0003837510    
0.2310932200    0.0173842530    0.0003898952    
0.2313348000    0.0179623790    0.0003944205    
0.2315763900    0.0175827920    0.0003906323    
0.2318179800    0.0168595770    0.0003843653    
0.2320595700    0.0168421960    0.0003825796    
0.2323011600    0.0168858110    0.0003842650    
0.2325427500    0.0167721310    0.0003829693    
0.2327843400    0.0182488770    0.0004010016    
0.2330259200    0.0178635360    0.0003931992    
0.2332675100    0.0176869350    0.0003917874    
0.2335091000    0.0174858400    0.0003908976    
0.2337506900    0.0171248100    0.0003848515    
0.2339922800    0.0176150500    0.0003926106    
0.2342338700    0.0165165720    0.0003795159    
0.2344754600    0.0176288470    0.0003933091    
0.2347170400    0.0168451130    0.0003823501    
0.2349586300    0.0177461590    0.0003933889    
0.2352002200    0.0169098250    0.0003872253    
0.2354418100    0.0175693620    0.0003923727    
0.2356834000    0.0170375070    0.0003861207    
0.2359249900    0.0168711010    0.0003818594    
0.2361665700    0.0172171690    0.0003890948    
0.2364081600    0.0172277280    0.0003870667    
0.2366497500    0.0169094060    0.0003856015    
0.2368913400    0.0168479500    0.0003833041    
0.2371329300    0.0171303670    0.0003889249    
0.2373745200    0.0169121540    0.0003849641    
0.2376161100    0.0176832780    0.0003936427    
0.2378576900    0.0174096020    0.0003919452    
0.2380992800    0.0167984920    0.0003828732    
0.2383408700    0.0170233760    0.0003864959    
0.2385824600    0.0171090480    0.0003858638    
0.2388240500    0.0177201180    0.0003944628    
0.2390656400    0.0174336700    0.0003913975    
0.2393072300    0.0164634300    0.0003792974    
0.2395488100    0.0173240040    0.0003896233    
0.2397904000    0.0170359330    0.0003875809    
0.2400319900    0.0165707250    0.0003827866    
0.2402735800    0.0175039300    0.0003939690    
0.2405151700    0.0169302670    0.0003867818    
0.2407567600    0.0171500590    0.0003865922    
0.2409983500    0.0168213940    0.0003849985    
0.2412399300    0.0171100830    0.0003866747    
0.2414815200    0.0164761370    0.0003818261    
0.2417231100    0.0165928850    0.0003798680    
0.2419647000    0.0164788200    0.0003819908    
0.2422062900    0.0166623720    0.0003835755    
0.2424478800    0.0166916890    0.0003840469    
0.2426894600    0.0172313920    0.0003921292    
0.2429310500    0.0174260640    0.0003917206    
0.2431726400    0.0176216580    0.0003936388    
0.2434142300    0.0162661760    0.0003767580    
0.2436558200    0.0169456560    0.0003884535    
0.2438974100    0.0171481490    0.0003872384    
0.2441390000    0.0172154760    0.0003897538    
0.2443805800    0.0167623790    0.0003848593    
0.2446221700    0.0165496590    0.0003828110    
0.2448637600    0.0170049190    0.0003889952    
0.2451053500    0.0168595770    0.0003851669    
0.2453469400    0.0175785360    0.0003974644    
0.2455885300    0.0168067810    0.0003845633    
0.2458301200    0.0172605720    0.0003921844    
0.2460717000    0.0173886310    0.0003904847    
0.2463132900    0.0170821850    0.0003874318    
0.2465548800    0.0169188170    0.0003877364    
0.2467964700    0.0171795100    0.0003889396    
0.2470380600    0.0169068360    0.0003870554    
0.2472796500    0.0173820120    0.0003923195    
0.2475212400    0.0167042450    0.0003869046    
0.2477628200    0.0168295780    0.0003891817    
0.2480044100    0.0165685910    0.0003822277    
0.2482460000    0.0167831030    0.0003848283    
0.2484875900    0.0173354530    0.0003920684    
0.2487291800    0.0173709220    0.0003924693    
0.2489707700    0.0164036750    0.0003804534    
0.2492123600    0.0172078420    0.0003919995    
0.2494539400    0.0165483510    0.0003836026    
0.2496955300    0.0163836540    0.0003823617    
0.2499371200    0.0174207760    0.0003928943    
0.2501787100    0.0168203270    0.0003903269    
0.2504203000    0.0166060940    0.0003831949    
0.2506618900    0.0163523910    0.0003781468    
0.2509034700    0.0167768170    0.0003856994    
0.2511450600    0.0164707820    0.0003814971    
0.2513866500    0.0168625370    0.0003869550    
0.2516282400    0.0174170880    0.0003905334    
0.2518698300    0.0172668990    0.0003910183    
0.2521114200    0.0168390170    0.0003852001    
0.2523530100    0.0170570580    0.0003883632    
0.2525945900    0.0178451060    0.0003962645    
0.2528361800    0.0174489480    0.0003947362    
0.2530777700    0.0163363690    0.0003784854    
0.2533193600    0.0173262790    0.0003893792    
0.2535609500    0.0166099150    0.0003825707    
0.2538025400    0.0171795100    0.0003889396    
0.2540441300    0.0174612860    0.0003921163    
0.2542857100    0.0167219120    0.0003833245    
0.2545273000    0.0174574770    0.0003937220    
0.2547688900    0.0176728250    0.0003931179    
0.2550104800    0.0168092590    0.0003863432    
0.2552520700    0.0169580140    0.0003895564    
0.2554936600    0.0170233760    0.0003864959    
0.2557352500    0.0168802100    0.0003863446    
0.2559768300    0.0166871230    0.0003825270    
0.2562184200    0.0170543830    0.0003886045    
0.2564600100    0.0169704960    0.0003854940    
0.2567016000    0.0167058790    0.0003848831    
0.2569431900    0.0157420580    0.0003721828    
0.2571847800    0.0169444020    0.0003855983    
0.2574263700    0.0171675550    0.0003886689    
0.2576679500    0.0168772500    0.0003861757    
0.2579095400    0.0164434010    0.0003815801    
0.2581511300    0.0173853440    0.0003903125    
0.2583927200    0.0167021750    0.0003821698    
0.2586343100    0.0162946950    0.0003763098    
0.2588759000    0.0172387420    0.0003898811    
0.2591174800    0.0169752920    0.0003838246    
0.2593590700    0.0167842080    0.0003820517    
0.2596006600    0.0167165510    0.0003825989    
0.2598422500    0.0168829770    0.0003848987    
0.2600838400    0.0171524820    0.0003882282    
0.2603254300    0.0169539630    0.0003873232    
0.2605670200    0.0166076800    0.0003820129    
0.2608086000    0.0169431830    0.0003828052    
0.2610501900    0.0168391870    0.0003836015    
0.2612917800    0.0168068910    0.0003841638    
0.2615333700    0.0169702660    0.0003850916    
0.2617749600    0.0168449630    0.0003843318    
0.2620165500    0.0164058000    0.0003783716    
0.2622581400    0.0167800510    0.0003850621    
0.2624997200    0.0165704060    0.0003810548    
0.2627413100    0.0170859600    0.0003907468    
0.2629829000    0.0165793550    0.0003790619    
0.2632244900    0.0160964350    0.0003764797    
0.2634660800    0.0162026350    0.0003758918    
0.2637076700    0.0173590560    0.0003900173    
0.2639492600    0.0172451390    0.0003887355    
0.2641908400    0.0161268070    0.0003765726    
0.2644324300    0.0173831300    0.0003916471    
0.2646740200    0.0169146550    0.0003835335    
0.2649156100    0.0176918930    0.0003964959    
0.2651572000    0.0170940640    0.0003877012    
0.2653987900    0.0165722660    0.0003837448    
0.2656403800    0.0173886440    0.0003915726    
0.2658819600    0.0166234730    0.0003812683    
0.2661235500    0.0171688460    0.0003894975    
0.2663651400    0.0165939570    0.0003811934    
0.2666067300    0.0165752630    0.0003817726    
0.2668483200    0.0173535560    0.0003900907    
0.2670899100    0.0164880250    0.0003834424    
0.2673314900    0.0175100420    0.0003914386    
0.2675730800    0.0168714170    0.0003870569    
0.2678146700    0.0170649640    0.0003903688    
0.2680562600    0.0161395330    0.0003764595    
0.2682978500    0.0168478290    0.0003853009    
0.2685394400    0.0165824740    0.0003809296    
0.2687810300    0.0181535210    0.0004006511    
0.2690226100    0.0171849170    0.0003869849    
0.2692642000    0.0168655390    0.0003883554    
0.2695057900    0.0160013680    0.0003749748    
0.2697473800    0.0169094060    0.0003856015    
0.2699889700    0.0165928120    0.0003841176    
0.2702305600    0.0167316730    0.0003864014    
0.2704721500    0.0174731380    0.0003941755    
0.2707137300    0.0164626070    0.0003796817    
0.2709553200    0.0166909820    0.0003848464    
0.2711969100    0.0167859930    0.0003849958    
0.2714385000    0.0163089170    0.0003785612    
0.2716800900    0.0166736260    0.0003842421    
0.2719216800    0.0169829100    0.0003963472    
0.2721632700    0.0169314930    0.0003985260    
0.2724048500    0.0170327920    0.0004048547    
0.2726464400    0.0164670300    0.0004053903    
0.2728880300    0.0171327960    0.0004138308    
0.2731296200    0.0169101160    0.0004134268    
0.2733712100    0.0171232220    0.0004193896    
0.2736128000    0.0174576840    0.0004292585    
0.2738543800    0.0164318280    0.0004140432    
0.2740959700    0.0175047500    0.0004314605    
0.2743375600    0.0167229170    0.0004247625    
0.2745791500    0.0165839040    0.0004248096    
0.2748207400    0.0167492400    0.0004298919    
0.2750623300    0.0172788600    0.0004366357    
0.2753039200    0.0165778330    0.0004322365    
0.2755455000    0.0166654460    0.0004320316    
0.2757870900    0.0166134520    0.0004378029    
0.2760286800    0.0170994490    0.0004419481    
0.2762702700    0.0166265140    0.0004438869    
0.2765118600    0.0178796040    0.0004420447    
0.2767534500    0.0169824820    0.0004291462    
0.2769950400    0.0177132270    0.0004347541    
0.2772366200    0.0164589880    0.0004147275    
0.2774782100    0.0172646540    0.0004252842    
0.2777198000    0.0168244830    0.0004208752    
0.2779613900    0.0163637080    0.0004140389    
0.2782029800    0.0154557320    0.0003946180    
0.2784445700    0.0165590010    0.0004119206    
0.2786861600    0.0165573010    0.0004107361    
0.2789277400    0.0166204340    0.0004069531    
0.2791693300    0.0164370900    0.0004050216    
0.2794109200    0.0167252380    0.0004105048    
0.2796525100    0.0165415350    0.0004075952    
0.2798941000    0.0165814210    0.0004034660    
0.2801356900    0.0169731320    0.0004123873    
0.2803772800    0.0164686800    0.0004098005    
0.2806188600    0.0168530530    0.0004061271    
0.2808604500    0.0162173390    0.0003962526    
0.2811020400    0.0172108190    0.0004097814    
0.2813436300    0.0166035320    0.0004043633    
0.2815852200    0.0166600940    0.0004010117    
0.2818268100    0.0166742000    0.0004033425    
0.2820683900    0.0161075020    0.0003975041    
0.2823099800    0.0161217260    0.0003973714    
0.2825515700    0.0163495560    0.0003966517    
0.2827931600    0.0170698290    0.0004101618    
0.2830347500    0.0161322000    0.0003964272    
0.2832763400    0.0168209970    0.0004027898    
0.2835179300    0.0169174480    0.0004039430    
0.2837595100    0.0169473880    0.0004066332    
0.2840011000    0.0169573710    0.0004072246    
0.2842426900    0.0166135220    0.0003990823    
0.2844842800    0.0162006970    0.0003962010    
0.2847258700    0.0167850640    0.0004039028    
0.2849674600    0.0163579590    0.0003998079    
0.2852090500    0.0163887480    0.0003981888    
0.2854506300    0.0161863650    0.0003973984    
0.2856922200    0.0164555420    0.0003994581    
0.2859338100    0.0171967690    0.0004089834    
0.2861754000    0.0167441010    0.0004014091    
0.2864169900    0.0164236640    0.0003973984    
0.2866585800    0.0173221480    0.0004099988    
0.2869001700    0.0162960890    0.0003967581    
0.2871417500    0.0154203450    0.0003855086    
0.2873833400    0.0156673550    0.0003902233    
0.2876249300    0.0157815000    0.0003920945    
0.2878665200    0.0161362730    0.0003989437    
0.2881081100    0.0156535080    0.0003860653    
0.2883497000    0.0164872030    0.0003984695    
0.2885912900    0.0164457860    0.0003978172    
0.2888328700    0.0164390510    0.0003978872    
0.2890744600    0.0163738580    0.0003961933    
0.2893160500    0.0164496180    0.0003975611    
0.2895576400    0.0163351440    0.0003982997    
0.2897992300    0.0163390630    0.0003944287    
0.2900408200    0.0162697470    0.0003944833    
0.2902824000    0.0166944780    0.0004026567    
0.2905239900    0.0165160940    0.0003988185    
0.2907655800    0.0159197700    0.0003887499    
0.2910071700    0.0165558010    0.0003964395    
0.2912487600    0.0169008380    0.0004011521    
0.2914903500    0.0167932760    0.0003988238    
0.2917319400    0.0158999360    0.0003867693    
0.2919735200    0.0163737290    0.0003936630    
0.2922151100    0.0164918350    0.0003943429    
0.2924567000    0.0162317600    0.0003919526    
0.2926982900    0.0162155040    0.0003919030    
0.2929398800    0.0159278980    0.0003904647    
0.2931814700    0.0168283100    0.0003973098    
0.2934230600    0.0161549980    0.0003904406    
0.2936646400    0.0164687930    0.0003914489    
0.2939062300    0.0166257680    0.0003969784    
0.2941478200    0.0164446400    0.0003923182    
0.2943894100    0.0164532090    0.0003943222    
0.2946310000    0.0167248260    0.0003965278    
0.2948725900    0.0165636850    0.0003954961    
0.2951141800    0.0164832480    0.0003938000    
0.2953557600    0.0158964450    0.0003893429    
0.2955973500    0.0162320260    0.0003899182    
0.2958389400    0.0166853830    0.0003945958    
0.2960805300    0.0162521090    0.0003897265    
0.2963221200    0.0169278600    0.0003970134    
0.2965637100    0.0162640960    0.0003890086    
0.2968053000    0.0169614760    0.0003963871    
0.2970468800    0.0169123800    0.0003969780    
0.2972884700    0.0167206250    0.0003935627    
0.2975300600    0.0162481860    0.0003879628    
0.2977716500    0.0164894130    0.0003922717    
0.2980132400    0.0163284200    0.0003912191    
0.2982548300    0.0161058190    0.0003855539    
0.2984964100    0.0165190730    0.0003899002    
0.2987380000    0.0165268230    0.0003908459    
0.2989795900    0.0168871860    0.0003942205    
0.2992211800    0.0163728900    0.0003877481    
0.2994627700    0.0167826070    0.0003937150    
0.2997043600    0.0165160730    0.0003915785    
0.2999459500    0.0166987740    0.0003935939    
0.3001875300    0.0159469160    0.0003840679    
0.3004291200    0.0166297890    0.0003962845    
0.3006707100    0.0164922660    0.0003891591    
0.3009123000    0.0163991530    0.0003899038    
0.3011538900    0.0158538540    0.0003807240    
0.3013954800    0.0162957430    0.0003881039    
0.3016370700    0.0170380180    0.0003965548    
0.3018786500    0.0165673040    0.0003910386    
0.3021202400    0.0163246460    0.0003880227    
0.3023618300    0.0163106180    0.0003895646    
0.3026034200    0.0159147000    0.0003839608    
0.3028450100    0.0162998590    0.0003888642    
0.3030866000    0.0167542050    0.0003946812    
0.3033281900    0.0161458630    0.0003851904    
0.3035697700    0.0172629020    0.0003993090    
0.3038113600    0.0161226650    0.0003861785    
0.3040529500    0.0157117300    0.0003798385    
0.3042945400    0.0168565190    0.0003932904    
0.3045361300    0.0163702660    0.0003899894    
0.3047777200    0.0155293670    0.0003783152    
0.3050193100    0.0158012390    0.0003818909    
0.3052608900    0.0162720280    0.0003885321    
0.3055024800    0.0158510470    0.0003883475    
0.3057440700    0.0161921430    0.0003847645    
0.3059856600    0.0158219240    0.0003811682    
0.3062272500    0.0166226820    0.0003916916    
0.3064688400    0.0158081730    0.0003829542    
0.3067104200    0.0158035710    0.0003798453    
0.3069520100    0.0162047470    0.0003865951    
0.3071936000    0.0164519830    0.0003903883    
0.3074351900    0.0164882210    0.0003912482    
0.3076767800    0.0165473630    0.0003898086    
0.3079183700    0.0163846600    0.0003918923    
0.3081599600    0.0155316830    0.0003815551    
0.3084015400    0.0167679490    0.0003919714    
0.3086431300    0.0163868500    0.0003872110    
0.3088847200    0.0164334560    0.0003901684    
0.3091263100    0.0160362600    0.0003844399    
0.3093679000    0.0159907180    0.0003844545    
0.3096094900    0.0165423930    0.0003890444    
0.3098510800    0.0160813470    0.0003875305    
0.3100926600    0.0163909130    0.0003893779    
0.3103342500    0.0167054120    0.0003930957    
0.3105758400    0.0163780540    0.0003919586    
0.3108174300    0.0158449370    0.0003817226    
0.3110590200    0.0169059970    0.0003961739    
0.3113006100    0.0167772910    0.0003916551    
0.3115422000    0.0159126190    0.0003843583    
0.3117837800    0.0165339370    0.0003903598    
0.3120253700    0.0163342610    0.0003891316    
0.3122669600    0.0161723660    0.0003849472    
0.3125085500    0.0163637080    0.0003900546    
0.3127501400    0.0164705100    0.0003906080    
0.3129917300    0.0161960350    0.0003890536    
0.3132333100    0.0161312680    0.0003872744    
0.3134749000    0.0167699650    0.0003942874    
0.3137164900    0.0163350160    0.0003877220    
0.3139580800    0.0156886030    0.0003798348    
0.3141996700    0.0159048560    0.0003827221    
0.3144412600    0.0166134520    0.0003915828    
0.3146828500    0.0163435310    0.0003892420    
0.3149244300    0.0165898240    0.0003905922    
0.3151660200    0.0162401950    0.0003884369    
0.3154076100    0.0158431540    0.0003843660    
0.3156492000    0.0163205720    0.0003917063    
0.3158907900    0.0165657290    0.0003900249    
0.3161323800    0.0160447800    0.0003839827    
0.3163739700    0.0159460950    0.0003829392    
0.3166155500    0.0163609750    0.0003898787    
0.3168571400    0.0166232000    0.0003912695    
0.3170987300    0.0155954170    0.0003798116    
0.3173403200    0.0166591620    0.0003925512    
0.3175819100    0.0158871480    0.0003841916    
0.3178235000    0.0162059140    0.0003871743    
0.3180650900    0.0165109300    0.0003926724    
0.3183066700    0.0165003360    0.0003915356    
0.3185482600    0.0159639120    0.0003852602    
0.3187898500    0.0167434310    0.0003918267    
0.3190314400    0.0158150970    0.0003823375    
0.3192730300    0.0155960310    0.0003792646    
0.3195146200    0.0155769180    0.0003795862    
0.3197562100    0.0159785330    0.0003836076    
0.3199977900    0.0161848250    0.0003867808    
0.3202393800    0.0161177810    0.0003873974    
0.3204809700    0.0167257220    0.0003952183    
0.3207225600    0.0168471530    0.0003962117    
0.3209641500    0.0166299000    0.0003935038    
0.3212057400    0.0158012520    0.0003813347    
0.3214473200    0.0166076670    0.0003912292    
0.3216889100    0.0166139900    0.0003911611    
0.3219305000    0.0160425940    0.0003859248    
0.3221720900    0.0168935190    0.0003954474    
0.3224136800    0.0168503950    0.0003933617    
0.3226552700    0.0168877390    0.0003981585    
0.3228968600    0.0164954800    0.0003907609    
0.3231384400    0.0162021800    0.0003910104    
0.3233800300    0.0158288610    0.0003816677    
0.3236216200    0.0166906130    0.0003922049    
0.3238632100    0.0159746650    0.0003844020    
0.3241048000    0.0168348570    0.0003950495    
0.3243463900    0.0159795450    0.0003847422    
0.3245879800    0.0162984140    0.0003882776    
0.3248295600    0.0160252190    0.0003847284    
0.3250711500    0.0169026810    0.0003951209    
0.3253127400    0.0163795560    0.0003901000    
0.3255543300    0.0159781120    0.0003857153    
0.3257959200    0.0161659870    0.0003901370    
0.3260375100    0.0155987900    0.0003788838    
0.3262791000    0.0165845590    0.0003921017    
0.3265206800    0.0166872900    0.0003924520    
0.3267622700    0.0158754830    0.0003839095    
0.3270038600    0.0162667130    0.0003881839    
0.3272454500    0.0162930760    0.0003879304    
0.3274870400    0.0159376660    0.0003839565    
0.3277286300    0.0161482950    0.0003879068    
0.3279702200    0.0167820980    0.0003950096    
0.3282118000    0.0164475240    0.0003939597    
0.3284533900    0.0158797990    0.0003831188    
0.3286949800    0.0160932330    0.0003993469    
0.3289365700    0.0167170450    0.0004125465    
0.3291781600    0.0163521330    0.0004115128    
0.3294197500    0.0165663370    0.0004190318    
0.3296613300    0.0158356000    0.0004138700    
0.3299029200    0.0161149220    0.0004180409    
0.3301445100    0.0165396470    0.0004296375    
0.3303861000    0.0160603310    0.0004261969    
0.3306276900    0.0165609750    0.0004361173    
0.3308692800    0.0155874460    0.0004232969    
0.3311108700    0.0162791530    0.0004361705    
0.3313524500    0.0156684120    0.0004327366    
0.3315940400    0.0155526030    0.0004305244    
0.3318356300    0.0155673900    0.0004363165    
0.3320772200    0.0166512830    0.0004516874    
0.3323188100    0.0165766430    0.0004548807    
0.3325604000    0.0167268250    0.0004562615    
0.3328019900    0.0168383970    0.0004625863    
0.3330435700    0.0163534580    0.0004511406    
0.3332851600    0.0162332030    0.0004436229    
0.3335267500    0.0158656060    0.0004249377    
0.3337683400    0.0160932330    0.0004279752    
0.3340099300    0.0171590370    0.0004389664    
0.3342515200    0.0172597720    0.0004360141    
0.3344931100    0.0160863670    0.0004165999    
0.3347346900    0.0161100210    0.0004183363    
0.3349762800    0.0166445320    0.0004230445    
0.3352178700    0.0165181180    0.0004198315    
0.3354594600    0.0155496850    0.0004052917    
0.3357010500    0.0160420790    0.0004126942    
0.3359426400    0.0170270330    0.0004266101    
0.3361842300    0.0162838850    0.0004091480    
0.3364258100    0.0165180140    0.0004114104    
0.3366674000    0.0166301720    0.0004133075    
0.3369089900    0.0159792080    0.0004036647    
0.3371505800    0.0161689440    0.0004052380    
0.3373921700    0.0162472440    0.0004072004    
0.3376337600    0.0160987910    0.0004050090    
0.3378753400    0.0159690110    0.0004035359    
0.3381169300    0.0165936220    0.0004093760    
0.3383585200    0.0165051820    0.0004127586    
0.3386001100    0.0154902380    0.0003939611    
0.3388417000    0.0166207450    0.0004095469    
0.3390832900    0.0163945540    0.0004027526    
0.3393248800    0.0158083650    0.0003984599    
0.3395664600    0.0165761390    0.0004072135    
0.3398080500    0.0160279090    0.0003999485    
0.3400496400    0.0170544670    0.0004111002    
0.3402912300    0.0155588870    0.0003920471    
0.3405328200    0.0159832790    0.0003997069    
0.3407744100    0.0163560580    0.0004045011    
0.3410160000    0.0163849420    0.0004053395    
0.3412575800    0.0163625530    0.0004006388    
0.3414991700    0.0158278910    0.0003937335    
0.3417407600    0.0157073750    0.0003932994    
0.3419823500    0.0165166930    0.0004003532    
0.3422239400    0.0159526570    0.0003951293    
0.3424655300    0.0159189280    0.0003956311    
0.3427071200    0.0165338510    0.0004019517    
0.3429487000    0.0161315210    0.0003974921    
0.3431902900    0.0162306360    0.0004004209    
0.3434318800    0.0158861380    0.0003992803    
0.3436734700    0.0164854930    0.0003993624    
0.3439150600    0.0165738760    0.0003995155    
0.3441566500    0.0158911590    0.0003936061    
0.3443982300    0.0159323010    0.0003936602    
0.3446398200    0.0161662320    0.0003954764    
0.3448814100    0.0161851940    0.0003967722    
0.3451230000    0.0163981160    0.0003998352    
0.3453645900    0.0163006250    0.0003986448    
0.3456061800    0.0162242800    0.0003961858    
0.3458477700    0.0166047230    0.0004034363    
0.3460893500    0.0168400190    0.0004058130    
0.3463309400    0.0165064640    0.0003987022    
0.3465725300    0.0164612190    0.0003983071    
0.3468141200    0.0163545670    0.0003985364    
0.3470557100    0.0159676560    0.0003927396    
0.3472973000    0.0169727940    0.0004058433    
0.3475388900    0.0161246070    0.0003931662    
0.3477804700    0.0165562080    0.0004003712    
0.3480220600    0.0162103870    0.0003963195    
0.3482636500    0.0163858850    0.0003980018    
0.3485052400    0.0168825740    0.0004079059    
0.3487468300    0.0162230030    0.0003955654    
0.3489884200    0.0165286830    0.0003991225    
0.3492300100    0.0167192940    0.0003998961    
0.3494715900    0.0162809990    0.0003973340    
0.3497131800    0.0164132190    0.0003962189    
0.3499547700    0.0162533030    0.0003965400    
0.3501963600    0.0158945300    0.0003903511    
0.3504379500    0.0157962160    0.0003901787    
0.3506795400    0.0163250680    0.0003971108    
0.3509211300    0.0160288810    0.0003942455    
0.3511627100    0.0159829570    0.0003938314    
0.3514043000    0.0164514790    0.0003966804    
0.3516458900    0.0160941060    0.0003932416    
0.3518874800    0.0157628120    0.0003882890    
0.3521290700    0.0160140460    0.0003915192    
0.3523706600    0.0161159610    0.0003936581    
0.3526122400    0.0163987230    0.0003967949    
0.3528538300    0.0160634660    0.0003933157    
0.3530954200    0.0165279240    0.0003995704    
0.3533370100    0.0162725720    0.0003957167    
0.3535786000    0.0162713770    0.0003982870    
0.3538201900    0.0158607270    0.0003890519    
0.3540617800    0.0155189130    0.0003868862    
0.3543033600    0.0159892830    0.0003903310    
0.3545449500    0.0161123920    0.0003928683    
0.3547865400    0.0170055750    0.0004023932    
0.3550281300    0.0166701800    0.0004006745    
0.3552697200    0.0161629530    0.0003936334    
0.3555113100    0.0159140310    0.0003911841    
0.3557529000    0.0160249450    0.0003928438    
0.3559944800    0.0163172550    0.0003940171    
0.3562360700    0.0162058790    0.0003976379    
0.3564776600    0.0161798580    0.0003926502    
0.3567192500    0.0159586600    0.0003903985    
0.3569608400    0.0157630710    0.0003871226    
0.3572024300    0.0159878610    0.0003913472    
0.3574440200    0.0164085490    0.0003954154    
0.3576856000    0.0163766870    0.0003963778    
0.3579271900    0.0162901690    0.0003942837    
0.3581687800    0.0154620920    0.0003855895    
0.3584103700    0.0161305660    0.0003924956    
0.3586519600    0.0162186030    0.0003968763    
0.3588935500    0.0158920680    0.0003901730    
0.3591351400    0.0168563790    0.0004021411    
0.3593767200    0.0149929810    0.0003775480    
0.3596183100    0.0167869070    0.0003988976    
0.3598599000    0.0155861950    0.0003858158    
0.3601014900    0.0163271360    0.0003951784    
0.3603430800    0.0166397530    0.0003987930    
0.3605846700    0.0163923150    0.0003953688    
0.3608262500    0.0164505510    0.0003971200    
0.3610678400    0.0165985340    0.0003981483    
0.3613094300    0.0164825570    0.0003991741    
0.3615510200    0.0164561930    0.0003959891    
0.3617926100    0.0159912460    0.0003899144    
0.3620342000    0.0171238040    0.0004043990    
0.3622757900    0.0161417430    0.0003921875    
0.3625173700    0.0162329100    0.0003935902    
0.3627589600    0.0165471270    0.0003978318    
0.3630005500    0.0160915020    0.0003914292    
0.3632421400    0.0163172550    0.0003940171    
0.3634837300    0.0160792780    0.0003927621    
0.3637253200    0.0162025030    0.0003947136    
0.3639669100    0.0158034460    0.0003901194    
0.3642084900    0.0164418850    0.0003950733    
0.3644500800    0.0158773740    0.0003891092    
0.3646916700    0.0156839950    0.0003871706    
0.3649332600    0.0154798140    0.0003824801    
0.3651748500    0.0166377410    0.0003977181    
0.3654164400    0.0163642710    0.0003960773    
0.3656580300    0.0166970990    0.0003994796    
0.3658996100    0.0169452070    0.0004015272    
0.3661412000    0.0157103500    0.0003873494    
0.3663827900    0.0161516830    0.0003966665    
0.3666243800    0.0163703490    0.0003924491    
0.3668659700    0.0163144930    0.0003938356    
0.3671075600    0.0166407450    0.0003979036    
0.3673491500    0.0167869070    0.0003988976    
0.3675907300    0.0169392840    0.0004025184    
0.3678323200    0.0155503100    0.0003836368    
0.3680739100    0.0162273430    0.0003942673    
0.3683155000    0.0160534150    0.0003909657    
0.3685570900    0.0156702730    0.0003861266    
0.3687986800    0.0160564340    0.0003933794    
0.3690402600    0.0152429060    0.0003829924    
0.3692818500    0.0153873590    0.0003814787    
0.3695234400    0.0159271630    0.0003892787    
0.3697650300    0.0167459170    0.0003982610    
0.3700066200    0.0161825240    0.0003928306    
0.3702482100    0.0160115550    0.0003891392    
0.3704898000    0.0155941580    0.0003851877    
0.3707313800    0.0159802800    0.0003908105    
0.3709729700    0.0158581440    0.0003882883    
0.3712145600    0.0160774980    0.0003931881    
0.3714561500    0.0166605500    0.0004005588    
0.3716977400    0.0159007840    0.0003885180    
0.3719393300    0.0164712390    0.0003949812    
0.3721809200    0.0160526720    0.0003903692    
0.3724225000    0.0160431790    0.0003902537    
0.3726640900    0.0164827390    0.0003957124    
0.3729056800    0.0163117360    0.0003936543    
0.3731472700    0.0162790830    0.0003925236    
0.3733888600    0.0159873110    0.0003907488    
0.3736304500    0.0160862610    0.0003926984    
0.3738720400    0.0161528120    0.0003945582    
0.3741136200    0.0165794330    0.0003979191    
0.3743552100    0.0158795910    0.0003886970    
0.3745968000    0.0155743180    0.0003836458    
0.3748383900    0.0162113750    0.0003921469    
0.3750799800    0.0151888080    0.0003797202    
0.3753215700    0.0161867180    0.0003925856    
0.3755631500    0.0156589330    0.0003852629    
0.3758047400    0.0160508510    0.0003907874    
0.3760463300    0.0163283420    0.0003947454    
0.3762879200    0.0167798100    0.0004007708    
0.3765295100    0.0155960740    0.0003878468    
0.3767711000    0.0163821210    0.0003942067    
0.3770126900    0.0166890870    0.0003975847    
0.3772542700    0.0165309800    0.0003958452    
0.3774958600    0.0159145340    0.0003878135    
0.3777374500    0.0158888550    0.0003882265    
0.3779790400    0.0163160280    0.0003944477    
0.3782206300    0.0157772890    0.0003875887    
0.3784622200    0.0158603980    0.0003878787    
0.3787038100    0.0160567400    0.0003917443    
0.3789453900    0.0154918940    0.0003853753    
0.3791869800    0.0160748900    0.0003930068    
0.3794285700    0.0164996540    0.0003953218    
0.3796701600    0.0159010700    0.0003891062    
0.3799117500    0.0160399270    0.0003894839    
0.3801533400    0.0154440330    0.0003834734    
0.3803949300    0.0153918910    0.0003805400    
0.3806365100    0.0158864230    0.0003880513    
0.3808781000    0.0170395390    0.0004017374    
0.3811196900    0.0150988440    0.0003804551    
0.3813612800    0.0166727410    0.0003979866    
0.3816028700    0.0166075130    0.0003987079    
0.3818444600    0.0160464550    0.0003910282    
0.3820860500    0.0158176230    0.0003859105    
0.3823276300    0.0169003770    0.0003989001    
0.3825692200    0.0161102630    0.0003884529    
0.3828108100    0.0160813470    0.0003875305    
0.3830524000    0.0165049360    0.0003942057    
0.3832939900    0.0158363630    0.0003855653    
0.3835355800    0.0154984200    0.0003814292    
0.3837771600    0.0160932330    0.0003878169    
0.3840187500    0.0163409660    0.0003925351    
0.3842603400    0.0164967680    0.0003951393    
0.3845019300    0.0158821660    0.0003832874    
0.3847435200    0.0157640760    0.0003825601    
0.3849851100    0.0167257220    0.0003952183    
0.3852267000    0.0160094050    0.0003962918    
0.3854682800    0.0166012450    0.0004114466    
0.3857098700    0.0158371530    0.0004064819    
0.3859514600    0.0157152300    0.0004093285    
0.3861930500    0.0160863670    0.0004165999    
0.3864346400    0.0160151300    0.0004199990    
0.3866762300    0.0160069180    0.0004228483    
0.3869178200    0.0162913190    0.0004288675    
0.3871594000    0.0160543550    0.0004307663    
0.3874009900    0.0165380370    0.0004384111    
0.3876425800    0.0173274620    0.0004520891    
0.3878841700    0.0163084290    0.0004404467    
0.3881257600    0.0160045560    0.0004390168    
0.3883673500    0.0165297160    0.0004493828    
0.3886089400    0.0160685120    0.0004456603    
0.3888505200    0.0159991400    0.0004466664    
0.3890921100    0.0160107150    0.0004492715    
0.3893337000    0.0160862020    0.0004553509    
0.3895752900    0.0156565580    0.0004508402    
0.3898168800    0.0161345200    0.0004391260    
0.3900584700    0.0164219650    0.0004348759    
0.3903000600    0.0162378330    0.0004310592    
0.3905416400    0.0160330540    0.0004241311    
0.3907832300    0.0164648970    0.0004288548    
0.3910248200    0.0155729250    0.0004156106    
0.3912664100    0.0159652870    0.0004189801    
0.3915080000    0.0160427370    0.0004180008    
0.3917495900    0.0161381750    0.0004210596    
0.3919911700    0.0161283100    0.0004216642    
0.3922327600    0.0146793370    0.0003954411    
0.3924743500    0.0165733370    0.0004217803    
0.3927159400    0.0157660410    0.0004091282    
0.3929575300    0.0156794070    0.0004107711    
0.3931991200    0.0161736800    0.0004152561    
0.3934407100    0.0168099900    0.0004226338    
0.3936822900    0.0155651560    0.0004080581    
0.3939238800    0.0165378300    0.0004211495    
0.3941654700    0.0161839070    0.0004166187    
0.3944070600    0.0158004690    0.0004125294    
0.3946486500    0.0157517240    0.0004129492    
0.3948902400    0.0161766580    0.0004154695    
0.3951318300    0.0162878860    0.0004165441    
0.3953734100    0.0154558000    0.0004064502    
0.3956150000    0.0156097910    0.0004095098    
0.3958565900    0.0157417760    0.0004100200    
0.3960981800    0.0159053970    0.0004137208    
0.3963397700    0.0164197000    0.0004214338    
0.3965813600    0.0164197000    0.0004214338    
0.3968229500    0.0163803650    0.0004223764    
0.3970645300    0.0158633300    0.0004167352    
0.3973061200    0.0164619460    0.0004225181    
0.3975477100    0.0163098090    0.0004193044    
0.3977893000    0.0158275800    0.0004146529    
0.3980308900    0.0162961470    0.0004202048    
0.3982724800    0.0158275800    0.0004146529    
0.3985140700    0.0156019950    0.0004118643    
0.3987556500    0.0155903810    0.0004124209    
0.3989972400    0.0161377500    0.0004190563    
0.3992388300    0.0164557110    0.0004257370    
0.3994804200    0.0156820480    0.0004154276    
0.3997220100    0.0157947230    0.0004192961    
0.3999636000    0.0156750470    0.0004133609    
0.4002051800    0.0161222460    0.0004212178    
0.4004467700    0.0161952140    0.0004199825    
0.4006883600    0.0162669150    0.0004238419    
0.4009299500    0.0160490210    0.0004211776    
0.4011715400    0.0154262920    0.0004134680    
0.4014131300    0.0153756680    0.0004131513    
0.4016547200    0.0165370860    0.0004313207    
0.4018963000    0.0165842890    0.0004302169    
0.4021378900    0.0154937100    0.0004193620    
0.4023794800    0.0159816290    0.0004223277    
0.4026210700    0.0157778790    0.0004201836    
0.4028626600    0.0160811010    0.0004228941    
0.4031042500    0.0153910900    0.0004153690    
0.4033458400    0.0156377060    0.0004186836    
0.4035874200    0.0157631740    0.0004235637    
0.4038290100    0.0161219710    0.0004266326    
0.4040706000    0.0164743450    0.0004320420    
0.4043121900    0.0158400900    0.0004251703    
0.4045537800    0.0159837060    0.0004282545    
0.4047953700    0.0158726190    0.0004293034    
0.4050369600    0.0161520500    0.0004281788    
0.4052785400    0.0152399300    0.0004174148    
0.4055201300    0.0158772440    0.0004258609    
0.4057617200    0.0163814010    0.0004353308    
0.4060033100    0.0162541860    0.0004308864    
0.4062449000    0.0157913400    0.0004282028    
0.4064864900    0.0164739510    0.0004365588    
0.4067280800    0.0156747450    0.0004274048    
0.4069696600    0.0152652820    0.0004235457    
0.4072112500    0.0157821750    0.0004322667    
0.4074528400    0.0162132670    0.0004391598    
0.4076944300    0.0157382190    0.0004302566    
0.4079360200    0.0160220520    0.0004327125    
0.4081776100    0.0162271470    0.0004372957    
0.4084191900    0.0162287230    0.0004381343    
0.4086607800    0.0161081760    0.0004348799    
0.4089023700    0.0160834640    0.0004382236    
0.4091439600    0.0162848190    0.0004415842    
0.4093855500    0.0162901060    0.0004427051    
0.4096271400    0.0157786280    0.0004369487    
0.4098687300    0.0155128060    0.0004398253    
0.4101103100    0.0163322200    0.0004407679    
0.4103519000    0.0160238660    0.0004405421    
0.4105934900    0.0167469660    0.0004495121    
0.4108350800    0.0162783530    0.0004455227    
0.4110766700    0.0165550330    0.0004490765    
0.4113182600    0.0153945950    0.0004347299    
0.4115598500    0.0155617360    0.0004385763    
0.4118014300    0.0168180510    0.0004577294    
0.4120430200    0.0166123700    0.0004531395    
0.4122846100    0.0156139820    0.0004432286    
0.4125262000    0.0162519480    0.0004567605    
0.4127677900    0.0170412180    0.0004594005    
0.4130093800    0.0154310110    0.0004390974    
0.4132509700    0.0158779120    0.0004460721    
0.4134925500    0.0161684030    0.0004535178    
0.4137341400    0.0164254430    0.0004557352    
0.4139757300    0.0156553220    0.0004478436    
0.4142173200    0.0162212130    0.0004535739    
0.4144589100    0.0162556010    0.0004586783    
0.4147005000    0.0159444170    0.0004533397    
0.4149420800    0.0154880990    0.0004504944    
0.4151836700    0.0157993630    0.0004528916    
0.4154252600    0.0168980110    0.0004652787    
0.4156668500    0.0159005000    0.0004479458    
0.4159084400    0.0161528890    0.0004514870    
0.4161500300    0.0162198170    0.0004510728    
0.4163916200    0.0157744310    0.0004452786    
0.4166332000    0.0159395120    0.0004451752    
0.4168747900    0.0153516090    0.0004356053    
0.4171163800    0.0156043450    0.0004433124    
0.4173579700    0.0161474340    0.0004478492    
0.4175995600    0.0162062050    0.0004556549    
0.4178411500    0.0157066800    0.0004412616    
0.4180827400    0.0161147940    0.0004484991    
0.4183243200    0.0150932560    0.0004353421    
0.4185659100    0.0157900640    0.0004466104    
0.4188075000    0.0162033660    0.0004521919    
0.4190490900    0.0149867650    0.0004379550    
0.4192906800    0.0160421430    0.0004526553    
0.4195322700    0.0163575980    0.0004608231    
0.4197738600    0.0153839320    0.0004468978    
0.4200154400    0.0159116670    0.0004587572    
0.4202570300    0.0161077080    0.0004623005    
0.4204986200    0.0151055530    0.0004446658    
0.4207402100    0.0162138540    0.0004638213    
0.4209818000    0.0156315120    0.0004535162    
0.4212233900    0.0150937590    0.0004482196    
0.4214649800    0.0160968820    0.0004640972    
0.4217065600    0.0167071240    0.0004740683    
0.4219481500    0.0169362940    0.0004788392    
0.4221897400    0.0157853710    0.0004642756    
0.4224313300    0.0162217970    0.0004742486    
0.4226729200    0.0168502940    0.0004844119    
0.4229145100    0.0165795180    0.0004818325    
0.4231560900    0.0156043730    0.0004656466    
0.4233976800    0.0162136340    0.0004754343    
0.4236392700    0.0158620520    0.0004720765    
0.4238808600    0.0169585850    0.0004897563    
0.4241224500    0.0152500830    0.0004646911    
0.4243640400    0.0157950650    0.0004766727    
0.4246056300    0.0153325810    0.0004707145    
0.4248472100    0.0165286160    0.0004912621    
0.4250888000    0.0160852130    0.0004863155    
0.4253303900    0.0149189070    0.0004755974    
0.4255719800    0.0163585060    0.0004910007    
0.4258135700    0.0149961500    0.0004709348    
0.4260551600    0.0164531410    0.0004976669    
0.4262967500    0.0166008120    0.0004978253    
0.4265383300    0.0167937200    0.0005052028    
0.4267799200    0.0157444720    0.0004915350    
0.4270215100    0.0154393410    0.0004855715    
0.4272631000    0.0161527640    0.0005018420    
0.4275046900    0.0159159440    0.0005003134    
0.4277462800    0.0161954770    0.0005101096    
0.4279878700    0.0156227740    0.0005042229    
0.4282294500    0.0171458720    0.0005222160    
0.4284710400    0.0163420520    0.0005114389    
0.4287126300    0.0167246580    0.0005203638    
0.4289542200    0.0162504570    0.0005149154    
0.4291958100    0.0154436360    0.0005042526    
0.4294374000    0.0161831820    0.0005209551    
0.4296789900    0.0156434220    0.0005105038    
0.4299205700    0.0158781820    0.0005198283    
0.4301621600    0.0168132600    0.0005403986    
0.4304037500    0.0155343960    0.0005215940    
0.4306453400    0.0148297420    0.0005153691    
0.4308869300    0.0156445250    0.0005223555    
0.4311285200    0.0166182220    0.0005417386    
0.4313701000    0.0170148000    0.0005520330    
0.4316116900    0.0172345030    0.0005591611    
0.4318532800    0.0157830460    0.0005366397    
0.4320948700    0.0162495270    0.0005480829    
0.4323364600    0.0158246700    0.0005456783    
0.4325780500    0.0166247110    0.0005626612    
0.4328196400    0.0157041930    0.0005514488    
0.4330612200    0.0161004970    0.0005671158    
0.4333028100    0.0158257350    0.0005609283    
0.4335444000    0.0163393010    0.0005681732    
0.4337859900    0.0159406910    0.0005642943    
0.4340275800    0.0151817380    0.0005550993    
0.4342691700    0.0163077090    0.0005809381    
0.4345107600    0.0161734320    0.0005828500    
0.4347523400    0.0156361270    0.0005759641    
0.4349939300    0.0163776700    0.0005944717    
0.4352355200    0.0150891740    0.0005790693    
0.4354771100    0.0157888890    0.0005976183    
0.4357187000    0.0155935360    0.0006065183    
0.4359602900    0.0159203890    0.0006038948    
0.4362018800    0.0150432140    0.0005918673    
0.4364434600    0.0164971750    0.0006244273    
0.4366850500    0.0165446720    0.0006330643    
0.4369266400    0.0159183070    0.0006307063    
0.4371682300    0.0157428820    0.0006297153    
0.4374098200    0.0154748070    0.0006338728    
0.4376514100    0.0159988520    0.0006526068    
0.4378930000    0.0166953610    0.0006759754    
0.4381345800    0.0154798140    0.0006624749    
0.4383761700    0.0157984850    0.0006823906    
0.4386177600    0.0154641060    0.0006636283    
0.4388593500    0.0170160470    0.0007065529    
0.4391009400    0.0155556890    0.0006868005    
0.4393425300    0.0165066060    0.0007170012    
0.4395841100    0.0159841760    0.0007198911    
0.4398257000    0.0159758090    0.0007369091    
0.4400672900    0.0154428060    0.0007395763    
0.4403088800    0.0158715160    0.0007716995    
0.4405504700    0.0164180170    0.0008118187    
0.4407920600    0.0149476670    0.0008059242    
0.4410336500    0.0144839100    0.0008160759    
0.4412752300    0.0153310990    0.0008426734    
0.4415168200    0.0172520570    0.0009397795    
0.4417584100    0.0166079420    0.0012518707    
0.4420000000    0.0161328720    0.0018754082    