# Diamond Light Source Ltd.
# Data extracted from: /dls/b21/data/2017/mx13440-2/processed/b21-369037_00141.dat
q(1/A)          Column          Error           
0.0040000000    0.8304727400    0.0212522960    
0.0042415885    0.8837918400    0.0206203200    
0.0044831771    0.6817272900    0.0168597760    
0.0047247656    0.5550761200    0.0147301910    
0.0049663541    0.4437134300    0.0124167270    
0.0052079426    0.3502452100    0.0113515130    
0.0054495312    0.2748799500    0.0092714706    
0.0056911197    0.2810300900    0.0088384731    
0.0059327082    0.1979163400    0.0074172286    
0.0061742967    0.1649113800    0.0064883513    
0.0064158853    0.1651156000    0.0064271161    
0.0066574738    0.1320120700    0.0054302508    
0.0068990623    0.1234955500    0.0052997014    
0.0071406509    0.0961199270    0.0045927878    
0.0073822394    0.0926878440    0.0043596694    
0.0076238279    0.0815023740    0.0039911884    
0.0078654164    0.0772718420    0.0039484067    
0.0081070050    0.0790408450    0.0037853700    
0.0083485935    0.0654174220    0.0033253544    
0.0085901820    0.0625437880    0.0032736915    
0.0088317705    0.0555583780    0.0030042530    
0.0090733591    0.0508368740    0.0028552833    
0.0093149476    0.0489926340    0.0027010514    
0.0095565361    0.0498861170    0.0027255697    
0.0097981247    0.0425893420    0.0025183606    
0.0100397130    0.0401670110    0.0023627653    
0.0102813020    0.0367990200    0.0023135345    
0.0105228900    0.0377815540    0.0021960082    
0.0107644790    0.0383080700    0.0022341720    
0.0110060670    0.0324484600    0.0020046726    
0.0112476560    0.0347056710    0.0020630380    
0.0114892440    0.0321653770    0.0019575225    
0.0117308330    0.0343400800    0.0020130511    
0.0119724210    0.0317883110    0.0019099745    
0.0122140100    0.0329059210    0.0019256734    
0.0124555980    0.0277736820    0.0017158638    
0.0126971870    0.0258063560    0.0017053320    
0.0129387760    0.0283464590    0.0016910080    
0.0131803640    0.0289786220    0.0017380222    
0.0134219530    0.0255023510    0.0015725423    
0.0136635410    0.0258970370    0.0015908424    
0.0139051300    0.0241379930    0.0015358637    
0.0141467180    0.0267911450    0.0015814313    
0.0143883070    0.0255613740    0.0015221577    
0.0146298950    0.0250175150    0.0015058775    
0.0148714840    0.0261212290    0.0015500098    
0.0151130720    0.0234876670    0.0014538501    
0.0153546610    0.0252676900    0.0014515909    
0.0155962490    0.0242516730    0.0014365451    
0.0158378380    0.0235554530    0.0013832238    
0.0160794260    0.0234742270    0.0013808369    
0.0163210150    0.0240851860    0.0013679466    
0.0165626030    0.0213052390    0.0013112468    
0.0168041920    0.0226206280    0.0013016708    
0.0170457800    0.0190284740    0.0012010666    
0.0172873690    0.0226955300    0.0013038242    
0.0175289580    0.0225749770    0.0012926394    
0.0177705460    0.0264470880    0.0013749186    
0.0180121350    0.0224319060    0.0012520269    
0.0182537230    0.0223517140    0.0012360526    
0.0184953120    0.0216183960    0.0012122995    
0.0187369000    0.0210065550    0.0011950212    
0.0189784890    0.0196013520    0.0011242146    
0.0192200770    0.0196946400    0.0011447277    
0.0194616660    0.0230590730    0.0012069671    
0.0197032540    0.0203988970    0.0011439133    
0.0199448430    0.0200781600    0.0011348847    
0.0201864310    0.0232486000    0.0012119171    
0.0204280200    0.0209491330    0.0011278634    
0.0206696080    0.0197071940    0.0010783297    
0.0209111970    0.0217516820    0.0011577252    
0.0211527850    0.0177207400    0.0010130273    
0.0213943740    0.0196649310    0.0010696312    
0.0216359620    0.0217875540    0.0011311535    
0.0218775510    0.0183267840    0.0010325973    
0.0221191400    0.0221006750    0.0011134159    
0.0223607280    0.0203128940    0.0010603244    
0.0226023170    0.0206130230    0.0011002418    
0.0228439050    0.0201858060    0.0010410035    
0.0230854940    0.0196718920    0.0010254683    
0.0233270820    0.0192688100    0.0010127462    
0.0235686710    0.0200571460    0.0010399146    
0.0238102590    0.0173675310    0.0009474765    
0.0240518480    0.0187376080    0.0009780952    
0.0242934360    0.0191310410    0.0010027390    
0.0245350250    0.0201985680    0.0010175891    
0.0247766130    0.0198519550    0.0010026752    
0.0250182020    0.0190215820    0.0009915685    
0.0252597900    0.0198465720    0.0009886282    
0.0255013790    0.0208479290    0.0010053764    
0.0257429670    0.0170839450    0.0009118735    
0.0259845560    0.0192625360    0.0009571631    
0.0262261450    0.0203988970    0.0009906580    
0.0264677330    0.0188101620    0.0009405081    
0.0267093220    0.0187631360    0.0009323477    
0.0269509100    0.0179432740    0.0009168585    
0.0271924990    0.0197093710    0.0009538033    
0.0274340870    0.0195099280    0.0009542618    
0.0276756760    0.0193276110    0.0009342353    
0.0279172640    0.0204729670    0.0009597875    
0.0281588530    0.0185656300    0.0009026918    
0.0284004410    0.0188524850    0.0009177246    
0.0286420300    0.0200741920    0.0009289228    
0.0288836180    0.0183900680    0.0008984136    
0.0291252070    0.0196686530    0.0009101567    
0.0293667950    0.0203590810    0.0009371027    
0.0296083840    0.0184051420    0.0008804373    
0.0298499720    0.0191235580    0.0009004932    
0.0300915610    0.0191632480    0.0008983869    
0.0303331490    0.0178519020    0.0008598959    
0.0305747380    0.0185613820    0.0008654289    
0.0308163270    0.0179561200    0.0008512017    
0.0310579150    0.0188242540    0.0008757836    
0.0312995040    0.0185225830    0.0008617486    
0.0315410920    0.0198551710    0.0008879502    
0.0317826810    0.0186250270    0.0008572864    
0.0320242690    0.0197893970    0.0008754314    
0.0322658580    0.0190419940    0.0008709605    
0.0325074460    0.0184359840    0.0008423616    
0.0327490350    0.0180937080    0.0008319496    
0.0329906230    0.0181639150    0.0008247809    
0.0332322120    0.0179671250    0.0008252574    
0.0334738000    0.0198147580    0.0008550699    
0.0337153890    0.0193517840    0.0008437779    
0.0339569770    0.0172318280    0.0007973939    
0.0341985660    0.0185410880    0.0008283547    
0.0344401540    0.0196102710    0.0008407835    
0.0346817430    0.0182312390    0.0008177828    
0.0349233310    0.0179631580    0.0008082007    
0.0351649200    0.0193062340    0.0008224732    
0.0354065090    0.0166192840    0.0007674072    
0.0356480970    0.0177465850    0.0007820080    
0.0358896860    0.0185341030    0.0008081253    
0.0361312740    0.0167583080    0.0007578369    
0.0363728630    0.0170419040    0.0007621371    
0.0366144510    0.0174984010    0.0007786686    
0.0368560400    0.0198727840    0.0008174571    
0.0370976280    0.0187114470    0.0008029851    
0.0373392170    0.0188983660    0.0007993157    
0.0375808050    0.0185645850    0.0007837974    
0.0378223940    0.0178696540    0.0007689875    
0.0380639820    0.0182794650    0.0007808600    
0.0383055710    0.0185065470    0.0007704376    
0.0385471590    0.0188439420    0.0007804364    
0.0387887480    0.0179813390    0.0007653366    
0.0390303360    0.0176968680    0.0007505144    
0.0392719250    0.0183504110    0.0007632765    
0.0395135140    0.0187313880    0.0007711591    
0.0397551020    0.0178885140    0.0007683775    
0.0399966910    0.0185337580    0.0007528825    
0.0402382790    0.0174439750    0.0007358297    
0.0404798680    0.0183808390    0.0007497701    
0.0407214560    0.0193714180    0.0007773482    
0.0409630450    0.0192767810    0.0007631751    
0.0412046330    0.0181055860    0.0007441350    
0.0414462220    0.0185225830    0.0007462961    
0.0416878100    0.0186881440    0.0007487247    
0.0419293990    0.0181347060    0.0007366721    
0.0421709870    0.0177083600    0.0007253627    
0.0424125760    0.0185381590    0.0007457141    
0.0426541640    0.0187340460    0.0007382248    
0.0428957530    0.0193317160    0.0007507816    
0.0431373410    0.0180649730    0.0007249224    
0.0433789300    0.0185623080    0.0007297596    
0.0436205180    0.0182490780    0.0007219224    
0.0438621070    0.0167548500    0.0006933206    
0.0441036960    0.0177064610    0.0007111086    
0.0443452840    0.0177090280    0.0007055445    
0.0445868730    0.0182754100    0.0007240981    
0.0448284610    0.0185532580    0.0007205488    
0.0450700500    0.0164888170    0.0007024472    
0.0453116380    0.0193645190    0.0007630689    
0.0455532270    0.0187153930    0.0007718098    
0.0457948150    0.0197155800    0.0007911590    
0.0460364040    0.0182844850    0.0007638453    
0.0462779920    0.0190593970    0.0007920815    
0.0465195810    0.0179401920    0.0007684734    
0.0467611690    0.0173198180    0.0007580679    
0.0470027580    0.0176847950    0.0007660135    
0.0472443460    0.0196615560    0.0008242553    
0.0474859350    0.0191508740    0.0008035528    
0.0477275230    0.0188488130    0.0008037161    
0.0479691120    0.0178009240    0.0007821277    
0.0482107000    0.0190259260    0.0008164806    
0.0484522890    0.0185032590    0.0008007143    
0.0486938780    0.0181658080    0.0007989313    
0.0489354660    0.0178090790    0.0007932794    
0.0491770550    0.0176062570    0.0007978157    
0.0494186430    0.0182419380    0.0007961435    
0.0496602320    0.0193705170    0.0007974716    
0.0499018200    0.0190503270    0.0007796780    
0.0501434090    0.0185006070    0.0007559143    
0.0503849970    0.0186268430    0.0007511068    
0.0506265860    0.0172853720    0.0007183555    
0.0508681740    0.0191623520    0.0007527683    
0.0511097630    0.0182797770    0.0007317767    
0.0513513510    0.0186643090    0.0007259575    
0.0515929400    0.0180196090    0.0007248550    
0.0518345280    0.0173371950    0.0006996722    
0.0520761170    0.0174198170    0.0007093898    
0.0523177050    0.0179201550    0.0006980701    
0.0525592940    0.0184384170    0.0007215510    
0.0528008830    0.0196336600    0.0007251858    
0.0530424710    0.0176847950    0.0006904753    
0.0532840600    0.0186697880    0.0007056516    
0.0535256480    0.0175229290    0.0006836346    
0.0537672370    0.0191696060    0.0007090135    
0.0540088250    0.0169855760    0.0006688064    
0.0542504140    0.0184046050    0.0006991331    
0.0544920020    0.0181494500    0.0006884479    
0.0547335910    0.0183255870    0.0006867804    
0.0549751790    0.0197076750    0.0007092948    
0.0552167680    0.0181108390    0.0006806470    
0.0554583560    0.0177124010    0.0006656728    
0.0556999450    0.0187755710    0.0006833130    
0.0559415330    0.0176030500    0.0006662853    
0.0561831220    0.0185159280    0.0006765573    
0.0564247100    0.0185296720    0.0006748109    
0.0566662990    0.0184095750    0.0006699930    
0.0569078870    0.0186512290    0.0006810466    
0.0571494760    0.0181413560    0.0006650944    
0.0573910650    0.0180892240    0.0006540173    
0.0576326530    0.0177187390    0.0006522358    
0.0578742420    0.0186794260    0.0006684024    
0.0581158300    0.0176718470    0.0006439979    
0.0583574190    0.0196866800    0.0006784478    
0.0585990070    0.0186330830    0.0006637761    
0.0588405960    0.0186335730    0.0006625336    
0.0590821840    0.0174336470    0.0006348960    
0.0593237730    0.0180423720    0.0006476834    
0.0595653610    0.0186460130    0.0006608904    
0.0598069500    0.0192338960    0.0006566344    
0.0600485380    0.0174261500    0.0006284030    
0.0602901270    0.0187290840    0.0006520630    
0.0605317150    0.0172248060    0.0006219517    
0.0607733040    0.0175834850    0.0006255923    
0.0610148920    0.0179982120    0.0006363329    
0.0612564810    0.0182168540    0.0006373270    
0.0614980690    0.0182820300    0.0006322972    
0.0617396580    0.0182257400    0.0006455888    
0.0619812470    0.0173935640    0.0006301024    
0.0622228350    0.0176700290    0.0006310725    
0.0624644240    0.0183521030    0.0006385513    
0.0627060120    0.0189211890    0.0006536216    
0.0629476010    0.0172652870    0.0006283481    
0.0631891890    0.0184921890    0.0006461694    
0.0634307780    0.0189980950    0.0006520129    
0.0636723660    0.0183610690    0.0006404158    
0.0639139550    0.0182066970    0.0006365822    
0.0641555430    0.0175209780    0.0006179172    
0.0643971320    0.0180410500    0.0006331167    
0.0646387200    0.0173280560    0.0006092220    
0.0648803090    0.0176517310    0.0006202186    
0.0651218970    0.0189202820    0.0006296275    
0.0653634860    0.0193162450    0.0006410321    
0.0656050740    0.0185409000    0.0006264389    
0.0658466630    0.0176840730    0.0006087109    
0.0660882520    0.0183461780    0.0006184495    
0.0663298400    0.0172361480    0.0006004497    
0.0665714290    0.0179968720    0.0006105020    
0.0668130170    0.0175539570    0.0006049493    
0.0670546060    0.0186085800    0.0006192548    
0.0672961940    0.0182930360    0.0006114688    
0.0675377830    0.0186625840    0.0006126293    
0.0677793710    0.0189057440    0.0006206115    
0.0680209600    0.0185145520    0.0006067899    
0.0682625480    0.0184444420    0.0006061220    
0.0685041370    0.0185256280    0.0006055291    
0.0687457250    0.0169224170    0.0005866792    
0.0689873140    0.0177766410    0.0005922258    
0.0692289020    0.0191971940    0.0006154338    
0.0694704910    0.0173743690    0.0005850254    
0.0697120790    0.0178724500    0.0005914918    
0.0699536680    0.0198005930    0.0006255245    
0.0701952560    0.0180923200    0.0005974610    
0.0704368450    0.0194580670    0.0006215652    
0.0706784340    0.0188845810    0.0006182534    
0.0709200220    0.0180770440    0.0005995777    
0.0711616110    0.0181476260    0.0006002701    
0.0714031990    0.0180973480    0.0006042528    
0.0716447880    0.0177648810    0.0006015948    
0.0718863760    0.0190505800    0.0006145348    
0.0721279650    0.0178974450    0.0005900613    
0.0723695530    0.0194944180    0.0006124992    
0.0726111420    0.0173602850    0.0005815914    
0.0728527300    0.0172586790    0.0005714920    
0.0730943190    0.0174009860    0.0005777903    
0.0733359070    0.0182135090    0.0005875326    
0.0735774960    0.0182570570    0.0005904754    
0.0738190840    0.0179310890    0.0005790251    
0.0740606730    0.0176737850    0.0005761489    
0.0743022610    0.0173994000    0.0005720887    
0.0745438500    0.0190148030    0.0005953766    
0.0747854380    0.0179140020    0.0005719501    
0.0750270270    0.0184661930    0.0005854177    
0.0752686160    0.0182472180    0.0005747334    
0.0755102040    0.0172471990    0.0005595730    
0.0757517930    0.0186716980    0.0005843472    
0.0759933810    0.0188694430    0.0005782082    
0.0762349700    0.0176722560    0.0005668379    
0.0764765580    0.0173088370    0.0005557533    
0.0767181470    0.0187720330    0.0005779431    
0.0769597350    0.0188332140    0.0005744076    
0.0772013240    0.0187544130    0.0005720042    
0.0774429120    0.0188840780    0.0005711967    
0.0776845010    0.0179406430    0.0005544529    
0.0779260890    0.0181125420    0.0005605691    
0.0781676780    0.0183610080    0.0005605272    
0.0784092660    0.0184023070    0.0005623122    
0.0786508550    0.0200816270    0.0005826271    
0.0788924430    0.0187459070    0.0005683188    
0.0791340320    0.0171315590    0.0005395934    
0.0793756210    0.0191219940    0.0005716341    
0.0796172090    0.0177835350    0.0005457024    
0.0798587980    0.0176112390    0.0005482139    
0.0801003860    0.0183882150    0.0005597948    
0.0803419750    0.0189702350    0.0005606218    
0.0805835630    0.0178624390    0.0005483818    
0.0808251520    0.0192920300    0.0005691384    
0.0810667400    0.0175962120    0.0005435488    
0.0813083290    0.0194598890    0.0005648264    
0.0815499170    0.0184339590    0.0005578370    
0.0817915060    0.0188047770    0.0005596561    
0.0820330940    0.0185103520    0.0005494355    
0.0822746830    0.0178368650    0.0005407594    
0.0825162710    0.0176909570    0.0005360896    
0.0827578600    0.0185423940    0.0005506292    
0.0829994480    0.0182930620    0.0005399027    
0.0832410370    0.0176459920    0.0005364539    
0.0834826250    0.0179743680    0.0005351790    
0.0837242140    0.0179218110    0.0005333778    
0.0839658030    0.0176622380    0.0005308501    
0.0842073910    0.0180259280    0.0005345858    
0.0844489800    0.0178159780    0.0005281272    
0.0846905680    0.0180305030    0.0005273520    
0.0849321570    0.0179823250    0.0005325905    
0.0851737450    0.0186477420    0.0005356424    
0.0854153340    0.0177739630    0.0005261886    
0.0856569220    0.0181945570    0.0005287686    
0.0858985110    0.0199951780    0.0005601967    
0.0861400990    0.0187016680    0.0005360867    
0.0863816880    0.0184070700    0.0005338187    
0.0866232760    0.0184563180    0.0005388849    
0.0868648650    0.0187937950    0.0005367465    
0.0871064530    0.0186628810    0.0005365201    
0.0873480420    0.0190667470    0.0005379994    
0.0875896300    0.0197546840    0.0005489531    
0.0878312190    0.0182761780    0.0005273681    
0.0880728080    0.0187404480    0.0005324077    
0.0883143960    0.0187027080    0.0005315501    
0.0885559850    0.0187022670    0.0005334802    
0.0887975730    0.0173766240    0.0005117416    
0.0890391620    0.0189215710    0.0005343286    
0.0892807500    0.0188455290    0.0005313345    
0.0895223390    0.0185618630    0.0005260619    
0.0897639270    0.0186012580    0.0005232013    
0.0900055160    0.0186448500    0.0005250508    
0.0902471040    0.0195458660    0.0005398257    
0.0904886930    0.0191732600    0.0005299393    
0.0907302810    0.0181945570    0.0005117619    
0.0909718700    0.0179505890    0.0005173274    
0.0912134580    0.0187126400    0.0005195951    
0.0914550470    0.0187113250    0.0005262971    
0.0916966350    0.0178902650    0.0005080494    
0.0919382240    0.0184798370    0.0005181489    
0.0921798120    0.0183901690    0.0005136197    
0.0924214010    0.0190787240    0.0005231467    
0.0926629900    0.0192878800    0.0005230161    
0.0929045780    0.0185314930    0.0005179710    
0.0931461670    0.0185084330    0.0005117593    
0.0933877550    0.0183868800    0.0005109438    
0.0936293440    0.0186200160    0.0005162278    
0.0938709320    0.0191193080    0.0005219104    
0.0941125210    0.0181741590    0.0005048377    
0.0943541090    0.0184125550    0.0005081380    
0.0945956980    0.0185450420    0.0005108226    
0.0948372860    0.0195292630    0.0005215691    
0.0950788750    0.0182436700    0.0005027121    
0.0953204630    0.0187072940    0.0005110443    
0.0955620520    0.0193823130    0.0005193140    
0.0958036400    0.0182947470    0.0005020273    
0.0960452290    0.0184049560    0.0005035372    
0.0962868170    0.0193607770    0.0005187370    
0.0965284060    0.0186253750    0.0005065434    
0.0967699940    0.0187769130    0.0005085999    
0.0970115830    0.0180951930    0.0004941387    
0.0972531720    0.0190008160    0.0005079996    
0.0974947600    0.0190409580    0.0005079847    
0.0977363490    0.0194222000    0.0005111105    
0.0979779370    0.0179838800    0.0004936827    
0.0982195260    0.0199841650    0.0005206965    
0.0984611140    0.0196010760    0.0005126326    
0.0987027030    0.0200462580    0.0005189780    
0.0989442910    0.0196374040    0.0005139344    
0.0991858800    0.0203267310    0.0005211982    
0.0994274680    0.0204327380    0.0005203366    
0.0996690570    0.0193317160    0.0005026739    
0.0999106450    0.0196395460    0.0005106782    
0.1001522300    0.0196323450    0.0005065674    
0.1003938200    0.0200930150    0.0005143608    
0.1006354100    0.0205911390    0.0005185188    
0.1008770000    0.0214773010    0.0005306678    
0.1011185900    0.0201005510    0.0005133776    
0.1013601800    0.0204844050    0.0005188004    
0.1016017700    0.0211547070    0.0005236570    
0.1018433500    0.0202877680    0.0005243525    
0.1020849400    0.0214515440    0.0005466360    
0.1023265300    0.0215790220    0.0005525821    
0.1025681200    0.0217257370    0.0005516563    
0.1028097100    0.0211076270    0.0005518452    
0.1030513000    0.0212547180    0.0005556908    
0.1032928800    0.0221012720    0.0005719886    
0.1035344700    0.0213715290    0.0005549643    
0.1037760600    0.0210218690    0.0005598372    
0.1040176500    0.0221910170    0.0005776091    
0.1042592400    0.0211907730    0.0005661451    
0.1045008300    0.0220136200    0.0005735748    
0.1047424200    0.0210001040    0.0005653038    
0.1049840000    0.0211142910    0.0005696173    
0.1052255900    0.0210437810    0.0005704200    
0.1054671800    0.0200995420    0.0005540618    
0.1057087700    0.0198622970    0.0005545186    
0.1059503600    0.0192778360    0.0005483389    
0.1061919500    0.0187397700    0.0005402956    
0.1064335400    0.0190595530    0.0005314865    
0.1066751200    0.0184324450    0.0005148005    
0.1069167100    0.0191562690    0.0005233094    
0.1071583000    0.0194178260    0.0005200789    
0.1073998900    0.0185832540    0.0005070885    
0.1076414800    0.0193317160    0.0005209589    
0.1078830700    0.0187017520    0.0005050840    
0.1081246600    0.0185146180    0.0005055922    
0.1083662400    0.0188371930    0.0005036250    
0.1086078300    0.0184397530    0.0005037357    
0.1088494200    0.0186759910    0.0005003894    
0.1090910100    0.0185764390    0.0004977221    
0.1093326000    0.0185388230    0.0004945885    
0.1095741900    0.0188228280    0.0004996820    
0.1098157700    0.0181259960    0.0004854790    
0.1100573600    0.0190138390    0.0005008848    
0.1102989500    0.0193010780    0.0005001891    
0.1105405400    0.0182322260    0.0004858905    
0.1107821300    0.0182991230    0.0004890646    
0.1110237200    0.0182889320    0.0004841460    
0.1112653100    0.0187893050    0.0004958308    
0.1115068900    0.0174792090    0.0004713792    
0.1117484800    0.0182752060    0.0004812599    
0.1119900700    0.0186059910    0.0004836397    
0.1122316600    0.0187504760    0.0004872308    
0.1124732500    0.0188194820    0.0004854318    
0.1127148400    0.0194941680    0.0004935628    
0.1129564300    0.0194426870    0.0004946432    
0.1131980100    0.0181651080    0.0004757286    
0.1134396000    0.0181558540    0.0004767961    
0.1136811900    0.0186759240    0.0004823711    
0.1139227800    0.0191092290    0.0004860024    
0.1141643700    0.0186961470    0.0004771972    
0.1144059600    0.0178365620    0.0004663253    
0.1146475500    0.0192869020    0.0004875345    
0.1148891300    0.0188292250    0.0004756614    
0.1151307200    0.0178977120    0.0004687257    
0.1153723100    0.0188290980    0.0004752036    
0.1156139000    0.0187021780    0.0004775067    
0.1158554900    0.0184408690    0.0004691558    
0.1160970800    0.0190980840    0.0004822994    
0.1163386700    0.0184875600    0.0004706485    
0.1165802500    0.0185837570    0.0004714200    
0.1168218400    0.0186923320    0.0004696625    
0.1170634300    0.0185148530    0.0004678691    
0.1173050200    0.0182518470    0.0004658570    
0.1175466100    0.0177700030    0.0004583614    
0.1177882000    0.0190264170    0.0004718422    
0.1180297800    0.0184000550    0.0004642277    
0.1182713700    0.0190170910    0.0004739485    
0.1185129600    0.0181616420    0.0004605639    
0.1187545500    0.0194671180    0.0004759416    
0.1189961400    0.0182820300    0.0004603717    
0.1192377300    0.0175076750    0.0004480319    
0.1194793200    0.0179055890    0.0004524731    
0.1197209000    0.0185743030    0.0004610556    
0.1199624900    0.0188144490    0.0004631797    
0.1202040800    0.0186451290    0.0004577646    
0.1204456700    0.0185331960    0.0004616021    
0.1206872600    0.0185044120    0.0004562389    
0.1209288500    0.0185919400    0.0004606427    
0.1211704400    0.0194354680    0.0004686307    
0.1214120200    0.0187911830    0.0004591417    
0.1216536100    0.0175792720    0.0004430967    
0.1218952000    0.0185310840    0.0004525164    
0.1221367900    0.0186510510    0.0004572215    
0.1223783800    0.0184036890    0.0004511576    
0.1226199700    0.0183565740    0.0004521817    
0.1228615600    0.0178680650    0.0004457277    
0.1231031400    0.0183580170    0.0004513963    
0.1233447300    0.0186411540    0.0004546623    
0.1235863200    0.0180358830    0.0004492157    
0.1238279100    0.0192939110    0.0004595091    
0.1240695000    0.0186161670    0.0004501862    
0.1243110900    0.0186434870    0.0004503205    
0.1245526800    0.0177025160    0.0004399584    
0.1247942600    0.0187954310    0.0004498111    
0.1250358500    0.0193929180    0.0004588835    
0.1252774400    0.0183252760    0.0004451083    
0.1255190300    0.0186071800    0.0004473604    
0.1257606200    0.0184162730    0.0004467917    
0.1260022100    0.0180165060    0.0004415333    
0.1262437900    0.0189565710    0.0004513469    
0.1264853800    0.0190043080    0.0004513336    
0.1267269700    0.0185562490    0.0004437060    
0.1269685600    0.0192515940    0.0004521346    
0.1272101500    0.0178393150    0.0004352347    
0.1274517400    0.0188277260    0.0004501974    
0.1276933300    0.0183399080    0.0004377827    
0.1279349100    0.0183404710    0.0004430014    
0.1281765000    0.0194130800    0.0004547998    
0.1284180900    0.0185892570    0.0004426014    
0.1286596800    0.0181695010    0.0004388717    
0.1289012700    0.0182156150    0.0004379462    
0.1291428600    0.0187367020    0.0004451038    
0.1293844500    0.0182011790    0.0004352158    
0.1296260300    0.0187473820    0.0004437328    
0.1298676200    0.0189784430    0.0004464589    
0.1301092100    0.0185083860    0.0004386908    
0.1303508000    0.0182302990    0.0004343010    
0.1305923900    0.0180506120    0.0004365097    
0.1308339800    0.0179131290    0.0004335655    
0.1310755700    0.0188776090    0.0004432292    
0.1313171500    0.0184159590    0.0004368684    
0.1315587400    0.0184323260    0.0004365203    
0.1318003300    0.0177389360    0.0004294752    
0.1320419200    0.0185432360    0.0004354985    
0.1322835100    0.0185620480    0.0004375117    
0.1325251000    0.0182582530    0.0004337379    
0.1327666900    0.0191787270    0.0004436241    
0.1330082700    0.0181320550    0.0004313490    
0.1332498600    0.0183564730    0.0004347239    
0.1334914500    0.0184252020    0.0004377039    
0.1337330400    0.0184238300    0.0004319799    
0.1339746300    0.0184018180    0.0004327743    
0.1342162200    0.0185190630    0.0004339743    
0.1344578000    0.0182820300    0.0004325972    
0.1346993900    0.0181917990    0.0004289040    
0.1349409800    0.0176431780    0.0004247978    
0.1351825700    0.0178106160    0.0004237021    
0.1354241600    0.0181614620    0.0004285462    
0.1356657500    0.0186414950    0.0004347002    
0.1359073400    0.0183372850    0.0004337832    
0.1361489200    0.0179171340    0.0004247961    
0.1363905100    0.0183508700    0.0004295614    
0.1366321000    0.0180749040    0.0004261479    
0.1368736900    0.0189891980    0.0004367931    
0.1371152800    0.0183899640    0.0004277893    
0.1373568700    0.0187179970    0.0004333148    
0.1375984600    0.0187782560    0.0004350597    
0.1378400400    0.0188284430    0.0004349403    
0.1380816300    0.0176196490    0.0004185674    
0.1383232200    0.0179643840    0.0004248431    
0.1385648100    0.0182201520    0.0004280287    
0.1388064000    0.0186838420    0.0004303388    
0.1390479900    0.0183750010    0.0004249194    
0.1392895800    0.0187731600    0.0004337790    
0.1395311600    0.0181130750    0.0004223780    
0.1397727500    0.0187926850    0.0004302290    
0.1400143400    0.0182169240    0.0004234205    
0.1402559300    0.0185322360    0.0004313323    
0.1404975200    0.0179819530    0.0004203503    
0.1407391100    0.0185220160    0.0004269514    
0.1409806900    0.0180393660    0.0004243676    
0.1412222800    0.0176571200    0.0004157206    
0.1414638700    0.0179229960    0.0004196606    
0.1417054600    0.0179166430    0.0004163285    
0.1419470500    0.0187087510    0.0004301146    
0.1421886400    0.0182976940    0.0004212214    
0.1424302300    0.0185437700    0.0004251995    
0.1426718100    0.0184597160    0.0004250639    
0.1429134000    0.0181927840    0.0004211563    
0.1431549900    0.0186406940    0.0004273096    
0.1433965800    0.0184004220    0.0004247131    
0.1436381700    0.0180811040    0.0004182349    
0.1438797600    0.0189514920    0.0004278523    
0.1441213500    0.0180606690    0.0004183222    
0.1443629300    0.0181207950    0.0004183703    
0.1446045200    0.0177812040    0.0004147519    
0.1448461100    0.0193677750    0.0004328602    
0.1450877000    0.0186627990    0.0004223045    
0.1453292900    0.0183500660    0.0004223151    
0.1455708800    0.0182872080    0.0004193167    
0.1458124700    0.0184009890    0.0004243872    
0.1460540500    0.0184314650    0.0004179266    
0.1462956400    0.0184076650    0.0004205338    
0.1465372300    0.0189541100    0.0004254251    
0.1467788200    0.0185011480    0.0004198306    
0.1470204100    0.0186008090    0.0004214416    
0.1472620000    0.0181962890    0.0004163572    
0.1475035900    0.0182265040    0.0004160695    
0.1477451700    0.0176329420    0.0004109584    
0.1479867600    0.0173816850    0.0004055434    
0.1482283500    0.0182311550    0.0004180314    
0.1484699400    0.0185350130    0.0004197354    
0.1487115300    0.0182754100    0.0004180582    
0.1489531200    0.0188938250    0.0004199665    
0.1491947000    0.0190853320    0.0004252751    
0.1494362900    0.0183455520    0.0004149134    
0.1496778800    0.0188954040    0.0004225141    
0.1499194700    0.0180190160    0.0004119776    
0.1501610600    0.0191271480    0.0004252578    
0.1504026500    0.0188520170    0.0004199720    
0.1506442400    0.0187774270    0.0004229536    
0.1508858200    0.0190231450    0.0004241001    
0.1511274100    0.0189354460    0.0004199590    
0.1513690000    0.0187771080    0.0004181994    
0.1516105900    0.0190301770    0.0004222677    
0.1518521800    0.0192349010    0.0004238984    
0.1520937700    0.0185865640    0.0004156082    
0.1523353600    0.0185769940    0.0004158102    
0.1525769400    0.0184023970    0.0004152443    
0.1528185300    0.0187257410    0.0004184066    
0.1530601200    0.0187259080    0.0004174735    
0.1533017100    0.0187255160    0.0004196606    
0.1535433000    0.0194918920    0.0004240375    
0.1537848900    0.0179934380    0.0004072623    
0.1540264800    0.0183788930    0.0004125144    
0.1542680600    0.0188602110    0.0004175721    
0.1545096500    0.0188913380    0.0004159232    
0.1547512400    0.0188509660    0.0004174697    
0.1549928300    0.0178076700    0.0004054534    
0.1552344200    0.0192789620    0.0004214044    
0.1554760100    0.0186018220    0.0004140902    
0.1557176000    0.0187770660    0.0004175776    
0.1559591800    0.0192371620    0.0004207924    
0.1562007700    0.0192407440    0.0004183759    
0.1564423600    0.0184139070    0.0004086937    
0.1566839500    0.0192072340    0.0004215520    
0.1569255400    0.0185304790    0.0004111797    
0.1571671300    0.0193566180    0.0004203989    
0.1574087100    0.0185960520    0.0004098195    
0.1576503000    0.0180333050    0.0004081647    
0.1578918900    0.0188442450    0.0004120992    
0.1581334800    0.0181522860    0.0004068138    
0.1583750700    0.0191245820    0.0004183298    
0.1586166600    0.0191513390    0.0004284512    
0.1588582500    0.0195377610    0.0004322556    
0.1590998300    0.0190861330    0.0004322158    
0.1593414200    0.0194029580    0.0004387160    
0.1595830100    0.0189487110    0.0004359771    
0.1598246000    0.0190528760    0.0004363000    
0.1600661900    0.0189668620    0.0004395473    
0.1603077800    0.0195037870    0.0004479193    
0.1605493700    0.0184328720    0.0004361665    
0.1607909500    0.0190224390    0.0004441877    
0.1610325400    0.0176866060    0.0004309962    
0.1612741300    0.0186580210    0.0004428599    
0.1615157200    0.0187207340    0.0004454793    
0.1617573100    0.0191616740    0.0004512691    
0.1619989000    0.0191628120    0.0004549697    
0.1622404900    0.0188861910    0.0004495438    
0.1624820700    0.0188177120    0.0004532086    
0.1627236600    0.0189803020    0.0004539755    
0.1629652500    0.0191800950    0.0004557655    
0.1632068400    0.0190419270    0.0004475810    
0.1634484300    0.0185439530    0.0004347964    
0.1636900200    0.0186512700    0.0004355206    
0.1639316100    0.0188233710    0.0004347071    
0.1641731900    0.0181818000    0.0004268922    
0.1644147800    0.0183586730    0.0004255672    
0.1646563700    0.0185892660    0.0004297594    
0.1648979600    0.0186458670    0.0004268678    
0.1651395500    0.0177371820    0.0004183018    
0.1653811400    0.0186120170    0.0004259813    
0.1656227200    0.0177781950    0.0004184553    
0.1658643100    0.0177837690    0.0004152639    
0.1661059000    0.0186325350    0.0004245646    
0.1663474900    0.0185102900    0.0004202545    
0.1665890800    0.0186296590    0.0004214467    
0.1668306700    0.0183153630    0.0004199623    
0.1670722600    0.0191635690    0.0004274432    
0.1673138400    0.0191966080    0.0004276485    
0.1675554300    0.0184990000    0.0004177433    
0.1677970200    0.0184585090    0.0004191869    
0.1680386100    0.0185675380    0.0004209039    
0.1682802000    0.0183342380    0.0004157221    
0.1685217900    0.0182669060    0.0004135579    
0.1687633800    0.0180298000    0.0004104046    
0.1690049600    0.0181859550    0.0004148197    
0.1692465500    0.0187170130    0.0004155234    
0.1694881400    0.0189594620    0.0004210096    
0.1697297300    0.0187445500    0.0004173708    
0.1699713200    0.0186270700    0.0004180847    
0.1702129100    0.0183762680    0.0004114204    
0.1704545000    0.0182585270    0.0004111614    
0.1706960800    0.0178576520    0.0004082882    
0.1709376700    0.0189501750    0.0004158100    
0.1711792600    0.0182254710    0.0004092771    
0.1714208500    0.0184176910    0.0004091810    
0.1716624400    0.0180866140    0.0004080149    
0.1719040300    0.0181707120    0.0004053983    
0.1721456200    0.0177055450    0.0004017766    
0.1723872000    0.0185169730    0.0004108800    
0.1726287900    0.0179398330    0.0004039847    
0.1728703800    0.0177717560    0.0004029680    
0.1731119700    0.0187947930    0.0004123014    
0.1733535600    0.0186997780    0.0004114066    
0.1735951500    0.0183247040    0.0004049226    
0.1738367300    0.0178078570    0.0004006067    
0.1740783200    0.0180711820    0.0004016810    
0.1743199100    0.0184320750    0.0004061071    
0.1745615000    0.0176851030    0.0003969422    
0.1748030900    0.0175388750    0.0003944559    
0.1750446800    0.0186225380    0.0004110024    
0.1752862700    0.0182684400    0.0004017225    
0.1755278500    0.0175504140    0.0003992857    
0.1757694400    0.0184260210    0.0004043089    
0.1760110300    0.0184203700    0.0004049656    
0.1762526200    0.0184283950    0.0004029087    
0.1764942100    0.0186174810    0.0004053990    
0.1767358000    0.0177185360    0.0003952117    
0.1769773900    0.0179950550    0.0003974443    
0.1772189700    0.0182962600    0.0004014617    
0.1774605600    0.0183290510    0.0004029580    
0.1777021500    0.0176738910    0.0003940199    
0.1779437400    0.0185917230    0.0004042634    
0.1781853300    0.0178532480    0.0003971313    
0.1784269200    0.0180344710    0.0003955270    
0.1786685100    0.0180265580    0.0003964036    
0.1789100900    0.0181874740    0.0003967888    
0.1791516800    0.0179292190    0.0003946449    
0.1793932700    0.0179242930    0.0003947278    
0.1796348600    0.0175915170    0.0003892920    
0.1798764500    0.0182807050    0.0003968444    
0.1801180400    0.0185346860    0.0003997293    
0.1803596200    0.0179769720    0.0003962724    
0.1806012100    0.0178475470    0.0003917102    
0.1808428000    0.0188318660    0.0004022287    
0.1810843900    0.0180245650    0.0003923021    
0.1813259800    0.0179063720    0.0003916828    
0.1815675700    0.0176915670    0.0003886614    
0.1818091600    0.0185286510    0.0003974788    
0.1820507400    0.0178281820    0.0003901591    
0.1822923300    0.0184272450    0.0003958503    
0.1825339200    0.0182840050    0.0003955206    
0.1827755100    0.0183812540    0.0003949535    
0.1830171000    0.0179915760    0.0003938293    
0.1832586900    0.0174277420    0.0003837928    
0.1835002800    0.0177256800    0.0003874524    
0.1837418600    0.0178491970    0.0003877513    
0.1839834500    0.0173544160    0.0003837632    
0.1842250400    0.0177827200    0.0003876817    
0.1844666300    0.0179154430    0.0003887320    
0.1847082200    0.0190284740    0.0004003555    
0.1849498100    0.0185183630    0.0003953523    
0.1851914000    0.0184433830    0.0003965631    
0.1854329800    0.0176827580    0.0003863296    
0.1856745700    0.0184206050    0.0003947071    
0.1859161600    0.0183044820    0.0003906971    
0.1861577500    0.0173621560    0.0003805076    
0.1863993400    0.0180756580    0.0003892868    
0.1866409300    0.0174840200    0.0003810792    
0.1868825200    0.0185308670    0.0003956193    
0.1871241000    0.0183932760    0.0003909925    
0.1873656900    0.0177172400    0.0003857960    
0.1876072800    0.0179275650    0.0003851162    
0.1878488700    0.0189358160    0.0003993796    
0.1880904600    0.0179247480    0.0003876584    
0.1883320500    0.0174544640    0.0003796243    
0.1885736300    0.0187092550    0.0003938136    
0.1888152200    0.0179347420    0.0003854483    
0.1890568100    0.0179969540    0.0003871432    
0.1892984000    0.0173046050    0.0003776175    
0.1895399900    0.0184230440    0.0003909193    
0.1897815800    0.0180414770    0.0003868499    
0.1900231700    0.0179336430    0.0003856920    
0.1902647500    0.0179627740    0.0003849853    
0.1905063400    0.0174888640    0.0003822760    
0.1907479300    0.0182381490    0.0003883095    
0.1909895200    0.0175860830    0.0003798015    
0.1912311100    0.0179612930    0.0003843362    
0.1914727000    0.0172118540    0.0003758620    
0.1917142900    0.0174544640    0.0003796243    
0.1919558700    0.0182639230    0.0003850373    
0.1921974600    0.0180406830    0.0003859466    
0.1924390500    0.0176282360    0.0003821405    
0.1926806400    0.0179412730    0.0003839957    
0.1929222300    0.0178684760    0.0003838469    
0.1931638200    0.0183818710    0.0003861533    
0.1934054100    0.0174264490    0.0003791944    
0.1936469900    0.0182676600    0.0003852017    
0.1938885800    0.0182870810    0.0003874243    
0.1941301700    0.0187875360    0.0003908983    
0.1943717600    0.0189479340    0.0003944919    
0.1946133500    0.0176219440    0.0003769885    
0.1948549400    0.0184524610    0.0003884083    
0.1950965300    0.0181226030    0.0003845442    
0.1953381100    0.0179930530    0.0003829176    
0.1955797000    0.0180963850    0.0003847683    
0.1958212900    0.0177517560    0.0003789858    
0.1960628800    0.0178765930    0.0003804392    
0.1963044700    0.0174557700    0.0003753278    
0.1965460600    0.0182914950    0.0003873439    
0.1967876400    0.0171764440    0.0003714749    
0.1970292300    0.0181513830    0.0003822403    
0.1972708200    0.0179833700    0.0003821926    
0.1975124100    0.0177004600    0.0003789284    
0.1977540000    0.0181753950    0.0003838540    
0.1979955900    0.0177875340    0.0003794903    
0.1982371800    0.0186004740    0.0003889474    
0.1984787600    0.0169699230    0.0003673522    
0.1987203500    0.0176329240    0.0003766206    
0.1989619400    0.0175670320    0.0003761582    
0.1992035300    0.0179246730    0.0003792361    
0.1994451200    0.0184056290    0.0003845370    
0.1996867100    0.0176707210    0.0003760579    
0.1999283000    0.0178994940    0.0003792130    
0.2001698800    0.0180503060    0.0003812972    
0.2004114700    0.0182041310    0.0003840329    
0.2006530600    0.0179379890    0.0003781660    
0.2008946500    0.0183066710    0.0003828876    
0.2011362400    0.0174948760    0.0003718109    
0.2013778300    0.0184056290    0.0003845370    
0.2016194200    0.0184385420    0.0003820690    
0.2018610000    0.0181045710    0.0003801603    
0.2021025900    0.0177793910    0.0003770919    
0.2023441800    0.0179196710    0.0003776120    
0.2025857700    0.0181054100    0.0003799267    
0.2028273600    0.0174366940    0.0003743987    
0.2030689500    0.0181365010    0.0003804953    
0.2033105400    0.0181436180    0.0003784028    
0.2035521200    0.0181026870    0.0003795354    
0.2037937100    0.0179739030    0.0003775830    
0.2040353000    0.0178628250    0.0003772527    
0.2042768900    0.0185218230    0.0003828098    
0.2045184800    0.0179077700    0.0003748726    
0.2047600700    0.0182256820    0.0003809438    
0.2050016500    0.0182525750    0.0003815893    
0.2052432400    0.0176762840    0.0003751582    
0.2054848300    0.0177839160    0.0003747513    
0.2057264200    0.0180833130    0.0003803012    
0.2059680100    0.0188414140    0.0003840391    
0.2062096000    0.0188537800    0.0003854942    
0.2064511900    0.0183273320    0.0003793576    
0.2066927700    0.0184343760    0.0003821468    
0.2069343600    0.0180243060    0.0003773948    
0.2071759500    0.0180208240    0.0003772392    
0.2074175400    0.0184161090    0.0003811136    
0.2076591300    0.0188771380    0.0003852477    
0.2079007200    0.0178445500    0.0003775409    
0.2081423100    0.0178147910    0.0003736638    
0.2083838900    0.0184364450    0.0003809638    
0.2086254800    0.0179497510    0.0003764946    
0.2088670700    0.0181223670    0.0003774674    
0.2091086600    0.0184147910    0.0003818229    
0.2093502500    0.0189633710    0.0003858842    
0.2095918400    0.0180091190    0.0003780726    
0.2098334300    0.0180989550    0.0003782950    
0.2100750100    0.0176332110    0.0003745817    
0.2103166000    0.0185917290    0.0003849954    
0.2105581900    0.0183508890    0.0003796014    
0.2107997800    0.0186241500    0.0003845962    
0.2110413700    0.0181581270    0.0003777210    
0.2112829600    0.0176955100    0.0003754817    
0.2115245400    0.0183864610    0.0003798499    
0.2117661300    0.0183896220    0.0003822884    
0.2120077200    0.0189874910    0.0003866152    
0.2122493100    0.0180699860    0.0003805262    
0.2124909000    0.0186603460    0.0003841172    
0.2127324900    0.0176532950    0.0003761132    
0.2129740800    0.0183845610    0.0003807870    
0.2132156600    0.0182347090    0.0003792319    
0.2134572500    0.0186041940    0.0003845122    
0.2136988400    0.0179059370    0.0003769880    
0.2139404300    0.0182838440    0.0003790263    
0.2141820200    0.0190009460    0.0003880978    
0.2144236100    0.0182249970    0.0003811793    
0.2146652000    0.0182184130    0.0003806256    
0.2149067800    0.0182311000    0.0003790749    
0.2151483700    0.0183163950    0.0003857152    
0.2153899600    0.0182551240    0.0003899101    
0.2156315500    0.0181050040    0.0003921074    
0.2158731400    0.0175738630    0.0003877636    
0.2161147300    0.0182105060    0.0003996762    
0.2163563200    0.0176303840    0.0003942274    
0.2165979000    0.0188168220    0.0004103237    
0.2168394900    0.0178491730    0.0003999203    
0.2170810800    0.0187402270    0.0004144081    
0.2173226700    0.0181637780    0.0004076861    
0.2175642600    0.0177176560    0.0004048758    
0.2178058500    0.0180174580    0.0004098053    
0.2180474400    0.0175913230    0.0004069058    
0.2182890200    0.0184762380    0.0004203490    
0.2185306100    0.0180409330    0.0004126945    
0.2187722000    0.0184145950    0.0004222376    
0.2190137900    0.0176009890    0.0004120080    
0.2192553800    0.0169796800    0.0004084676    
0.2194969700    0.0178849030    0.0004166045    
0.2197385500    0.0176943810    0.0004118315    
0.2199801400    0.0184487750    0.0004160790    
0.2202217300    0.0181970670    0.0004092588    
0.2204633200    0.0172405690    0.0003964659    
0.2207049100    0.0169993120    0.0003911248    
0.2209465000    0.0170803040    0.0003920554    
0.2211880900    0.0175069150    0.0003949375    
0.2214296700    0.0168708320    0.0003871453    
0.2216712600    0.0176469160    0.0003953886    
0.2219128500    0.0177677210    0.0003956205    
0.2221544400    0.0175264950    0.0003948771    
0.2223960300    0.0176267780    0.0003940482    
0.2226376200    0.0180831180    0.0004022445    
0.2228792100    0.0184942730    0.0004037704    
0.2231207900    0.0175157870    0.0003929441    
0.2233623800    0.0171396960    0.0003862605    
0.2236039700    0.0173366990    0.0003901062    
0.2238455600    0.0173158060    0.0003879699    
0.2240871500    0.0172366140    0.0003877560    
0.2243287400    0.0175157140    0.0003888542    
0.2245703300    0.0171186280    0.0003869667    
0.2248119100    0.0171668310    0.0003869703    
0.2250535000    0.0173117720    0.0003884650    
0.2252950900    0.0176563220    0.0003938240    
0.2255366800    0.0172588100    0.0003857259    
0.2257782700    0.0167707440    0.0003811533    
0.2260198600    0.0176791590    0.0003899920    
0.2262614500    0.0171425860    0.0003838961    
0.2265030300    0.0172584850    0.0003846633    
0.2267446200    0.0170613230    0.0003839098    
0.2269862100    0.0173145750    0.0003841050    
0.2272278000    0.0171352840    0.0003831566    
0.2274693900    0.0171835760    0.0003825190    
0.2277109800    0.0169904120    0.0003837743    
0.2279525600    0.0171463580    0.0003819745    
0.2281941500    0.0173224490    0.0003848483    
0.2284357400    0.0174798590    0.0003860655    
0.2286773300    0.0170160310    0.0003822139    
0.2289189200    0.0185299220    0.0003964130    
0.2291605100    0.0174762270    0.0003872150    
0.2294021000    0.0169336240    0.0003795975    
0.2296436800    0.0179488540    0.0003943137    
0.2298852700    0.0173185110    0.0003836264    
0.2301268600    0.0170629170    0.0003847256    
0.2303684500    0.0177386010    0.0003899771    
0.2306100400    0.0172801390    0.0003854333    
0.2308516300    0.0173632860    0.0003855653    
0.2310932200    0.0171195240    0.0003848299    
0.2313348000    0.0180091840    0.0003928056    
0.2315763900    0.0174281250    0.0003868144    
0.2318179800    0.0166956810    0.0003804311    
0.2320595700    0.0173575130    0.0003862952    
0.2323011600    0.0173011860    0.0003868663    
0.2325427500    0.0173357890    0.0003872530    
0.2327843400    0.0175122610    0.0003907080    
0.2330259200    0.0169180730    0.0003805901    
0.2332675100    0.0170074460    0.0003821174    
0.2335091000    0.0176004360    0.0003900628    
0.2337506900    0.0173856330    0.0003856814    
0.2339922800    0.0174949480    0.0003891612    
0.2342338700    0.0168393760    0.0003811414    
0.2344754600    0.0171008000    0.0003852861    
0.2347170400    0.0171104690    0.0003832730    
0.2349586300    0.0166668410    0.0003791838    
0.2352002200    0.0169473490    0.0003855655    
0.2354418100    0.0170424240    0.0003843613    
0.2356834000    0.0165773500    0.0003788181    
0.2359249900    0.0177670530    0.0003897558    
0.2361665700    0.0173278480    0.0003882397    
0.2364081600    0.0173608480    0.0003864652    
0.2366497500    0.0163796880    0.0003774683    
0.2368913400    0.0165546940    0.0003779059    
0.2371329300    0.0175140080    0.0003911365    
0.2373745200    0.0172938130    0.0003871857    
0.2376161100    0.0164009490    0.0003770582    
0.2378576900    0.0170042290    0.0003852676    
0.2380992800    0.0171013450    0.0003842271    
0.2383408700    0.0170400360    0.0003846010    
0.2385824600    0.0171747910    0.0003845210    
0.2388240500    0.0172256020    0.0003868237    
0.2390656400    0.0173158060    0.0003879699    
0.2393072300    0.0169866680    0.0003832013    
0.2395488100    0.0164616290    0.0003777551    
0.2397904000    0.0177861620    0.0003938888    
0.2400319900    0.0176609660    0.0003930486    
0.2402735800    0.0170087530    0.0003862634    
0.2405151700    0.0173251980    0.0003891584    
0.2407567600    0.0169312200    0.0003820476    
0.2409983500    0.0172769040    0.0003880736    
0.2412399300    0.0171163370    0.0003846611    
0.2414815200    0.0170518260    0.0003863460    
0.2417231100    0.0177823950    0.0003911290    
0.2419647000    0.0171688830    0.0003878055    
0.2422062900    0.0171908070    0.0003875107    
0.2424478800    0.0167482740    0.0003826241    
0.2426894600    0.0168342980    0.0003854958    
0.2429310500    0.0168119100    0.0003826823    
0.2431726400    0.0177018930    0.0003924077    
0.2434142300    0.0170236510    0.0003833533    
0.2436558200    0.0166842160    0.0003833680    
0.2438974100    0.0170849210    0.0003844408    
0.2441390000    0.0171700810    0.0003871419    
0.2443805800    0.0165035180    0.0003798180    
0.2446221700    0.0173703550    0.0003900743    
0.2448637600    0.0170069810    0.0003869222    
0.2451053500    0.0169046680    0.0003836030    
0.2453469400    0.0173095600    0.0003922862    
0.2455885300    0.0175749350    0.0003911340    
0.2458301200    0.0165901920    0.0003824209    
0.2460717000    0.0174792970    0.0003893915    
0.2463132900    0.0171506450    0.0003861152    
0.2465548800    0.0167721080    0.0003839710    
0.2467964700    0.0168728850    0.0003833757    
0.2470380600    0.0168390490    0.0003841969    
0.2472796500    0.0169586520    0.0003854239    
0.2475212400    0.0171186470    0.0003895635    
0.2477628200    0.0170849150    0.0003900096    
0.2480044100    0.0163032550    0.0003771114    
0.2482460000    0.0170566030    0.0003858605    
0.2484875900    0.0172455940    0.0003889434    
0.2487291800    0.0177455940    0.0003945414    
0.2489707700    0.0171613520    0.0003870435    
0.2492123600    0.0166871770    0.0003839431    
0.2494539400    0.0175580030    0.0003930021    
0.2496955300    0.0167195390    0.0003841796    
0.2499371200    0.0174526530    0.0003911342    
0.2501787100    0.0167918420    0.0003878944    
0.2504203000    0.0171186280    0.0003869667    
0.2506618900    0.0164015250    0.0003766735    
0.2509034700    0.0167368230    0.0003831632    
0.2511450600    0.0162675040    0.0003770924    
0.2513866500    0.0172610310    0.0003893906    
0.2516282400    0.0167187690    0.0003805622    
0.2518698300    0.0171163250    0.0003872115    
0.2521114200    0.0168410590    0.0003831474    
0.2523530100    0.0170573970    0.0003862740    
0.2525945900    0.0171832200    0.0003867506    
0.2528361800    0.0166695100    0.0003837398    
0.2530777700    0.0170542420    0.0003846278    
0.2533193600    0.0164648150    0.0003775301    
0.2535609500    0.0170764150    0.0003858153    
0.2538025400    0.0166725360    0.0003810928    
0.2540441300    0.0167509340    0.0003819877    
0.2542857100    0.0174027330    0.0003889425    
0.2545273000    0.0164001760    0.0003795564    
0.2547688900    0.0168254040    0.0003815098    
0.2550104800    0.0169711520    0.0003861071    
0.2552520700    0.0171209750    0.0003893142    
0.2554936600    0.0170313550    0.0003845030    
0.2557352500    0.0163488590    0.0003781663    
0.2559768300    0.0164903940    0.0003782161    
0.2562184200    0.0169936900    0.0003858219    
0.2564600100    0.0166494680    0.0003797726    
0.2567016000    0.0168684020    0.0003846664    
0.2569431900    0.0166348200    0.0003805290    
0.2571847800    0.0162761420    0.0003758814    
0.2574263700    0.0162605140    0.0003762234    
0.2576679500    0.0161888320    0.0003761794    
0.2579095400    0.0168360170    0.0003840278    
0.2581511300    0.0171117720    0.0003851425    
0.2583927200    0.0168081020    0.0003813136    
0.2586343100    0.0173231250    0.0003859124    
0.2588759000    0.0169662020    0.0003847023    
0.2591174800    0.0168614960    0.0003804743    
0.2593590700    0.0174984960    0.0003879942    
0.2596006600    0.0172558490    0.0003866265    
0.2598422500    0.0173091340    0.0003876259    
0.2600838400    0.0167681680    0.0003817856    
0.2603254300    0.0169993050    0.0003857506    
0.2605670200    0.0170463330    0.0003849392    
0.2608086000    0.0168466100    0.0003796555    
0.2610501900    0.0175053450    0.0003890077    
0.2612917800    0.0167130900    0.0003810257    
0.2615333700    0.0166408840    0.0003792809    
0.2617749600    0.0169674970    0.0003836484    
0.2620165500    0.0169804870    0.0003828670    
0.2622581400    0.0172814910    0.0003886672    
0.2624997200    0.0166696750    0.0003801347    
0.2627413100    0.0162658050    0.0003791985    
0.2629829000    0.0167526470    0.0003789842    
0.2632244900    0.0168119100    0.0003826823    
0.2634660800    0.0164856800    0.0003771174    
0.2637076700    0.0159848570    0.0003722445    
0.2639492600    0.0176058810    0.0003906635    
0.2641908400    0.0172930530    0.0003878497    
0.2644324300    0.0172573720    0.0003881247    
0.2646740200    0.0165693720    0.0003775530    
0.2649156100    0.0171940480    0.0003887709    
0.2651572000    0.0167363350    0.0003815556    
0.2653987900    0.0169918680    0.0003864784    
0.2656403800    0.0168353570    0.0003832160    
0.2658819600    0.0173184870    0.0003870597    
0.2661235500    0.0170017710    0.0003855088    
0.2663651400    0.0165022050    0.0003780894    
0.2666067300    0.0176236040    0.0003915390    
0.2668483200    0.0167072590    0.0003806949    
0.2670899100    0.0171047120    0.0003884426    
0.2673314900    0.0165946630    0.0003790159    
0.2675730800    0.0165758610    0.0003815840    
0.2678146700    0.0170228640    0.0003877857    
0.2680562600    0.0168433900    0.0003825081    
0.2682978500    0.0164052140    0.0003781569    
0.2685394400    0.0168283910    0.0003816757    
0.2687810300    0.0171361230    0.0003871644    
0.2690226100    0.0166898380    0.0003793145    
0.2692642000    0.0171707910    0.0003897423    
0.2695057900    0.0173505770    0.0003883592    
0.2697473800    0.0166754440    0.0003808609    
0.2699889700    0.0171357660    0.0003882479    
0.2702305600    0.0166400900    0.0003832658    
0.2704721500    0.0167135300    0.0003834347    
0.2707137300    0.0170306220    0.0003840951    
0.2709553200    0.0170909130    0.0003873310    
0.2711969100    0.0168763410    0.0003839500    
0.2714385000    0.0166725480    0.0003806955    
0.2716800900    0.0163454770    0.0003783919    
0.2719216800    0.0163519750    0.0003868191    
0.2721632700    0.0162391140    0.0003881891    
0.2724048500    0.0171828820    0.0004044431    
0.2726464400    0.0158654880    0.0003957724    
0.2728880300    0.0169090720    0.0004089043    
0.2731296200    0.0166683450    0.0004082486    
0.2733712100    0.0167968940    0.0004131355    
0.2736128000    0.0168106010    0.0004189578    
0.2738543800    0.0162448720    0.0004094623    
0.2740959700    0.0172534590    0.0004260438    
0.2743375600    0.0164470950    0.0004189748    
0.2745791500    0.0164271640    0.0004205187    
0.2748207400    0.0172895920    0.0004344173    
0.2750623300    0.0170057980    0.0004308373    
0.2753039200    0.0175144900    0.0004418852    
0.2755455000    0.0168740810    0.0004323846    
0.2757870900    0.0167658440    0.0004374360    
0.2760286800    0.0172433280    0.0004414117    
0.2762702700    0.0165532950    0.0004405215    
0.2765118600    0.0173090070    0.0004325900    
0.2767534500    0.0170681250    0.0004279083    
0.2769950400    0.0173116980    0.0004274819    
0.2772366200    0.0169746940    0.0004189049    
0.2774782100    0.0169132500    0.0004186653    
0.2777198000    0.0171435600    0.0004225578    
0.2779613900    0.0160945320    0.0004084065    
0.2782029800    0.0174125890    0.0004165977    
0.2784445700    0.0173135800    0.0004189314    
0.2786861600    0.0166212260    0.0004093103    
0.2789277400    0.0172204880    0.0004120017    
0.2791693300    0.0166750530    0.0004057443    
0.2794109200    0.0170537720    0.0004122830    
0.2796525100    0.0171088810    0.0004122921    
0.2798941000    0.0162672120    0.0003974713    
0.2801356900    0.0168600610    0.0004087963    
0.2803772800    0.0170885770    0.0004151922    
0.2806188600    0.0167783880    0.0004030426    
0.2808604500    0.0169720660    0.0004031836    
0.2811020400    0.0165818250    0.0004000560    
0.2813436300    0.0160158860    0.0003950027    
0.2815852200    0.0171876060    0.0004051158    
0.2818268100    0.0167072990    0.0004015667    
0.2820683900    0.0166815780    0.0004023455    
0.2823099800    0.0166072890    0.0004011376    
0.2825515700    0.0172209610    0.0004048910    
0.2827931600    0.0161453650    0.0003967507    
0.2830347500    0.0167393780    0.0004016422    
0.2832763400    0.0164684330    0.0003963984    
0.2835179300    0.0171935780    0.0004050316    
0.2837595100    0.0171030240    0.0004062946    
0.2840011000    0.0165332300    0.0003999325    
0.2842426900    0.0168806590    0.0004001100    
0.2844842800    0.0165153940    0.0003978747    
0.2847258700    0.0164411800    0.0003975895    
0.2849674600    0.0168684560    0.0004038105    
0.2852090500    0.0165188340    0.0003976115    
0.2854506300    0.0171319790    0.0004066384    
0.2856922200    0.0165184670    0.0003980642    
0.2859338100    0.0161747860    0.0003945070    
0.2861754000    0.0171067260    0.0004035458    
0.2864169900    0.0165990740    0.0003973618    
0.2866585800    0.0167231430    0.0004006765    
0.2869001700    0.0162642520    0.0003942342    
0.2871417500    0.0163510060    0.0003948321    
0.2873833400    0.0166334750    0.0003999078    
0.2876249300    0.0168261100    0.0004026814    
0.2878665200    0.0161384440    0.0003968203    
0.2881081100    0.0163518100    0.0003924560    
0.2883497000    0.0165862510    0.0003975107    
0.2885912900    0.0164213140    0.0003953788    
0.2888328700    0.0160527470    0.0003910654    
0.2890744600    0.0166340870    0.0003971771    
0.2893160500    0.0171472640    0.0004037166    
0.2895576400    0.0166591290    0.0004000624    
0.2897992300    0.0165213560    0.0003944854    
0.2900408200    0.0164165620    0.0003941236    
0.2902824000    0.0160922960    0.0003931974    
0.2905239900    0.0168720560    0.0004009209    
0.2907655800    0.0166971250    0.0003959823    
0.2910071700    0.0159458490    0.0003869713    
0.2912487600    0.0168887070    0.0003988469    
0.2914903500    0.0172405350    0.0004019220    
0.2917319400    0.0165294300    0.0003922260    
0.2919735200    0.0166845850    0.0003952406    
0.2922151100    0.0163611940    0.0003906611    
0.2924567000    0.0162913460    0.0003905551    
0.2926982900    0.0164909460    0.0003930875    
0.2929398800    0.0166562490    0.0003971406    
0.2931814700    0.0160164060    0.0003855180    
0.2934230600    0.0163360640    0.0003905066    
0.2936646400    0.0161260810    0.0003852670    
0.2939062300    0.0164095400    0.0003922630    
0.2941478200    0.0164715620    0.0003905232    
0.2943894100    0.0169681580    0.0003982872    
0.2946310000    0.0158475260    0.0003839076    
0.2948725900    0.0161520850    0.0003884464    
0.2951141800    0.0163432880    0.0003900113    
0.2953557600    0.0166594770    0.0003964295    
0.2955973500    0.0168729240    0.0003953988    
0.2958389400    0.0162013800    0.0003867350    
0.2960805300    0.0167153240    0.0003931114    
0.2963221200    0.0162577000    0.0003869784    
0.2965637100    0.0160248320    0.0003840556    
0.2968053000    0.0162018190    0.0003853210    
0.2970468800    0.0170992970    0.0003970144    
0.2972884700    0.0169440970    0.0003940488    
0.2975300600    0.0162476390    0.0003858654    
0.2977716500    0.0172076190    0.0003985638    
0.2980132400    0.0164588920    0.0003906622    
0.2982548300    0.0160331230    0.0003826096    
0.2984964100    0.0160410710    0.0003821469    
0.2987380000    0.0158828300    0.0003810904    
0.2989795900    0.0173065130    0.0003969342    
0.2992211800    0.0166420070    0.0003888150    
0.2994627700    0.0164468690    0.0003876564    
0.2997043600    0.0167242640    0.0003919151    
0.2999459500    0.0157667250    0.0003803907    
0.3001875300    0.0161232120    0.0003841038    
0.3004291200    0.0165537850    0.0003932470    
0.3006707100    0.0163785690    0.0003857253    
0.3009123000    0.0163420870    0.0003871272    
0.3011538900    0.0162170660    0.0003829853    
0.3013954800    0.0159194060    0.0003815289    
0.3016370700    0.0160970360    0.0003833715    
0.3018786500    0.0158870350    0.0003808625    
0.3021202400    0.0166327240    0.0003895561    
0.3023618300    0.0160892630    0.0003848269    
0.3026034200    0.0162842950    0.0003863005    
0.3028450100    0.0160512230    0.0003838073    
0.3030866000    0.0161418160    0.0003853132    
0.3033281900    0.0160268460    0.0003816998    
0.3035697700    0.0157433090    0.0003792743    
0.3038113600    0.0158212450    0.0003804899    
0.3040529500    0.0164239900    0.0003862598    
0.3042945400    0.0158946550    0.0003798464    
0.3045361300    0.0166538350    0.0003912327    
0.3047777200    0.0165111950    0.0003879889    
0.3050193100    0.0164348640    0.0003873735    
0.3052608900    0.0158034340    0.0003808333    
0.3055024800    0.0166312830    0.0003956466    
0.3057440700    0.0154663600    0.0003740159    
0.3059856600    0.0165965870    0.0003882840    
0.3062272500    0.0169370400    0.0003932471    
0.3064688400    0.0162255930    0.0003858864    
0.3067104200    0.0168348910    0.0003899306    
0.3069520100    0.0164228770    0.0003870909    
0.3071936000    0.0165958680    0.0003899786    
0.3074351900    0.0176977800    0.0004031605    
0.3076767800    0.0168691090    0.0003914589    
0.3079183700    0.0167556150    0.0003941680    
0.3081599600    0.0160508970    0.0003857898    
0.3084015400    0.0160075840    0.0003809171    
0.3086431300    0.0158486500    0.0003787470    
0.3088847200    0.0162201470    0.0003855389    
0.3091263100    0.0172405690    0.0003964659    
0.3093679000    0.0158919740    0.0003812001    
0.3096094900    0.0163917220    0.0003851815    
0.3098510800    0.0163149680    0.0003882316    
0.3100926600    0.0166447920    0.0003902672    
0.3103342500    0.0160866100    0.0003836676    
0.3105758400    0.0159421700    0.0003846235    
0.3108174300    0.0162022530    0.0003839224    
0.3110590200    0.0166140550    0.0003906217    
0.3113006100    0.0157919670    0.0003779324    
0.3115422000    0.0167793690    0.0003925603    
0.3117837800    0.0160188680    0.0003821606    
0.3120253700    0.0166722300    0.0003910180    
0.3122669600    0.0167599220    0.0003897656    
0.3125085500    0.0157647140    0.0003807857    
0.3127501400    0.0160918520    0.0003840111    
0.3129917300    0.0164009870    0.0003893975    
0.3132333100    0.0167396610    0.0003923837    
0.3134749000    0.0159752610    0.0003827577    
0.3137164900    0.0164325380    0.0003867818    
0.3139580800    0.0169846190    0.0003930824    
0.3141996700    0.0162805170    0.0003851287    
0.3144412600    0.0170009540    0.0003939884    
0.3146828500    0.0164062810    0.0003878868    
0.3149244300    0.0168754510    0.0003918171    
0.3151660200    0.0160012840    0.0003834912    
0.3154076100    0.0159311390    0.0003833546    
0.3156492000    0.0161451330    0.0003874956    
0.3158907900    0.0160061230    0.0003813144    
0.3161323800    0.0163995630    0.0003861126    
0.3163739700    0.0163751010    0.0003859648    
0.3166155500    0.0167181710    0.0003919877    
0.3168571400    0.0160800850    0.0003827507    
0.3170987300    0.0170016620    0.0003944287    
0.3173403200    0.0166630930    0.0003904817    
0.3175819100    0.0164700170    0.0003890676    
0.3178235000    0.0164526310    0.0003880079    
0.3180650900    0.0168415550    0.0003944472    
0.3183066700    0.0174258670    0.0004001983    
0.3185482600    0.0161694090    0.0003856423    
0.3187898500    0.0165634460    0.0003876147    
0.3190314400    0.0160839950    0.0003834961    
0.3192730300    0.0167422100    0.0003908362    
0.3195146200    0.0163977280    0.0003873599    
0.3197562100    0.0157521060    0.0003788272    
0.3199977900    0.0161022820    0.0003837141    
0.3202393800    0.0163129670    0.0003876356    
0.3204809700    0.0155204670    0.0003786606    
0.3207225600    0.0168688480    0.0003943300    
0.3209641500    0.0160089990    0.0003840071    
0.3212057400    0.0165599930    0.0003882789    
0.3214473200    0.0167847110    0.0003911893    
0.3216889100    0.0170458020    0.0003940765    
0.3219305000    0.0156772760    0.0003794494    
0.3221720900    0.0162998450    0.0003863434    
0.3224136800    0.0162968130    0.0003847614    
0.3226552700    0.0157961370    0.0003830000    
0.3228968600    0.0161167010    0.0003841668    
0.3231384400    0.0155612680    0.0003811335    
0.3233800300    0.0167875900    0.0003909380    
0.3236216200    0.0165841330    0.0003888449    
0.3238632100    0.0161140620    0.0003839948    
0.3241048000    0.0165163290    0.0003891855    
0.3243463900    0.0170082450    0.0003947940    
0.3245879800    0.0160957610    0.0003837767    
0.3248295600    0.0159077770    0.0003812502    
0.3250711500    0.0160722460    0.0003832160    
0.3253127400    0.0166997890    0.0003917721    
0.3255543300    0.0159997880    0.0003838967    
0.3257959200    0.0161878040    0.0003882961    
0.3260375100    0.0158589930    0.0003799719    
0.3262791000    0.0157459950    0.0003800012    
0.3265206800    0.0162887760    0.0003856480    
0.3267622700    0.0160630080    0.0003840891    
0.3270038600    0.0157894430    0.0003803857    
0.3272454500    0.0165565150    0.0003889465    
0.3274870400    0.0164343300    0.0003877920    
0.3277286300    0.0165185660    0.0003902144    
0.3279702200    0.0167764510    0.0003928147    
0.3282118000    0.0159253290    0.0003855661    
0.3284533900    0.0162577270    0.0003855618    
0.3286949800    0.0165280290    0.0004025245    
0.3289365700    0.0168999160    0.0004125614    
0.3291781600    0.0162275770    0.0004077332    
0.3294197500    0.0161680670    0.0004117332    
0.3296613300    0.0159649840    0.0004133178    
0.3299029200    0.0158022300    0.0004117343    
0.3301445100    0.0160085600    0.0004204054    
0.3303861000    0.0158876890    0.0004216155    
0.3306276900    0.0154967720    0.0004195986    
0.3308692800    0.0164774450    0.0004328682    
0.3311108700    0.0166590760    0.0004388528    
0.3313524500    0.0164103550    0.0004404770    
0.3315940400    0.0164700610    0.0004406533    
0.3318356300    0.0161379910    0.0004418466    
0.3320772200    0.0161207830    0.0004420387    
0.3323188100    0.0173245680    0.0004625232    
0.3325604000    0.0168794360    0.0004558681    
0.3328019900    0.0161670980    0.0004508287    
0.3330435700    0.0168917480    0.0004560343    
0.3332851600    0.0165863970    0.0004460063    
0.3335267500    0.0159765320    0.0004241225    
0.3337683400    0.0165732590    0.0004319704    
0.3340099300    0.0168412760    0.0004325391    
0.3342515200    0.0158756620    0.0004159126    
0.3344931100    0.0164257490    0.0004187028    
0.3347346900    0.0168610320    0.0004256696    
0.3349762800    0.0158699540    0.0004108576    
0.3352178700    0.0163722220    0.0004157208    
0.3354594600    0.0168141950    0.0004191776    
0.3357010500    0.0161216990    0.0004114875    
0.3359426400    0.0165902290    0.0004188330    
0.3361842300    0.0158647660    0.0004016718    
0.3364258100    0.0160971690    0.0004039469    
0.3366674000    0.0164514040    0.0004088646    
0.3369089900    0.0153333160    0.0003932913    
0.3371505800    0.0169194760    0.0004123024    
0.3373921700    0.0163552760    0.0004063501    
0.3376337600    0.0161676450    0.0004036868    
0.3378753400    0.0163521740    0.0004061477    
0.3381169300    0.0162254170    0.0004026270    
0.3383585200    0.0174612050    0.0004222563    
0.3386001100    0.0159679940    0.0003978346    
0.3388417000    0.0160527390    0.0004003189    
0.3390832900    0.0161204410    0.0003972191    
0.3393248800    0.0165922360    0.0004060193    
0.3395664600    0.0162297170    0.0004007643    
0.3398080500    0.0169021260    0.0004084975    
0.3400496400    0.0165672420    0.0004030017    
0.3402912300    0.0158020790    0.0003929698    
0.3405328200    0.0163355480    0.0004019099    
0.3407744100    0.0161901330    0.0004002753    
0.3410160000    0.0167742340    0.0004079162    
0.3412575800    0.0160896200    0.0003951423    
0.3414991700    0.0158805990    0.0003922631    
0.3417407600    0.0162204680    0.0003975175    
0.3419823500    0.0163487450    0.0003961659    
0.3422239400    0.0156262650    0.0003889587    
0.3424655300    0.0167983080    0.0004042215    
0.3427071200    0.0164141190    0.0003983353    
0.3429487000    0.0163941270    0.0003985549    
0.3431902900    0.0162222950    0.0003981606    
0.3434318800    0.0164500090    0.0004041149    
0.3436734700    0.0162221460    0.0003940247    
0.3439150600    0.0164147670    0.0003954505    
0.3441566500    0.0171091260    0.0004062104    
0.3443982300    0.0169060670    0.0004033265    
0.3446398200    0.0162030040    0.0003937922    
0.3448814100    0.0162806290    0.0003957956    
0.3451230000    0.0168197940    0.0004027610    
0.3453645900    0.0155853140    0.0003876992    
0.3456061800    0.0158584630    0.0003895829    
0.3458477700    0.0160965410    0.0003950741    
0.3460893500    0.0164655110    0.0003991126    
0.3463309400    0.0164624020    0.0003960238    
0.3465725300    0.0162461300    0.0003935638    
0.3468141200    0.0166014850    0.0003993697    
0.3470557100    0.0166082660    0.0003983817    
0.3472973000    0.0164159440    0.0003969793    
0.3475388900    0.0166340870    0.0003971771    
0.3477804700    0.0155928460    0.0003864544    
0.3480220600    0.0159977900    0.0003915902    
0.3482636500    0.0166018370    0.0003984569    
0.3485052400    0.0162233610    0.0003977079    
0.3487468300    0.0162394400    0.0003936328    
0.3489884200    0.0163986760    0.0003954072    
0.3492300100    0.0161043160    0.0003903575    
0.3494715900    0.0159237250    0.0003908325    
0.3497131800    0.0155839060    0.0003839985    
0.3499547700    0.0161168690    0.0003927441    
0.3501963600    0.0163306150    0.0003935374    
0.3504379500    0.0160363800    0.0003910149    
0.3506795400    0.0160540210    0.0003916780    
0.3509211300    0.0157126880    0.0003882340    
0.3511627100    0.0158591460    0.0003901888    
0.3514043000    0.0166531120    0.0003969530    
0.3516458900    0.0156359470    0.0003855150    
0.3518874800    0.0159150760    0.0003880572    
0.3521290700    0.0166467800    0.0003970277    
0.3523706600    0.0160378440    0.0003905865    
0.3526122400    0.0160799750    0.0003908021    
0.3528538300    0.0161289620    0.0003919927    
0.3530954200    0.0165987100    0.0003982671    
0.3533370100    0.0163927550    0.0003950348    
0.3535786000    0.0159421560    0.0003921125    
0.3538201900    0.0160961750    0.0003898168    
0.3540617800    0.0157719120    0.0003879251    
0.3543033600    0.0159493730    0.0003877425    
0.3545449500    0.0162140030    0.0003919812    
0.3547865400    0.0165496140    0.0003948226    
0.3550281300    0.0165767240    0.0003973965    
0.3552697200    0.0159986920    0.0003895175    
0.3555113100    0.0164849250    0.0003959932    
0.3557529000    0.0157193070    0.0003869826    
0.3559944800    0.0156147700    0.0003833649    
0.3562360700    0.0165335660    0.0003994734    
0.3564776600    0.0163170000    0.0003921857    
0.3567192500    0.0162028090    0.0003912535    
0.3569608400    0.0164494870    0.0003933303    
0.3572024300    0.0161097640    0.0003907192    
0.3574440200    0.0156854350    0.0003845209    
0.3576856000    0.0163524960    0.0003939503    
0.3579271900    0.0166437280    0.0003963916    
0.3581687800    0.0160568690    0.0003908181    
0.3584103700    0.0161933610    0.0003911394    
0.3586519600    0.0163516940    0.0003963537    
0.3588935500    0.0163751010    0.0003939237    
0.3591351400    0.0154983320    0.0003835234    
0.3593767200    0.0159698270    0.0003875532    
0.3596183100    0.0163907860    0.0003920388    
0.3598599000    0.0159477210    0.0003881615    
0.3601014900    0.0161894740    0.0003913882    
0.3603430800    0.0166216140    0.0003964275    
0.3605846700    0.0162255380    0.0003912325    
0.3608262500    0.0160271420    0.0003898636    
0.3610678400    0.0154092020    0.0003815515    
0.3613094300    0.0163818820    0.0003958085    
0.3615510200    0.0167600390    0.0003974744    
0.3617926100    0.0164306760    0.0003931054    
0.3620342000    0.0156359470    0.0003843485    
0.3622757900    0.0155346140    0.0003826677    
0.3625173700    0.0164454760    0.0003940237    
0.3627589600    0.0155365960    0.0003834152    
0.3630005500    0.0155417550    0.0003826116    
0.3632421400    0.0167630530    0.0003972109    
0.3634837300    0.0159064320    0.0003885400    
0.3637253200    0.0152863680    0.0003813260    
0.3639669100    0.0166719920    0.0003985368    
0.3642084900    0.0157674200    0.0003848002    
0.3644500800    0.0155274620    0.0003827239    
0.3646916700    0.0164514270    0.0003943928    
0.3649332600    0.0159865290    0.0003865949    
0.3651748500    0.0159980430    0.0003878955    
0.3654164400    0.0165961530    0.0003967239    
0.3656580300    0.0159975950    0.0003889148    
0.3658996100    0.0162547960    0.0003911428    
0.3661412000    0.0161366750    0.0003904542    
0.3663827900    0.0161900720    0.0003949973    
0.3666243800    0.0162595240    0.0003890105    
0.3668659700    0.0161297140    0.0003894885    
0.3671075600    0.0161324380    0.0003896679    
0.3673491500    0.0155562440    0.0003819280    
0.3675907300    0.0161516260    0.0003909304    
0.3678323200    0.0162632580    0.0003902183    
0.3680739100    0.0169721100    0.0004010403    
0.3683155000    0.0158996860    0.0003869923    
0.3685570900    0.0163206820    0.0003919347    
0.3687986800    0.0156550150    0.0003863376    
0.3690402600    0.0158215790    0.0003880917    
0.3692818500    0.0157084550    0.0003833612    
0.3695234400    0.0155959450    0.0003831338    
0.3697650300    0.0160505630    0.0003878034    
0.3700066200    0.0162821390    0.0003919143    
0.3702482100    0.0165317690    0.0003932793    
0.3704898000    0.0163206820    0.0003919347    
0.3707313800    0.0164325180    0.0003941661    
0.3709729700    0.0154619530    0.0003813409    
0.3712145600    0.0151627070    0.0003797804    
0.3714561500    0.0159670050    0.0003900196    
0.3716977400    0.0165093060    0.0003937489    
0.3719393300    0.0162848100    0.0003906230    
0.3721809200    0.0159458490    0.0003869713    
0.3724225000    0.0165468700    0.0003941966    
0.3726640900    0.0159202370    0.0003868057    
0.3729056800    0.0165405060    0.0003942688    
0.3731472700    0.0162632580    0.0003902183    
0.3733888600    0.0160799890    0.0003897678    
0.3736304500    0.0155434830    0.0003839360    
0.3738720400    0.0162270620    0.0003933328    
0.3741136200    0.0162217050    0.0003914816    
0.3743552100    0.0166877560    0.0003963178    
0.3745968000    0.0162669940    0.0003899713    
0.3748383900    0.0155866820    0.0003824449    
0.3750799800    0.0165750430    0.0003945321    
0.3753215700    0.0160503940    0.0003888221    
0.3755631500    0.0164751780    0.0003930468    
0.3758047400    0.0157183030    0.0003846338    
0.3760463300    0.0163510700    0.0003928912    
0.3762879200    0.0159365930    0.0003884664    
0.3765295100    0.0161058600    0.0003920105    
0.3767711000    0.0164030820    0.0003923329    
0.3770126900    0.0159662340    0.0003867833    
0.3772542700    0.0161938710    0.0003896768    
0.3774958600    0.0169214140    0.0003977382    
0.3777374500    0.0161309490    0.0003890648    
0.3779790400    0.0170839820    0.0004014485    
0.3782206300    0.0159844590    0.0003880226    
0.3784622200    0.0156805210    0.0003835944    
0.3787038100    0.0160921430    0.0003900624    
0.3789453900    0.0161599110    0.0003914751    
0.3791869800    0.0159115960    0.0003888983    
0.3794285700    0.0160130840    0.0003873503    
0.3796701600    0.0158054930    0.0003858443    
0.3799117500    0.0161949580    0.0003892524    
0.3801533400    0.0153910470    0.0003807519    
0.3803949300    0.0161664520    0.0003878956    
0.3806365100    0.0153405750    0.0003792713    
0.3808781000    0.0156663990    0.0003831343    
0.3811196900    0.0158090210    0.0003872016    
0.3813612800    0.0158920430    0.0003864630    
0.3816028700    0.0158513700    0.0003874263    
0.3818444600    0.0167129070    0.0003969151    
0.3820860500    0.0160294650    0.0003863924    
0.3823276300    0.0160108370    0.0003861678    
0.3825692200    0.0164189030    0.0003900428    
0.3828108100    0.0153172230    0.0003761731    
0.3830524000    0.0160294650    0.0003863924    
0.3832939900    0.0167526350    0.0003944254    
0.3835355800    0.0164554700    0.0003909115    
0.3837771600    0.0160866510    0.0003856479    
0.3840187500    0.0157548780    0.0003833542    
0.3842603400    0.0160104610    0.0003871736    
0.3845019300    0.0159127500    0.0003815887    
0.3847435200    0.0162283220    0.0003860605    
0.3849851100    0.0158345720    0.0003824731    
0.3852267000    0.0162254790    0.0003968071    
0.3854682800    0.0159184030    0.0004007246    
0.3857098700    0.0162861550    0.0004099823    
0.3859514600    0.0165588110    0.0004179067    
0.3861930500    0.0159241180    0.0004122598    
0.3864346400    0.0157884930    0.0004147692    
0.3866762300    0.0164315570    0.0004261115    
0.3869178200    0.0166969580    0.0004318339    
0.3871594000    0.0158131740    0.0004252144    
0.3874009900    0.0159808580    0.0004286400    
0.3876425800    0.0159276620    0.0004311076    
0.3878841700    0.0159683760    0.0004334818    
0.3881257600    0.0167259960    0.0004463838    
0.3883673500    0.0165816570    0.0004476627    
0.3886089400    0.0161647880    0.0004445844    
0.3888505200    0.0157037950    0.0004401396    
0.3890921100    0.0162501610    0.0004501792    
0.3893337000    0.0161683020    0.0004540512    
0.3895752900    0.0163101870    0.0004576749    
0.3898168800    0.0165404080    0.0004422190    
0.3900584700    0.0161542970    0.0004289927    
0.3903000600    0.0167877720    0.0004359357    
0.3905416400    0.0160382920    0.0004219142    
0.3907832300    0.0161442530    0.0004223698    
0.3910248200    0.0160199880    0.0004192622    
0.3912664100    0.0166855950    0.0004260190    
0.3915080000    0.0159672510    0.0004147688    
0.3917495900    0.0158994900    0.0004156818    
0.3919911700    0.0152133540    0.0004073220    
0.3922327600    0.0159336490    0.0004097692    
0.3924743500    0.0159810530    0.0004119430    
0.3927159400    0.0159116440    0.0004087980    
0.3929575300    0.0166393090    0.0004208776    
0.3931991200    0.0161685710    0.0004129529    
0.3934407100    0.0158934800    0.0004087362    
0.3936822900    0.0159904680    0.0004113665    
0.3939238800    0.0164449320    0.0004177017    
0.3941654700    0.0162115200    0.0004147268    
0.3944070600    0.0149913310    0.0003996622    
0.3946486500    0.0163213580    0.0004180843    
0.3948902400    0.0158338700    0.0004088288    
0.3951318300    0.0157334250    0.0004071865    
0.3953734100    0.0169814580    0.0004237427    
0.3956150000    0.0158883540    0.0004109210    
0.3958565900    0.0157627250    0.0004080815    
0.3960981800    0.0157557120    0.0004095502    
0.3963397700    0.0154941670    0.0004071777    
0.3965813600    0.0161254900    0.0004153902    
0.3968229500    0.0158702840    0.0004135074    
0.3970645300    0.0166566830    0.0004247275    
0.3973061200    0.0161884350    0.0004167353    
0.3975477100    0.0159745260    0.0004127357    
0.3977893000    0.0164956550    0.0004210323    
0.3980308900    0.0161209700    0.0004156878    
0.3982724800    0.0158401280    0.0004125817    
0.3985140700    0.0157031700    0.0004109707    
0.3987556500    0.0156278530    0.0004106908    
0.3989972400    0.0162764560    0.0004185853    
0.3992388300    0.0162243380    0.0004204551    
0.3994804200    0.0159380520    0.0004165477    
0.3997220100    0.0167370700    0.0004292968    
0.3999636000    0.0163692190    0.0004201381    
0.4002051800    0.0164823840    0.0004236011    
0.4004467700    0.0156009310    0.0004099834    
0.4006883600    0.0153491740    0.0004094933    
0.4009299500    0.0160186450    0.0004185111    
0.4011715400    0.0150631310    0.0004063702    
0.4014131300    0.0156606570    0.0004147155    
0.4016547200    0.0160143260    0.0004221611    
0.4018963000    0.0155559040    0.0004144191    
0.4021378900    0.0156640190    0.0004193881    
0.4023794800    0.0159533580    0.0004196799    
0.4026210700    0.0167041730    0.0004300118    
0.4028626600    0.0158972340    0.0004182035    
0.4031042500    0.0154696070    0.0004141829    
0.4033458400    0.0159131800    0.0004200791    
0.4035874200    0.0148731490    0.0004092150    
0.4038290100    0.0167751370    0.0004328437    
0.4040706000    0.0164317550    0.0004291578    
0.4043121900    0.0159520530    0.0004243708    
0.4045537800    0.0162999780    0.0004301400    
0.4047953700    0.0163682090    0.0004336045    
0.4050369600    0.0157875340    0.0004210383    
0.4052785400    0.0157773210    0.0004224216    
0.4055201300    0.0153901790    0.0004170183    
0.4057617200    0.0152096420    0.0004172117    
0.4060033100    0.0159099650    0.0004240020    
0.4062449000    0.0162878040    0.0004325381    
0.4064864900    0.0161824180    0.0004303469    
0.4067280800    0.0152756720    0.0004196550    
0.4069696600    0.0165659660    0.0004388432    
0.4072112500    0.0162215630    0.0004358809    
0.4074528400    0.0154270760    0.0004260713    
0.4076944300    0.0163719270    0.0004364684    
0.4079360200    0.0164972250    0.0004367158    
0.4081776100    0.0158545300    0.0004299163    
0.4084191900    0.0157500350    0.0004292981    
0.4086607800    0.0162369950    0.0004342622    
0.4089023700    0.0158278900    0.0004323850    
0.4091439600    0.0165717350    0.0004430565    
0.4093855500    0.0168767060    0.0004481770    
0.4096271400    0.0160638780    0.0004385046    
0.4098687300    0.0159751890    0.0004439265    
0.4101103100    0.0157918650    0.0004310793    
0.4103519000    0.0161631360    0.0004400679    
0.4105934900    0.0155046530    0.0004301872    
0.4108350800    0.0162119290    0.0004422166    
0.4110766700    0.0156901760    0.0004348328    
0.4113182600    0.0154841420    0.0004336427    
0.4115598500    0.0157490520    0.0004388302    
0.4118014300    0.0159101540    0.0004428037    
0.4120430200    0.0157001420    0.0004381482    
0.4122846100    0.0159066590    0.0004449524    
0.4125262000    0.0154041860    0.0004422913    
0.4127677900    0.0161229430    0.0004444433    
0.4130093800    0.0160809230    0.0004458331    
0.4132509700    0.0160791460    0.0004464707    
0.4134925500    0.0166112270    0.0004572090    
0.4137341400    0.0154858420    0.0004401234    
0.4139757300    0.0165262610    0.0004576525    
0.4142173200    0.0160970270    0.0004493993    
0.4144589100    0.0147749300    0.0004349332    
0.4147005000    0.0157092650    0.0004475592    
0.4149420800    0.0153086450    0.0004454632    
0.4151836700    0.0158606940    0.0004513243    
0.4154252600    0.0159432800    0.0004495079    
0.4156668500    0.0163287970    0.0004514923    
0.4159084400    0.0162414110    0.0004502825    
0.4161500300    0.0164425630    0.0004517120    
0.4163916200    0.0158908470    0.0004445101    
0.4166332000    0.0164323500    0.0004495691    
0.4168747900    0.0160791950    0.0004434058    
0.4171163800    0.0163211880    0.0004509373    
0.4173579700    0.0168831370    0.0004554700    
0.4175995600    0.0158418920    0.0004480764    
0.4178411500    0.0161264870    0.0004447100    
0.4180827400    0.0157933870    0.0004416111    
0.4183243200    0.0156638960    0.0004411053    
0.4185659100    0.0157702820    0.0004439252    
0.4188075000    0.0166658600    0.0004561284    
0.4190490900    0.0160031070    0.0004501225    
0.4192906800    0.0159328720    0.0004486798    
0.4195322700    0.0161047040    0.0004547828    
0.4197738600    0.0154497280    0.0004454388    
0.4200154400    0.0165387760    0.0004651894    
0.4202570300    0.0153176500    0.0004483908    
0.4204986200    0.0156942180    0.0004508046    
0.4207402100    0.0163939540    0.0004638766    
0.4209818000    0.0149688570    0.0004414075    
0.4212233900    0.0164983930    0.0004660861    
0.4214649800    0.0157252950    0.0004562371    
0.4217065600    0.0158355550    0.0004590498    
0.4219481500    0.0160042460    0.0004629683    
0.4221897400    0.0155211260    0.0004578922    
0.4224313300    0.0155948000    0.0004624870    
0.4226729200    0.0155532900    0.0004628873    
0.4229145100    0.0163320320    0.0004756454    
0.4231560900    0.0160964340    0.0004703826    
0.4233976800    0.0157911000    0.0004666697    
0.4236392700    0.0157749330    0.0004682412    
0.4238808600    0.0156289510    0.0004676310    
0.4241224500    0.0157865280    0.0004702455    
0.4243640400    0.0155683510    0.0004706889    
0.4246056300    0.0157110000    0.0004739199    
0.4248472100    0.0156431690    0.0004753467    
0.4250888000    0.0147486980    0.0004631639    
0.4253303900    0.0152534850    0.0004783091    
0.4255719800    0.0156869730    0.0004782258    
0.4258135700    0.0154786730    0.0004758728    
0.4260551600    0.0157699690    0.0004845994    
0.4262967500    0.0155510290    0.0004792311    
0.4265383300    0.0159366380    0.0004894900    
0.4267799200    0.0158940160    0.0004912022    
0.4270215100    0.0153035890    0.0004808267    
0.4272631000    0.0161179430    0.0004985991    
0.4275046900    0.0167250180    0.0005101083    
0.4277462800    0.0162439010    0.0005081184    
0.4279878700    0.0150040700    0.0004914746    
0.4282294500    0.0160017690    0.0005017733    
0.4284710400    0.0157388670    0.0004992065    
0.4287126300    0.0159843020    0.0005059743    
0.4289542200    0.0161726130    0.0005109123    
0.4291958100    0.0157336720    0.0005062226    
0.4294374000    0.0149142880    0.0004974194    
0.4296789900    0.0165135380    0.0005216825    
0.4299205700    0.0152529400    0.0005067450    
0.4301621600    0.0158421350    0.0005217329    
0.4304037500    0.0158525110    0.0005240679    
0.4306453400    0.0150246830    0.0005159497    
0.4308869300    0.0164080390    0.0005320671    
0.4311285200    0.0162474090    0.0005327735    
0.4313701000    0.0155739350    0.0005252958    
0.4316116900    0.0164031630    0.0005425684    
0.4318532800    0.0157938860    0.0005339308    
0.4320948700    0.0160565630    0.0005418828    
0.4323364600    0.0155801040    0.0005385272    
0.4325780500    0.0156736240    0.0005433852    
0.4328196400    0.0158610280    0.0005512088    
0.4330612200    0.0150381750    0.0005451334    
0.4333028100    0.0157736220    0.0005569860    
0.4335444000    0.0161832050    0.0005624053    
0.4337859900    0.0162238390    0.0005662159    
0.4340275800    0.0161830800    0.0005700247    
0.4342691700    0.0156205930    0.0005655034    
0.4345107600    0.0171008430    0.0005960979    
0.4347523400    0.0154260690    0.0005689991    
0.4349939300    0.0156252740    0.0005775268    
0.4352355200    0.0163559150    0.0005996369    
0.4354771100    0.0157086720    0.0005928856    
0.4357187000    0.0168961580    0.0006279408    
0.4359602900    0.0171995420    0.0006243038    
0.4362018800    0.0165861980    0.0006181311    
0.4364434600    0.0158522200    0.0006088008    
0.4366850500    0.0146175140    0.0005918458    
0.4369266400    0.0148325190    0.0006055351    
0.4371682300    0.0170936410    0.0006526382    
0.4374098200    0.0156937390    0.0006349007    
0.4376514100    0.0159848760    0.0006488061    
0.4378930000    0.0148643030    0.0006343930    
0.4381345800    0.0149207600    0.0006468970    
0.4383761700    0.0158910790    0.0006806990    
0.4386177600    0.0157204660    0.0006655004    
0.4388593500    0.0170943350    0.0007043598    
0.4391009400    0.0151784920    0.0006747663    
0.4393425300    0.0156513520    0.0006944165    
0.4395841100    0.0159727210    0.0007157548    
0.4398257000    0.0154341930    0.0007204064    
0.4400672900    0.0163980350    0.0007579995    
0.4403088800    0.0164803810    0.0007821243    
0.4405504700    0.0163209500    0.0008050531    
0.4407920600    0.0164204310    0.0008401423    
0.4410336500    0.0161931550    0.0008582355    
0.4412752300    0.0182820300    0.0009152463    
0.4415168200    0.0173198180    0.0009365485    
0.4417584100    0.0156826220    0.0012099405    
0.4420000000    0.0163907860    0.0018801521    