# Diamond Light Source Ltd.
# Data extracted from: /dls/b21/data/2017/mx13440-2/processed/b21-369037_00153.dat
q(1/A)          Column          Error           
0.0040000000    0.8214067700    0.0211033770    
0.0042415885    0.8762714900    0.0205007340    
0.0044831771    0.6746379200    0.0167460150    
0.0047247656    0.5486888800    0.0146226080    
0.0049663541    0.4170589700    0.0120194400    
0.0052079426    0.3436640900    0.0112270160    
0.0054495312    0.2896204400    0.0095021383    
0.0056911197    0.2627055800    0.0085322807    
0.0059327082    0.2147645900    0.0077145717    
0.0061742967    0.1781457400    0.0067332761    
0.0064158853    0.1533834800    0.0061850189    
0.0066574738    0.1304917500    0.0053905647    
0.0068990623    0.1140456600    0.0050850448    
0.0071406509    0.0947297780    0.0045524226    
0.0073822394    0.0897445670    0.0042832745    
0.0076238279    0.0802769240    0.0039549602    
0.0078654164    0.0691895070    0.0037304482    
0.0081070050    0.0721102970    0.0036100302    
0.0083485935    0.0630250740    0.0032589490    
0.0085901820    0.0645717300    0.0033212114    
0.0088317705    0.0539295740    0.0029553224    
0.0090733591    0.0564356570    0.0030037669    
0.0093149476    0.0492869880    0.0027049749    
0.0095565361    0.0460209830    0.0026138162    
0.0097981247    0.0460209830    0.0026138162    
0.0100397130    0.0418444550    0.0024078778    
0.0102813020    0.0369755980    0.0023155018    
0.0105228900    0.0356291480    0.0021292488    
0.0107644790    0.0384497890    0.0022348486    
0.0110060670    0.0361759320    0.0021134205    
0.0112476560    0.0364325500    0.0021104810    
0.0114892440    0.0343227460    0.0020189850    
0.0117308330    0.0297637830    0.0018712330    
0.0119724210    0.0292878130    0.0018304883    
0.0122140100    0.0330291830    0.0019263011    
0.0124555980    0.0298016690    0.0017746635    
0.0126971870    0.0262885330    0.0017185352    
0.0129387760    0.0293653140    0.0017184750    
0.0131803640    0.0271226890    0.0016788523    
0.0134219530    0.0247470670    0.0015466917    
0.0136635410    0.0272785660    0.0016302061    
0.0139051300    0.0259146380    0.0015889284    
0.0141467180    0.0262432600    0.0015627634    
0.0143883070    0.0247596760    0.0014957867    
0.0146298950    0.0225005810    0.0014259164    
0.0148714840    0.0248487110    0.0015094517    
0.0151130720    0.0247609760    0.0014904356    
0.0153546610    0.0257717500    0.0014637371    
0.0155962490    0.0268066920    0.0015079943    
0.0158378380    0.0247784530    0.0014164899    
0.0160794260    0.0231589460    0.0013694172    
0.0163210150    0.0224618540    0.0013190055    
0.0165626030    0.0205154930    0.0012847300    
0.0168041920    0.0206841070    0.0012427875    
0.0170457800    0.0213882850    0.0012714016    
0.0172873690    0.0213561540    0.0012628159    
0.0175289580    0.0234646400    0.0013158317    
0.0177705460    0.0248691450    0.0013312148    
0.0180121350    0.0253583990    0.0013291413    
0.0182537230    0.0212606720    0.0012036485    
0.0184953120    0.0215517620    0.0012085628    
0.0187369000    0.0226361270    0.0012385938    
0.0189784890    0.0220478310    0.0011904710    
0.0192200770    0.0206288980    0.0011697575    
0.0194616660    0.0187053030    0.0010853917    
0.0197032540    0.0215510670    0.0011739614    
0.0199448430    0.0198244230    0.0011259516    
0.0201864310    0.0209726120    0.0011492921    
0.0204280200    0.0226400750    0.0011706904    
0.0206696080    0.0186464810    0.0010472907    
0.0209111970    0.0194731720    0.0010937223    
0.0211527850    0.0192248940    0.0010535177    
0.0213943740    0.0194883150    0.0010631748    
0.0216359620    0.0183833020    0.0010374298    
0.0218775510    0.0192563120    0.0010568274    
0.0221191400    0.0190687840    0.0010326325    
0.0223607280    0.0196433270    0.0010410942    
0.0226023170    0.0210178520    0.0011092798    
0.0228439050    0.0192137440    0.0010140626    
0.0230854940    0.0206237950    0.0010483664    
0.0233270820    0.0198992580    0.0010275933    
0.0235686710    0.0178990400    0.0009808613    
0.0238102590    0.0200966060    0.0010176312    
0.0240518480    0.0195960310    0.0009987062    
0.0242934360    0.0181813450    0.0009760257    
0.0245350250    0.0190630540    0.0009870475    
0.0247766130    0.0178217860    0.0009485580    
0.0250182020    0.0184476540    0.0009749888    
0.0252597900    0.0197363040    0.0009843574    
0.0255013790    0.0176902860    0.0009246861    
0.0257429670    0.0191662630    0.0009643594    
0.0259845560    0.0178755360    0.0009206370    
0.0262261450    0.0193767750    0.0009640306    
0.0264677330    0.0182833790    0.0009258149    
0.0267093220    0.0205065540    0.0009731980    
0.0269509100    0.0199429820    0.0009651085    
0.0271924990    0.0196946360    0.0009519762    
0.0274340870    0.0201012210    0.0009671204    
0.0276756760    0.0186827930    0.0009171023    
0.0279172640    0.0187950160    0.0009181966    
0.0281588530    0.0196897920    0.0009281857    
0.0284004410    0.0191061310    0.0009224527    
0.0286420300    0.0197551990    0.0009200914    
0.0288836180    0.0197773020    0.0009302461    
0.0291252070    0.0188522580    0.0008896931    
0.0293667950    0.0189203060    0.0009019902    
0.0296083840    0.0193980920    0.0009024809    
0.0298499720    0.0199523230    0.0009183801    
0.0300915610    0.0194820660    0.0009044322    
0.0303331490    0.0179620460    0.0008612142    
0.0305747380    0.0177800940    0.0008457128    
0.0308163270    0.0184237170    0.0008608838    
0.0310579150    0.0190911880    0.0008806108    
0.0312995040    0.0183455850    0.0008562986    
0.0315410920    0.0178937500    0.0008416512    
0.0317826810    0.0185676190    0.0008546439    
0.0320242690    0.0182227100    0.0008387682    
0.0322658580    0.0186655890    0.0008609794    
0.0325074460    0.0173431730    0.0008157542    
0.0327490350    0.0184574240    0.0008389738    
0.0329906230    0.0175105530    0.0008085622    
0.0332322120    0.0168536670    0.0007980442    
0.0334738000    0.0183190570    0.0008208966    
0.0337153890    0.0179350840    0.0008110526    
0.0339569770    0.0172890700    0.0007974854    
0.0341985660    0.0188528790    0.0008340023    
0.0344401540    0.0176092190    0.0007955034    
0.0346817430    0.0191624210    0.0008371143    
0.0349233310    0.0183065460    0.0008146306    
0.0351649200    0.0183734630    0.0008011210    
0.0354065090    0.0179457860    0.0007962155    
0.0356480970    0.0189629510    0.0008071168    
0.0358896860    0.0186526120    0.0008094544    
0.0361312740    0.0190640340    0.0008070449    
0.0363728630    0.0184504620    0.0007917851    
0.0366144510    0.0177208130    0.0007823930    
0.0368560400    0.0191075670    0.0008003279    
0.0370976280    0.0176575310    0.0007788403    
0.0373392170    0.0178964250    0.0007766387    
0.0375808050    0.0173197250    0.0007558948    
0.0378223940    0.0191341720    0.0007945032    
0.0380639820    0.0176910600    0.0007670047    
0.0383055710    0.0182896290    0.0007647278    
0.0385471590    0.0184314090    0.0007706559    
0.0387887480    0.0181532360    0.0007678001    
0.0390303360    0.0170394360    0.0007353059    
0.0392719250    0.0183571500    0.0007622392    
0.0395135140    0.0191167560    0.0007778498    
0.0397551020    0.0182940160    0.0007758391    
0.0399966910    0.0190559320    0.0007622373    
0.0402382790    0.0182875660    0.0007522500    
0.0404798680    0.0170436250    0.0007208686    
0.0407214560    0.0179434080    0.0007469938    
0.0409630450    0.0183137260    0.0007427197    
0.0412046330    0.0168911780    0.0007176374    
0.0414462220    0.0178959390    0.0007324320    
0.0416878100    0.0168661720    0.0007101940    
0.0419293990    0.0172434850    0.0007172344    
0.0421709870    0.0186016310    0.0007422859    
0.0424125760    0.0192585370    0.0007588927    
0.0426541640    0.0183862970    0.0007302132    
0.0428957530    0.0190686540    0.0007445058    
0.0431373410    0.0192853120    0.0007478523    
0.0433789300    0.0183048830    0.0007235641    
0.0436205180    0.0177372960    0.0007106298    
0.0438621070    0.0190771210    0.0007386691    
0.0441036960    0.0184205950    0.0007241883    
0.0443452840    0.0180467640    0.0007111421    
0.0445868730    0.0169320170    0.0006959016    
0.0448284610    0.0177707350    0.0007041022    
0.0450700500    0.0187649690    0.0007482083    
0.0453116380    0.0184654910    0.0007439958    
0.0455532270    0.0173567440    0.0007421208    
0.0457948150    0.0186420020    0.0007681303    
0.0460364040    0.0174964570    0.0007460514    
0.0462779920    0.0180161600    0.0007689110    
0.0465195810    0.0184427720    0.0007779614    
0.0467611690    0.0163733420    0.0007359270    
0.0470027580    0.0188210740    0.0007890205    
0.0472443460    0.0177407570    0.0007817511    
0.0474859350    0.0178481860    0.0007745453    
0.0477275230    0.0165016640    0.0007508517    
0.0479691120    0.0178830920    0.0007827217    
0.0482107000    0.0171508940    0.0007740090    
0.0484522890    0.0184116830    0.0007974985    
0.0486938780    0.0194409040    0.0008252204    
0.0489354660    0.0186348500    0.0008102108    
0.0491770550    0.0197144520    0.0008429291    
0.0494186430    0.0166269360    0.0007589123    
0.0496602320    0.0187871280    0.0007841596    
0.0499018200    0.0186098670    0.0007694233    
0.0501434090    0.0186591170    0.0007579748    
0.0503849970    0.0177239910    0.0007315474    
0.0506265860    0.0174106640    0.0007198423    
0.0508681740    0.0179830330    0.0007281117    
0.0511097630    0.0186907010    0.0007388148    
0.0513513510    0.0178185950    0.0007082256    
0.0515929400    0.0181094070    0.0007255381    
0.0518345280    0.0182971360    0.0007176727    
0.0520761170    0.0183453080    0.0007268676    
0.0523177050    0.0186781940    0.0007115825    
0.0525592940    0.0190008720    0.0007313439    
0.0528008830    0.0183715180    0.0007004075    
0.0530424710    0.0186246760    0.0007074929    
0.0532840600    0.0172827960    0.0006778870    
0.0535256480    0.0168307840    0.0006689636    
0.0537672370    0.0178295130    0.0006827273    
0.0540088250    0.0172220050    0.0006724063    
0.0542504140    0.0188773970    0.0007069641    
0.0544920020    0.0175988650    0.0006768794    
0.0547335910    0.0177302660    0.0006744911    
0.0549751790    0.0180436180    0.0006776423    
0.0552167680    0.0183610330    0.0006842753    
0.0554583560    0.0179321500    0.0006687563    
0.0556999450    0.0180483240    0.0006689154    
0.0559415330    0.0187053030    0.0006857697    
0.0561831220    0.0190503280    0.0006851927    
0.0564247100    0.0180805680    0.0006655549    
0.0566662990    0.0185716070    0.0006718971    
0.0569078870    0.0184945740    0.0006771344    
0.0571494760    0.0176965050    0.0006558761    
0.0573910650    0.0186935160    0.0006638262    
0.0576326530    0.0194831940    0.0006828856    
0.0578742420    0.0179065420    0.0006534190    
0.0581158300    0.0187170010    0.0006617459    
0.0583574190    0.0183906340    0.0006547239    
0.0585990070    0.0195421500    0.0006787269    
0.0588405960    0.0177541860    0.0006457135    
0.0590821840    0.0180253190    0.0006445841    
0.0593237730    0.0190529850    0.0006645492    
0.0595653610    0.0185885400    0.0006588534    
0.0598069500    0.0173420730    0.0006225441    
0.0600485380    0.0176435280    0.0006313351    
0.0602901270    0.0185355630    0.0006476850    
0.0605317150    0.0189627660    0.0006515684    
0.0607733040    0.0185721690    0.0006419481    
0.0610148920    0.0187053030    0.0006477117    
0.0612564810    0.0179384190    0.0006314622    
0.0614980690    0.0181166740    0.0006284605    
0.0617396580    0.0181239680    0.0006427909    
0.0619812470    0.0181364070    0.0006424245    
0.0622228350    0.0177054400    0.0006307302    
0.0624644240    0.0186499290    0.0006427190    
0.0627060120    0.0178949650    0.0006346690    
0.0629476010    0.0184203350    0.0006480251    
0.0631891890    0.0185927560    0.0006469247    
0.0634307780    0.0174895140    0.0006246255    
0.0636723660    0.0185048890    0.0006419275    
0.0639139550    0.0181505780    0.0006346201    
0.0641555430    0.0185097770    0.0006341345    
0.0643971320    0.0174981520    0.0006225563    
0.0646387200    0.0193458950    0.0006427243    
0.0648803090    0.0184011510    0.0006322710    
0.0651218970    0.0170029220    0.0005959521    
0.0653634860    0.0185992640    0.0006280525    
0.0656050740    0.0184415510    0.0006237948    
0.0658466630    0.0173162430    0.0006014180    
0.0660882520    0.0183311970    0.0006172435    
0.0663298400    0.0192891920    0.0006342247    
0.0665714290    0.0175284790    0.0006015758    
0.0668130170    0.0183935480    0.0006182923    
0.0670546060    0.0188388390    0.0006221133    
0.0672961940    0.0183385320    0.0006112844    
0.0675377830    0.0183444290    0.0006064481    
0.0677793710    0.0184818950    0.0006126689    
0.0680209600    0.0180411500    0.0005980583    
0.0682625480    0.0192215850    0.0006178051    
0.0685041370    0.0184487950    0.0006033401    
0.0687457250    0.0187154410    0.0006160262    
0.0689873140    0.0180168850    0.0005952946    
0.0692289020    0.0181152300    0.0005969171    
0.0694704910    0.0176153870    0.0005881607    
0.0697120790    0.0180125140    0.0005928891    
0.0699536680    0.0172179410    0.0005824055    
0.0701952560    0.0178988700    0.0005933418    
0.0704368450    0.0184083930    0.0006036350    
0.0706784340    0.0187053030    0.0006143627    
0.0709200220    0.0174463870    0.0005881176    
0.0711616110    0.0181114840    0.0005987472    
0.0714031990    0.0186047370    0.0006117200    
0.0716447880    0.0181975580    0.0006079377    
0.0718863760    0.0191104360    0.0006145502    
0.0721279650    0.0195877200    0.0006163440    
0.0723695530    0.0182256800    0.0005913191    
0.0726111420    0.0189772390    0.0006071356    
0.0728527300    0.0179035120    0.0005811726    
0.0730943190    0.0184375380    0.0005938331    
0.0733359070    0.0177605900    0.0005792866    
0.0735774960    0.0186196300    0.0005953901    
0.0738190840    0.0192365440    0.0005988075    
0.0740606730    0.0184431660    0.0005876481    
0.0743022610    0.0192584920    0.0006009482    
0.0745438500    0.0183243200    0.0005835652    
0.0747854380    0.0178041710    0.0005693146    
0.0750270270    0.0178912240    0.0005753430    
0.0752686160    0.0182270680    0.0005735300    
0.0755102040    0.0184066690    0.0005771846    
0.0757517930    0.0181219010    0.0005747918    
0.0759933810    0.0185639970    0.0005726248    
0.0762349700    0.0180890430    0.0005725986    
0.0764765580    0.0188920890    0.0005797193    
0.0767181470    0.0191044200    0.0005821381    
0.0769597350    0.0173954080    0.0005511946    
0.0772013240    0.0175661140    0.0005527325    
0.0774429120    0.0177235330    0.0005525131    
0.0776845010    0.0194056840    0.0005757577    
0.0779260890    0.0183853320    0.0005639036    
0.0781676780    0.0183214730    0.0005590598    
0.0784092660    0.0175062450    0.0005476052    
0.0786508550    0.0177784630    0.0005473536    
0.0788924430    0.0172281160    0.0005439855    
0.0791340320    0.0172651300    0.0005408574    
0.0793756210    0.0180579420    0.0005546453    
0.0796172090    0.0181627570    0.0005506394    
0.0798587980    0.0180333070    0.0005538886    
0.0801003860    0.0179068020    0.0005515663    
0.0803419750    0.0172931140    0.0005344411    
0.0805835630    0.0183948060    0.0005556355    
0.0808251520    0.0182449930    0.0005526249    
0.0810667400    0.0176758830    0.0005439377    
0.0813083290    0.0177328560    0.0005383489    
0.0815499170    0.0189998080    0.0005654605    
0.0817915060    0.0180826230    0.0005479583    
0.0820330940    0.0183232300    0.0005458082    
0.0822746830    0.0187625050    0.0005537578    
0.0825162710    0.0189158390    0.0005534829    
0.0827578600    0.0183385320    0.0005467494    
0.0829994480    0.0183796480    0.0005403442    
0.0832410370    0.0173477250    0.0005310805    
0.0834826250    0.0184114190    0.0005408110    
0.0837242140    0.0192750070    0.0005522947    
0.0839658030    0.0187371140    0.0005459213    
0.0842073910    0.0181284180    0.0005352765    
0.0844489800    0.0187131060    0.0005404261    
0.0846905680    0.0176981530    0.0005216633    
0.0849321570    0.0183200320    0.0005367391    
0.0851737450    0.0179613850    0.0005248816    
0.0854153340    0.0177191780    0.0005245668    
0.0856569220    0.0183529510    0.0005302461    
0.0858985110    0.0186974790    0.0005408777    
0.0861400990    0.0181231560    0.0005269161    
0.0863816880    0.0182886000    0.0005312773    
0.0866232760    0.0195131210    0.0005532438    
0.0868648650    0.0180634540    0.0005254024    
0.0871064530    0.0180364320    0.0005266252    
0.0873480420    0.0185085640    0.0005292483    
0.0875896300    0.0186444720    0.0005324819    
0.0878312190    0.0174309750    0.0005142350    
0.0880728080    0.0177477960    0.0005173163    
0.0883143960    0.0187354240    0.0005311942    
0.0885559850    0.0187508140    0.0005333483    
0.0887975730    0.0179540860    0.0005193730    
0.0890391620    0.0183367620    0.0005251953    
0.0892807500    0.0186829010    0.0005282210    
0.0895223390    0.0176574490    0.0005122946    
0.0897639270    0.0179277490    0.0005128498    
0.0900055160    0.0186610820    0.0005244692    
0.0902471040    0.0182519760    0.0005208476    
0.0904886930    0.0180190030    0.0005129478    
0.0907302810    0.0190281790    0.0005225471    
0.0909718700    0.0177317650    0.0005133715    
0.0912134580    0.0192015220    0.0005255270    
0.0914550470    0.0189488040    0.0005288095    
0.0916966350    0.0191727550    0.0005251332    
0.0919382240    0.0182201090    0.0005137013    
0.0921798120    0.0180331700    0.0005078255    
0.0924214010    0.0185193940    0.0005146262    
0.0926629900    0.0189456580    0.0005175559    
0.0929045780    0.0184743730    0.0005163744    
0.0931461670    0.0182397860    0.0005072482    
0.0933877550    0.0192927190    0.0005225712    
0.0936293440    0.0184056750    0.0005124564    
0.0938709320    0.0185064610    0.0005126857    
0.0941125210    0.0186354020    0.0005104153    
0.0943541090    0.0193763450    0.0005204635    
0.0945956980    0.0190770240    0.0005172984    
0.0948372860    0.0191635620    0.0005158657    
0.0950788750    0.0187122080    0.0005083413    
0.0953204630    0.0183851970    0.0005058443    
0.0955620520    0.0182544890    0.0005032013    
0.0958036400    0.0175928730    0.0004915438    
0.0960452290    0.0183756940    0.0005023607    
0.0962868170    0.0185667450    0.0005072048    
0.0965284060    0.0183756940    0.0005023607    
0.0967699940    0.0187327700    0.0005072182    
0.0970115830    0.0195595180    0.0005129511    
0.0972531720    0.0192401270    0.0005104003    
0.0974947600    0.0189012050    0.0005053365    
0.0977363490    0.0196439200    0.0005132268    
0.0979779370    0.0192930100    0.0005105472    
0.0982195260    0.0193950860    0.0005121735    
0.0984611140    0.0194337340    0.0005096524    
0.0987027030    0.0205202460    0.0005242678    
0.0989442910    0.0195902850    0.0005125257    
0.0991858800    0.0200109430    0.0005163362    
0.0994274680    0.0194846900    0.0005073381    
0.0996690570    0.0210312490    0.0005234959    
0.0999106450    0.0199761510    0.0005142416    
0.1001522300    0.0207836700    0.0005204055    
0.1003938200    0.0192434900    0.0005025935    
0.1006354100    0.0204495690    0.0005159363    
0.1008770000    0.0207967410    0.0005213870    
0.1011185900    0.0201039520    0.0005126291    
0.1013601800    0.0215739730    0.0005315980    
0.1016017700    0.0206242920    0.0005162530    
0.1018433500    0.0218735180    0.0005436197    
0.1020849400    0.0213298770    0.0005442429    
0.1023265300    0.0214984020    0.0005506983    
0.1025681200    0.0208069440    0.0005390327    
0.1028097100    0.0210857160    0.0005507080    
0.1030513000    0.0230575620    0.0005778856    
0.1032928800    0.0217822700    0.0005669698    
0.1035344700    0.0214205890    0.0005547440    
0.1037760600    0.0226960640    0.0005808059    
0.1040176500    0.0221376060    0.0005760238    
0.1042592400    0.0226936560    0.0005849735    
0.1045008300    0.0219457670    0.0005718069    
0.1047424200    0.0219669730    0.0005772792    
0.1049840000    0.0215700790    0.0005748445    
0.1052255900    0.0200848860    0.0005564129    
0.1054671800    0.0197482930    0.0005483522    
0.1057087700    0.0196930410    0.0005512993    
0.1059503600    0.0188918890    0.0005419850    
0.1061919500    0.0189770690    0.0005428671    
0.1064335400    0.0187791780    0.0005267491    
0.1066751200    0.0191209760    0.0005235186    
0.1069167100    0.0194392630    0.0005263476    
0.1071583000    0.0191496750    0.0005156788    
0.1073998900    0.0183604410    0.0005032619    
0.1076414800    0.0190062110    0.0005157576    
0.1078830700    0.0188616900    0.0005064568    
0.1081246600    0.0188016510    0.0005087104    
0.1083662400    0.0188059770    0.0005024315    
0.1086078300    0.0197547750    0.0005205840    
0.1088494200    0.0185115000    0.0004974125    
0.1090910100    0.0190243700    0.0005029102    
0.1093326000    0.0188631530    0.0004981266    
0.1095741900    0.0183945390    0.0004932026    
0.1098157700    0.0180701260    0.0004839826    
0.1100573600    0.0186921480    0.0004958636    
0.1102989500    0.0180527170    0.0004829969    
0.1105405400    0.0177371190    0.0004785086    
0.1107821300    0.0189072760    0.0004963582    
0.1110237200    0.0191141620    0.0004941849    
0.1112653100    0.0190314060    0.0004982453    
0.1115068900    0.0189080700    0.0004895114    
0.1117484800    0.0185979100    0.0004847415    
0.1119900700    0.0193507450    0.0004924635    
0.1122316600    0.0183140310    0.0004807843    
0.1124732500    0.0189487150    0.0004863444    
0.1127148400    0.0185371230    0.0004805525    
0.1129564300    0.0186927570    0.0004842618    
0.1131980100    0.0191772820    0.0004880490    
0.1134396000    0.0178752040    0.0004723669    
0.1136811900    0.0184817330    0.0004791166    
0.1139227800    0.0184465340    0.0004767645    
0.1141643700    0.0186749470    0.0004761910    
0.1144059600    0.0181097470    0.0004691581    
0.1146475500    0.0185394430    0.0004772567    
0.1148891300    0.0183159830    0.0004684104    
0.1151307200    0.0186257580    0.0004774266    
0.1153723100    0.0187830170    0.0004738897    
0.1156139000    0.0189362320    0.0004797443    
0.1158554900    0.0179675620    0.0004623817    
0.1160970800    0.0187720860    0.0004774279    
0.1163386700    0.0183827970    0.0004685892    
0.1165802500    0.0177754020    0.0004603420    
0.1168218400    0.0184347230    0.0004656956    
0.1170634300    0.0176680840    0.0004563401    
0.1173050200    0.0181126120    0.0004633609    
0.1175466100    0.0197778810    0.0004828184    
0.1177882000    0.0188977800    0.0004695191    
0.1180297800    0.0179463480    0.0004577614    
0.1182713700    0.0186994150    0.0004692484    
0.1185129600    0.0183268890    0.0004619409    
0.1187545500    0.0185371000    0.0004637174    
0.1189961400    0.0180292070    0.0004564722    
0.1192377300    0.0190081990    0.0004661169    
0.1194793200    0.0176908160    0.0004490576    
0.1197209000    0.0195210570    0.0004719308    
0.1199624900    0.0188473970    0.0004628701    
0.1202040800    0.0189013750    0.0004601886    
0.1204456700    0.0175935290    0.0004490542    
0.1206872600    0.0181109500    0.0004506662    
0.1209288500    0.0179202260    0.0004515472    
0.1211704400    0.0174943300    0.0004439270    
0.1214120200    0.0190016800    0.0004609940    
0.1216536100    0.0181485970    0.0004495202    
0.1218952000    0.0187713990    0.0004547386    
0.1221367900    0.0181354280    0.0004501617    
0.1223783800    0.0178949050    0.0004441914    
0.1226199700    0.0186220200    0.0004547370    
0.1228615600    0.0192207380    0.0004615784    
0.1231031400    0.0186001860    0.0004536631    
0.1233447300    0.0187384680    0.0004551444    
0.1235863200    0.0185045300    0.0004543127    
0.1238279100    0.0187871280    0.0004527347    
0.1240695000    0.0193727680    0.0004585351    
0.1243110900    0.0186944590    0.0004502402    
0.1245526800    0.0187489050    0.0004520762    
0.1247942600    0.0182331090    0.0004423480    
0.1250358500    0.0182723100    0.0004447411    
0.1252774400    0.0185382430    0.0004469967    
0.1255190300    0.0178850360    0.0004379170    
0.1257606200    0.0178624290    0.0004393434    
0.1260022100    0.0180041230    0.0004407008    
0.1262437900    0.0181375010    0.0004408075    
0.1264853800    0.0186892740    0.0004468868    
0.1267269700    0.0188798220    0.0004468675    
0.1269685600    0.0183030380    0.0004401753    
0.1272101500    0.0181654210    0.0004385174    
0.1274517400    0.0180721340    0.0004403910    
0.1276933300    0.0185646610    0.0004397777    
0.1279349100    0.0173665430    0.0004304138    
0.1281765000    0.0190452060    0.0004497752    
0.1284180900    0.0176284740    0.0004303470    
0.1286596800    0.0185150790    0.0004423423    
0.1289012700    0.0187577870    0.0004437305    
0.1291428600    0.0185629970    0.0004423524    
0.1293844500    0.0185704340    0.0004389303    
0.1296260300    0.0186058340    0.0004413727    
0.1298676200    0.0180090240    0.0004342361    
0.1301092100    0.0193739040    0.0004481388    
0.1303508000    0.0183185100    0.0004346790    
0.1305923900    0.0185948070    0.0004423575    
0.1308339800    0.0195840750    0.0004526371    
0.1310755700    0.0177404700    0.0004290097    
0.1313171500    0.0183591950    0.0004355218    
0.1315587400    0.0187980560    0.0004401498    
0.1318003300    0.0181299940    0.0004335136    
0.1320419200    0.0190672750    0.0004409281    
0.1322835100    0.0188029670    0.0004396626    
0.1325251000    0.0183868710    0.0004345916    
0.1327666900    0.0187206470    0.0004376181    
0.1330082700    0.0187615670    0.0004380962    
0.1332498600    0.0189772860    0.0004413322    
0.1334914500    0.0191769520    0.0004458551    
0.1337330400    0.0182963610    0.0004298190    
0.1339746300    0.0187611090    0.0004363049    
0.1342162200    0.0177117420    0.0004237550    
0.1344578000    0.0182154750    0.0004311431    
0.1346993900    0.0183474270    0.0004300703    
0.1349409800    0.0181699910    0.0004304284    
0.1351825700    0.0187002780    0.0004334858    
0.1354241600    0.0177224050    0.0004226815    
0.1356657500    0.0180787610    0.0004274285    
0.1359073400    0.0187411070    0.0004378572    
0.1361489200    0.0174602910    0.0004186988    
0.1363905100    0.0174322190    0.0004180256    
0.1366321000    0.0182295320    0.0004273068    
0.1368736900    0.0177687850    0.0004218722    
0.1371152800    0.0185316920    0.0004287722    
0.1373568700    0.0184402980    0.0004294252    
0.1375984600    0.0186098420    0.0004324363    
0.1378400400    0.0183697590    0.0004289472    
0.1380816300    0.0181601030    0.0004242829    
0.1383232200    0.0173481040    0.0004168483    
0.1385648100    0.0187554240    0.0004336007    
0.1388064000    0.0179543240    0.0004212031    
0.1390479900    0.0180538740    0.0004205404    
0.1392895800    0.0181257580    0.0004255764    
0.1395311600    0.0174288250    0.0004136842    
0.1397727500    0.0181947120    0.0004226759    
0.1400143400    0.0183570000    0.0004243897    
0.1402559300    0.0178145740    0.0004222459    
0.1404975200    0.0183379560    0.0004238362    
0.1407391100    0.0183079440    0.0004238222    
0.1409806900    0.0183619490    0.0004274847    
0.1412222800    0.0179929980    0.0004190087    
0.1414638700    0.0180048950    0.0004199696    
0.1417054600    0.0182761270    0.0004198359    
0.1419470500    0.0185032160    0.0004270858    
0.1421886400    0.0181639610    0.0004190320    
0.1424302300    0.0186615650    0.0004258900    
0.1426718100    0.0179149380    0.0004180988    
0.1429134000    0.0183991360    0.0004228849    
0.1431549900    0.0188761940    0.0004293372    
0.1433965800    0.0181677940    0.0004213689    
0.1436381700    0.0188162130    0.0004259941    
0.1438797600    0.0178434620    0.0004145161    
0.1441213500    0.0186135390    0.0004240217    
0.1443629300    0.0187390060    0.0004247908    
0.1446045200    0.0180157280    0.0004168343    
0.1448461100    0.0190862560    0.0004290401    
0.1450877000    0.0181098960    0.0004153602    
0.1453292900    0.0186907690    0.0004255602    
0.1455708800    0.0176078100    0.0004108192    
0.1458124700    0.0177978470    0.0004167303    
0.1460540500    0.0182423940    0.0004151363    
0.1462956400    0.0179486620    0.0004146172    
0.1465372300    0.0184958790    0.0004196030    
0.1467788200    0.0179977400    0.0004134408    
0.1470204100    0.0179532830    0.0004134024    
0.1472620000    0.0196218100    0.0004316919    
0.1475035900    0.0179430770    0.0004121851    
0.1477451700    0.0182565280    0.0004175171    
0.1479867600    0.0181204670    0.0004134335    
0.1482283500    0.0188151930    0.0004240195    
0.1484699400    0.0178714290    0.0004115176    
0.1487115300    0.0181237410    0.0004156778    
0.1489531200    0.0176350990    0.0004051103    
0.1491947000    0.0189981630    0.0004236484    
0.1494362900    0.0186257850    0.0004174255    
0.1496778800    0.0181119320    0.0004130239    
0.1499194700    0.0178132320    0.0004089866    
0.1501610600    0.0180784940    0.0004127983    
0.1504026500    0.0183741940    0.0004139760    
0.1506442400    0.0176748250    0.0004097151    
0.1508858200    0.0185686300    0.0004183567    
0.1511274100    0.0180692570    0.0004096084    
0.1513690000    0.0180506870    0.0004093979    
0.1516105900    0.0195319790    0.0004271390    
0.1518521800    0.0193898130    0.0004249455    
0.1520937700    0.0192704460    0.0004225325    
0.1523353600    0.0186496320    0.0004159798    
0.1525769400    0.0182522650    0.0004129091    
0.1528185300    0.0193483850    0.0004246499    
0.1530601200    0.0185939620    0.0004153585    
0.1533017100    0.0178427020    0.0004090169    
0.1535433000    0.0187053030    0.0004147527    
0.1537848900    0.0189028780    0.0004167837    
0.1540264800    0.0189314460    0.0004180237    
0.1542680600    0.0186361770    0.0004144444    
0.1545096500    0.0191069780    0.0004176451    
0.1547512400    0.0184149760    0.0004119774    
0.1549928300    0.0187743260    0.0004156706    
0.1552344200    0.0184573680    0.0004116914    
0.1554760100    0.0188844990    0.0004165811    
0.1557176000    0.0187284470    0.0004163934    
0.1559591800    0.0187924750    0.0004152589    
0.1562007700    0.0184014830    0.0004085186    
0.1564423600    0.0185922660    0.0004100349    
0.1566839500    0.0190281260    0.0004189348    
0.1569255400    0.0181004390    0.0004057538    
0.1571671300    0.0182319810    0.0004073741    
0.1574087100    0.0192410260    0.0004162229    
0.1576503000    0.0185303150    0.0004131129    
0.1578918900    0.0184267900    0.0004068805    
0.1581334800    0.0193051810    0.0004188868    
0.1583750700    0.0181990140    0.0004074520    
0.1586166600    0.0182131840    0.0004171809    
0.1588582500    0.0189341140    0.0004248693    
0.1590998300    0.0184906360    0.0004247635    
0.1593414200    0.0190959240    0.0004345598    
0.1595830100    0.0188203050    0.0004338273    
0.1598246000    0.0186853820    0.0004314054    
0.1600661900    0.0182991070    0.0004310747    
0.1603077800    0.0187155580    0.0004380981    
0.1605493700    0.0186744360    0.0004383380    
0.1607909500    0.0183123780    0.0004351465    
0.1610325400    0.0189618270    0.0004455751    
0.1612741300    0.0191244690    0.0004476700    
0.1615157200    0.0185256470    0.0004424686    
0.1617573100    0.0189648780    0.0004482533    
0.1619989000    0.0184899280    0.0004462211    
0.1622404900    0.0184866210    0.0004440770    
0.1624820700    0.0184223840    0.0004477312    
0.1627236600    0.0183047840    0.0004451361    
0.1629652500    0.0178037770    0.0004384316    
0.1632068400    0.0184168830    0.0004394949    
0.1634484300    0.0176330890    0.0004233296    
0.1636900200    0.0178536790    0.0004254495    
0.1639316100    0.0183450080    0.0004284860    
0.1641731900    0.0184055380    0.0004288483    
0.1644147800    0.0181250650    0.0004221987    
0.1646563700    0.0181456790    0.0004239459    
0.1648979600    0.0186176220    0.0004258865    
0.1651395500    0.0180562230    0.0004213961    
0.1653811400    0.0182241840    0.0004208695    
0.1656227200    0.0171931680    0.0004108779    
0.1658643100    0.0188599720    0.0004269848    
0.1661059000    0.0187583470    0.0004253386    
0.1663474900    0.0183486040    0.0004177697    
0.1665890800    0.0181255140    0.0004150639    
0.1668306700    0.0180285130    0.0004160180    
0.1670722600    0.0185722360    0.0004201476    
0.1673138400    0.0176938200    0.0004099352    
0.1675554300    0.0184325760    0.0004163494    
0.1677970200    0.0175095300    0.0004076395    
0.1680386100    0.0181583640    0.0004155983    
0.1682802000    0.0181743560    0.0004132671    
0.1685217900    0.0186679670    0.0004174284    
0.1687633800    0.0178904090    0.0004081846    
0.1690049600    0.0173847060    0.0004049531    
0.1692465500    0.0180063830    0.0004069304    
0.1694881400    0.0185561820    0.0004158656    
0.1697297300    0.0174267830    0.0004018119    
0.1699713200    0.0184667500    0.0004156396    
0.1702129100    0.0181727020    0.0004085043    
0.1704545000    0.0180822540    0.0004085407    
0.1706960800    0.0183888950    0.0004136777    
0.1709376700    0.0183915010    0.0004090031    
0.1711792600    0.0181967820    0.0004083241    
0.1714208500    0.0178171630    0.0004018341    
0.1716624400    0.0183336740    0.0004101586    
0.1719040300    0.0179163350    0.0004019298    
0.1721456200    0.0175600800    0.0003995056    
0.1723872000    0.0186871250    0.0004121269    
0.1726287900    0.0174673520    0.0003980145    
0.1728703800    0.0183637160    0.0004089924    
0.1731119700    0.0178622340    0.0004013225    
0.1733535600    0.0174420410    0.0003967175    
0.1735951500    0.0177419390    0.0003978173    
0.1738367300    0.0181303080    0.0004035939    
0.1740783200    0.0179709760    0.0003999480    
0.1743199100    0.0189996640    0.0004116765    
0.1745615000    0.0182167980    0.0004022437    
0.1748030900    0.0166976890    0.0003842867    
0.1750446800    0.0180496900    0.0004040075    
0.1752862700    0.0182913910    0.0004013548    
0.1755278500    0.0174600940    0.0003976427    
0.1757694400    0.0177678260    0.0003964098    
0.1760110300    0.0170766320    0.0003893137    
0.1762526200    0.0183189020    0.0004010904    
0.1764942100    0.0174424420    0.0003917919    
0.1767358000    0.0176375580    0.0003936994    
0.1769773900    0.0178433270    0.0003951548    
0.1772189700    0.0185560120    0.0004036778    
0.1774605600    0.0184403550    0.0004035562    
0.1777021500    0.0177858000    0.0003946558    
0.1779437400    0.0180874890    0.0003981286    
0.1781853300    0.0182297440    0.0004006779    
0.1784269200    0.0179961790    0.0003944975    
0.1786685100    0.0180405150    0.0003959454    
0.1789100900    0.0182090840    0.0003964121    
0.1791516800    0.0180384930    0.0003952352    
0.1793932700    0.0176957280    0.0003915981    
0.1796348600    0.0181212990    0.0003945010    
0.1798764500    0.0178378850    0.0003914039    
0.1801180400    0.0179790920    0.0003930854    
0.1803596200    0.0187662600    0.0004042538    
0.1806012100    0.0179725180    0.0003924729    
0.1808428000    0.0180886440    0.0003936036    
0.1810843900    0.0175434030    0.0003864336    
0.1813259800    0.0177743080    0.0003896338    
0.1815675700    0.0183946120    0.0003956974    
0.1818091600    0.0181315200    0.0003925896    
0.1820507400    0.0180200800    0.0003916483    
0.1822923300    0.0178278960    0.0003887590    
0.1825339200    0.0182788250    0.0003948546    
0.1827755100    0.0179861930    0.0003900835    
0.1830171000    0.0182798890    0.0003963600    
0.1832586900    0.0176689280    0.0003858433    
0.1835002800    0.0182789350    0.0003928456    
0.1837418600    0.0178361670    0.0003870119    
0.1839834500    0.0182484570    0.0003929172    
0.1842250400    0.0180059600    0.0003895059    
0.1844666300    0.0181713460    0.0003908946    
0.1847082200    0.0182056550    0.0003909999    
0.1849498100    0.0176955700    0.0003858735    
0.1851914000    0.0180295150    0.0003914837    
0.1854329800    0.0188483480    0.0003982440    
0.1856745700    0.0175375390    0.0003845360    
0.1859161600    0.0176411790    0.0003829613    
0.1861577500    0.0174333420    0.0003806987    
0.1863993400    0.0184712770    0.0003929170    
0.1866409300    0.0181505190    0.0003876759    
0.1868825200    0.0177075180    0.0003861340    
0.1871241000    0.0174417110    0.0003801570    
0.1873656900    0.0172941350    0.0003805737    
0.1876072800    0.0175424070    0.0003803693    
0.1878488700    0.0180041160    0.0003888297    
0.1880904600    0.0183793390    0.0003919379    
0.1883320500    0.0177134480    0.0003818405    
0.1885736300    0.0180152680    0.0003858446    
0.1888152200    0.0183171570    0.0003889353    
0.1890568100    0.0176841080    0.0003831716    
0.1892984000    0.0173991350    0.0003780634    
0.1895399900    0.0176054770    0.0003815575    
0.1897815800    0.0182422180    0.0003883961    
0.1900231700    0.0182587570    0.0003885722    
0.1902647500    0.0186641740    0.0003918245    
0.1905063400    0.0178014840    0.0003850826    
0.1907479300    0.0180912710    0.0003861462    
0.1909895200    0.0179243820    0.0003828458    
0.1912311100    0.0173074270    0.0003766937    
0.1914727000    0.0185743820    0.0003898535    
0.1917142900    0.0177957600    0.0003827266    
0.1919558700    0.0175440610    0.0003767910    
0.1921974600    0.0179686140    0.0003845809    
0.1924390500    0.0172765970    0.0003777264    
0.1926806400    0.0175008880    0.0003786687    
0.1929222300    0.0175421300    0.0003797389    
0.1931638200    0.0178804250    0.0003802625    
0.1934054100    0.0171670920    0.0003757816    
0.1936469900    0.0176607210    0.0003781644    
0.1938885800    0.0174861030    0.0003782603    
0.1941301700    0.0180890900    0.0003829719    
0.1943717600    0.0179233560    0.0003830862    
0.1946133500    0.0175274270    0.0003753962    
0.1948549400    0.0183222310    0.0003864383    
0.1950965300    0.0182131650    0.0003849093    
0.1953381100    0.0181406910    0.0003838924    
0.1955797000    0.0178448670    0.0003814957    
0.1958212900    0.0177535020    0.0003784199    
0.1960628800    0.0182412010    0.0003837066    
0.1963044700    0.0169112030    0.0003688571    
0.1965460600    0.0179325590    0.0003829331    
0.1967876400    0.0179324220    0.0003789762    
0.1970292300    0.0179750660    0.0003797926    
0.1972708200    0.0173692100    0.0003750303    
0.1975124100    0.0175407700    0.0003766335    
0.1977540000    0.0177637740    0.0003788972    
0.1979955900    0.0180555610    0.0003817491    
0.1982371800    0.0176674710    0.0003784825    
0.1984787600    0.0174963350    0.0003724311    
0.1987203500    0.0174903600    0.0003745165    
0.1989619400    0.0178581640    0.0003786774    
0.1992035300    0.0182453690    0.0003820234    
0.1994451200    0.0181406600    0.0003811702    
0.1996867100    0.0183023950    0.0003821301    
0.1999283000    0.0177081670    0.0003765991    
0.2001698800    0.0178421050    0.0003785071    
0.2004114700    0.0179622600    0.0003808847    
0.2006530600    0.0180813950    0.0003790891    
0.2008946500    0.0172922260    0.0003715538    
0.2011362400    0.0174960950    0.0003712503    
0.2013778300    0.0184450060    0.0003843544    
0.2016194200    0.0184527420    0.0003816266    
0.2018610000    0.0178975650    0.0003773977    
0.2021025900    0.0186016500    0.0003851183    
0.2023441800    0.0178882350    0.0003766988    
0.2025857700    0.0183277790    0.0003816631    
0.2028273600    0.0177756480    0.0003774372    
0.2030689500    0.0179930610    0.0003784032    
0.2033105400    0.0173796060    0.0003697788    
0.2035521200    0.0174122730    0.0003716535    
0.2037937100    0.0183850470    0.0003812881    
0.2040353000    0.0181254780    0.0003794300    
0.2042768900    0.0172342760    0.0003686951    
0.2045184800    0.0178525720    0.0003737171    
0.2047600700    0.0179869360    0.0003778568    
0.2050016500    0.0179259150    0.0003775760    
0.2052432400    0.0181774420    0.0003798525    
0.2054848300    0.0183667810    0.0003802556    
0.2057264200    0.0183385320    0.0003823848    
0.2059680100    0.0180029760    0.0003748181    
0.2062096000    0.0186620850    0.0003829379    
0.2064511900    0.0181221070    0.0003766459    
0.2066927700    0.0182590920    0.0003797391    
0.2069343600    0.0183626280    0.0003803327    
0.2071759500    0.0188312640    0.0003850338    
0.2074175400    0.0176752920    0.0003727936    
0.2076591300    0.0182311060    0.0003780142    
0.2079007200    0.0177656580    0.0003761244    
0.2081423100    0.0180099090    0.0003751250    
0.2083838900    0.0180264650    0.0003761232    
0.2086254800    0.0180518770    0.0003769818    
0.2088670700    0.0189208470    0.0003850986    
0.2091086600    0.0182317510    0.0003793345    
0.2093502500    0.0182943260    0.0003784313    
0.2095918400    0.0185945270    0.0003835758    
0.2098334300    0.0183584700    0.0003804098    
0.2100750100    0.0186259760    0.0003843881    
0.2103166000    0.0177873240    0.0003759937    
0.2105581900    0.0187874980    0.0003834982    
0.2107997800    0.0183371350    0.0003810327    
0.2110413700    0.0183293170    0.0003789120    
0.2112829600    0.0180539930    0.0003786810    
0.2115245400    0.0179464510    0.0003746984    
0.2117661300    0.0179526540    0.0003771366    
0.2120077200    0.0182854440    0.0003788153    
0.2122493100    0.0180861860    0.0003801096    
0.2124909000    0.0185318860    0.0003822023    
0.2127324900    0.0179823350    0.0003790167    
0.2129740800    0.0177853700    0.0003739526    
0.2132156600    0.0181391900    0.0003776540    
0.2134572500    0.0180952610    0.0003786316    
0.2136988400    0.0177874450    0.0003751590    
0.2139404300    0.0182118210    0.0003776956    
0.2141820200    0.0171880160    0.0003685497    
0.2144236100    0.0172150780    0.0003698961    
0.2146652000    0.0178292970    0.0003759581    
0.2149067800    0.0179077440    0.0003751187    
0.2151483700    0.0176607210    0.0003781644    
0.2153899600    0.0184313240    0.0003911831    
0.2156315500    0.0181507890    0.0003919973    
0.2158731400    0.0183470620    0.0003955909    
0.2161147300    0.0181806100    0.0003987321    
0.2163563200    0.0177342260    0.0003947768    
0.2165979000    0.0176259790    0.0003965151    
0.2168394900    0.0185981090    0.0004075946    
0.2170810800    0.0178511170    0.0004038342    
0.2173226700    0.0180074460    0.0004053018    
0.2175642600    0.0176261510    0.0004032061    
0.2178058500    0.0179526300    0.0004084365    
0.2180474400    0.0176872310    0.0004073842    
0.2182890200    0.0175993830    0.0004096204    
0.2185306100    0.0172229960    0.0004026087    
0.2187722000    0.0180200210    0.0004170452    
0.2190137900    0.0172486830    0.0004072346    
0.2192553800    0.0177991800    0.0004175635    
0.2194969700    0.0178878220    0.0004159959    
0.2197385500    0.0172193900    0.0004056396    
0.2199801400    0.0179335160    0.0004095948    
0.2202217300    0.0182235620    0.0004089250    
0.2204633200    0.0174782780    0.0003985740    
0.2207049100    0.0178889080    0.0004006095    
0.2209465000    0.0180683360    0.0004026136    
0.2211880900    0.0175773000    0.0003951202    
0.2214296700    0.0179790550    0.0003990422    
0.2216712600    0.0174865440    0.0003929808    
0.2219128500    0.0174407190    0.0003913585    
0.2221544400    0.0170112710    0.0003884297    
0.2223960300    0.0179588470    0.0003971292    
0.2226376200    0.0179738600    0.0004004090    
0.2228792100    0.0171717930    0.0003884663    
0.2231207900    0.0174969500    0.0003921270    
0.2233623800    0.0181716090    0.0003971047    
0.2236039700    0.0179133350    0.0003959292    
0.2238455600    0.0165864950    0.0003791261    
0.2240871500    0.0173226230    0.0003881227    
0.2243287400    0.0176682710    0.0003899416    
0.2245703300    0.0169176160    0.0003840947    
0.2248119100    0.0177487320    0.0003928673    
0.2250535000    0.0182143160    0.0003978480    
0.2252950900    0.0174793000    0.0003912405    
0.2255366800    0.0171884240    0.0003843449    
0.2257782700    0.0178330790    0.0003924337    
0.2260198600    0.0169557010    0.0003813400    
0.2262614500    0.0179896590    0.0003926600    
0.2265030300    0.0172480240    0.0003839536    
0.2267446200    0.0167934350    0.0003802964    
0.2269862100    0.0173801310    0.0003842379    
0.2272278000    0.0174668240    0.0003862489    
0.2274693900    0.0172494550    0.0003826604    
0.2277109800    0.0173874190    0.0003876333    
0.2279525600    0.0180690680    0.0003915128    
0.2281941500    0.0174651010    0.0003858337    
0.2284357400    0.0177745000    0.0003887052    
0.2286773300    0.0166811420    0.0003778504    
0.2289189200    0.0168749310    0.0003777128    
0.2291605100    0.0175592070    0.0003875346    
0.2294021000    0.0172631700    0.0003826823    
0.2296436800    0.0171335740    0.0003846601    
0.2298852700    0.0169177940    0.0003785774    
0.2301268600    0.0165001010    0.0003777439    
0.2303684500    0.0170428940    0.0003816636    
0.2306100400    0.0173725770    0.0003858667    
0.2308516300    0.0171219880    0.0003822863    
0.2310932200    0.0170581320    0.0003835468    
0.2313348000    0.0167066540    0.0003777505    
0.2315763900    0.0168009650    0.0003792050    
0.2318179800    0.0171195220    0.0003846355    
0.2320595700    0.0165069470    0.0003761306    
0.2323011600    0.0167994140    0.0003806271    
0.2325427500    0.0169977650    0.0003828675    
0.2327843400    0.0172497220    0.0003871701    
0.2330259200    0.0168403200    0.0003791288    
0.2332675100    0.0169550240    0.0003809396    
0.2335091000    0.0172359390    0.0003854073    
0.2337506900    0.0172979270    0.0003841139    
0.2339922800    0.0176136210    0.0003898766    
0.2342338700    0.0171572780    0.0003841288    
0.2344754600    0.0172817440    0.0003867217    
0.2347170400    0.0162275240    0.0003726774    
0.2349586300    0.0173206800    0.0003859537    
0.2352002200    0.0171924380    0.0003877446    
0.2354418100    0.0171886560    0.0003854114    
0.2356834000    0.0171993860    0.0003852648    
0.2359249900    0.0175588620    0.0003868680    
0.2361665700    0.0165199820    0.0003784967    
0.2364081600    0.0166641000    0.0003780467    
0.2366497500    0.0166760760    0.0003802807    
0.2368913400    0.0171572780    0.0003841288    
0.2371329300    0.0164585760    0.0003785832    
0.2373745200    0.0176293910    0.0003903213    
0.2376161100    0.0168343400    0.0003814184    
0.2378576900    0.0169605190    0.0003841786    
0.2380992800    0.0170228150    0.0003827527    
0.2383408700    0.0174375130    0.0003884606    
0.2385824600    0.0169244580    0.0003811196    
0.2388240500    0.0163151810    0.0003758819    
0.2390656400    0.0175050780    0.0003894829    
0.2393072300    0.0170721970    0.0003835723    
0.2395488100    0.0170244610    0.0003835661    
0.2397904000    0.0170965250    0.0003855814    
0.2400319900    0.0170833040    0.0003859710    
0.2402735800    0.0166852350    0.0003819822    
0.2405151700    0.0181258000    0.0003974344    
0.2407567600    0.0175150040    0.0003879789    
0.2409983500    0.0163546480    0.0003769913    
0.2412399300    0.0173824440    0.0003870418    
0.2414815200    0.0164756760    0.0003791772    
0.2417231100    0.0166726770    0.0003781440    
0.2419647000    0.0169500430    0.0003847318    
0.2422062900    0.0167285320    0.0003816754    
0.2424478800    0.0165223640    0.0003794487    
0.2426894600    0.0164215920    0.0003801539    
0.2429310500    0.0171074500    0.0003854359    
0.2431726400    0.0169449060    0.0003833336    
0.2434142300    0.0168420880    0.0003807155    
0.2436558200    0.0172826460    0.0003895809    
0.2438974100    0.0167217990    0.0003797468    
0.2441390000    0.0167429650    0.0003817067    
0.2443805800    0.0174199390    0.0003896191    
0.2446221700    0.0171072310    0.0003865116    
0.2448637600    0.0171651760    0.0003881180    
0.2451053500    0.0169219860    0.0003832075    
0.2453469400    0.0168928250    0.0003869375    
0.2455885300    0.0164446990    0.0003777647    
0.2458301200    0.0164423870    0.0003801264    
0.2460717000    0.0164655090    0.0003773477    
0.2463132900    0.0162745230    0.0003755437    
0.2465548800    0.0170797070    0.0003868784    
0.2467964700    0.0164127310    0.0003775287    
0.2470380600    0.0168395790    0.0003836104    
0.2472796500    0.0169238450    0.0003844343    
0.2475212400    0.0169156390    0.0003866495    
0.2477628200    0.0164375900    0.0003819598    
0.2480044100    0.0167573770    0.0003817378    
0.2482460000    0.0172128810    0.0003870263    
0.2484875900    0.0176908960    0.0003933253    
0.2487291800    0.0165365720    0.0003802767    
0.2489707700    0.0163687710    0.0003774172    
0.2492123600    0.0166797760    0.0003832659    
0.2494539400    0.0168023250    0.0003838589    
0.2496955300    0.0170816240    0.0003877184    
0.2499371200    0.0173027330    0.0003888500    
0.2501787100    0.0160879900    0.0003790923    
0.2504203000    0.0166211220    0.0003807140    
0.2506618900    0.0171443710    0.0003845151    
0.2509034700    0.0168164080    0.0003834808    
0.2511450600    0.0172892250    0.0003881546    
0.2513866500    0.0175143280    0.0003916323    
0.2516282400    0.0171335740    0.0003846601    
0.2518698300    0.0169500430    0.0003847318    
0.2521114200    0.0174843530    0.0003897944    
0.2523530100    0.0169437780    0.0003843916    
0.2525945900    0.0172604250    0.0003870206    
0.2528361800    0.0171993670    0.0003891897    
0.2530777700    0.0163703830    0.0003762561    
0.2533193600    0.0169750080    0.0003827435    
0.2535609500    0.0168760500    0.0003829536    
0.2538025400    0.0163345750    0.0003766287    
0.2540441300    0.0171161330    0.0003855337    
0.2542857100    0.0168031420    0.0003815940    
0.2545273000    0.0163321110    0.0003781838    
0.2547688900    0.0175324480    0.0003888426    
0.2550104800    0.0166648830    0.0003820172    
0.2552520700    0.0174300410    0.0003922066    
0.2554936600    0.0165202050    0.0003781050    
0.2557352500    0.0158798860    0.0003721281    
0.2559768300    0.0173389420    0.0003872268    
0.2562184200    0.0170461020    0.0003858204    
0.2564600100    0.0171422090    0.0003847570    
0.2567016000    0.0163266950    0.0003778558    
0.2569431900    0.0164880890    0.0003782627    
0.2571847800    0.0165807820    0.0003787976    
0.2574263700    0.0165228000    0.0003786607    
0.2576679500    0.0167227930    0.0003817432    
0.2579095400    0.0173168140    0.0003888720    
0.2581511300    0.0171800150    0.0003853145    
0.2583927200    0.0159025260    0.0003703272    
0.2586343100    0.0169783300    0.0003814633    
0.2588759000    0.0173139270    0.0003880252    
0.2591174800    0.0170748470    0.0003822833    
0.2593590700    0.0158579110    0.0003687886    
0.2596006600    0.0171853890    0.0003852413    
0.2598422500    0.0167711670    0.0003809661    
0.2600838400    0.0173404270    0.0003876468    
0.2603254300    0.0169992670    0.0003851552    
0.2605670200    0.0171064480    0.0003850226    
0.2608086000    0.0160782010    0.0003703239    
0.2610501900    0.0171928490    0.0003849253    
0.2612917800    0.0169906500    0.0003835840    
0.2615333700    0.0154175470    0.0003645106    
0.2617749600    0.0171573370    0.0003851936    
0.2620165500    0.0166097240    0.0003780800    
0.2622581400    0.0168273650    0.0003829349    
0.2624997200    0.0173096430    0.0003867654    
0.2627413100    0.0172291480    0.0003896641    
0.2629829000    0.0171540060    0.0003829057    
0.2632244900    0.0162998390    0.0003762281    
0.2634660800    0.0166928700    0.0003788944    
0.2637076700    0.0163849640    0.0003762931    
0.2639492600    0.0168775500    0.0003819076    
0.2641908400    0.0172310790    0.0003865570    
0.2644324300    0.0165689210    0.0003797176    
0.2646740200    0.0167412890    0.0003789213    
0.2649156100    0.0172111570    0.0003883643    
0.2651572000    0.0169102180    0.0003829410    
0.2653987900    0.0172725000    0.0003890558    
0.2656403800    0.0160356010    0.0003734262    
0.2658819600    0.0167994140    0.0003806271    
0.2661235500    0.0165485070    0.0003797487    
0.2663651400    0.0164858830    0.0003773195    
0.2666067300    0.0171790470    0.0003859729    
0.2668483200    0.0167422400    0.0003805055    
0.2670899100    0.0175796430    0.0003931911    
0.2673314900    0.0169577480    0.0003825489    
0.2675730800    0.0170151700    0.0003860112    
0.2678146700    0.0161161510    0.0003767348    
0.2680562600    0.0164797180    0.0003777725    
0.2682978500    0.0168239100    0.0003823616    
0.2685394400    0.0161724280    0.0003735859    
0.2687810300    0.0169873800    0.0003848858    
0.2690226100    0.0166813660    0.0003786333    
0.2692642000    0.0165710810    0.0003822852    
0.2695057900    0.0172104380    0.0003861911    
0.2697473800    0.0163985750    0.0003771033    
0.2699889700    0.0162761560    0.0003778008    
0.2702305600    0.0162455840    0.0003781111    
0.2704721500    0.0170566400    0.0003867530    
0.2707137300    0.0162527140    0.0003746417    
0.2709553200    0.0171519970    0.0003874241    
0.2711969100    0.0165456590    0.0003795834    
0.2714385000    0.0164911700    0.0003780351    
0.2716800900    0.0170810330    0.0003862155    
0.2719216800    0.0165752430    0.0003888503    
0.2721632700    0.0171419020    0.0003982184    
0.2724048500    0.0174715690    0.0004071974    
0.2726464400    0.0175488320    0.0004155971    
0.2728880300    0.0166795110    0.0004054928    
0.2731296200    0.0170356310    0.0004120854    
0.2733712100    0.0164108260    0.0004077303    
0.2736128000    0.0164777370    0.0004141495    
0.2738543800    0.0168532920    0.0004164164    
0.2740959700    0.0161724570    0.0004118450    
0.2743375600    0.0168752050    0.0004237381    
0.2745791500    0.0171921370    0.0004295351    
0.2748207400    0.0168010400    0.0004275752    
0.2750623300    0.0164093060    0.0004225611    
0.2753039200    0.0171048490    0.0004360135    
0.2755455000    0.0175731540    0.0004405697    
0.2757870900    0.0176471560    0.0004480937    
0.2760286800    0.0168634980    0.0004358497    
0.2762702700    0.0164321500    0.0004382296    
0.2765118600    0.0170939840    0.0004292316    
0.2767534500    0.0167695340    0.0004234947    
0.2769950400    0.0166479820    0.0004185606    
0.2772366200    0.0166750300    0.0004145504    
0.2774782100    0.0164375240    0.0004120987    
0.2777198000    0.0172256990    0.0004229156    
0.2779613900    0.0164168600    0.0004118397    
0.2782029800    0.0170608260    0.0004117323    
0.2784445700    0.0168054660    0.0004121017    
0.2786861600    0.0159771320    0.0004006824    
0.2789277400    0.0171084490    0.0004100259    
0.2791693300    0.0159346940    0.0003960229    
0.2794109200    0.0168322880    0.0004089653    
0.2796525100    0.0164618550    0.0004037972    
0.2798941000    0.0161105710    0.0003949429    
0.2801356900    0.0166895170    0.0004060962    
0.2803772800    0.0171364710    0.0004151324    
0.2806188600    0.0168617980    0.0004034200    
0.2808604500    0.0171202690    0.0004043156    
0.2811020400    0.0168386210    0.0004025200    
0.2813436300    0.0169862800    0.0004061658    
0.2815852200    0.0161351080    0.0003919106    
0.2818268100    0.0169829520    0.0004042414    
0.2820683900    0.0168623440    0.0004038957    
0.2823099800    0.0172515730    0.0004082141    
0.2825515700    0.0167123480    0.0003982518    
0.2827931600    0.0165232600    0.0004007479    
0.2830347500    0.0171681440    0.0004061263    
0.2832763400    0.0168932710    0.0004008596    
0.2835179300    0.0161323130    0.0003917272    
0.2837595100    0.0165114710    0.0003985907    
0.2840011000    0.0161157830    0.0003942423    
0.2842426900    0.0163370040    0.0003930072    
0.2844842800    0.0165887130    0.0003981418    
0.2847258700    0.0160933660    0.0003927548    
0.2849674600    0.0169610160    0.0004042924    
0.2852090500    0.0170785470    0.0004036681    
0.2854506300    0.0162420530    0.0003953254    
0.2856922200    0.0168691990    0.0004016476    
0.2859338100    0.0167100700    0.0004003633    
0.2861754000    0.0159246560    0.0003887533    
0.2864169900    0.0169177490    0.0004005393    
0.2866585800    0.0159346780    0.0003905136    
0.2869001700    0.0161093290    0.0003917470    
0.2871417500    0.0165477300    0.0003965875    
0.2873833400    0.0166684710    0.0003997109    
0.2876249300    0.0163707430    0.0003965825    
0.2878665200    0.0164583320    0.0004001157    
0.2881081100    0.0167427480    0.0003965072    
0.2883497000    0.0166585940    0.0003977622    
0.2885912900    0.0162473250    0.0003926721    
0.2888328700    0.0157373380    0.0003866073    
0.2890744600    0.0162330070    0.0003917543    
0.2893160500    0.0161942060    0.0003917316    
0.2895576400    0.0165120030    0.0003976776    
0.2897992300    0.0164986030    0.0003936056    
0.2900408200    0.0167244080    0.0003971883    
0.2902824000    0.0159660720    0.0003910482    
0.2905239900    0.0168485440    0.0004000236    
0.2907655800    0.0158124410    0.0003847548    
0.2910071700    0.0160652150    0.0003878179    
0.2912487600    0.0163483590    0.0003918094    
0.2914903500    0.0164120930    0.0003915418    
0.2917319400    0.0160423950    0.0003858084    
0.2919735200    0.0173518750    0.0004024452    
0.2922151100    0.0168687140    0.0003960621    
0.2924567000    0.0163064690    0.0003901337    
0.2926982900    0.0160384540    0.0003870592    
0.2929398800    0.0167087490    0.0003971525    
0.2931814700    0.0161613070    0.0003866607    
0.2934230600    0.0161368130    0.0003875192    
0.2936646400    0.0161773110    0.0003852833    
0.2939062300    0.0161813490    0.0003889253    
0.2941478200    0.0164300220    0.0003894289    
0.2943894100    0.0161050140    0.0003874264    
0.2946310000    0.0165867590    0.0003921537    
0.2948725900    0.0158601600    0.0003843264    
0.2951141800    0.0161908500    0.0003875894    
0.2953557600    0.0169937060    0.0003997689    
0.2955973500    0.0164237180    0.0003894983    
0.2958389400    0.0163815200    0.0003882792    
0.2960805300    0.0172536720    0.0003987756    
0.2963221200    0.0165565340    0.0003899165    
0.2965637100    0.0164158870    0.0003881139    
0.2968053000    0.0165264430    0.0003885618    
0.2970468800    0.0167249570    0.0003920391    
0.2972884700    0.0163528650    0.0003865159    
0.2975300600    0.0166817500    0.0003903833    
0.2977716500    0.0158477400    0.0003819010    
0.2980132400    0.0158627620    0.0003829307    
0.2982548300    0.0164388210    0.0003868226    
0.2984964100    0.0167630730    0.0003900499    
0.2987380000    0.0163078880    0.0003855605    
0.2989795900    0.0167630730    0.0003900499    
0.2992211800    0.0165454310    0.0003870872    
0.2994627700    0.0170155860    0.0003936937    
0.2997043600    0.0165170660    0.0003888791    
0.2999459500    0.0165049480    0.0003885938    
0.3001875300    0.0163380620    0.0003860582    
0.3004291200    0.0166424570    0.0003936907    
0.3006707100    0.0167537210    0.0003895161    
0.3009123000    0.0167305490    0.0003910972    
0.3011538900    0.0165097180    0.0003858295    
0.3013954800    0.0163443510    0.0003859913    
0.3016370700    0.0169394490    0.0003926685    
0.3018786500    0.0157288380    0.0003783771    
0.3021202400    0.0164359260    0.0003866474    
0.3023618300    0.0161497830    0.0003849553    
0.3026034200    0.0152657200    0.0003734471    
0.3028450100    0.0166879300    0.0003907420    
0.3030866000    0.0158628300    0.0003813797    
0.3033281900    0.0158233810    0.0003786842    
0.3035697700    0.0162595400    0.0003848479    
0.3038113600    0.0159914150    0.0003819407    
0.3040529500    0.0158300020    0.0003786258    
0.3042945400    0.0161171480    0.0003819058    
0.3045361300    0.0159519630    0.0003823092    
0.3047777200    0.0167147970    0.0003897716    
0.3050193100    0.0163569000    0.0003858575    
0.3052608900    0.0164226060    0.0003876233    
0.3055024800    0.0165049550    0.0003935332    
0.3057440700    0.0169064560    0.0003904379    
0.3059856600    0.0153590870    0.0003729516    
0.3062272500    0.0163569000    0.0003858575    
0.3064688400    0.0162579230    0.0003856749    
0.3067104200    0.0160987150    0.0003807216    
0.3069520100    0.0160175240    0.0003816943    
0.3071936000    0.0162797800    0.0003856512    
0.3074351900    0.0161783010    0.0003848705    
0.3076767800    0.0163099730    0.0003843230    
0.3079183700    0.0158812500    0.0003831538    
0.3081599600    0.0162510120    0.0003875886    
0.3084015400    0.0163196990    0.0003840195    
0.3086431300    0.0156554270    0.0003758505    
0.3088847200    0.0165903930    0.0003893129    
0.3091263100    0.0170601810    0.0003937781    
0.3093679000    0.0172103370    0.0003960850    
0.3096094900    0.0161156150    0.0003813346    
0.3098510800    0.0162002100    0.0003862671    
0.3100926600    0.0165113860    0.0003881006    
0.3103342500    0.0170222360    0.0003940586    
0.3105758400    0.0168458730    0.0003947649    
0.3108174300    0.0163427660    0.0003849889    
0.3110590200    0.0166177800    0.0003900629    
0.3113006100    0.0162482310    0.0003827619    
0.3115422000    0.0165170660    0.0003888791    
0.3117837800    0.0157786230    0.0003786991    
0.3120253700    0.0160357290    0.0003828899    
0.3122669600    0.0167986270    0.0003896136    
0.3125085500    0.0162479390    0.0003859815    
0.3127501400    0.0165538500    0.0003888839    
0.3129917300    0.0156591820    0.0003799027    
0.3132333100    0.0158261530    0.0003809386    
0.3134749000    0.0162734300    0.0003857173    
0.3137164900    0.0158373380    0.0003791268    
0.3139580800    0.0165604280    0.0003875441    
0.3141996700    0.0163574900    0.0003854427    
0.3144412600    0.0160474200    0.0003821898    
0.3146828500    0.0164471360    0.0003877704    
0.3149244300    0.0166239130    0.0003882862    
0.3151660200    0.0156679240    0.0003788902    
0.3154076100    0.0164246170    0.0003886463    
0.3156492000    0.0158635800    0.0003835096    
0.3158907900    0.0162737490    0.0003838960    
0.3161323800    0.0159502580    0.0003801994    
0.3163739700    0.0153270120    0.0003728328    
0.3166155500    0.0154205360    0.0003758871    
0.3168571400    0.0165482210    0.0003876833    
0.3170987300    0.0158454580    0.0003801937    
0.3173403200    0.0156903780    0.0003783286    
0.3175819100    0.0164559020    0.0003883010    
0.3178235000    0.0159640480    0.0003816137    
0.3180650900    0.0158133950    0.0003816278    
0.3183066700    0.0163734390    0.0003873269    
0.3185482600    0.0161562470    0.0003848908    
0.3187898500    0.0162772760    0.0003836591    
0.3190314400    0.0160891130    0.0003829656    
0.3192730300    0.0165541700    0.0003880357    
0.3195146200    0.0156082770    0.0003773375    
0.3197562100    0.0158397900    0.0003792942    
0.3199977900    0.0157244870    0.0003786011    
0.3202393800    0.0158494610    0.0003814996    
0.3204809700    0.0159975930    0.0003838440    
0.3207225600    0.0156038340    0.0003786714    
0.3209641500    0.0165381690    0.0003897001    
0.3212057400    0.0160007030    0.0003810772    
0.3214473200    0.0161058290    0.0003826055    
0.3216889100    0.0160759340    0.0003821110    
0.3219305000    0.0160867430    0.0003837799    
0.3221720900    0.0155649300    0.0003769511    
0.3224136800    0.0155402080    0.0003751441    
0.3226552700    0.0158400260    0.0003829401    
0.3228968600    0.0158935730    0.0003809098    
0.3231384400    0.0154295480    0.0003789317    
0.3233800300    0.0159190200    0.0003801032    
0.3236216200    0.0156786430    0.0003774974    
0.3238632100    0.0161100050    0.0003833543    
0.3241048000    0.0163100000    0.0003861504    
0.3243463900    0.0167365640    0.0003910241    
0.3245879800    0.0164566530    0.0003874567    
0.3248295600    0.0163688480    0.0003861394    
0.3250711500    0.0162595400    0.0003848479    
0.3253127400    0.0164833890    0.0003886252    
0.3255543300    0.0166024480    0.0003904567    
0.3257959200    0.0164721800    0.0003910878    
0.3260375100    0.0157465790    0.0003780389    
0.3262791000    0.0164197080    0.0003874470    
0.3265206800    0.0156924290    0.0003779389    
0.3267622700    0.0158120690    0.0003804894    
0.3270038600    0.0158412670    0.0003804218    
0.3272454500    0.0159407250    0.0003810562    
0.3274870400    0.0159184360    0.0003810682    
0.3277286300    0.0167065780    0.0003918236    
0.3279702200    0.0157711380    0.0003802759    
0.3282118000    0.0158483240    0.0003840396    
0.3284533900    0.0165540110    0.0003884591    
0.3286949800    0.0157929830    0.0003928651    
0.3289365700    0.0165466120    0.0004075965    
0.3291781600    0.0169026900    0.0004154864    
0.3294197500    0.0160346100    0.0004093980    
0.3296613300    0.0159797800    0.0004128715    
0.3299029200    0.0167374490    0.0004230894    
0.3301445100    0.0160362610    0.0004201200    
0.3303861000    0.0164744970    0.0004286689    
0.3306276900    0.0168308080    0.0004366119    
0.3308692800    0.0159731950    0.0004255360    
0.3311108700    0.0159623190    0.0004289149    
0.3313524500    0.0159826030    0.0004340279    
0.3315940400    0.0168424120    0.0004449192    
0.3318356300    0.0161606100    0.0004414742    
0.3320772200    0.0168927730    0.0004518012    
0.3323188100    0.0166064190    0.0004521370    
0.3325604000    0.0149863350    0.0004288818    
0.3328019900    0.0165935150    0.0004560310    
0.3330435700    0.0164469200    0.0004492956    
0.3332851600    0.0163439750    0.0004420521    
0.3335267500    0.0167242130    0.0004332639    
0.3337683400    0.0157364740    0.0004202749    
0.3340099300    0.0164903470    0.0004273488    
0.3342515200    0.0158267280    0.0004146306    
0.3344931100    0.0163644800    0.0004172766    
0.3347346900    0.0162412590    0.0004171287    
0.3349762800    0.0160437200    0.0004124636    
0.3352178700    0.0159955330    0.0004102768    
0.3354594600    0.0171165760    0.0004222777    
0.3357010500    0.0159463620    0.0004086125    
0.3359426400    0.0162861050    0.0004143363    
0.3361842300    0.0162214010    0.0004055350    
0.3364258100    0.0171894760    0.0004167835    
0.3366674000    0.0171908470    0.0004173077    
0.3369089900    0.0161911490    0.0004035197    
0.3371505800    0.0168072280    0.0004102987    
0.3373921700    0.0163853820    0.0004060966    
0.3376337600    0.0164494120    0.0004065613    
0.3378753400    0.0166738670    0.0004094907    
0.3381169300    0.0153785870    0.0003913747    
0.3383585200    0.0159109590    0.0004024546    
0.3386001100    0.0164424850    0.0004030796    
0.3388417000    0.0162222100    0.0004018058    
0.3390832900    0.0156414190    0.0003906694    
0.3393248800    0.0164222360    0.0004033109    
0.3395664600    0.0156568120    0.0003930202    
0.3398080500    0.0159150090    0.0003957782    
0.3400496400    0.0158027560    0.0003929867    
0.3402912300    0.0157338870    0.0003915162    
0.3405328200    0.0163936330    0.0004020028    
0.3407744100    0.0160119760    0.0003974529    
0.3410160000    0.0170192050    0.0004102502    
0.3412575800    0.0160883980    0.0003945179    
0.3414991700    0.0161117710    0.0003944984    
0.3417407600    0.0157819920    0.0003915030    
0.3419823500    0.0167481600    0.0004003576    
0.3422239400    0.0162440790    0.0003959616    
0.3424655300    0.0171150130    0.0004073848    
0.3427071200    0.0158142200    0.0003903853    
0.3429487000    0.0163532550    0.0003974438    
0.3431902900    0.0166886370    0.0004032201    
0.3434318800    0.0156273400    0.0003932729    
0.3436734700    0.0160958150    0.0003918821    
0.3439150600    0.0162027150    0.0003922819    
0.3441566500    0.0152392210    0.0003827790    
0.3443982300    0.0163551490    0.0003960886    
0.3446398200    0.0161912260    0.0003930419    
0.3448814100    0.0166812930    0.0004000183    
0.3451230000    0.0156526510    0.0003879365    
0.3453645900    0.0160660810    0.0003930264    
0.3456061800    0.0163343420    0.0003947751    
0.3458477700    0.0162692630    0.0003965755    
0.3460893500    0.0159228950    0.0003918758    
0.3463309400    0.0161457300    0.0003915915    
0.3465725300    0.0163196160    0.0003938445    
0.3468141200    0.0165024250    0.0003975622    
0.3470557100    0.0161474350    0.0003922100    
0.3472973000    0.0169204270    0.0004024113    
0.3475388900    0.0160250130    0.0003892365    
0.3477804700    0.0156498170    0.0003865625    
0.3480220600    0.0160727050    0.0003919006    
0.3482636500    0.0158833000    0.0003891376    
0.3485052400    0.0165329800    0.0004008658    
0.3487468300    0.0161228010    0.0003916117    
0.3489884200    0.0159489320    0.0003893459    
0.3492300100    0.0155547370    0.0003830472    
0.3494715900    0.0161615350    0.0003931328    
0.3497131800    0.0152151550    0.0003788430    
0.3499547700    0.0162293900    0.0003935048    
0.3501963600    0.0156752040    0.0003849647    
0.3504379500    0.0158823990    0.0003885330    
0.3506795400    0.0160616960    0.0003911674    
0.3509211300    0.0158842060    0.0003897451    
0.3511627100    0.0168725750    0.0004018419    
0.3514043000    0.0160641100    0.0003892686    
0.3516458900    0.0165637630    0.0003961761    
0.3518874800    0.0169036320    0.0003993108    
0.3521290700    0.0168314680    0.0003986083    
0.3523706600    0.0151539030    0.0003790846    
0.3526122400    0.0154433550    0.0003823972    
0.3528538300    0.0164781420    0.0003956020    
0.3530954200    0.0168333430    0.0004004535    
0.3533370100    0.0162378350    0.0003925574    
0.3535786000    0.0164795110    0.0003980512    
0.3538201900    0.0159430350    0.0003873596    
0.3540617800    0.0160657290    0.0003909180    
0.3543033600    0.0163606790    0.0003921046    
0.3545449500    0.0160695550    0.0003896294    
0.3547865400    0.0167145780    0.0003961735    
0.3550281300    0.0163641720    0.0003942316    
0.3552697200    0.0164977270    0.0003949357    
0.3555113100    0.0160073770    0.0003896135    
0.3557529000    0.0162217100    0.0003925118    
0.3559944800    0.0166175530    0.0003948733    
0.3562360700    0.0165018490    0.0003984745    
0.3564776600    0.0160693630    0.0003885980    
0.3567192500    0.0158232170    0.0003860470    
0.3569608400    0.0160424930    0.0003878349    
0.3572024300    0.0164474400    0.0003941839    
0.3574440200    0.0160975550    0.0003889388    
0.3576856000    0.0159993260    0.0003890719    
0.3579271900    0.0158395090    0.0003860999    
0.3581687800    0.0163487660    0.0003937462    
0.3584103700    0.0160021700    0.0003882238    
0.3586519600    0.0163300260    0.0003954802    
0.3588935500    0.0162018150    0.0003912295    
0.3591351400    0.0170495470    0.0004016386    
0.3593767200    0.0161831340    0.0003895312    
0.3596183100    0.0160691730    0.0003875748    
0.3598599000    0.0160021700    0.0003882238    
0.3601014900    0.0158282890    0.0003864008    
0.3603430800    0.0162027790    0.0003907973    
0.3605846700    0.0166645530    0.0003958784    
0.3608262500    0.0164126390    0.0003939159    
0.3610678400    0.0168310050    0.0003981510    
0.3613094300    0.0161502460    0.0003923941    
0.3615510200    0.0162197200    0.0003904118    
0.3617926100    0.0161737580    0.0003894183    
0.3620342000    0.0166332150    0.0003958046    
0.3622757900    0.0159471980    0.0003871181    
0.3625173700    0.0160465620    0.0003886152    
0.3627589600    0.0162999310    0.0003921154    
0.3630005500    0.0170995760    0.0004007102    
0.3632421400    0.0162985260    0.0003910645    
0.3634837300    0.0155167910    0.0003831599    
0.3637253200    0.0161022070    0.0003907658    
0.3639669100    0.0156518600    0.0003855559    
0.3642084900    0.0166082120    0.0003943175    
0.3644500800    0.0162883780    0.0003913847    
0.3646916700    0.0157314940    0.0003850719    
0.3649332600    0.0163380150    0.0003902189    
0.3651748500    0.0162206380    0.0003899823    
0.3654164400    0.0171689810    0.0004028901    
0.3656580300    0.0164666990    0.0003939672    
0.3658996100    0.0159982650    0.0003874456    
0.3661412000    0.0160304260    0.0003885664    
0.3663827900    0.0157750930    0.0003893009    
0.3666243800    0.0163856970    0.0003899147    
0.3668659700    0.0162018860    0.0003897568    
0.3671075600    0.0157543030    0.0003844801    
0.3673491500    0.0157326460    0.0003834950    
0.3675907300    0.0163753940    0.0003930220    
0.3678323200    0.0169411800    0.0003976540    
0.3680739100    0.0163435220    0.0003929367    
0.3683155000    0.0158225080    0.0003854565    
0.3685570900    0.0156604720    0.0003833334    
0.3687986800    0.0155307240    0.0003842073    
0.3690402600    0.0164371300    0.0003949590    
0.3692818500    0.0163315810    0.0003902880    
0.3695234400    0.0160357970    0.0003878998    
0.3697650300    0.0158329530    0.0003845715    
0.3700066200    0.0156488810    0.0003836247    
0.3702482100    0.0164994670    0.0003922889    
0.3704898000    0.0171993080    0.0004017258    
0.3707313800    0.0157409200    0.0003851872    
0.3709729700    0.0157705860    0.0003845341    
0.3712145600    0.0162254870    0.0003922588    
0.3714561500    0.0157658300    0.0003869571    
0.3716977400    0.0163179890    0.0003908571    
0.3719393300    0.0159263630    0.0003857042    
0.3721809200    0.0163928850    0.0003917530    
0.3724225000    0.0159060610    0.0003858921    
0.3726640900    0.0156088330    0.0003824132    
0.3729056800    0.0156463090    0.0003828720    
0.3731472700    0.0163904750    0.0003911373    
0.3733888600    0.0160869370    0.0003892507    
0.3736304500    0.0161668270    0.0003909550    
0.3738720400    0.0158823990    0.0003885330    
0.3741136200    0.0162564710    0.0003912964    
0.3743552100    0.0166081690    0.0003947618    
0.3745968000    0.0163100550    0.0003898849    
0.3748383900    0.0158099330    0.0003845800    
0.3750799800    0.0166831080    0.0003952056    
0.3753215700    0.0158976290    0.0003863704    
0.3755631500    0.0150782870    0.0003754351    
0.3758047400    0.0155666400    0.0003821833    
0.3760463300    0.0160653840    0.0003888431    
0.3762879200    0.0152644330    0.0003795995    
0.3765295100    0.0159706090    0.0003897590    
0.3767711000    0.0157631580    0.0003840107    
0.3770126900    0.0160197720    0.0003868337    
0.3772542700    0.0159663450    0.0003863328    
0.3774958600    0.0171674980    0.0004000020    
0.3777374500    0.0159689680    0.0003865094    
0.3779790400    0.0155924540    0.0003829325    
0.3782206300    0.0164140910    0.0003925962    
0.3784622200    0.0168109170    0.0003965677    
0.3787038100    0.0168154500    0.0003981173    
0.3789453900    0.0156468410    0.0003846163    
0.3791869800    0.0163742470    0.0003939032    
0.3794285700    0.0164401160    0.0003918759    
0.3796701600    0.0154375090    0.0003807381    
0.3799117500    0.0151750320    0.0003762148    
0.3801533400    0.0159258000    0.0003867126    
0.3803949300    0.0159403320    0.0003845792    
0.3806365100    0.0161626530    0.0003887005    
0.3808781000    0.0159263630    0.0003857042    
0.3811196900    0.0164220930    0.0003940294    
0.3813612800    0.0153933440    0.0003797644    
0.3816028700    0.0168409080    0.0003987201    
0.3818444600    0.0157968420    0.0003852888    
0.3820860500    0.0163793270    0.0003899840    
0.3823276300    0.0159893430    0.0003853133    
0.3825692200    0.0161558390    0.0003863088    
0.3828108100    0.0169370020    0.0003949532    
0.3830524000    0.0159893430    0.0003853133    
0.3832939900    0.0155622930    0.0003795681    
0.3835355800    0.0160714700    0.0003857276    
0.3837771600    0.0159725500    0.0003836851    
0.3840187500    0.0160224890    0.0003860000    
0.3842603400    0.0167171640    0.0003950161    
0.3845019300    0.0158545800    0.0003803031    
0.3847435200    0.0161416780    0.0003844347    
0.3849851100    0.0172225090    0.0003982682    
0.3852267000    0.0159432840    0.0003927346    
0.3854682800    0.0158391680    0.0003991095    
0.3857098700    0.0163594230    0.0004102697    
0.3859514600    0.0159294740    0.0004092561    
0.3861930500    0.0162367990    0.0004156455    
0.3864346400    0.0157398280    0.0004134907    
0.3866762300    0.0157309610    0.0004162854    
0.3869178200    0.0159217750    0.0004210401    
0.3871594000    0.0164483560    0.0004330014    
0.3874009900    0.0161837550    0.0004306872    
0.3876425800    0.0161112220    0.0004329159    
0.3878841700    0.0157549210    0.0004299107    
0.3881257600    0.0162468910    0.0004392656    
0.3883673500    0.0160004130    0.0004390684    
0.3886089400    0.0154567110    0.0004340677    
0.3888505200    0.0155939010    0.0004379204    
0.3890921100    0.0157649210    0.0004427231    
0.3893337000    0.0160421960    0.0004515794    
0.3895752900    0.0161446860    0.0004546446    
0.3898168800    0.0164422790    0.0004402252    
0.3900584700    0.0169335800    0.0004385408    
0.3903000600    0.0161830490    0.0004273520    
0.3905416400    0.0161548310    0.0004227912    
0.3907832300    0.0172952450    0.0004364926    
0.3910248200    0.0162222010    0.0004212493    
0.3912664100    0.0162221060    0.0004194126    
0.3915080000    0.0166591580    0.0004230066    
0.3917495900    0.0157529740    0.0004131239    
0.3919911700    0.0174930730    0.0004361020    
0.3922327600    0.0160316160    0.0004103931    
0.3924743500    0.0161858560    0.0004139348    
0.3927159400    0.0159044810    0.0004080756    
0.3929575300    0.0155797930    0.0004066293    
0.3931991200    0.0164446840    0.0004158217    
0.3934407100    0.0166723450    0.0004179859    
0.3936822900    0.0162576830    0.0004141497    
0.3939238800    0.0161827050    0.0004137189    
0.3941654700    0.0154211660    0.0004038671    
0.3944070600    0.0160179420    0.0004124830    
0.3946486500    0.0157906070    0.0004105960    
0.3948902400    0.0156693080    0.0004060715    
0.3951318300    0.0165043700    0.0004164001    
0.3953734100    0.0162333990    0.0004136653    
0.3956150000    0.0158181910    0.0004093803    
0.3958565900    0.0157983980    0.0004079129    
0.3960981800    0.0153250820    0.0004032916    
0.3963397700    0.0162784670    0.0004167122    
0.3965813600    0.0167371660    0.0004225425    
0.3968229500    0.0170995360    0.0004285611    
0.3970645300    0.0157955890    0.0004129654    
0.3973061200    0.0158818610    0.0004121337    
0.3975477100    0.0156276190    0.0004076000    
0.3977893000    0.0157270240    0.0004104720    
0.3980308900    0.0161460800    0.0004153697    
0.3982724800    0.0159948550    0.0004139524    
0.3985140700    0.0161694450    0.0004163844    
0.3987556500    0.0162790470    0.0004185135    
0.3989972400    0.0159150680    0.0004132738    
0.3992388300    0.0157289650    0.0004133480    
0.3994804200    0.0158021010    0.0004141276    
0.3997220100    0.0151596380    0.0004079360    
0.3999636000    0.0158995070    0.0004134277    
0.4002051800    0.0161711060    0.0004189349    
0.4004467700    0.0159717400    0.0004141873    
0.4006883600    0.0166087840    0.0004253074    
0.4009299500    0.0164379930    0.0004232999    
0.4011715400    0.0160768330    0.0004191738    
0.4014131300    0.0166743790    0.0004272674    
0.4016547200    0.0162977990    0.0004252243    
0.4018963000    0.0160472680    0.0004202641    
0.4021378900    0.0163545460    0.0004278715    
0.4023794800    0.0154969500    0.0004129951    
0.4026210700    0.0159022660    0.0004189161    
0.4028626600    0.0162211330    0.0004217908    
0.4031042500    0.0162952810    0.0004244369    
0.4033458400    0.0158088550    0.0004180540    
0.4035874200    0.0158374930    0.0004216217    
0.4038290100    0.0164673470    0.0004281930    
0.4040706000    0.0158224070    0.0004204757    
0.4043121900    0.0160942130    0.0004256001    
0.4045537800    0.0157292020    0.0004218900    
0.4047953700    0.0159169700    0.0004269264    
0.4050369600    0.0154254380    0.0004155401    
0.4052785400    0.0155708400    0.0004190011    
0.4055201300    0.0155680390    0.0004187742    
0.4057617200    0.0164748140    0.0004335477    
0.4060033100    0.0162101360    0.0004273230    
0.4062449000    0.0153673190    0.0004194902    
0.4064864900    0.0155392630    0.0004210580    
0.4067280800    0.0158147440    0.0004263369    
0.4069696600    0.0161672230    0.0004328609    
0.4072112500    0.0151790850    0.0004209921    
0.4074528400    0.0158487700    0.0004311892    
0.4076944300    0.0158922570    0.0004293637    
0.4079360200    0.0160545200    0.0004301518    
0.4081776100    0.0154105200    0.0004231999    
0.4084191900    0.0160514480    0.0004327180    
0.4086607800    0.0160943180    0.0004316832    
0.4089023700    0.0164385280    0.0004399671    
0.4091439600    0.0160837260    0.0004358109    
0.4093855500    0.0154602030    0.0004282950    
0.4096271400    0.0154177040    0.0004289320    
0.4098687300    0.0162211010    0.0004466403    
0.4101103100    0.0159543500    0.0004326231    
0.4103519000    0.0161849840    0.0004396860    
0.4105934900    0.0153973670    0.0004280351    
0.4108350800    0.0171239800    0.0004537846    
0.4110766700    0.0150411300    0.0004250875    
0.4113182600    0.0160901920    0.0004413659    
0.4115598500    0.0157126980    0.0004376474    
0.4118014300    0.0154556790    0.0004357604    
0.4120430200    0.0157126980    0.0004376474    
0.4122846100    0.0165897110    0.0004537045    
0.4125262000    0.0161796120    0.0004525876    
0.4127677900    0.0145465330    0.0004215059    
0.4130093800    0.0157109760    0.0004399953    
0.4132509700    0.0157576880    0.0004413035    
0.4134925500    0.0161209350    0.0004497163    
0.4137341400    0.0155004610    0.0004396520    
0.4139757300    0.0154772010    0.0004422057    
0.4142173200    0.0160849340    0.0004485376    
0.4144589100    0.0151505930    0.0004397484    
0.4147005000    0.0163599890    0.0004560304    
0.4149420800    0.0164374060    0.0004608820    
0.4151836700    0.0153636980    0.0004435118    
0.4154252600    0.0166143010    0.0004581622    
0.4156668500    0.0161664590    0.0004485495    
0.4159084400    0.0154072950    0.0004378911    
0.4161500300    0.0157114650    0.0004408743    
0.4163916200    0.0163253040    0.0004498507    
0.4166332000    0.0154007600    0.0004345576    
0.4168747900    0.0157736470    0.0004384953    
0.4171163800    0.0155877520    0.0004400091    
0.4173579700    0.0161328640    0.0004445479    
0.4175995600    0.0158688690    0.0004477660    
0.4178411500    0.0156366550    0.0004372286    
0.4180827400    0.0156462260    0.0004388709    
0.4183243200    0.0150707400    0.0004320055    
0.4185659100    0.0151361590    0.0004342377    
0.4188075000    0.0166642720    0.0004554032    
0.4190490900    0.0148430740    0.0004328328    
0.4192906800    0.0157074160    0.0004448069    
0.4195322700    0.0159654430    0.0004521138    
0.4197738600    0.0165799910    0.0004607331    
0.4200154400    0.0158095030    0.0004541161    
0.4202570300    0.0153489470    0.0004481564    
0.4204986200    0.0152069330    0.0004430666    
0.4207402100    0.0163172520    0.0004620764    
0.4209818000    0.0162073690    0.0004585971    
0.4212233900    0.0157780870    0.0004550950    
0.4214649800    0.0160859000    0.0004607269    
0.4217065600    0.0169011030    0.0004735113    
0.4219481500    0.0155810770    0.0004561021    
0.4221897400    0.0163755570    0.0004696013    
0.4224313300    0.0158202010    0.0004650989    
0.4226729200    0.0144890560    0.0004460811    
0.4229145100    0.0147626200    0.0004515175    
0.4231560900    0.0160468200    0.0004689327    
0.4233976800    0.0153987060    0.0004601243    
0.4236392700    0.0158233000    0.0004682352    
0.4238808600    0.0160271390    0.0004728201    
0.4241224500    0.0160730150    0.0004737614    
0.4243640400    0.0156338590    0.0004709506    
0.4246056300    0.0158478450    0.0004752453    
0.4248472100    0.0159981460    0.0004799684    
0.4250888000    0.0153992490    0.0004725386    
0.4253303900    0.0156101810    0.0004831230    
0.4255719800    0.0159147680    0.0004809426    
0.4258135700    0.0155184730    0.0004757493    
0.4260551600    0.0167011630    0.0004979325    
0.4262967500    0.0151055810    0.0004715891    
0.4265383300    0.0158575400    0.0004875206    
0.4267799200    0.0154364150    0.0004833329    
0.4270215100    0.0166721180    0.0005010914    
0.4272631000    0.0157146070    0.0004915617    
0.4275046900    0.0158979560    0.0004965687    
0.4277462800    0.0156550940    0.0004980549    
0.4279878700    0.0157281820    0.0005024184    
0.4282294500    0.0148073840    0.0004819393    
0.4284710400    0.0161165520    0.0005043816    
0.4287126300    0.0155997270    0.0004990795    
0.4289542200    0.0166537530    0.0005176568    
0.4291958100    0.0161398180    0.0005119240    
0.4294374000    0.0158606410    0.0005121668    
0.4296789900    0.0154604210    0.0005039953    
0.4299205700    0.0152730600    0.0005062970    
0.4301621600    0.0161701520    0.0005262936    
0.4304037500    0.0163563450    0.0005315098    
0.4306453400    0.0156142470    0.0005251640    
0.4308869300    0.0159102570    0.0005231260    
0.4311285200    0.0148040100    0.0005077734    
0.4313701000    0.0159498470    0.0005307777    
0.4316116900    0.0150286510    0.0005185377    
0.4318532800    0.0150794070    0.0005209095    
0.4320948700    0.0150408140    0.0005236539    
0.4323364600    0.0149568190    0.0005268315    
0.4325780500    0.0164516520    0.0005558498    
0.4328196400    0.0155638810    0.0005451790    
0.4330612200    0.0152282240    0.0005477212    
0.4333028100    0.0166857570    0.0005719804    
0.4335444000    0.0153149670    0.0005462668    
0.4337859900    0.0153070250    0.0005491365    
0.4340275800    0.0154126090    0.0005554319    
0.4342691700    0.0148989320    0.0005514342    
0.4345107600    0.0157431120    0.0005710627    
0.4347523400    0.0157969840    0.0005749111    
0.4349939300    0.0158963150    0.0005816158    
0.4352355200    0.0162616690    0.0005969846    
0.4354771100    0.0163071870    0.0006031431    
0.4357187000    0.0162624460    0.0006151022    
0.4359602900    0.0157684800    0.0005968458    
0.4362018800    0.0155705280    0.0005979825    
0.4364434600    0.0159665200    0.0006100494    
0.4366850500    0.0147157940    0.0005929162    
0.4369266400    0.0154768510    0.0006175936    
0.4371682300    0.0148549420    0.0006074637    
0.4374098200    0.0151332430    0.0006224984    
0.4376514100    0.0152267730    0.0006322573    
0.4378930000    0.0164919770    0.0006671940    
0.4381345800    0.0161050140    0.0006710423    
0.4383761700    0.0173245690    0.0007096420    
0.4386177600    0.0159528710    0.0006693676    
0.4388593500    0.0164629810    0.0006901641    
0.4391009400    0.0158793220    0.0006891039    
0.4393425300    0.0156952540    0.0006943172    
0.4395841100    0.0163071870    0.0007220944    
0.4398257000    0.0157218400    0.0007259671    
0.4400672900    0.0148105480    0.0007192638    
0.4403088800    0.0166886080    0.0007858359    
0.4405504700    0.0153997090    0.0007807963    
0.4407920600    0.0155127600    0.0008153325    
0.4410336500    0.0145561260    0.0008124437    
0.4412752300    0.0149368350    0.0008260089    
0.4415168200    0.0178217860    0.0009485580    
0.4417584100    0.0171232620    0.0012623436    
0.4420000000    0.0152652470    0.0018116515    