# Diamond Light Source Ltd.
# Data extracted from: /dls/b21/data/2017/mx13440-2/processed/b21-369037_00158.dat
q(1/A)          Column          Error           
0.0040000000    0.8373820100    0.0213177160    
0.0042415885    0.8372567700    0.0200486640    
0.0044831771    0.6565552500    0.0165279040    
0.0047247656    0.5304866600    0.0143848390    
0.0049663541    0.4209220900    0.0120807080    
0.0052079426    0.3953869400    0.0120479860    
0.0054495312    0.2789735700    0.0093302720    
0.0056911197    0.2779334000    0.0087802500    
0.0059327082    0.1988804900    0.0074273279    
0.0061742967    0.1750032800    0.0066767917    
0.0064158853    0.1477873400    0.0060740223    
0.0066574738    0.1381940000    0.0055500047    
0.0068990623    0.1223239800    0.0052688669    
0.0071406509    0.1029220800    0.0047474414    
0.0073822394    0.0898297560    0.0042873404    
0.0076238279    0.0787928710    0.0039200919    
0.0078654164    0.0736842950    0.0038515398    
0.0081070050    0.0716360500    0.0035998470    
0.0083485935    0.0607234330    0.0032004059    
0.0085901820    0.0605293400    0.0032170981    
0.0088317705    0.0565744370    0.0030283602    
0.0090733591    0.0528086270    0.0029070192    
0.0093149476    0.0494823690    0.0027116171    
0.0095565361    0.0500767520    0.0027278545    
0.0097981247    0.0424983710    0.0025129814    
0.0100397130    0.0436871370    0.0024614913    
0.0102813020    0.0380266770    0.0023492960    
0.0105228900    0.0355356010    0.0021274608    
0.0107644790    0.0365359680    0.0021795531    
0.0110060670    0.0357159330    0.0021009373    
0.0112476560    0.0294918770    0.0018997388    
0.0114892440    0.0309079060    0.0019168270    
0.0117308330    0.0326181590    0.0019598352    
0.0119724210    0.0282849880    0.0017997307    
0.0122140100    0.0257512340    0.0017016894    
0.0124555980    0.0289837180    0.0017509704    
0.0126971870    0.0292372090    0.0018132147    
0.0129387760    0.0270779720    0.0016509731    
0.0131803640    0.0260042480    0.0016446530    
0.0134219530    0.0274798380    0.0016306284    
0.0136635410    0.0255491740    0.0015784332    
0.0139051300    0.0250615940    0.0015632993    
0.0141467180    0.0255229750    0.0015418993    
0.0143883070    0.0236977840    0.0014640540    
0.0146298950    0.0246022800    0.0014917323    
0.0148714840    0.0246887390    0.0015052990    
0.0151130720    0.0227191070    0.0014283380    
0.0153546610    0.0258794280    0.0014674877    
0.0155962490    0.0232658410    0.0014055409    
0.0158378380    0.0254503910    0.0014362487    
0.0160794260    0.0232619820    0.0013731114    
0.0163210150    0.0231809300    0.0013405878    
0.0165626030    0.0235145510    0.0013760850    
0.0168041920    0.0222733390    0.0012902599    
0.0170457800    0.0232998060    0.0013276297    
0.0172873690    0.0209279700    0.0012506854    
0.0175289580    0.0229699060    0.0013025039    
0.0177705460    0.0219683890    0.0012517651    
0.0180121350    0.0222445280    0.0012454544    
0.0182537230    0.0213490610    0.0012067203    
0.0184953120    0.0223862660    0.0012323234    
0.0187369000    0.0218435680    0.0012172945    
0.0189784890    0.0217470580    0.0011828840    
0.0192200770    0.0229058700    0.0012332106    
0.0194616660    0.0217490070    0.0011709272    
0.0197032540    0.0210594400    0.0011610445    
0.0199448430    0.0209954300    0.0011592787    
0.0201864310    0.0202990740    0.0011312231    
0.0204280200    0.0209649780    0.0011270842    
0.0206696080    0.0180754060    0.0010316179    
0.0209111970    0.0191842180    0.0010860925    
0.0211527850    0.0195898670    0.0010639755    
0.0213943740    0.0199132060    0.0010752121    
0.0216359620    0.0202759880    0.0010900439    
0.0218775510    0.0178812470    0.0010188786    
0.0221191400    0.0201503770    0.0010620181    
0.0223607280    0.0201038150    0.0010537262    
0.0226023170    0.0198071790    0.0010773685    
0.0228439050    0.0185355600    0.0009964779    
0.0230854940    0.0183496640    0.0009893476    
0.0233270820    0.0198119170    0.0010258222    
0.0235686710    0.0199605020    0.0010362976    
0.0238102590    0.0198062110    0.0010107315    
0.0240518480    0.0189013730    0.0009813104    
0.0242934360    0.0208208800    0.0010449700    
0.0245350250    0.0193880850    0.0009958990    
0.0247766130    0.0188493950    0.0009759847    
0.0250182020    0.0186199010    0.0009799948    
0.0252597900    0.0183790650    0.0009503588    
0.0255013790    0.0202228380    0.0009891314    
0.0257429670    0.0167560450    0.0009021151    
0.0259845560    0.0182247260    0.0009300267    
0.0262261450    0.0187710660    0.0009492936    
0.0264677330    0.0195207830    0.0009570851    
0.0267093220    0.0203411010    0.0009697239    
0.0269509100    0.0200554110    0.0009682844    
0.0271924990    0.0184697330    0.0009223344    
0.0274340870    0.0188627830    0.0009372992    
0.0276756760    0.0186554660    0.0009168661    
0.0279172640    0.0182740640    0.0009058117    
0.0281588530    0.0166865150    0.0008548761    
0.0284004410    0.0185893220    0.0009103230    
0.0286420300    0.0177579520    0.0008727558    
0.0288836180    0.0195770930    0.0009259647    
0.0291252070    0.0200469110    0.0009178850    
0.0293667950    0.0180343940    0.0008810378    
0.0296083840    0.0174832600    0.0008571874    
0.0298499720    0.0176441030    0.0008640354    
0.0300915610    0.0205092090    0.0009284083    
0.0303331490    0.0190537090    0.0008874197    
0.0305747380    0.0183204120    0.0008588742    
0.0308163270    0.0195283510    0.0008867368    
0.0310579150    0.0178895670    0.0008528517    
0.0312995040    0.0204033330    0.0009034748    
0.0315410920    0.0176729820    0.0008368400    
0.0317826810    0.0175614810    0.0008315602    
0.0320242690    0.0200176350    0.0008795244    
0.0322658580    0.0185243000    0.0008581216    
0.0325074460    0.0187806680    0.0008492912    
0.0327490350    0.0179787170    0.0008284155    
0.0329906230    0.0168171180    0.0007927666    
0.0332322120    0.0187987070    0.0008432373    
0.0334738000    0.0185573680    0.0008266109    
0.0337153890    0.0178052620    0.0008084953    
0.0339569770    0.0181891660    0.0008183693    
0.0341985660    0.0182060510    0.0008199593    
0.0344401540    0.0192086710    0.0008312405    
0.0346817430    0.0189609860    0.0008330979    
0.0349233310    0.0185053490    0.0008194306    
0.0351649200    0.0166427190    0.0007628178    
0.0354065090    0.0175385020    0.0007875020    
0.0356480970    0.0174335920    0.0007742530    
0.0358896860    0.0192328880    0.0008223389    
0.0361312740    0.0186717620    0.0007990777    
0.0363728630    0.0180598440    0.0007837305    
0.0366144510    0.0178759400    0.0007861829    
0.0368560400    0.0180519810    0.0007782762    
0.0370976280    0.0178806070    0.0007841165    
0.0373392170    0.0198025860    0.0008173402    
0.0375808050    0.0172371020    0.0007544474    
0.0378223940    0.0193504630    0.0007993602    
0.0380639820    0.0184401320    0.0007834461    
0.0383055710    0.0191071210    0.0007820024    
0.0385471590    0.0176748250    0.0007550311    
0.0387887480    0.0190481120    0.0007868702    
0.0390303360    0.0180084380    0.0007562833    
0.0392719250    0.0179310510    0.0007536983    
0.0395135140    0.0187230590    0.0007701637    
0.0397551020    0.0181467110    0.0007730759    
0.0399966910    0.0180669120    0.0007425455    
0.0402382790    0.0181190890    0.0007491321    
0.0404798680    0.0178838020    0.0007387730    
0.0407214560    0.0190187680    0.0007694170    
0.0409630450    0.0168537680    0.0007128384    
0.0412046330    0.0181279490    0.0007437988    
0.0414462220    0.0197132200    0.0007690860    
0.0416878100    0.0185284940    0.0007447231    
0.0419293990    0.0174091600    0.0007210137    
0.0421709870    0.0201610130    0.0007731396    
0.0424125760    0.0191570860    0.0007572503    
0.0426541640    0.0186069470    0.0007349302    
0.0428957530    0.0184175540    0.0007320321    
0.0431373410    0.0176199950    0.0007151735    
0.0433789300    0.0178642030    0.0007151405    
0.0436205180    0.0178111290    0.0007124451    
0.0438621070    0.0172057460    0.0007018370    
0.0441036960    0.0172981680    0.0007021110    
0.0443452840    0.0185687860    0.0007216964    
0.0445868730    0.0180073450    0.0007179999    
0.0448284610    0.0187928690    0.0007244118    
0.0450700500    0.0177674960    0.0007283963    
0.0453116380    0.0173428330    0.0007213668    
0.0455532270    0.0187071780    0.0007708158    
0.0457948150    0.0195784270    0.0007875598    
0.0460364040    0.0173538550    0.0007433575    
0.0462779920    0.0194128550    0.0007985382    
0.0465195810    0.0167193630    0.0007410727    
0.0467611690    0.0189051570    0.0007911562    
0.0470027580    0.0186733950    0.0007862918    
0.0472443460    0.0179989620    0.0007877932    
0.0474859350    0.0175623300    0.0007686823    
0.0477275230    0.0183639860    0.0007924645    
0.0479691120    0.0177629020    0.0007804571    
0.0482107000    0.0183209760    0.0008003556    
0.0484522890    0.0186366180    0.0008027360    
0.0486938780    0.0174608300    0.0007824385    
0.0489354660    0.0197103380    0.0008336585    
0.0491770550    0.0178933280    0.0008034341    
0.0494186430    0.0176135440    0.0007814746    
0.0496602320    0.0187722000    0.0007842199    
0.0499018200    0.0170672780    0.0007371941    
0.0501434090    0.0190466670    0.0007661693    
0.0503849970    0.0189799530    0.0007573826    
0.0506265860    0.0181719420    0.0007357604    
0.0508681740    0.0185902710    0.0007406541    
0.0511097630    0.0181822680    0.0007290425    
0.0513513510    0.0171874580    0.0006958998    
0.0515929400    0.0188830850    0.0007412259    
0.0518345280    0.0199205450    0.0007491892    
0.0520761170    0.0183915490    0.0007281284    
0.0523177050    0.0182074960    0.0007028926    
0.0525592940    0.0179200380    0.0007105757    
0.0528008830    0.0175069280    0.0006840523    
0.0530424710    0.0186423560    0.0007081645    
0.0532840600    0.0189492790    0.0007101543    
0.0535256480    0.0180710120    0.0006935018    
0.0537672370    0.0185791360    0.0006972625    
0.0540088250    0.0185259740    0.0006977285    
0.0542504140    0.0180737810    0.0006920808    
0.0544920020    0.0180846240    0.0006864829    
0.0547335910    0.0176957300    0.0006741536    
0.0549751790    0.0182645350    0.0006821016    
0.0552167680    0.0178168980    0.0006743795    
0.0554583560    0.0190975200    0.0006904723    
0.0556999450    0.0186610210    0.0006804974    
0.0559415330    0.0172886310    0.0006596024    
0.0561831220    0.0181556930    0.0006692277    
0.0564247100    0.0184410480    0.0006724758    
0.0566662990    0.0178106290    0.0006582998    
0.0569078870    0.0189836180    0.0006863542    
0.0571494760    0.0182972580    0.0006672324    
0.0573910650    0.0173663150    0.0006401309    
0.0576326530    0.0168663250    0.0006356735    
0.0578742420    0.0177326100    0.0006505464    
0.0581158300    0.0174467520    0.0006391995    
0.0583574190    0.0173815310    0.0006368100    
0.0585990070    0.0192775540    0.0006744362    
0.0588405960    0.0182411720    0.0006548199    
0.0590821840    0.0179270690    0.0006431300    
0.0593237730    0.0177486240    0.0006417029    
0.0595653610    0.0183490650    0.0006549062    
0.0598069500    0.0173361650    0.0006227334    
0.0600485380    0.0184743220    0.0006463347    
0.0602901270    0.0171033380    0.0006224542    
0.0605317150    0.0167174170    0.0006120681    
0.0607733040    0.0184565380    0.0006402502    
0.0610148920    0.0181169160    0.0006377457    
0.0612564810    0.0180221950    0.0006332354    
0.0614980690    0.0176537930    0.0006206743    
0.0617396580    0.0169317600    0.0006215845    
0.0619812470    0.0181536220    0.0006430343    
0.0622228350    0.0180595990    0.0006373094    
0.0624644240    0.0189558500    0.0006482764    
0.0627060120    0.0182048510    0.0006404444    
0.0629476010    0.0170458560    0.0006236753    
0.0631891890    0.0187005280    0.0006491048    
0.0634307780    0.0185555890    0.0006436863    
0.0636723660    0.0184332970    0.0006409885    
0.0639139550    0.0192560990    0.0006539714    
0.0641555430    0.0184403640    0.0006332447    
0.0643971320    0.0177586380    0.0006274706    
0.0646387200    0.0179963640    0.0006201957    
0.0648803090    0.0180054500    0.0006257326    
0.0651218970    0.0174372200    0.0006038016    
0.0653634860    0.0173644690    0.0006071344    
0.0656050740    0.0175720080    0.0006091997    
0.0658466630    0.0179181030    0.0006120707    
0.0660882520    0.0188062720    0.0006254873    
0.0663298400    0.0183264720    0.0006184885    
0.0665714290    0.0181444210    0.0006123445    
0.0668130170    0.0182653840    0.0006164268    
0.0670546060    0.0179108010    0.0006068843    
0.0672961940    0.0181519850    0.0006084559    
0.0675377830    0.0173584630    0.0005902054    
0.0677793710    0.0166494950    0.0005817804    
0.0680209600    0.0183162510    0.0006028867    
0.0682625480    0.0184845480    0.0006061322    
0.0685041370    0.0181503070    0.0005987234    
0.0687457250    0.0173124870    0.0005927683    
0.0689873140    0.0180339870    0.0005958597    
0.0692289020    0.0184474300    0.0006026513    
0.0694704910    0.0184380360    0.0006020232    
0.0697120790    0.0178538090    0.0005905515    
0.0699536680    0.0189498250    0.0006112847    
0.0701952560    0.0177386710    0.0005909608    
0.0704368450    0.0185447440    0.0006061539    
0.0706784340    0.0175112100    0.0005947119    
0.0709200220    0.0181773410    0.0006005963    
0.0711616110    0.0191589390    0.0006161099    
0.0714031990    0.0190250430    0.0006188847    
0.0716447880    0.0172390380    0.0005919910    
0.0718863760    0.0176251930    0.0005904662    
0.0721279650    0.0183056960    0.0005961155    
0.0723695530    0.0192415430    0.0006078635    
0.0726111420    0.0193452160    0.0006132846    
0.0728527300    0.0182226440    0.0005866077    
0.0730943190    0.0184933280    0.0005950131    
0.0733359070    0.0188365320    0.0005968583    
0.0735774960    0.0189422090    0.0006008104    
0.0738190840    0.0193294360    0.0006005363    
0.0740606730    0.0181608050    0.0005834091    
0.0743022610    0.0191266130    0.0005991713    
0.0745438500    0.0171511770    0.0005648439    
0.0747854380    0.0183859520    0.0005788160    
0.0750270270    0.0184452680    0.0005844607    
0.0752686160    0.0179192220    0.0005689359    
0.0755102040    0.0183697930    0.0005768798    
0.0757517930    0.0187778040    0.0005853790    
0.0759933810    0.0192888170    0.0005839736    
0.0762349700    0.0168906660    0.0005535692    
0.0764765580    0.0190346640    0.0005821788    
0.0767181470    0.0186431590    0.0005753404    
0.0769597350    0.0190901770    0.0005776951    
0.0772013240    0.0187665800    0.0005715783    
0.0774429120    0.0182920490    0.0005615710    
0.0776845010    0.0193557100    0.0005752888    
0.0779260890    0.0188875240    0.0005718243    
0.0781676780    0.0180827350    0.0005556690    
0.0784092660    0.0179857950    0.0005553182    
0.0786508550    0.0192965580    0.0005705147    
0.0788924430    0.0182072720    0.0005594959    
0.0791340320    0.0180786050    0.0005537150    
0.0793756210    0.0180239280    0.0005543856    
0.0796172090    0.0179460640    0.0005476046    
0.0798587980    0.0191062040    0.0005703980    
0.0801003860    0.0186720420    0.0005634958    
0.0803419750    0.0179047000    0.0005440675    
0.0805835630    0.0187986560    0.0005619682    
0.0808251520    0.0191838050    0.0005669334    
0.0810667400    0.0181282770    0.0005511158    
0.0813083290    0.0183549770    0.0005479708    
0.0815499170    0.0187483260    0.0005619723    
0.0817915060    0.0187313690    0.0005579658    
0.0820330940    0.0192194110    0.0005592617    
0.0822746830    0.0182895410    0.0005469932    
0.0825162710    0.0183340080    0.0005451627    
0.0827578600    0.0178501320    0.0005396756    
0.0829994480    0.0180313790    0.0005354543    
0.0832410370    0.0181941590    0.0005441405    
0.0834826250    0.0176338620    0.0005295191    
0.0837242140    0.0179310510    0.0005329452    
0.0839658030    0.0179747730    0.0005349540    
0.0842073910    0.0191581110    0.0005505295    
0.0844489800    0.0190276890    0.0005452082    
0.0846905680    0.0184537170    0.0005329350    
0.0849321570    0.0182429800    0.0005358634    
0.0851737450    0.0193295040    0.0005447633    
0.0854153340    0.0181867820    0.0005316954    
0.0856569220    0.0177570040    0.0005218136    
0.0858985110    0.0186055990    0.0005398032    
0.0861400990    0.0180636880    0.0005263005    
0.0863816880    0.0190011240    0.0005417847    
0.0866232760    0.0178830720    0.0005298833    
0.0868648650    0.0191972540    0.0005418976    
0.0871064530    0.0178380800    0.0005239700    
0.0873480420    0.0186018740    0.0005308325    
0.0875896300    0.0181294010    0.0005253244    
0.0878312190    0.0189204630    0.0005360098    
0.0880728080    0.0187909780    0.0005325553    
0.0883143960    0.0185873840    0.0005293425    
0.0885559850    0.0181915850    0.0005255840    
0.0887975730    0.0175650860    0.0005139595    
0.0890391620    0.0184746220    0.0005274160    
0.0892807500    0.0180578480    0.0005195562    
0.0895223390    0.0188495150    0.0005295560    
0.0897639270    0.0180769290    0.0005152235    
0.0900055160    0.0169525570    0.0005001211    
0.0902471040    0.0180312650    0.0005179346    
0.0904886930    0.0185768990    0.0005210752    
0.0907302810    0.0183711480    0.0005136899    
0.0909718700    0.0185668470    0.0005255704    
0.0912134580    0.0187302570    0.0005192842    
0.0914550470    0.0189077040    0.0005284864    
0.0916966350    0.0189894000    0.0005228641    
0.0919382240    0.0196871180    0.0005342349    
0.0921798120    0.0184224590    0.0005135211    
0.0924214010    0.0187373730    0.0005178916    
0.0926629900    0.0187089070    0.0005145560    
0.0929045780    0.0182318670    0.0005132175    
0.0931461670    0.0180594210    0.0005049734    
0.0933877550    0.0189709990    0.0005184417    
0.0936293440    0.0185945250    0.0005153231    
0.0938709320    0.0179411540    0.0005050341    
0.0941125210    0.0186950720    0.0005114744    
0.0943541090    0.0182053060    0.0005047302    
0.0945956980    0.0185756330    0.0005106975    
0.0948372860    0.0189037560    0.0005126001    
0.0950788750    0.0187437930    0.0005090115    
0.0953204630    0.0190991910    0.0005158177    
0.0955620520    0.0183828920    0.0005052076    
0.0958036400    0.0189842470    0.0005108537    
0.0960452290    0.0187230590    0.0005073273    
0.0962868170    0.0194442430    0.0005192985    
0.0965284060    0.0182556690    0.0005009550    
0.0967699940    0.0185580980    0.0005050874    
0.0970115830    0.0197262000    0.0005153765    
0.0972531720    0.0186349660    0.0005025477    
0.0974947600    0.0194600800    0.0005129963    
0.0977363490    0.0187633230    0.0005018295    
0.0979779370    0.0193383700    0.0005113896    
0.0982195260    0.0201716250    0.0005225739    
0.0984611140    0.0190508290    0.0005048460    
0.0987027030    0.0196682610    0.0005135124    
0.0989442910    0.0196894100    0.0005140645    
0.0991858800    0.0201899650    0.0005188868    
0.0994274680    0.0196618560    0.0005098812    
0.0996690570    0.0198512680    0.0005088396    
0.0999106450    0.0205648880    0.0005220120    
0.1001522300    0.0194599810    0.0005037998    
0.1003938200    0.0202209030    0.0005154437    
0.1006354100    0.0202214240    0.0005132936    
0.1008770000    0.0214052580    0.0005292109    
0.1011185900    0.0206333080    0.0005195807    
0.1013601800    0.0210044400    0.0005247831    
0.1016017700    0.0205015870    0.0005149592    
0.1018433500    0.0205554710    0.0005272367    
0.1020849400    0.0212528260    0.0005435168    
0.1023265300    0.0216176490    0.0005524855    
0.1025681200    0.0216653530    0.0005503005    
0.1028097100    0.0215808260    0.0005574004    
0.1030513000    0.0227315180    0.0005740575    
0.1032928800    0.0216995450    0.0005661607    
0.1035344700    0.0222893550    0.0005661502    
0.1037760600    0.0222415360    0.0005752335    
0.1040176500    0.0224886740    0.0005808487    
0.1042592400    0.0225944530    0.0005839705    
0.1045008300    0.0211911320    0.0005621563    
0.1047424200    0.0210311730    0.0005651173    
0.1049840000    0.0212838700    0.0005712890    
0.1052255900    0.0195947960    0.0005498432    
0.1054671800    0.0198737230    0.0005503518    
0.1057087700    0.0195727020    0.0005498731    
0.1059503600    0.0202171680    0.0005609391    
0.1061919500    0.0196945750    0.0005532970    
0.1064335400    0.0193442030    0.0005348684    
0.1066751200    0.0184361150    0.0005143016    
0.1069167100    0.0188871080    0.0005190647    
0.1071583000    0.0187508580    0.0005105228    
0.1073998900    0.0194134370    0.0005177377    
0.1076414800    0.0192904240    0.0005198461    
0.1078830700    0.0187026410    0.0005045562    
0.1081246600    0.0193292500    0.0005160433    
0.1083662400    0.0183132610    0.0004960412    
0.1086078300    0.0179884170    0.0004970010    
0.1088494200    0.0187163690    0.0005003948    
0.1090910100    0.0185367590    0.0004966589    
0.1093326000    0.0185123910    0.0004937077    
0.1095741900    0.0183987640    0.0004934933    
0.1098157700    0.0187879340    0.0004937359    
0.1100573600    0.0191180600    0.0005017189    
0.1102989500    0.0194280030    0.0005012948    
0.1105405400    0.0188264290    0.0004932172    
0.1107821300    0.0188860950    0.0004963155    
0.1110237200    0.0191067280    0.0004943232    
0.1112653100    0.0190886410    0.0004992307    
0.1115068900    0.0185327840    0.0004848591    
0.1117484800    0.0178694240    0.0004753784    
0.1119900700    0.0183780780    0.0004801548    
0.1122316600    0.0189251970    0.0004889726    
0.1124732500    0.0182919970    0.0004780690    
0.1127148400    0.0191158500    0.0004882278    
0.1129564300    0.0181956480    0.0004780060    
0.1131980100    0.0194192680    0.0004913516    
0.1134396000    0.0193540320    0.0004917516    
0.1136811900    0.0186857620    0.0004819826    
0.1139227800    0.0190437430    0.0004846505    
0.1141643700    0.0178175940    0.0004653525    
0.1144059600    0.0193191790    0.0004848009    
0.1146475500    0.0188398860    0.0004813366    
0.1148891300    0.0185132260    0.0004711492    
0.1151307200    0.0190231660    0.0004827220    
0.1153723100    0.0185974000    0.0004717661    
0.1156139000    0.0191731910    0.0004829657    
0.1158554900    0.0182704660    0.0004664842    
0.1160970800    0.0176839010    0.0004636034    
0.1163386700    0.0177904920    0.0004611970    
0.1165802500    0.0176848770    0.0004593862    
0.1168218400    0.0189821200    0.0004727834    
0.1170634300    0.0188174410    0.0004711728    
0.1173050200    0.0179874250    0.0004619760    
0.1175466100    0.0177910350    0.0004581425    
0.1177882000    0.0182384890    0.0004614752    
0.1180297800    0.0181971300    0.0004611674    
0.1182713700    0.0183753530    0.0004653853    
0.1185129600    0.0181228480    0.0004595802    
0.1187545500    0.0178812470    0.0004556564    
0.1189961400    0.0185784570    0.0004635930    
0.1192377300    0.0182139380    0.0004564911    
0.1194793200    0.0184150010    0.0004583740    
0.1197209000    0.0193226080    0.0004697487    
0.1199624900    0.0188311530    0.0004628901    
0.1202040800    0.0183922230    0.0004541636    
0.1204456700    0.0183100500    0.0004583245    
0.1206872600    0.0187230590    0.0004584361    
0.1209288500    0.0183700080    0.0004573958    
0.1211704400    0.0186610430    0.0004587086    
0.1214120200    0.0179338350    0.0004480659    
0.1216536100    0.0180543780    0.0004485646    
0.1218952000    0.0182930240    0.0004491199    
0.1221367900    0.0191592590    0.0004629137    
0.1223783800    0.0179118920    0.0004446130    
0.1226199700    0.0184062840    0.0004523098    
0.1228615600    0.0186176550    0.0004544949    
0.1231031400    0.0179865410    0.0004463285    
0.1233447300    0.0185792050    0.0004534212    
0.1235863200    0.0179080420    0.0004471425    
0.1238279100    0.0179531690    0.0004427823    
0.1240695000    0.0183699980    0.0004467220    
0.1243110900    0.0186036650    0.0004493587    
0.1245526800    0.0184611980    0.0004488071    
0.1247942600    0.0184437700    0.0004451071    
0.1250358500    0.0182029740    0.0004441071    
0.1252774400    0.0181458860    0.0004424510    
0.1255190300    0.0177088260    0.0004359612    
0.1257606200    0.0176522420    0.0004369581    
0.1260022100    0.0178268570    0.0004387340    
0.1262437900    0.0179938670    0.0004392670    
0.1264853800    0.0188139730    0.0004485880    
0.1267269700    0.0184319170    0.0004417445    
0.1269685600    0.0178329980    0.0004346927    
0.1272101500    0.0184475640    0.0004421195    
0.1274517400    0.0180785470    0.0004406781    
0.1276933300    0.0190411050    0.0004455965    
0.1279349100    0.0191021110    0.0004516232    
0.1281765000    0.0182446160    0.0004404292    
0.1284180900    0.0181709890    0.0004371260    
0.1286596800    0.0182364710    0.0004392099    
0.1289012700    0.0177039020    0.0004312897    
0.1291428600    0.0190343180    0.0004481455    
0.1293844500    0.0185569080    0.0004389786    
0.1296260300    0.0180365990    0.0004347747    
0.1298676200    0.0179632370    0.0004338895    
0.1301092100    0.0179085610    0.0004310626    
0.1303508000    0.0182016830    0.0004334963    
0.1305923900    0.0186967250    0.0004437786    
0.1308339800    0.0177701510    0.0004313703    
0.1310755700    0.0182869140    0.0004357734    
0.1313171500    0.0181077470    0.0004327343    
0.1315587400    0.0180319040    0.0004312915    
0.1318003300    0.0181472040    0.0004339251    
0.1320419200    0.0189526950    0.0004398099    
0.1322835100    0.0191192320    0.0004435551    
0.1325251000    0.0176846020    0.0004264136    
0.1327666900    0.0190353660    0.0004414907    
0.1330082700    0.0177758980    0.0004266352    
0.1332498600    0.0181323450    0.0004316002    
0.1334914500    0.0184169740    0.0004371385    
0.1337330400    0.0184855460    0.0004322405    
0.1339746300    0.0188398550    0.0004374270    
0.1342162200    0.0178300350    0.0004253695    
0.1344578000    0.0178956890    0.0004275446    
0.1346993900    0.0183850240    0.0004307150    
0.1349409800    0.0185036280    0.0004345682    
0.1351825700    0.0190499450    0.0004377274    
0.1354241600    0.0188693720    0.0004363517    
0.1356657500    0.0182577640    0.0004297432    
0.1359073400    0.0182981160    0.0004328567    
0.1361489200    0.0186828590    0.0004333149    
0.1363905100    0.0175290370    0.0004193838    
0.1366321000    0.0184774280    0.0004304065    
0.1368736900    0.0187782000    0.0004338954    
0.1371152800    0.0180726420    0.0004236293    
0.1373568700    0.0174468280    0.0004178956    
0.1375984600    0.0189694810    0.0004368020    
0.1378400400    0.0182067330    0.0004272422    
0.1380816300    0.0186734480    0.0004304421    
0.1383232200    0.0186679170    0.0004326194    
0.1385648100    0.0177698480    0.0004222547    
0.1388064000    0.0179021320    0.0004207901    
0.1390479900    0.0182278950    0.0004227629    
0.1392895800    0.0171227970    0.0004138308    
0.1395311600    0.0184871770    0.0004262616    
0.1397727500    0.0187034020    0.0004287471    
0.1400143400    0.0179521380    0.0004198828    
0.1402559300    0.0181019620    0.0004258401    
0.1404975200    0.0182965320    0.0004235581    
0.1407391100    0.0189833060    0.0004317734    
0.1409806900    0.0183395320    0.0004274264    
0.1412222800    0.0185081880    0.0004251668    
0.1414638700    0.0185416620    0.0004263860    
0.1417054600    0.0185541210    0.0004232176    
0.1419470500    0.0183037020    0.0004249785    
0.1421886400    0.0185682430    0.0004238706    
0.1424302300    0.0183095850    0.0004220546    
0.1426718100    0.0184202860    0.0004241559    
0.1429134000    0.0182317550    0.0004211567    
0.1431549900    0.0178091430    0.0004172236    
0.1433965800    0.0188013160    0.0004288561    
0.1436381700    0.0186216960    0.0004239876    
0.1438797600    0.0187182390    0.0004247568    
0.1441213500    0.0185151860    0.0004231006    
0.1443629300    0.0183326940    0.0004203596    
0.1446045200    0.0187375390    0.0004253043    
0.1448461100    0.0188630350    0.0004267262    
0.1450877000    0.0182701200    0.0004173915    
0.1453292900    0.0182429800    0.0004206311    
0.1455708800    0.0180082920    0.0004156620    
0.1458124700    0.0182640160    0.0004223529    
0.1460540500    0.0181273250    0.0004140213    
0.1462956400    0.0180232210    0.0004156746    
0.1465372300    0.0189517370    0.0004249439    
0.1467788200    0.0181479150    0.0004153591    
0.1470204100    0.0180560790    0.0004147810    
0.1472620000    0.0185566950    0.0004200110    
0.1475035900    0.0183392150    0.0004169080    
0.1477451700    0.0183025300    0.0004182411    
0.1479867600    0.0186664080    0.0004198145    
0.1482283500    0.0182209080    0.0004174673    
0.1484699400    0.0183436650    0.0004171170    
0.1487115300    0.0189520870    0.0004252726    
0.1489531200    0.0182293660    0.0004120749    
0.1491947000    0.0187230590    0.0004207694    
0.1494362900    0.0180816330    0.0004114779    
0.1496778800    0.0177520240    0.0004090936    
0.1499194700    0.0192588090    0.0004254597    
0.1501610600    0.0183032170    0.0004155531    
0.1504026500    0.0181862470    0.0004120488    
0.1506442400    0.0191080720    0.0004262053    
0.1508858200    0.0185579520    0.0004184349    
0.1511274100    0.0185697050    0.0004154390    
0.1513690000    0.0189042940    0.0004191650    
0.1516105900    0.0186248850    0.0004173005    
0.1518521800    0.0181590830    0.0004114333    
0.1520937700    0.0188250660    0.0004178193    
0.1523353600    0.0190109630    0.0004201895    
0.1525769400    0.0183069910    0.0004137239    
0.1528185300    0.0189935960    0.0004209382    
0.1530601200    0.0180358030    0.0004092709    
0.1533017100    0.0184884340    0.0004165499    
0.1535433000    0.0188059040    0.0004160639    
0.1537848900    0.0180469860    0.0004074321    
0.1540264800    0.0181363750    0.0004093458    
0.1542680600    0.0189675330    0.0004183110    
0.1545096500    0.0182753130    0.0004086484    
0.1547512400    0.0188199260    0.0004166802    
0.1549928300    0.0182762840    0.0004103147    
0.1552344200    0.0182267180    0.0004093051    
0.1554760100    0.0186724680    0.0004144324    
0.1557176000    0.0180049010    0.0004084645    
0.1559591800    0.0182133060    0.0004090039    
0.1562007700    0.0186912860    0.0004119182    
0.1564423600    0.0186099150    0.0004104241    
0.1566839500    0.0182891420    0.0004109141    
0.1569255400    0.0181813510    0.0004068526    
0.1571671300    0.0184223960    0.0004096902    
0.1574087100    0.0186194170    0.0004096386    
0.1576503000    0.0185939980    0.0004140186    
0.1578918900    0.0189029150    0.0004122991    
0.1581334800    0.0184683230    0.0004099014    
0.1583750700    0.0184445640    0.0004103862    
0.1586166600    0.0181348250    0.0004164800    
0.1588582500    0.0190570580    0.0004264487    
0.1590998300    0.0186937580    0.0004272929    
0.1593414200    0.0187280080    0.0004305574    
0.1595830100    0.0188081410    0.0004338928    
0.1598246000    0.0200191170    0.0004467485    
0.1600661900    0.0189466780    0.0004388440    
0.1603077800    0.0193492130    0.0004456641    
0.1605493700    0.0191041110    0.0004435626    
0.1607909500    0.0183711600    0.0004360511    
0.1610325400    0.0185920550    0.0004414185    
0.1612741300    0.0177895280    0.0004319679    
0.1615157200    0.0179931770    0.0004362703    
0.1617573100    0.0186223110    0.0004443972    
0.1619989000    0.0184859210    0.0004463844    
0.1622404900    0.0191448210    0.0004521278    
0.1624820700    0.0184616550    0.0004484208    
0.1627236600    0.0190156060    0.0004539119    
0.1629652500    0.0184907090    0.0004470216    
0.1632068400    0.0174685560    0.0004282332    
0.1634484300    0.0179550110    0.0004273792    
0.1636900200    0.0185606910    0.0004339976    
0.1639316100    0.0194643670    0.0004415744    
0.1641731900    0.0191431270    0.0004375643    
0.1644147800    0.0175614810    0.0004157801    
0.1646563700    0.0181430750    0.0004241167    
0.1648979600    0.0187620650    0.0004277383    
0.1651395500    0.0180438310    0.0004214514    
0.1653811400    0.0184166020    0.0004232863    
0.1656227200    0.0185756330    0.0004272801    
0.1658643100    0.0186359750    0.0004246430    
0.1661059000    0.0190078380    0.0004283610    
0.1663474900    0.0183184160    0.0004176239    
0.1665890800    0.0183520220    0.0004178475    
0.1668306700    0.0181897610    0.0004180726    
0.1670722600    0.0181236920    0.0004152400    
0.1673138400    0.0184045910    0.0004182862    
0.1675554300    0.0183747660    0.0004158933    
0.1677970200    0.0184190820    0.0004182915    
0.1680386100    0.0184707520    0.0004193568    
0.1682802000    0.0186431060    0.0004187612    
0.1685217900    0.0179756310    0.0004098091    
0.1687633800    0.0180378980    0.0004100581    
0.1690049600    0.0180526920    0.0004128554    
0.1692465500    0.0177565290    0.0004042890    
0.1694881400    0.0182099700    0.0004121633    
0.1697297300    0.0172856770    0.0004003717    
0.1699713200    0.0177164420    0.0004073014    
0.1702129100    0.0177211860    0.0004035890    
0.1704545000    0.0181271360    0.0004092415    
0.1706960800    0.0185647040    0.0004158478    
0.1709376700    0.0179901600    0.0004047078    
0.1711792600    0.0179114050    0.0004053018    
0.1714208500    0.0185779190    0.0004105179    
0.1716624400    0.0183143380    0.0004101367    
0.1719040300    0.0181228740    0.0004044317    
0.1721456200    0.0185593000    0.0004109098    
0.1723872000    0.0183773460    0.0004088906    
0.1726287900    0.0183917170    0.0004086040    
0.1728703800    0.0186546760    0.0004124154    
0.1731119700    0.0185560900    0.0004092370    
0.1733535600    0.0184972620    0.0004087356    
0.1735951500    0.0176516390    0.0003969920    
0.1738367300    0.0181205390    0.0004036766    
0.1740783200    0.0181216760    0.0004018120    
0.1743199100    0.0180802070    0.0004017824    
0.1745615000    0.0174784110    0.0003941942    
0.1748030900    0.0180856780    0.0004001295    
0.1750446800    0.0178767420    0.0004022581    
0.1752862700    0.0174008090    0.0003916480    
0.1755278500    0.0178664480    0.0004024342    
0.1757694400    0.0183955160    0.0004035424    
0.1760110300    0.0182655320    0.0004028290    
0.1762526200    0.0182483890    0.0004005077    
0.1764942100    0.0174237640    0.0003917679    
0.1767358000    0.0183228240    0.0004014651    
0.1769773900    0.0178515060    0.0003954329    
0.1772189700    0.0177033990    0.0003944818    
0.1774605600    0.0178655810    0.0003974056    
0.1777021500    0.0187055280    0.0004049233    
0.1779437400    0.0176134470    0.0003930633    
0.1781853300    0.0179561540    0.0003978486    
0.1784269200    0.0184287520    0.0003994000    
0.1786685100    0.0181011310    0.0003967982    
0.1789100900    0.0182954730    0.0003975398    
0.1791516800    0.0173795060    0.0003881327    
0.1793932700    0.0184411500    0.0003999506    
0.1796348600    0.0181814820    0.0003953431    
0.1798764500    0.0188090230    0.0004021079    
0.1801180400    0.0179617490    0.0003930822    
0.1803596200    0.0179647220    0.0003957141    
0.1806012100    0.0175349060    0.0003878493    
0.1808428000    0.0181829700    0.0003948158    
0.1810843900    0.0182161090    0.0003939597    
0.1813259800    0.0183810850    0.0003964167    
0.1815675700    0.0180797860    0.0003924828    
0.1818091600    0.0178083900    0.0003892602    
0.1820507400    0.0180031050    0.0003916496    
0.1822923300    0.0179042160    0.0003897751    
0.1825339200    0.0180400470    0.0003924532    
0.1827755100    0.0182149700    0.0003927428    
0.1830171000    0.0179789540    0.0003932704    
0.1832586900    0.0180314860    0.0003899668    
0.1835002800    0.0180343070    0.0003903932    
0.1837418600    0.0174076110    0.0003825156    
0.1839834500    0.0184097370    0.0003948370    
0.1842250400    0.0181495590    0.0003912415    
0.1844666300    0.0179697590    0.0003889048    
0.1847082200    0.0174328280    0.0003827925    
0.1849498100    0.0183103600    0.0003927056    
0.1851914000    0.0177403210    0.0003885156    
0.1854329800    0.0190262660    0.0004003091    
0.1856745700    0.0185247300    0.0003953981    
0.1859161600    0.0174498910    0.0003810601    
0.1861577500    0.0182820270    0.0003900401    
0.1863993400    0.0176522130    0.0003842890    
0.1866409300    0.0175378450    0.0003812575    
0.1868825200    0.0180445950    0.0003899768    
0.1871241000    0.0179310090    0.0003856354    
0.1873656900    0.0181739830    0.0003903197    
0.1876072800    0.0182937820    0.0003886142    
0.1878488700    0.0182397470    0.0003915515    
0.1880904600    0.0182712960    0.0003909696    
0.1883320500    0.0179939100    0.0003850341    
0.1885736300    0.0173540870    0.0003788777    
0.1888152200    0.0174665880    0.0003799779    
0.1890568100    0.0180416160    0.0003872091    
0.1892984000    0.0172594200    0.0003767211    
0.1895399900    0.0174980310    0.0003805719    
0.1897815800    0.0178042880    0.0003838879    
0.1900231700    0.0173655950    0.0003791289    
0.1902647500    0.0181384780    0.0003864502    
0.1905063400    0.0175849170    0.0003829147    
0.1907479300    0.0181166940    0.0003866008    
0.1909895200    0.0182115000    0.0003860830    
0.1912311100    0.0178983080    0.0003832518    
0.1914727000    0.0173143240    0.0003765764    
0.1917142900    0.0175902000    0.0003806903    
0.1919558700    0.0181601110    0.0003835312    
0.1921974600    0.0176643510    0.0003814919    
0.1924390500    0.0176401800    0.0003818614    
0.1926806400    0.0182719990    0.0003871047    
0.1929222300    0.0177644840    0.0003823194    
0.1931638200    0.0176302730    0.0003777723    
0.1934054100    0.0180643760    0.0003856600    
0.1936469900    0.0172965400    0.0003744226    
0.1938885800    0.0177729820    0.0003815315    
0.1941301700    0.0177978620    0.0003800568    
0.1943717600    0.0174896070    0.0003786019    
0.1946133500    0.0189524190    0.0003905433    
0.1948549400    0.0176053860    0.0003789831    
0.1950965300    0.0183281600    0.0003863057    
0.1953381100    0.0180034100    0.0003826185    
0.1955797000    0.0178781330    0.0003820323    
0.1958212900    0.0173585920    0.0003743650    
0.1960628800    0.0174910130    0.0003759118    
0.1963044700    0.0185297880    0.0003862888    
0.1965460600    0.0182851640    0.0003868631    
0.1967876400    0.0179173780    0.0003789969    
0.1970292300    0.0183455450    0.0003838686    
0.1972708200    0.0178963260    0.0003808591    
0.1975124100    0.0172983900    0.0003741997    
0.1977540000    0.0173114480    0.0003742196    
0.1979955900    0.0180403840    0.0003817697    
0.1982371800    0.0179682930    0.0003818722    
0.1984787600    0.0175446840    0.0003731223    
0.1987203500    0.0181330710    0.0003815164    
0.1989619400    0.0174169860    0.0003741481    
0.1992035300    0.0179424310    0.0003790184    
0.1994451200    0.0177891100    0.0003776379    
0.1996867100    0.0177447800    0.0003764424    
0.1999283000    0.0168271030    0.0003672850    
0.2001698800    0.0171437150    0.0003712013    
0.2004114700    0.0180197310    0.0003816746    
0.2006530600    0.0175416800    0.0003735656    
0.2008946500    0.0185232820    0.0003847346    
0.2011362400    0.0178675300    0.0003753484    
0.2013778300    0.0175886920    0.0003755046    
0.2016194200    0.0179409560    0.0003764758    
0.2018610000    0.0182969010    0.0003817658    
0.2021025900    0.0189944070    0.0003893474    
0.2023441800    0.0176749480    0.0003746240    
0.2025857700    0.0173587060    0.0003716122    
0.2028273600    0.0179690020    0.0003796645    
0.2030689500    0.0183765570    0.0003825959    
0.2033105400    0.0177977340    0.0003743782    
0.2035521200    0.0177861120    0.0003758002    
0.2037937100    0.0182916880    0.0003804993    
0.2040353000    0.0179439250    0.0003777041    
0.2042768900    0.0183875200    0.0003810118    
0.2045184800    0.0181044380    0.0003765227    
0.2047600700    0.0178053780    0.0003761233    
0.2050016500    0.0172424090    0.0003704834    
0.2052432400    0.0184330560    0.0003826955    
0.2054848300    0.0182344940    0.0003790636    
0.2057264200    0.0187789240    0.0003871326    
0.2059680100    0.0178247890    0.0003731355    
0.2062096000    0.0185382270    0.0003818461    
0.2064511900    0.0183508700    0.0003791955    
0.2066927700    0.0178337430    0.0003754680    
0.2069343600    0.0180961970    0.0003777426    
0.2071759500    0.0182344940    0.0003790636    
0.2074175400    0.0181406680    0.0003778486    
0.2076591300    0.0183974740    0.0003799153    
0.2079007200    0.0182527900    0.0003814271    
0.2081423100    0.0177532760    0.0003726195    
0.2083838900    0.0182085380    0.0003781972    
0.2086254800    0.0179665710    0.0003762684    
0.2088670700    0.0191270970    0.0003873755    
0.2091086600    0.0183517570    0.0003807615    
0.2093502500    0.0177161900    0.0003725804    
0.2095918400    0.0183745750    0.0003814813    
0.2098334300    0.0183364470    0.0003803620    
0.2100750100    0.0186118950    0.0003844252    
0.2103166000    0.0180826480    0.0003792821    
0.2105581900    0.0176691760    0.0003720858    
0.2107997800    0.0180454620    0.0003781695    
0.2110413700    0.0183153540    0.0003789474    
0.2112829600    0.0176815640    0.0003749327    
0.2115245400    0.0181749140    0.0003772548    
0.2117661300    0.0181679490    0.0003795713    
0.2120077200    0.0182242480    0.0003783604    
0.2122493100    0.0176715610    0.0003759056    
0.2124909000    0.0184469070    0.0003815060    
0.2127324900    0.0176555680    0.0003757355    
0.2129740800    0.0183925130    0.0003804624    
0.2132156600    0.0177078110    0.0003733134    
0.2134572500    0.0177397210    0.0003750713    
0.2136988400    0.0182082540    0.0003797509    
0.2139404300    0.0182055870    0.0003778101    
0.2141820200    0.0174416320    0.0003714350    
0.2144236100    0.0181781130    0.0003802819    
0.2146652000    0.0179017670    0.0003769002    
0.2149067800    0.0178382260    0.0003745675    
0.2151483700    0.0183664290    0.0003858289    
0.2153899600    0.0183490960    0.0003904947    
0.2156315500    0.0176426380    0.0003866546    
0.2158731400    0.0192780060    0.0004056955    
0.2161147300    0.0180840760    0.0003978608    
0.2163563200    0.0184107880    0.0004024276    
0.2165979000    0.0187855580    0.0004095446    
0.2168394900    0.0179898730    0.0004010644    
0.2170810800    0.0174474220    0.0003994313    
0.2173226700    0.0179058370    0.0004043485    
0.2175642600    0.0174951660    0.0004018958    
0.2178058500    0.0177092420    0.0004058509    
0.2180474400    0.0177885490    0.0004087432    
0.2182890200    0.0167763190    0.0004001172    
0.2185306100    0.0177009440    0.0004083505    
0.2187722000    0.0172159390    0.0004078278    
0.2190137900    0.0176596310    0.0004122528    
0.2192553800    0.0174826990    0.0004140310    
0.2194969700    0.0177208160    0.0004142459    
0.2197385500    0.0180296120    0.0004152701    
0.2199801400    0.0175385290    0.0004052512    
0.2202217300    0.0179469490    0.0004060022    
0.2204633200    0.0178405820    0.0004028749    
0.2207049100    0.0175826130    0.0003973535    
0.2209465000    0.0181034470    0.0004031958    
0.2211880900    0.0174161780    0.0003934918    
0.2214296700    0.0174376210    0.0003931742    
0.2216712600    0.0175385020    0.0003937510    
0.2219128500    0.0172902610    0.0003898516    
0.2221544400    0.0174979370    0.0003941337    
0.2223960300    0.0167013200    0.0003831545    
0.2226376200    0.0174373550    0.0003945749    
0.2228792100    0.0166954970    0.0003832227    
0.2231207900    0.0179709700    0.0003975917    
0.2233623800    0.0174071020    0.0003888460    
0.2236039700    0.0176938380    0.0003936827    
0.2238455600    0.0178079400    0.0003930241    
0.2240871500    0.0173303620    0.0003883936    
0.2243287400    0.0179262410    0.0003929644    
0.2245703300    0.0177105300    0.0003931792    
0.2248119100    0.0171823880    0.0003867319    
0.2250535000    0.0176314240    0.0003916161    
0.2252950900    0.0169962600    0.0003859797    
0.2255366800    0.0172735590    0.0003854783    
0.2257782700    0.0172535660    0.0003861878    
0.2260198600    0.0175813040    0.0003884956    
0.2262614500    0.0168400290    0.0003800867    
0.2265030300    0.0174183900    0.0003860283    
0.2267446200    0.0175593330    0.0003890563    
0.2269862100    0.0170140060    0.0003803496    
0.2272278000    0.0165429760    0.0003760739    
0.2274693900    0.0169089570    0.0003790446    
0.2277109800    0.0175596250    0.0003897330    
0.2279525600    0.0165917720    0.0003753449    
0.2281941500    0.0169953670    0.0003807903    
0.2284357400    0.0176807610    0.0003878629    
0.2286773300    0.0170225200    0.0003818783    
0.2289189200    0.0172209830    0.0003817471    
0.2291605100    0.0166598410    0.0003776586    
0.2294021000    0.0176276960    0.0003868850    
0.2296436800    0.0174523800    0.0003884065    
0.2298852700    0.0173663150    0.0003837450    
0.2301268600    0.0174333060    0.0003884633    
0.2303684500    0.0171531790    0.0003830782    
0.2306100400    0.0169343950    0.0003811502    
0.2308516300    0.0174201760    0.0003857837    
0.2310932200    0.0175663550    0.0003894031    
0.2313348000    0.0169105980    0.0003802295    
0.2315763900    0.0168083460    0.0003794683    
0.2318179800    0.0174731250    0.0003887719    
0.2320595700    0.0166856120    0.0003783401    
0.2323011600    0.0173591840    0.0003871001    
0.2325427500    0.0174972980    0.0003886370    
0.2327843400    0.0170486390    0.0003850895    
0.2330259200    0.0172407630    0.0003837920    
0.2332675100    0.0166027400    0.0003771402    
0.2335091000    0.0173299350    0.0003866402    
0.2337506900    0.0176046270    0.0003876881    
0.2339922800    0.0173107310    0.0003866932    
0.2342338700    0.0169067070    0.0003814945    
0.2344754600    0.0170989210    0.0003848532    
0.2347170400    0.0171338900    0.0003831254    
0.2349586300    0.0174232050    0.0003872780    
0.2352002200    0.0171649920    0.0003876188    
0.2354418100    0.0167551700    0.0003807010    
0.2356834000    0.0174662170    0.0003884260    
0.2359249900    0.0170038990    0.0003808859    
0.2361665700    0.0167092660    0.0003808395    
0.2364081600    0.0165511490    0.0003769421    
0.2366497500    0.0171345930    0.0003856561    
0.2368913400    0.0172252140    0.0003850712    
0.2371329300    0.0169710410    0.0003846144    
0.2373745200    0.0172568730    0.0003863587    
0.2376161100    0.0174212240    0.0003881941    
0.2378576900    0.0168459620    0.0003830607    
0.2380992800    0.0174007720    0.0003871621    
0.2383408700    0.0166484930    0.0003797504    
0.2385824600    0.0174645460    0.0003873367    
0.2388240500    0.0171888080    0.0003859974    
0.2390656400    0.0170706410    0.0003848020    
0.2393072300    0.0170452720    0.0003834515    
0.2395488100    0.0168243700    0.0003814864    
0.2397904000    0.0169473710    0.0003840779    
0.2400319900    0.0169424040    0.0003845584    
0.2402735800    0.0168498770    0.0003840444    
0.2405151700    0.0171486290    0.0003867565    
0.2407567600    0.0168692480    0.0003809403    
0.2409983500    0.0164397590    0.0003781504    
0.2412399300    0.0165449560    0.0003777820    
0.2414815200    0.0170852820    0.0003863116    
0.2417231100    0.0165253960    0.0003766487    
0.2419647000    0.0167650920    0.0003828086    
0.2422062900    0.0169623240    0.0003845156    
0.2424478800    0.0169567320    0.0003845865    
0.2426894600    0.0172211620    0.0003894835    
0.2429310500    0.0168803060    0.0003830502    
0.2431726400    0.0165617040    0.0003791542    
0.2434142300    0.0174524580    0.0003877367    
0.2436558200    0.0169034940    0.0003854667    
0.2438974100    0.0165305010    0.0003777475    
0.2441390000    0.0171595370    0.0003866094    
0.2443805800    0.0172271330    0.0003876408    
0.2446221700    0.0169049460    0.0003844019    
0.2448637600    0.0171639020    0.0003882878    
0.2451053500    0.0170249110    0.0003845535    
0.2453469400    0.0169088600    0.0003873048    
0.2455885300    0.0175373950    0.0003902985    
0.2458301200    0.0163436420    0.0003791630    
0.2460717000    0.0170264710    0.0003839038    
0.2463132900    0.0167323510    0.0003809701    
0.2465548800    0.0163854170    0.0003791133    
0.2467964700    0.0170715350    0.0003852138    
0.2470380600    0.0163832230    0.0003785563    
0.2472796500    0.0172371020    0.0003881600    
0.2475212400    0.0173563150    0.0003918393    
0.2477628200    0.0170750740    0.0003894807    
0.2480044100    0.0161987970    0.0003754997    
0.2482460000    0.0165672280    0.0003798784    
0.2484875900    0.0166573070    0.0003818435    
0.2487291800    0.0175151190    0.0003915521    
0.2489707700    0.0168895140    0.0003835555    
0.2492123600    0.0158141090    0.0003733649    
0.2494539400    0.0162389400    0.0003775477    
0.2496955300    0.0175294690    0.0003929545    
0.2499371200    0.0169342870    0.0003848702    
0.2501787100    0.0170689200    0.0003906637    
0.2504203000    0.0168202020    0.0003831690    
0.2506618900    0.0176095160    0.0003898812    
0.2509034700    0.0163772050    0.0003786194    
0.2511450600    0.0166776090    0.0003814080    
0.2513866500    0.0173907060    0.0003904329    
0.2516282400    0.0168732270    0.0003819075    
0.2518698300    0.0163193050    0.0003776848    
0.2521114200    0.0161266200    0.0003745316    
0.2523530100    0.0172828230    0.0003884026    
0.2525945900    0.0172768100    0.0003873880    
0.2528361800    0.0168895390    0.0003858514    
0.2530777700    0.0170610950    0.0003842940    
0.2533193600    0.0168097220    0.0003810563    
0.2535609500    0.0165702330    0.0003796480    
0.2538025400    0.0166630010    0.0003805767    
0.2540441300    0.0158285470    0.0003709250    
0.2542857100    0.0167496990    0.0003811675    
0.2545273000    0.0162774910    0.0003777300    
0.2547688900    0.0165132370    0.0003775502    
0.2550104800    0.0159444020    0.0003738453    
0.2552520700    0.0173670830    0.0003916834    
0.2554936600    0.0167611000    0.0003810325    
0.2557352500    0.0164012250    0.0003783667    
0.2559768300    0.0168966300    0.0003824372    
0.2562184200    0.0175954790    0.0003921744    
0.2564600100    0.0169078040    0.0003822986    
0.2567016000    0.0168936430    0.0003845428    
0.2569431900    0.0170944000    0.0003853375    
0.2571847800    0.0168130730    0.0003816228    
0.2574263700    0.0165124260    0.0003787214    
0.2576679500    0.0163548730    0.0003776996    
0.2579095400    0.0167039050    0.0003821094    
0.2581511300    0.0172222730    0.0003859711    
0.2583927200    0.0166858790    0.0003795187    
0.2586343100    0.0162395190    0.0003732483    
0.2588759000    0.0169212580    0.0003837819    
0.2591174800    0.0161315580    0.0003717501    
0.2593590700    0.0172550880    0.0003848745    
0.2596006600    0.0166139050    0.0003789615    
0.2598422500    0.0166398310    0.0003796516    
0.2600838400    0.0167063290    0.0003806737    
0.2603254300    0.0165087850    0.0003797381    
0.2605670200    0.0169578780    0.0003835289    
0.2608086000    0.0165118080    0.0003754623    
0.2610501900    0.0169245060    0.0003820907    
0.2612917800    0.0165560380    0.0003788260    
0.2615333700    0.0163983110    0.0003761041    
0.2617749600    0.0164638270    0.0003775075    
0.2620165500    0.0174610720    0.0003878323    
0.2622581400    0.0164682670    0.0003790067    
0.2624997200    0.0169541210    0.0003829546    
0.2627413100    0.0168309050    0.0003853171    
0.2629829000    0.0165714250    0.0003765261    
0.2632244900    0.0166456160    0.0003803781    
0.2634660800    0.0166054160    0.0003780800    
0.2637076700    0.0168330200    0.0003815844    
0.2639492600    0.0166773190    0.0003798155    
0.2641908400    0.0166832260    0.0003805426    
0.2644324300    0.0164801240    0.0003788785    
0.2646740200    0.0162421030    0.0003734064    
0.2649156100    0.0168854010    0.0003848540    
0.2651572000    0.0176293610    0.0003911845    
0.2653987900    0.0170257470    0.0003864501    
0.2656403800    0.0170344140    0.0003850630    
0.2658819600    0.0159003570    0.0003704777    
0.2661235500    0.0164246540    0.0003785045    
0.2663651400    0.0168300070    0.0003814181    
0.2666067300    0.0170043910    0.0003841881    
0.2668483200    0.0163166740    0.0003758166    
0.2670899100    0.0169185320    0.0003859100    
0.2673314900    0.0171811600    0.0003852433    
0.2675730800    0.0165579860    0.0003809707    
0.2678146700    0.0169953190    0.0003870578    
0.2680562600    0.0163913440    0.0003769370    
0.2682978500    0.0169094660    0.0003835145    
0.2685394400    0.0165073890    0.0003776140    
0.2687810300    0.0168202020    0.0003831690    
0.2690226100    0.0161122390    0.0003722948    
0.2692642000    0.0164543990    0.0003811177    
0.2695057900    0.0170793150    0.0003848997    
0.2697473800    0.0164488620    0.0003778603    
0.2699889700    0.0165286070    0.0003809001    
0.2702305600    0.0169392810    0.0003862828    
0.2704721500    0.0166866080    0.0003827163    
0.2707137300    0.0170979730    0.0003844426    
0.2709553200    0.0170982040    0.0003869997    
0.2711969100    0.0155589660    0.0003682660    
0.2714385000    0.0168190920    0.0003819563    
0.2716800900    0.0166514600    0.0003815090    
0.2719216800    0.0162805230    0.0003855606    
0.2721632700    0.0158895990    0.0003835785    
0.2724048500    0.0166807160    0.0003980636    
0.2726464400    0.0167083960    0.0004057157    
0.2728880300    0.0167545470    0.0004065967    
0.2731296200    0.0165229870    0.0004060303    
0.2733712100    0.0170347890    0.0004156063    
0.2736128000    0.0166913410    0.0004170230    
0.2738543800    0.0168589920    0.0004166844    
0.2740959700    0.0169541570    0.0004218810    
0.2743375600    0.0169444740    0.0004248083    
0.2745791500    0.0166069130    0.0004223613    
0.2748207400    0.0171982020    0.0004328047    
0.2750623300    0.0174922820    0.0004364894    
0.2753039200    0.0163757230    0.0004268218    
0.2755455000    0.0173908300    0.0004384862    
0.2757870900    0.0168097530    0.0004375404    
0.2760286800    0.0168005760    0.0004352422    
0.2762702700    0.0165881270    0.0004405135    
0.2765118600    0.0168297160    0.0004261029    
0.2767534500    0.0175990330    0.0004340481    
0.2769950400    0.0172536540    0.0004263086    
0.2772366200    0.0170312780    0.0004191541    
0.2774782100    0.0171253160    0.0004208317    
0.2777198000    0.0168471150    0.0004184408    
0.2779613900    0.0169805370    0.0004190490    
0.2782029800    0.0166294580    0.0004066867    
0.2784445700    0.0167708430    0.0004118723    
0.2786861600    0.0166158970    0.0004088074    
0.2789277400    0.0163082910    0.0004005126    
0.2791693300    0.0159399680    0.0003962764    
0.2794109200    0.0171168040    0.0004126029    
0.2796525100    0.0165270520    0.0004047880    
0.2798941000    0.0163778310    0.0003983942    
0.2801356900    0.0159536680    0.0003972312    
0.2803772800    0.0161159230    0.0004027722    
0.2806188600    0.0164430580    0.0003985683    
0.2808604500    0.0166204180    0.0003985586    
0.2811020400    0.0163056270    0.0003962863    
0.2813436300    0.0165941130    0.0004016403    
0.2815852200    0.0164743860    0.0003961975    
0.2818268100    0.0166716120    0.0004007090    
0.2820683900    0.0165587950    0.0004004337    
0.2823099800    0.0163397720    0.0003974684    
0.2825515700    0.0168802000    0.0004004367    
0.2827931600    0.0160914210    0.0003956641    
0.2830347500    0.0167709370    0.0004015911    
0.2832763400    0.0172425420    0.0004051745    
0.2835179300    0.0164332570    0.0003955517    
0.2837595100    0.0160070590    0.0003926414    
0.2840011000    0.0162276160    0.0003957955    
0.2842426900    0.0163241220    0.0003930387    
0.2844842800    0.0161644800    0.0003932044    
0.2847258700    0.0163868740    0.0003965082    
0.2849674600    0.0168227790    0.0004028325    
0.2852090500    0.0164931000    0.0003968772    
0.2854506300    0.0163248890    0.0003965203    
0.2856922200    0.0161673040    0.0003933895    
0.2859338100    0.0170811900    0.0004049768    
0.2861754000    0.0166142210    0.0003972694    
0.2864169900    0.0162693650    0.0003929752    
0.2866585800    0.0162276090    0.0003942737    
0.2869001700    0.0162771890    0.0003939695    
0.2871417500    0.0165158690    0.0003963935    
0.2873833400    0.0166363230    0.0003995147    
0.2876249300    0.0167613210    0.0004014759    
0.2878665200    0.0162208090    0.0003974065    
0.2881081100    0.0162510880    0.0003908274    
0.2883497000    0.0166363810    0.0003976856    
0.2885912900    0.0163007450    0.0003935037    
0.2888328700    0.0164652640    0.0003956350    
0.2890744600    0.0161443200    0.0003908681    
0.2893160500    0.0171675460    0.0004035236    
0.2895576400    0.0164222220    0.0003967832    
0.2897992300    0.0167398430    0.0003966609    
0.2900408200    0.0158055470    0.0003863063    
0.2902824000    0.0160675100    0.0003924746    
0.2905239900    0.0162656270    0.0003932293    
0.2907655800    0.0169613290    0.0003986765    
0.2910071700    0.0167083150    0.0003956917    
0.2912487600    0.0159785140    0.0003875359    
0.2914903500    0.0169512630    0.0003981101    
0.2917319400    0.0162433680    0.0003884017    
0.2919735200    0.0161537770    0.0003884871    
0.2922151100    0.0165775630    0.0003928156    
0.2924567000    0.0162285190    0.0003893848    
0.2926982900    0.0154178890    0.0003796773    
0.2929398800    0.0157419210    0.0003856739    
0.2931814700    0.0167322290    0.0003936178    
0.2934230600    0.0164595250    0.0003915606    
0.2936646400    0.0168723370    0.0003936594    
0.2939062300    0.0167113360    0.0003954307    
0.2941478200    0.0161130100    0.0003858366    
0.2943894100    0.0165027860    0.0003923678    
0.2946310000    0.0157765550    0.0003826377    
0.2948725900    0.0166768990    0.0003942849    
0.2951141800    0.0159740380    0.0003851683    
0.2953557600    0.0165203460    0.0003943488    
0.2955973500    0.0162266510    0.0003873382    
0.2958389400    0.0164523410    0.0003893023    
0.2960805300    0.0166058170    0.0003914029    
0.2963221200    0.0160667190    0.0003842877    
0.2965637100    0.0159997880    0.0003833453    
0.2968053000    0.0165238420    0.0003887156    
0.2970468800    0.0165568680    0.0003902491    
0.2972884700    0.0162860890    0.0003859089    
0.2975300600    0.0164141100    0.0003874227    
0.2977716500    0.0168576620    0.0003940686    
0.2980132400    0.0167753420    0.0003939785    
0.2982548300    0.0161082080    0.0003830947    
0.2984964100    0.0158160330    0.0003790515    
0.2987380000    0.0165697240    0.0003888278    
0.2989795900    0.0162248340    0.0003839189    
0.2992211800    0.0167243010    0.0003893586    
0.2994627700    0.0157826220    0.0003793417    
0.2997043600    0.0165327450    0.0003892483    
0.2999459500    0.0164931420    0.0003886391    
0.3001875300    0.0167644650    0.0003912491    
0.3004291200    0.0157819960    0.0003835601    
0.3006707100    0.0162982620    0.0003843673    
0.3009123000    0.0162339720    0.0003854322    
0.3011538900    0.0158484890    0.0003782036    
0.3013954800    0.0170076910    0.0003939330    
0.3016370700    0.0163450930    0.0003859012    
0.3018786500    0.0165182020    0.0003879394    
0.3021202400    0.0160691460    0.0003824903    
0.3023618300    0.0167161960    0.0003918337    
0.3026034200    0.0160483360    0.0003830817    
0.3028450100    0.0159528330    0.0003822203    
0.3030866000    0.0159237780    0.0003822930    
0.3033281900    0.0163645340    0.0003852879    
0.3035697700    0.0169587970    0.0003932227    
0.3038113600    0.0166822860    0.0003902890    
0.3040529500    0.0164432960    0.0003860737    
0.3042945400    0.0162320860    0.0003834470    
0.3045361300    0.0160588170    0.0003837695    
0.3047777200    0.0162120940    0.0003840478    
0.3050193100    0.0163268710    0.0003856861    
0.3052608900    0.0161634620    0.0003847353    
0.3055024800    0.0164173090    0.0003926732    
0.3057440700    0.0157311600    0.0003768010    
0.3059856600    0.0165339430    0.0003871364    
0.3062272500    0.0165182020    0.0003879394    
0.3064688400    0.0157055740    0.0003792466    
0.3067104200    0.0161860950    0.0003819345    
0.3069520100    0.0168885360    0.0003921209    
0.3071936000    0.0161855010    0.0003847154    
0.3074351900    0.0167068700    0.0003912927    
0.3076767800    0.0156002830    0.0003760469    
0.3079183700    0.0156927640    0.0003810540    
0.3081599600    0.0165810330    0.0003916901    
0.3084015400    0.0163261450    0.0003842776    
0.3086431300    0.0158147980    0.0003779380    
0.3088847200    0.0163409550    0.0003865584    
0.3091263100    0.0163394620    0.0003855535    
0.3093679000    0.0161226340    0.0003835462    
0.3096094900    0.0168083030    0.0003896285    
0.3098510800    0.0161694950    0.0003860839    
0.3100926600    0.0161709520    0.0003842610    
0.3103342500    0.0170201320    0.0003942212    
0.3105758400    0.0167414890    0.0003937267    
0.3108174300    0.0159497760    0.0003805123    
0.3110590200    0.0170001340    0.0003947120    
0.3113006100    0.0160019200    0.0003800299    
0.3115422000    0.0163311260    0.0003868675    
0.3117837800    0.0154751810    0.0003752179    
0.3120253700    0.0157215130    0.0003792999    
0.3122669600    0.0159914820    0.0003803186    
0.3125085500    0.0167314390    0.0003918682    
0.3127501400    0.0162037900    0.0003849326    
0.3129917300    0.0157386240    0.0003810459    
0.3132333100    0.0160889810    0.0003842710    
0.3134749000    0.0157215130    0.0003792999    
0.3137164900    0.0170515190    0.0003935781    
0.3139580800    0.0156320520    0.0003767033    
0.3141996700    0.0161457400    0.0003831215    
0.3144412600    0.0160079870    0.0003819010    
0.3146828500    0.0158404760    0.0003807323    
0.3149244300    0.0163673570    0.0003854612    
0.3151660200    0.0167558310    0.0003920096    
0.3154076100    0.0160720060    0.0003846343    
0.3156492000    0.0163426550    0.0003894421    
0.3158907900    0.0163526500    0.0003850081    
0.3161323800    0.0162012510    0.0003833609    
0.3163739700    0.0161131780    0.0003824565    
0.3166155500    0.0168200290    0.0003927598    
0.3168571400    0.0155820940    0.0003763747    
0.3170987300    0.0164266190    0.0003872867    
0.3173403200    0.0159792010    0.0003819760    
0.3175819100    0.0157836810    0.0003804677    
0.3178235000    0.0164631430    0.0003877170    
0.3180650900    0.0155057530    0.0003780767    
0.3183066700    0.0160221320    0.0003833309    
0.3185482600    0.0165387020    0.0003896046    
0.3187898500    0.0159940270    0.0003804868    
0.3190314400    0.0161591310    0.0003839801    
0.3192730300    0.0157595990    0.0003787883    
0.3195146200    0.0164722740    0.0003878245    
0.3197562100    0.0155366390    0.0003758253    
0.3199977900    0.0159036510    0.0003809326    
0.3202393800    0.0160483360    0.0003840678    
0.3204809700    0.0161141830    0.0003854230    
0.3207225600    0.0161705410    0.0003856694    
0.3209641500    0.0158553150    0.0003817511    
0.3212057400    0.0168244080    0.0003909483    
0.3214473200    0.0161938990    0.0003838322    
0.3216889100    0.0160093740    0.0003815001    
0.3219305000    0.0171101080    0.0003959867    
0.3221720900    0.0163107170    0.0003860592    
0.3224136800    0.0167243010    0.0003893586    
0.3226552700    0.0165129870    0.0003911756    
0.3228968600    0.0160274500    0.0003826922    
0.3231384400    0.0161987060    0.0003884459    
0.3233800300    0.0159886380    0.0003811142    
0.3236216200    0.0159755540    0.0003812358    
0.3238632100    0.0160613800    0.0003829569    
0.3241048000    0.0160784040    0.0003835810    
0.3243463900    0.0159660370    0.0003820982    
0.3245879800    0.0156687480    0.0003782472    
0.3248295600    0.0162111510    0.0003844572    
0.3250711500    0.0161473270    0.0003836996    
0.3253127400    0.0167558310    0.0003920096    
0.3255543300    0.0166457830    0.0003911515    
0.3257959200    0.0167759350    0.0003948645    
0.3260375100    0.0164246920    0.0003862763    
0.3262791000    0.0159136850    0.0003816111    
0.3265206800    0.0164999800    0.0003877254    
0.3267622700    0.0164502640    0.0003882761    
0.3270038600    0.0157282840    0.0003792426    
0.3272454500    0.0156549750    0.0003778046    
0.3274870400    0.0156504860    0.0003780267    
0.3277286300    0.0155726540    0.0003784724    
0.3279702200    0.0162725410    0.0003864568    
0.3282118000    0.0162173360    0.0003886692    
0.3284533900    0.0166883400    0.0003902171    
0.3286949800    0.0159742710    0.0003953010    
0.3289365700    0.0159593220    0.0004004877    
0.3291781600    0.0169187340    0.0004158808    
0.3294197500    0.0162486220    0.0004123166    
0.3296613300    0.0159415610    0.0004125731    
0.3299029200    0.0164750070    0.0004199584    
0.3301445100    0.0165472400    0.0004269633    
0.3303861000    0.0161328680    0.0004244022    
0.3306276900    0.0166540560    0.0004345193    
0.3308692800    0.0151826980    0.0004150696    
0.3311108700    0.0159428630    0.0004288568    
0.3313524500    0.0163635050    0.0004393778    
0.3315940400    0.0160701840    0.0004348060    
0.3318356300    0.0158741600    0.0004377517    
0.3320772200    0.0150945590    0.0004272806    
0.3323188100    0.0161046640    0.0004454653    
0.3325604000    0.0162782500    0.0004471979    
0.3328019900    0.0173619520    0.0004666922    
0.3330435700    0.0163642480    0.0004483776    
0.3332851600    0.0163355540    0.0004421479    
0.3335267500    0.0161895750    0.0004264847    
0.3337683400    0.0164592140    0.0004300216    
0.3340099300    0.0163508060    0.0004257387    
0.3342515200    0.0165593600    0.0004243201    
0.3344931100    0.0165397670    0.0004197045    
0.3347346900    0.0163746340    0.0004190367    
0.3349762800    0.0160377220    0.0004125822    
0.3352178700    0.0157789830    0.0004076835    
0.3354594600    0.0164758740    0.0004144956    
0.3357010500    0.0160767820    0.0004104748    
0.3359426400    0.0161116430    0.0004123066    
0.3361842300    0.0159526550    0.0004023525    
0.3364258100    0.0155469160    0.0003965585    
0.3366674000    0.0160208140    0.0004030473    
0.3369089900    0.0160051950    0.0004013862    
0.3371505800    0.0162918180    0.0004041503    
0.3373921700    0.0156856620    0.0003975196    
0.3376337600    0.0160828210    0.0004021962    
0.3378753400    0.0160253280    0.0004016385    
0.3381169300    0.0160412150    0.0003999072    
0.3383585200    0.0162826930    0.0004073220    
0.3386001100    0.0166954690    0.0004063614    
0.3388417000    0.0162874170    0.0004028036    
0.3390832900    0.0162325110    0.0003981715    
0.3393248800    0.0159024550    0.0003970654    
0.3395664600    0.0158593000    0.0003957412    
0.3398080500    0.0161961110    0.0003994476    
0.3400496400    0.0159351420    0.0003948166    
0.3402912300    0.0157000650    0.0003912808    
0.3405328200    0.0161427790    0.0003991045    
0.3407744100    0.0163431760    0.0004017330    
0.3410160000    0.0163721590    0.0004025670    
0.3412575800    0.0161908220    0.0003959595    
0.3414991700    0.0163881150    0.0003980560    
0.3417407600    0.0156997610    0.0003906670    
0.3419823500    0.0158540100    0.0003897087    
0.3422239400    0.0165396680    0.0003997375    
0.3424655300    0.0164421260    0.0003994857    
0.3427071200    0.0165816270    0.0003999348    
0.3429487000    0.0164171200    0.0003984081    
0.3431902900    0.0164704410    0.0004007656    
0.3434318800    0.0163851530    0.0004028865    
0.3436734700    0.0161110940    0.0003922541    
0.3439150600    0.0162180950    0.0003926543    
0.3441566500    0.0163026790    0.0003960976    
0.3443982300    0.0163802760    0.0003965808    
0.3446398200    0.0156144860    0.0003861614    
0.3448814100    0.0161690410    0.0003940154    
0.3451230000    0.0160717080    0.0003932817    
0.3453645900    0.0161390740    0.0003941051    
0.3456061800    0.0156431370    0.0003865155    
0.3458477700    0.0157622030    0.0003905318    
0.3460893500    0.0162372700    0.0003959132    
0.3463309400    0.0168550310    0.0004002904    
0.3465725300    0.0159260160    0.0003892507    
0.3468141200    0.0159428810    0.0003909495    
0.3470557100    0.0161627630    0.0003925823    
0.3472973000    0.0160743370    0.0003924073    
0.3475388900    0.0159929080    0.0003890309    
0.3477804700    0.0156073280    0.0003862206    
0.3480220600    0.0160592670    0.0003919227    
0.3482636500    0.0161655770    0.0003927665    
0.3485052400    0.0158384720    0.0003925419    
0.3487468300    0.0162237940    0.0003930227    
0.3489884200    0.0157833100    0.0003875028    
0.3492300100    0.0159849410    0.0003884924    
0.3494715900    0.0157939910    0.0003888212    
0.3497131800    0.0158433140    0.0003867676    
0.3499547700    0.0159582920    0.0003903895    
0.3501963600    0.0153399430    0.0003810064    
0.3504379500    0.0163921900    0.0003949066    
0.3506795400    0.0158576250    0.0003888589    
0.3509211300    0.0152770970    0.0003824057    
0.3511627100    0.0169939660    0.0004034762    
0.3514043000    0.0168535850    0.0003989084    
0.3516458900    0.0165700020    0.0003964388    
0.3518874800    0.0160604750    0.0003894092    
0.3521290700    0.0162332650    0.0003916465    
0.3523706600    0.0166110790    0.0003970807    
0.3526122400    0.0157802540    0.0003867291    
0.3528538300    0.0153910290    0.0003825113    
0.3530954200    0.0161246200    0.0003921188    
0.3533370100    0.0159777700    0.0003895858    
0.3535786000    0.0157060040    0.0003887815    
0.3538201900    0.0161842590    0.0003904642    
0.3540617800    0.0165760720    0.0003972668    
0.3543033600    0.0162633350    0.0003911219    
0.3545449500    0.0168318410    0.0003989529    
0.3547865400    0.0163074830    0.0003915049    
0.3550281300    0.0161040170    0.0003912709    
0.3552697200    0.0162294900    0.0003918978    
0.3555113100    0.0162503810    0.0003927459    
0.3557529000    0.0153910290    0.0003825113    
0.3559944800    0.0168775200    0.0003981389    
0.3562360700    0.0161033710    0.0003938208    
0.3564776600    0.0165267090    0.0003942761    
0.3567192500    0.0152254480    0.0003788644    
0.3569608400    0.0153069220    0.0003790189    
0.3572024300    0.0163212120    0.0003928547    
0.3574440200    0.0156989620    0.0003842756    
0.3576856000    0.0163459780    0.0003934509    
0.3579271900    0.0158733850    0.0003866959    
0.3581687800    0.0164876820    0.0003956031    
0.3584103700    0.0156214040    0.0003837592    
0.3586519600    0.0162400720    0.0003945765    
0.3588935500    0.0162361070    0.0003918292    
0.3591351400    0.0165827390    0.0003962901    
0.3593767200    0.0159732560    0.0003871807    
0.3596183100    0.0166739080    0.0003949877    
0.3598599000    0.0162813300    0.0003917813    
0.3601014900    0.0162115440    0.0003912364    
0.3603430800    0.0160389010    0.0003890005    
0.3605846700    0.0160402670    0.0003885767    
0.3608262500    0.0165228510    0.0003954239    
0.3610678400    0.0160362150    0.0003888210    
0.3613094300    0.0158220340    0.0003885707    
0.3615510200    0.0156989620    0.0003842756    
0.3617926100    0.0157761710    0.0003847847    
0.3620342000    0.0159890770    0.0003882491    
0.3622757900    0.0162163040    0.0003905559    
0.3625173700    0.0153929450    0.0003807989    
0.3627589600    0.0162587530    0.0003918056    
0.3630005500    0.0163826760    0.0003924065    
0.3632421400    0.0164830540    0.0003934587    
0.3634837300    0.0159671610    0.0003888650    
0.3637253200    0.0154530490    0.0003829896    
0.3639669100    0.0160945100    0.0003911554    
0.3642084900    0.0166146060    0.0003945805    
0.3644500800    0.0167180250    0.0003967012    
0.3646916700    0.0159445550    0.0003878547    
0.3649332600    0.0161669460    0.0003883548    
0.3651748500    0.0155603160    0.0003821432    
0.3654164400    0.0163619750    0.0003934941    
0.3656580300    0.0166049800    0.0003958057    
0.3658996100    0.0156753370    0.0003836973    
0.3661412000    0.0153574330    0.0003805030    
0.3663827900    0.0158285330    0.0003901447    
0.3666243800    0.0159740380    0.0003851683    
0.3668659700    0.0167146700    0.0003960644    
0.3671075600    0.0164642700    0.0003932344    
0.3673491500    0.0159440740    0.0003862465    
0.3675907300    0.0158999650    0.0003874584    
0.3678323200    0.0155651770    0.0003813437    
0.3680739100    0.0160091610    0.0003890811    
0.3683155000    0.0159973120    0.0003877638    
0.3685570900    0.0162388600    0.0003905333    
0.3687986800    0.0157642830    0.0003872692    
0.3690402600    0.0151798310    0.0003797332    
0.3692818500    0.0163564190    0.0003907700    
0.3695234400    0.0153184390    0.0003793041    
0.3697650300    0.0161097780    0.0003881029    
0.3700066200    0.0159649610    0.0003876635    
0.3702482100    0.0168698910    0.0003968562    
0.3704898000    0.0161449400    0.0003894023    
0.3707313800    0.0159162510    0.0003875103    
0.3709729700    0.0153256920    0.0003792512    
0.3712145600    0.0157283180    0.0003863857    
0.3714561500    0.0165318100    0.0003964337    
0.3716977400    0.0163241080    0.0003911158    
0.3719393300    0.0158666820    0.0003851636    
0.3721809200    0.0166989440    0.0003955808    
0.3724225000    0.0158743050    0.0003856897    
0.3726640900    0.0161863260    0.0003896080    
0.3729056800    0.0155298700    0.0003816257    
0.3731472700    0.0156866340    0.0003828286    
0.3733888600    0.0164321710    0.0003935920    
0.3736304500    0.0157941800    0.0003866063    
0.3738720400    0.0158023380    0.0003877364    
0.3741136200    0.0155365560    0.0003827156    
0.3743552100    0.0159758830    0.0003873582    
0.3745968000    0.0158777510    0.0003848657    
0.3748383900    0.0165459590    0.0003936168    
0.3750799800    0.0161273190    0.0003887512    
0.3753215700    0.0163168820    0.0003916177    
0.3755631500    0.0161031400    0.0003881684    
0.3758047400    0.0157410820    0.0003845011    
0.3760463300    0.0163255650    0.0003921651    
0.3762879200    0.0162899590    0.0003923298    
0.3765295100    0.0159762480    0.0003900128    
0.3767711000    0.0154503860    0.0003803622    
0.3770126900    0.0158853820    0.0003853905    
0.3772542700    0.0158972900    0.0003856794    
0.3774958600    0.0161576170    0.0003882428    
0.3777374500    0.0165740500    0.0003939508    
0.3779790400    0.0166050660    0.0003953587    
0.3782206300    0.0162134920    0.0003903750    
0.3784622200    0.0154972050    0.0003809381    
0.3787038100    0.0158030350    0.0003861296    
0.3789453900    0.0157374000    0.0003859107    
0.3791869800    0.0164466990    0.0003949610    
0.3794285700    0.0164183230    0.0003918019    
0.3796701600    0.0158563250    0.0003860513    
0.3799117500    0.0158522830    0.0003847007    
0.3801533400    0.0159315180    0.0003869656    
0.3803949300    0.0154725280    0.0003790738    
0.3806365100    0.0161124970    0.0003882811    
0.3808781000    0.0166988180    0.0003951345    
0.3811196900    0.0160212980    0.0003893760    
0.3813612800    0.0155111140    0.0003813952    
0.3816028700    0.0165639780    0.0003956158    
0.3818444600    0.0155014320    0.0003818504    
0.3820860500    0.0160695800    0.0003864622    
0.3823276300    0.0157535790    0.0003826435    
0.3825692200    0.0162543890    0.0003876691    
0.3828108100    0.0158007500    0.0003816562    
0.3830524000    0.0154747540    0.0003792422    
0.3832939900    0.0162257240    0.0003877582    
0.3835355800    0.0163091230    0.0003887535    
0.3837771600    0.0159323590    0.0003833839    
0.3840187500    0.0154606020    0.0003793513    
0.3842603400    0.0169852900    0.0003983603    
0.3845019300    0.0158604990    0.0003805546    
0.3847435200    0.0160745200    0.0003838161    
0.3849851100    0.0159113730    0.0003829898    
0.3852267000    0.0156001280    0.0003886694    
0.3854682800    0.0159347320    0.0004005016    
0.3857098700    0.0158394190    0.0004038881    
0.3859514600    0.0163760980    0.0004151506    
0.3861930500    0.0164332650    0.0004183511    
0.3864346400    0.0164615040    0.0004230645    
0.3866762300    0.0160436100    0.0004206013    
0.3869178200    0.0163826760    0.0004272934    
0.3871594000    0.0159277210    0.0004262957    
0.3874009900    0.0159696680    0.0004280320    
0.3876425800    0.0159285720    0.0004306593    
0.3878841700    0.0157111650    0.0004295170    
0.3881257600    0.0159651220    0.0004356465    
0.3883673500    0.0159914820    0.0004391541    
0.3886089400    0.0158008220    0.0004390811    
0.3888505200    0.0159903040    0.0004436619    
0.3890921100    0.0151327610    0.0004339617    
0.3893337000    0.0154466820    0.0004433287    
0.3895752900    0.0169289260    0.0004657769    
0.3898168800    0.0157972120    0.0004317081    
0.3900584700    0.0164608310    0.0004325810    
0.3903000600    0.0161532270    0.0004271607    
0.3905416400    0.0157382230    0.0004175021    
0.3907832300    0.0160546370    0.0004207458    
0.3910248200    0.0157339390    0.0004150583    
0.3912664100    0.0159987180    0.0004167124    
0.3915080000    0.0158363850    0.0004126242    
0.3917495900    0.0152473910    0.0004066332    
0.3919911700    0.0157685040    0.0004142441    
0.3922327600    0.0159837400    0.0004099743    
0.3924743500    0.0161376450    0.0004135140    
0.3927159400    0.0164016720    0.0004146016    
0.3929575300    0.0165931450    0.0004198442    
0.3931991200    0.0153867970    0.0004024153    
0.3934407100    0.0161007810    0.0004109536    
0.3936822900    0.0152699060    0.0004015616    
0.3939238800    0.0158169350    0.0004092108    
0.3941654700    0.0157957610    0.0004089367    
0.3944070600    0.0154058560    0.0004047172    
0.3946486500    0.0154208750    0.0004059531    
0.3948902400    0.0171904540    0.0004255271    
0.3951318300    0.0156787870    0.0004060445    
0.3953734100    0.0163648710    0.0004155341    
0.3956150000    0.0163422450    0.0004163038    
0.3958565900    0.0153706190    0.0004025433    
0.3960981800    0.0160407480    0.0004127966    
0.3963397700    0.0165395030    0.0004202394    
0.3965813600    0.0165181470    0.0004199680    
0.3968229500    0.0156213630    0.0004098134    
0.3970645300    0.0159510730    0.0004151899    
0.3973061200    0.0158327060    0.0004116907    
0.3975477100    0.0154934770    0.0004060394    
0.3977893000    0.0159778680    0.0004139288    
0.3980308900    0.0156907890    0.0004096658    
0.3982724800    0.0160958250    0.0004154540    
0.3985140700    0.0153798470    0.0004062832    
0.3987556500    0.0153252300    0.0004062605    
0.3989972400    0.0163920750    0.0004196205    
0.3992388300    0.0158200060    0.0004147393    
0.3994804200    0.0161430030    0.0004187694    
0.3997220100    0.0163167500    0.0004234191    
0.3999636000    0.0158392770    0.0004128397    
0.4002051800    0.0159257350    0.0004159417    
0.4004467700    0.0159438970    0.0004140224    
0.4006883600    0.0160031730    0.0004176794    
0.4009299500    0.0162681120    0.0004213067    
0.4011715400    0.0155779350    0.0004128144    
0.4014131300    0.0158244640    0.0004164333    
0.4016547200    0.0161355900    0.0004233037    
0.4018963000    0.0157540300    0.0004166042    
0.4021378900    0.0158658590    0.0004216304    
0.4023794800    0.0152582740    0.0004099968    
0.4026210700    0.0162376970    0.0004235120    
0.4028626600    0.0156876290    0.0004149934    
0.4031042500    0.0161668960    0.0004229622    
0.4033458400    0.0158681240    0.0004190357    
0.4035874200    0.0158749970    0.0004223209    
0.4038290100    0.0154242340    0.0004146060    
0.4040706000    0.0158150570    0.0004205775    
0.4043121900    0.0163911250    0.0004297118    
0.4045537800    0.0159480140    0.0004250160    
0.4047953700    0.0161613180    0.0004303950    
0.4050369600    0.0155633320    0.0004175913    
0.4052785400    0.0163079080    0.0004290070    
0.4055201300    0.0157632250    0.0004215912    
0.4057617200    0.0159879730    0.0004272966    
0.4060033100    0.0164848610    0.0004311333    
0.4062449000    0.0162071650    0.0004310051    
0.4064864900    0.0163990920    0.0004327555    
0.4067280800    0.0162093940    0.0004318285    
0.4069696600    0.0160317640    0.0004312482    
0.4072112500    0.0163037870    0.0004365172    
0.4074528400    0.0158520720    0.0004314388    
0.4076944300    0.0164182360    0.0004366181    
0.4079360200    0.0164504510    0.0004356303    
0.4081776100    0.0166233310    0.0004397460    
0.4084191900    0.0159966260    0.0004321834    
0.4086607800    0.0159589300    0.0004300677    
0.4089023700    0.0158648010    0.0004324263    
0.4091439600    0.0160398930    0.0004354232    
0.4093855500    0.0154630020    0.0004285370    
0.4096271400    0.0161729000    0.0004395199    
0.4098687300    0.0158918270    0.0004422937    
0.4101103100    0.0153588970    0.0004246745    
0.4103519000    0.0152558250    0.0004270811    
0.4105934900    0.0157931140    0.0004337066    
0.4108350800    0.0156115760    0.0004334877    
0.4110766700    0.0156686870    0.0004340706    
0.4113182600    0.0158752150    0.0004386155    
0.4115598500    0.0159594400    0.0004412795    
0.4118014300    0.0163065850    0.0004478074    
0.4120430200    0.0146050840    0.0004221405    
0.4122846100    0.0156367040    0.0004406891    
0.4125262000    0.0161442820    0.0004523077    
0.4127677900    0.0159295760    0.0004412980    
0.4130093800    0.0155655470    0.0004381620    
0.4132509700    0.0166262240    0.0004535175    
0.4134925500    0.0150814170    0.0004351817    
0.4137341400    0.0163265070    0.0004514289    
0.4139757300    0.0159851040    0.0004496162    
0.4142173200    0.0158998890    0.0004461616    
0.4144589100    0.0166725290    0.0004615261    
0.4147005000    0.0158029480    0.0004484121    
0.4149420800    0.0157157280    0.0004508648    
0.4151836700    0.0165316530    0.0004602793    
0.4154252600    0.0154413070    0.0004419023    
0.4156668500    0.0165430620    0.0004539592    
0.4159084400    0.0162440910    0.0004498385    
0.4161500300    0.0162340810    0.0004483595    
0.4163916200    0.0155467150    0.0004392008    
0.4166332000    0.0161763300    0.0004455765    
0.4168747900    0.0163498850    0.0004466448    
0.4171163800    0.0156149810    0.0004406022    
0.4173579700    0.0161113940    0.0004444628    
0.4175995600    0.0156310030    0.0004446083    
0.4178411500    0.0160186170    0.0004427466    
0.4180827400    0.0164373540    0.0004500430    
0.4183243200    0.0153701370    0.0004364826    
0.4185659100    0.0156368400    0.0004415707    
0.4188075000    0.0151478640    0.0004343948    
0.4190490900    0.0156278160    0.0004443380    
0.4192906800    0.0160375290    0.0004496700    
0.4195322700    0.0156089560    0.0004472499    
0.4197738600    0.0154295430    0.0004446720    
0.4200154400    0.0161117530    0.0004586540    
0.4202570300    0.0160314960    0.0004582298    
0.4204986200    0.0159449650    0.0004539061    
0.4207402100    0.0163851320    0.0004632562    
0.4209818000    0.0151576890    0.0004437083    
0.4212233900    0.0157799250    0.0004553375    
0.4214649800    0.0154671620    0.0004519935    
0.4217065600    0.0148722170    0.0004443925    
0.4219481500    0.0155290460    0.0004555560    
0.4221897400    0.0156362480    0.0004590960    
0.4224313300    0.0155341170    0.0004610931    
0.4226729200    0.0151626530    0.0004565491    
0.4229145100    0.0161727420    0.0004728144    
0.4231560900    0.0158151550    0.0004657564    
0.4233976800    0.0160326080    0.0004697223    
0.4236392700    0.0164901600    0.0004782269    
0.4238808600    0.0155955680    0.0004666321    
0.4241224500    0.0161721380    0.0004754455    
0.4243640400    0.0160889080    0.0004779821    
0.4246056300    0.0156061150    0.0004718306    
0.4248472100    0.0160133320    0.0004804240    
0.4250888000    0.0163717910    0.0004874630    
0.4253303900    0.0156549310    0.0004840445    
0.4255719800    0.0161335450    0.0004844668    
0.4258135700    0.0168179050    0.0004955023    
0.4260551600    0.0156619870    0.0004824214    
0.4262967500    0.0149578150    0.0004694995    
0.4265383300    0.0154375220    0.0004812491    
0.4267799200    0.0155268080    0.0004849760    
0.4270215100    0.0157834480    0.0004877851    
0.4272631000    0.0157910880    0.0004929903    
0.4275046900    0.0149660270    0.0004820233    
0.4277462800    0.0157333960    0.0004995358    
0.4279878700    0.0158394990    0.0005044324    
0.4282294500    0.0161088960    0.0005029121    
0.4284710400    0.0145676460    0.0004797599    
0.4287126300    0.0152149820    0.0004931204    
0.4289542200    0.0163796560    0.0005136228    
0.4291958100    0.0162201500    0.0005134399    
0.4294374000    0.0168524080    0.0005281874    
0.4296789900    0.0161329120    0.0005150842    
0.4299205700    0.0155227510    0.0005106610    
0.4301621600    0.0155682570    0.0005166508    
0.4304037500    0.0152654300    0.0005137226    
0.4306453400    0.0152931500    0.0005199827    
0.4308869300    0.0159770100    0.0005244711    
0.4311285200    0.0157071470    0.0005232809    
0.4313701000    0.0154876290    0.0005232785    
0.4316116900    0.0164218500    0.0005422973    
0.4318532800    0.0153458830    0.0005257413    
0.4320948700    0.0163142440    0.0005456299    
0.4323364600    0.0163455270    0.0005510076    
0.4325780500    0.0163920750    0.0005551057    
0.4328196400    0.0153683910    0.0005420014    
0.4330612200    0.0156173380    0.0005549379    
0.4333028100    0.0152689090    0.0005474169    
0.4335444000    0.0165972110    0.0005689451    
0.4337859900    0.0164258110    0.0005691206    
0.4340275800    0.0163889370    0.0005730258    
0.4342691700    0.0158936600    0.0005698153    
0.4345107600    0.0162971470    0.0005813000    
0.4347523400    0.0154350050    0.0005685557    
0.4349939300    0.0153362940    0.0005715499    
0.4352355200    0.0149828340    0.0005733022    
0.4354771100    0.0156751190    0.0005916192    
0.4357187000    0.0157189860    0.0006050240    
0.4359602900    0.0154894870    0.0005918229    
0.4362018800    0.0150566030    0.0005883102    
0.4364434600    0.0160516690    0.0006119641    
0.4366850500    0.0169057500    0.0006358062    
0.4369266400    0.0166262730    0.0006404201    
0.4371682300    0.0166095660    0.0006426434    
0.4374098200    0.0154295430    0.0006288612    
0.4376514100    0.0160295660    0.0006490181    
0.4378930000    0.0155890400    0.0006489802    
0.4381345800    0.0165121140    0.0006797930    
0.4383761700    0.0151879360    0.0006647579    
0.4386177600    0.0153214220    0.0006562976    
0.4388593500    0.0160731590    0.0006822676    
0.4391009400    0.0162535900    0.0006975083    
0.4393425300    0.0166017270    0.0007144246    
0.4395841100    0.0155545410    0.0007055683    
0.4398257000    0.0158709800    0.0007297484    
0.4400672900    0.0146148240    0.0007148344    
0.4403088800    0.0162970240    0.0007769301    
0.4405504700    0.0155332040    0.0007845453    
0.4407920600    0.0158277400    0.0008239592    
0.4410336500    0.0150238360    0.0008257847    
0.4412752300    0.0165512750    0.0008699157    
0.4415168200    0.0171312200    0.0009304401    
0.4417584100    0.0165806190    0.0012427699    
0.4420000000    0.0161405680    0.0018637522    