# Diamond Light Source Ltd.
# Data extracted from: /dls/b21/data/2017/mx13440-2/processed/b21-369037_00151.dat
q(1/A)          Column          Error           
0.0040000000    0.8322784400    0.0212360160    
0.0042415885    0.8551194100    0.0202455390    
0.0044831771    0.7278101600    0.0173880570    
0.0047247656    0.5343298000    0.0144255490    
0.0049663541    0.4399955800    0.0123417160    
0.0052079426    0.3540816900    0.0113923920    
0.0054495312    0.2878838100    0.0094706821    
0.0056911197    0.2653128300    0.0085718686    
0.0059327082    0.2021694900    0.0074826284    
0.0061742967    0.1828681500    0.0068198313    
0.0064158853    0.1497992800    0.0061104402    
0.0066574738    0.1264053800    0.0053038521    
0.0068990623    0.1101232100    0.0049952900    
0.0071406509    0.0968576960    0.0046018480    
0.0073822394    0.0905063720    0.0043000875    
0.0076238279    0.0850955260    0.0040706711    
0.0078654164    0.0713578780    0.0037872829    
0.0081070050    0.0704402320    0.0035668798    
0.0083485935    0.0727540700    0.0035003818    
0.0085901820    0.0606053210    0.0032165965    
0.0088317705    0.0547055310    0.0029755886    
0.0090733591    0.0551226080    0.0029677015    
0.0093149476    0.0485147430    0.0026828714    
0.0095565361    0.0459925690    0.0026122024    
0.0097981247    0.0476245640    0.0026581439    
0.0100397130    0.0432033430    0.0024459076    
0.0102813020    0.0381120720    0.0023500910    
0.0105228900    0.0394222020    0.0022390306    
0.0107644790    0.0358296950    0.0021566942    
0.0110060670    0.0388682010    0.0021899751    
0.0112476560    0.0285904470    0.0018690160    
0.0114892440    0.0314529830    0.0019321414    
0.0117308330    0.0336252430    0.0019883023    
0.0119724210    0.0318994330    0.0019097691    
0.0122140100    0.0324474170    0.0019086716    
0.0124555980    0.0272485230    0.0016964189    
0.0126971870    0.0276196010    0.0017609614    
0.0129387760    0.0285431510    0.0016937244    
0.0131803640    0.0284560480    0.0017190927    
0.0134219530    0.0240555280    0.0015244572    
0.0136635410    0.0253144590    0.0015699361    
0.0139051300    0.0262880920    0.0015998423    
0.0141467180    0.0219488850    0.0014287507    
0.0143883070    0.0269117810    0.0015589576    
0.0146298950    0.0263699330    0.0015431836    
0.0148714840    0.0247417330    0.0015057339    
0.0151130720    0.0247456890    0.0014895154    
0.0153546610    0.0207708380    0.0013136631    
0.0155962490    0.0241619950    0.0014312331    
0.0158378380    0.0230637220    0.0013661770    
0.0160794260    0.0225781700    0.0013517197    
0.0163210150    0.0226802070    0.0013249918    
0.0165626030    0.0241209730    0.0013926250    
0.0168041920    0.0220892260    0.0012839102    
0.0170457800    0.0216016710    0.0012773336    
0.0172873690    0.0227608580    0.0013032829    
0.0175289580    0.0228602120    0.0012983728    
0.0177705460    0.0255659340    0.0013493184    
0.0180121350    0.0233236780    0.0012743087    
0.0182537230    0.0226095680    0.0012408612    
0.0184953120    0.0220125730    0.0012210378    
0.0187369000    0.0198451810    0.0011593678    
0.0189784890    0.0199143080    0.0011310567    
0.0192200770    0.0215442200    0.0011950583    
0.0194616660    0.0207078960    0.0011416633    
0.0197032540    0.0214099400    0.0011697500    
0.0199448430    0.0193648120    0.0011124794    
0.0201864310    0.0200155350    0.0011224154    
0.0204280200    0.0179677830    0.0010425965    
0.0206696080    0.0198694620    0.0010807562    
0.0209111970    0.0207503740    0.0011286715    
0.0211527850    0.0188668440    0.0010433389    
0.0213943740    0.0194762830    0.0010625184    
0.0216359620    0.0207123280    0.0011008478    
0.0218775510    0.0188386670    0.0010449812    
0.0221191400    0.0217395230    0.0011022375    
0.0223607280    0.0205135000    0.0010635754    
0.0226023170    0.0197761780    0.0010756823    
0.0228439050    0.0186135230    0.0009977896    
0.0230854940    0.0206643210    0.0010490719    
0.0233270820    0.0184551100    0.0009892978    
0.0235686710    0.0194458020    0.0010220486    
0.0238102590    0.0199297050    0.0010130838    
0.0240518480    0.0206012800    0.0010236858    
0.0242934360    0.0186413910    0.0009879917    
0.0245350250    0.0192045120    0.0009903971    
0.0247766130    0.0204849230    0.0010166497    
0.0250182020    0.0175093010    0.0009495752    
0.0252597900    0.0202147680    0.0009959101    
0.0255013790    0.0178725810    0.0009291513    
0.0257429670    0.0192514150    0.0009662008    
0.0259845560    0.0189069910    0.0009465334    
0.0262261450    0.0194606770    0.0009658172    
0.0264677330    0.0177098720    0.0009108975    
0.0267093220    0.0192476430    0.0009425611    
0.0269509100    0.0190438240    0.0009428098    
0.0271924990    0.0201883350    0.0009635366    
0.0274340870    0.0186937540    0.0009323597    
0.0276756760    0.0189412040    0.0009231378    
0.0279172640    0.0191420450    0.0009263485    
0.0281588530    0.0199400040    0.0009337762    
0.0284004410    0.0176255390    0.0008857167    
0.0286420300    0.0196145230    0.0009165265    
0.0288836180    0.0179722410    0.0008865053    
0.0291252070    0.0184210060    0.0008791866    
0.0293667950    0.0188656510    0.0009004084    
0.0296083840    0.0183790440    0.0008781847    
0.0298499720    0.0187993680    0.0008911755    
0.0300915610    0.0189245410    0.0008911218    
0.0303331490    0.0189826200    0.0008850692    
0.0305747380    0.0183721410    0.0008594125    
0.0308163270    0.0195781900    0.0008871725    
0.0310579150    0.0187140510    0.0008716003    
0.0312995040    0.0180147070    0.0008482794    
0.0315410920    0.0191091710    0.0008694974    
0.0317826810    0.0189099800    0.0008622209    
0.0320242690    0.0184043770    0.0008426785    
0.0322658580    0.0205591600    0.0009033176    
0.0325074460    0.0180993880    0.0008330919    
0.0327490350    0.0194750420    0.0008615251    
0.0329906230    0.0177609320    0.0008140710    
0.0332322120    0.0186182240    0.0008385226    
0.0334738000    0.0189694730    0.0008350845    
0.0337153890    0.0183272100    0.0008196177    
0.0339569770    0.0188591850    0.0008326534    
0.0341985660    0.0185093970    0.0008261148    
0.0344401540    0.0177060920    0.0007974423    
0.0346817430    0.0179079950    0.0008090007    
0.0349233310    0.0182227870    0.0008125139    
0.0351649200    0.0178384840    0.0007891281    
0.0354065090    0.0170873970    0.0007766999    
0.0356480970    0.0185392600    0.0007978027    
0.0358896860    0.0177283490    0.0007889012    
0.0361312740    0.0179938050    0.0007838225    
0.0363728630    0.0179636620    0.0007810288    
0.0366144510    0.0188836260    0.0008074055    
0.0368560400    0.0174877050    0.0007654161    
0.0370976280    0.0194318910    0.0008167833    
0.0373392170    0.0180537880    0.0007798049    
0.0375808050    0.0190564190    0.0007926425    
0.0378223940    0.0173420010    0.0007561472    
0.0380639820    0.0187768370    0.0007899475    
0.0383055710    0.0172877280    0.0007432575    
0.0385471590    0.0179047840    0.0007593320    
0.0387887480    0.0177525750    0.0007590453    
0.0390303360    0.0179485410    0.0007544334    
0.0392719250    0.0185988620    0.0007670041    
0.0395135140    0.0181560320    0.0007578181    
0.0397551020    0.0194664950    0.0008000680    
0.0399966910    0.0176729870    0.0007338308    
0.0402382790    0.0190493840    0.0007675215    
0.0404798680    0.0178862810    0.0007382458    
0.0407214560    0.0191754720    0.0007719754    
0.0409630450    0.0179712900    0.0007355159    
0.0412046330    0.0172159270    0.0007242795    
0.0414462220    0.0173456470    0.0007208605    
0.0416878100    0.0182305190    0.0007381322    
0.0419293990    0.0184850520    0.0007423775    
0.0421709870    0.0181461140    0.0007329147    
0.0424125760    0.0184696080    0.0007429566    
0.0426541640    0.0186647710    0.0007354950    
0.0428957530    0.0174010240    0.0007109866    
0.0431373410    0.0181430850    0.0007251435    
0.0433789300    0.0188366730    0.0007337726    
0.0436205180    0.0182100500    0.0007198154    
0.0438621070    0.0176075730    0.0007094293    
0.0441036960    0.0184945820    0.0007254172    
0.0443452840    0.0179235990    0.0007084925    
0.0445868730    0.0179505770    0.0007163060    
0.0448284610    0.0170627550    0.0006897210    
0.0450700500    0.0180080180    0.0007327359    
0.0453116380    0.0186038800    0.0007465480    
0.0455532270    0.0183924980    0.0007637069    
0.0457948150    0.0193263680    0.0007818612    
0.0460364040    0.0180579120    0.0007576932    
0.0462779920    0.0181362210    0.0007712306    
0.0465195810    0.0169883590    0.0007464256    
0.0467611690    0.0199333930    0.0008117505    
0.0470027580    0.0190739100    0.0007940573    
0.0472443460    0.0184183400    0.0007962943    
0.0474859350    0.0191472410    0.0008019897    
0.0477275230    0.0160817500    0.0007410079    
0.0479691120    0.0171530600    0.0007663422    
0.0482107000    0.0156392190    0.0007388836    
0.0484522890    0.0196776360    0.0008242055    
0.0486938780    0.0170834310    0.0007733306    
0.0489354660    0.0193274410    0.0008248751    
0.0491770550    0.0168928140    0.0007800377    
0.0494186430    0.0188322260    0.0008074250    
0.0496602320    0.0181540390    0.0007705961    
0.0499018200    0.0170405650    0.0007360403    
0.0501434090    0.0171397880    0.0007262361    
0.0503849970    0.0183769110    0.0007446700    
0.0506265860    0.0183814480    0.0007394103    
0.0508681740    0.0177067710    0.0007222743    
0.0511097630    0.0194671880    0.0007537725    
0.0513513510    0.0186515560    0.0007243664    
0.0515929400    0.0183015770    0.0007291523    
0.0518345280    0.0189047440    0.0007292664    
0.0520761170    0.0170675840    0.0007008817    
0.0523177050    0.0180164440    0.0006986477    
0.0525592940    0.0181451790    0.0007144657    
0.0528008830    0.0182534300    0.0006979373    
0.0530424710    0.0168404940    0.0006725445    
0.0532840600    0.0189993380    0.0007105349    
0.0535256480    0.0168203930    0.0006685506    
0.0537672370    0.0188897050    0.0007025157    
0.0540088250    0.0182346090    0.0006916781    
0.0542504140    0.0192890960    0.0007144110    
0.0544920020    0.0177180880    0.0006789586    
0.0547335910    0.0178988210    0.0006774804    
0.0549751790    0.0184394170    0.0006848228    
0.0552167680    0.0185535830    0.0006876415    
0.0554583560    0.0182700290    0.0006748189    
0.0556999450    0.0178389700    0.0006648192    
0.0559415330    0.0177138390    0.0006671418    
0.0561831220    0.0181519060    0.0006686340    
0.0564247100    0.0184611530    0.0006723156    
0.0566662990    0.0192889420    0.0006845389    
0.0569078870    0.0177398650    0.0006629699    
0.0571494760    0.0174426450    0.0006509537    
0.0573910650    0.0187055330    0.0006638345    
0.0576326530    0.0172944130    0.0006431862    
0.0578742420    0.0176095400    0.0006477774    
0.0581158300    0.0178169360    0.0006454395    
0.0583574190    0.0182861020    0.0006526590    
0.0585990070    0.0199541390    0.0006856324    
0.0588405960    0.0178605740    0.0006474453    
0.0590821840    0.0190508130    0.0006624617    
0.0593237730    0.0181378060    0.0006481923    
0.0595653610    0.0176435430    0.0006416895    
0.0598069500    0.0178673870    0.0006317075    
0.0600485380    0.0193710640    0.0006613172    
0.0602901270    0.0180265240    0.0006385322    
0.0605317150    0.0180560860    0.0006356043    
0.0607733040    0.0167201550    0.0006089121    
0.0610148920    0.0177523420    0.0006308020    
0.0612564810    0.0189492240    0.0006488091    
0.0614980690    0.0182144270    0.0006299591    
0.0617396580    0.0180899950    0.0006419899    
0.0619812470    0.0173292460    0.0006277724    
0.0622228350    0.0188846210    0.0006511938    
0.0624644240    0.0177972510    0.0006276606    
0.0627060120    0.0170740790    0.0006197498    
0.0629476010    0.0189557630    0.0006571728    
0.0631891890    0.0170965740    0.0006201579    
0.0634307780    0.0179468960    0.0006325450    
0.0636723660    0.0177813210    0.0006290579    
0.0639139550    0.0175406400    0.0006236734    
0.0641555430    0.0169133960    0.0006059853    
0.0643971320    0.0171553100    0.0006162369    
0.0646387200    0.0178401580    0.0006170148    
0.0648803090    0.0186286190    0.0006359706    
0.0651218970    0.0189964450    0.0006297260    
0.0653634860    0.0185665860    0.0006273068    
0.0656050740    0.0182403800    0.0006201915    
0.0658466630    0.0180153100    0.0006132483    
0.0660882520    0.0183198790    0.0006168624    
0.0663298400    0.0188396360    0.0006265970    
0.0665714290    0.0173938570    0.0005990763    
0.0668130170    0.0178006080    0.0006080572    
0.0670546060    0.0173489530    0.0005968221    
0.0672961940    0.0180828470    0.0006068206    
0.0675377830    0.0178321980    0.0005977366    
0.0677793710    0.0196477240    0.0006315018    
0.0680209600    0.0190206720    0.0006138895    
0.0682625480    0.0180388770    0.0005983118    
0.0685041370    0.0191078560    0.0006138328    
0.0687457250    0.0185012440    0.0006123018    
0.0689873140    0.0176519360    0.0005890527    
0.0692289020    0.0177109070    0.0005900359    
0.0694704910    0.0183306730    0.0005997980    
0.0697120790    0.0187620150    0.0006049116    
0.0699536680    0.0172269980    0.0005823788    
0.0701952560    0.0175536510    0.0005874105    
0.0704368450    0.0182387740    0.0006006620    
0.0706784340    0.0183106030    0.0006076587    
0.0709200220    0.0187036610    0.0006087523    
0.0711616110    0.0195245880    0.0006214745    
0.0714031990    0.0177892180    0.0005979780    
0.0716447880    0.0184095930    0.0006112805    
0.0718863760    0.0181703680    0.0005990593    
0.0721279650    0.0183351910    0.0005961285    
0.0723695530    0.0191347350    0.0006056994    
0.0726111420    0.0171407940    0.0005768337    
0.0728527300    0.0186466190    0.0005929280    
0.0730943190    0.0173748700    0.0005762881    
0.0733359070    0.0185993410    0.0005926243    
0.0735774960    0.0185510540    0.0005941092    
0.0738190840    0.0183677540    0.0005849485    
0.0740606730    0.0182633670    0.0005845961    
0.0743022610    0.0175037260    0.0005727394    
0.0745438500    0.0176815240    0.0005730615    
0.0747854380    0.0182116280    0.0005756145    
0.0750270270    0.0186567730    0.0005873419    
0.0752686160    0.0180534950    0.0005706164    
0.0755102040    0.0180878120    0.0005719868    
0.0757517930    0.0191128150    0.0005901153    
0.0759933810    0.0178287930    0.0005609979    
0.0762349700    0.0189654660    0.0005861249    
0.0764765580    0.0179915160    0.0005655585    
0.0767181470    0.0177985100    0.0005617160    
0.0769597350    0.0185890270    0.0005696156    
0.0772013240    0.0194498470    0.0005814350    
0.0774429120    0.0193478630    0.0005770984    
0.0776845010    0.0182840280    0.0005586980    
0.0779260890    0.0194802230    0.0005802725    
0.0781676780    0.0188898130    0.0005674894    
0.0784092660    0.0185225660    0.0005631026    
0.0786508550    0.0188790070    0.0005638666    
0.0788924430    0.0179384510    0.0005549154    
0.0791340320    0.0183720320    0.0005577535    
0.0793756210    0.0188810320    0.0005669698    
0.0796172090    0.0181849100    0.0005508051    
0.0798587980    0.0189912900    0.0005682349    
0.0801003860    0.0185239650    0.0005608175    
0.0803419750    0.0184048880    0.0005511829    
0.0805835630    0.0180815310    0.0005507136    
0.0808251520    0.0183508260    0.0005540543    
0.0810667400    0.0176984270    0.0005441164    
0.0813083290    0.0174442370    0.0005337850    
0.0815499170    0.0188535300    0.0005631056    
0.0817915060    0.0181046480    0.0005481226    
0.0820330940    0.0185556430    0.0005490893    
0.0822746830    0.0189469240    0.0005563008    
0.0825162710    0.0184509780    0.0005464708    
0.0827578600    0.0182457560    0.0005451962    
0.0829994480    0.0186223130    0.0005437316    
0.0832410370    0.0186856300    0.0005510092    
0.0834826250    0.0179237780    0.0005334363    
0.0837242140    0.0182509240    0.0005372568    
0.0839658030    0.0181850800    0.0005376532    
0.0842073910    0.0183067690    0.0005377371    
0.0844489800    0.0180152570    0.0005300898    
0.0846905680    0.0180406640    0.0005265244    
0.0849321570    0.0190316400    0.0005468953    
0.0851737450    0.0182875350    0.0005294622    
0.0854153340    0.0189032730    0.0005416433    
0.0856569220    0.0194898840    0.0005462545    
0.0858985110    0.0179822810    0.0005302685    
0.0861400990    0.0184181700    0.0005310234    
0.0863816880    0.0188479930    0.0005391747    
0.0866232760    0.0186545640    0.0005407688    
0.0868648650    0.0183883010    0.0005299420    
0.0871064530    0.0184402010    0.0005323228    
0.0873480420    0.0181795250    0.0005243609    
0.0875896300    0.0181466200    0.0005251623    
0.0878312190    0.0183905300    0.0005280364    
0.0880728080    0.0174957260    0.0005134709    
0.0883143960    0.0185432410    0.0005282996    
0.0885559850    0.0173595690    0.0005130222    
0.0887975730    0.0178529100    0.0005177476    
0.0890391620    0.0188065030    0.0005317156    
0.0892807500    0.0182982370    0.0005225935    
0.0895223390    0.0181664370    0.0005194653    
0.0897639270    0.0187963860    0.0005249650    
0.0900055160    0.0196070820    0.0005374325    
0.0902471040    0.0189091370    0.0005299776    
0.0904886930    0.0178035750    0.0005097149    
0.0907302810    0.0179408410    0.0005072408    
0.0909718700    0.0183595390    0.0005222188    
0.0912134580    0.0189740530    0.0005222436    
0.0914550470    0.0188338650    0.0005270405    
0.0916966350    0.0185715730    0.0005166750    
0.0919382240    0.0187009910    0.0005202755    
0.0921798120    0.0188938400    0.0005196423    
0.0924214010    0.0176933240    0.0005028623    
0.0926629900    0.0177894450    0.0005013598    
0.0929045780    0.0182898770    0.0005136309    
0.0931461670    0.0181016440    0.0005051676    
0.0933877550    0.0182905970    0.0005086612    
0.0936293440    0.0192213430    0.0005235266    
0.0938709320    0.0181685690    0.0005078269    
0.0941125210    0.0181628400    0.0005037465    
0.0943541090    0.0184143260    0.0005072220    
0.0945956980    0.0183643180    0.0005073868    
0.0948372860    0.0180831190    0.0005009578    
0.0950788750    0.0187282570    0.0005084022    
0.0953204630    0.0189858440    0.0005138822    
0.0955620520    0.0183402570    0.0005042263    
0.0958036400    0.0189408080    0.0005098694    
0.0960452290    0.0177741640    0.0004939174    
0.0962868170    0.0191645600    0.0005151466    
0.0965284060    0.0179525920    0.0004963903    
0.0967699940    0.0189957090    0.0005106078    
0.0970115830    0.0191844570    0.0005078524    
0.0972531720    0.0190794010    0.0005081070    
0.0974947600    0.0195106350    0.0005132601    
0.0977363490    0.0199936060    0.0005176148    
0.0979779370    0.0184169600    0.0004986671    
0.0982195260    0.0186937540    0.0005026729    
0.0984611140    0.0196354540    0.0005121324    
0.0987027030    0.0191957350    0.0005069092    
0.0989442910    0.0199400040    0.0005169205    
0.0991858800    0.0198521280    0.0005141244    
0.0994274680    0.0203703830    0.0005185806    
0.0996690570    0.0201718040    0.0005125297    
0.0999106450    0.0208105270    0.0005247093    
0.1001522300    0.0198071750    0.0005078763    
0.1003938200    0.0193627940    0.0005039934    
0.1006354100    0.0201247300    0.0005116641    
0.1008770000    0.0217767210    0.0005333652    
0.1011185900    0.0214762620    0.0005296730    
0.1013601800    0.0206704740    0.0005201869    
0.1016017700    0.0205857300    0.0005156109    
0.1018433500    0.0210633850    0.0005332930    
0.1020849400    0.0213722210    0.0005446146    
0.1023265300    0.0215697160    0.0005514406    
0.1025681200    0.0219663820    0.0005536766    
0.1028097100    0.0223520090    0.0005668281    
0.1030513000    0.0220301150    0.0005646891    
0.1032928800    0.0217245760    0.0005660437    
0.1035344700    0.0223836890    0.0005669028    
0.1037760600    0.0226969060    0.0005806374    
0.1040176500    0.0218393380    0.0005719535    
0.1042592400    0.0214439440    0.0005684630    
0.1045008300    0.0219024390    0.0005710658    
0.1047424200    0.0218169600    0.0005751271    
0.1049840000    0.0216026920    0.0005751013    
0.1052255900    0.0204267970    0.0005609556    
0.1054671800    0.0201165180    0.0005532700    
0.1057087700    0.0196808830    0.0005509590    
0.1059503600    0.0194241000    0.0005493965    
0.1061919500    0.0189653530    0.0005425319    
0.1064335400    0.0195354160    0.0005370846    
0.1066751200    0.0194386390    0.0005276864    
0.1069167100    0.0192136180    0.0005231222    
0.1071583000    0.0182912900    0.0005038330    
0.1073998900    0.0189281150    0.0005108249    
0.1076414800    0.0188965670    0.0005141090    
0.1078830700    0.0184151480    0.0005002713    
0.1081246600    0.0185561990    0.0005052229    
0.1083662400    0.0192236450    0.0005078233    
0.1086078300    0.0185086670    0.0005037421    
0.1088494200    0.0186202880    0.0004987180    
0.1090910100    0.0188133300    0.0004999586    
0.1093326000    0.0188515070    0.0004978190    
0.1095741900    0.0182906720    0.0004916563    
0.1098157700    0.0192896740    0.0004998936    
0.1100573600    0.0191144290    0.0005012786    
0.1102989500    0.0190359890    0.0004958230    
0.1105405400    0.0184873360    0.0004883725    
0.1107821300    0.0178928720    0.0004827104    
0.1110237200    0.0188852880    0.0004910656    
0.1112653100    0.0180940940    0.0004856709    
0.1115068900    0.0189977170    0.0004905190    
0.1117484800    0.0198490920    0.0005006271    
0.1119900700    0.0182240620    0.0004777643    
0.1122316600    0.0182018130    0.0004791610    
0.1124732500    0.0194110650    0.0004920900    
0.1127148400    0.0193224820    0.0004904752    
0.1129564300    0.0189946600    0.0004880060    
0.1131980100    0.0189171850    0.0004845784    
0.1134396000    0.0186999910    0.0004829927    
0.1136811900    0.0183089560    0.0004767246    
0.1139227800    0.0186568100    0.0004793261    
0.1141643700    0.0180930780    0.0004685691    
0.1144059600    0.0184872600    0.0004738766    
0.1146475500    0.0179018020    0.0004688328    
0.1148891300    0.0186997400    0.0004731459    
0.1151307200    0.0181984340    0.0004717724    
0.1153723100    0.0189984460    0.0004764524    
0.1156139000    0.0189002480    0.0004791403    
0.1158554900    0.0185153780    0.0004692327    
0.1160970800    0.0187604960    0.0004771331    
0.1163386700    0.0183953220    0.0004686041    
0.1165802500    0.0182052620    0.0004657311    
0.1168218400    0.0187055110    0.0004689586    
0.1170634300    0.0183168160    0.0004644990    
0.1173050200    0.0187648330    0.0004714842    
0.1175466100    0.0182696990    0.0004639012    
0.1177882000    0.0179651230    0.0004576452    
0.1180297800    0.0185537260    0.0004652995    
0.1182713700    0.0189232340    0.0004719025    
0.1185129600    0.0184435730    0.0004632660    
0.1187545500    0.0185604340    0.0004638659    
0.1189961400    0.0179949760    0.0004558978    
0.1192377300    0.0183567750    0.0004579188    
0.1194793200    0.0185684450    0.0004599194    
0.1197209000    0.0185056190    0.0004593507    
0.1199624900    0.0181882100    0.0004545632    
0.1202040800    0.0185201970    0.0004553841    
0.1204456700    0.0190144800    0.0004666921    
0.1206872600    0.0184808160    0.0004551042    
0.1209288500    0.0189211720    0.0004638434    
0.1211704400    0.0180239090    0.0004504570    
0.1214120200    0.0181404860    0.0004502873    
0.1216536100    0.0180483740    0.0004481389    
0.1218952000    0.0188478840    0.0004555234    
0.1221367900    0.0186267510    0.0004560780    
0.1223783800    0.0189306630    0.0004567244    
0.1226199700    0.0184773530    0.0004528273    
0.1228615600    0.0190427040    0.0004592939    
0.1231031400    0.0178809820    0.0004446685    
0.1233447300    0.0184506910    0.0004514965    
0.1235863200    0.0184485170    0.0004534845    
0.1238279100    0.0177724230    0.0004402028    
0.1240695000    0.0184605570    0.0004474711    
0.1243110900    0.0190188630    0.0004539897    
0.1245526800    0.0177895690    0.0004402226    
0.1247942600    0.0191549310    0.0004532521    
0.1250358500    0.0181636650    0.0004432800    
0.1252774400    0.0184513980    0.0004458108    
0.1255190300    0.0181847520    0.0004414347    
0.1257606200    0.0180241910    0.0004411920    
0.1260022100    0.0185536050    0.0004472371    
0.1262437900    0.0184475020    0.0004444214    
0.1264853800    0.0181117430    0.0004397920    
0.1267269700    0.0180331040    0.0004365972    
0.1269685600    0.0184398490    0.0004416810    
0.1272101500    0.0187889680    0.0004458425    
0.1274517400    0.0188331800    0.0004494293    
0.1276933300    0.0180742730    0.0004337964    
0.1279349100    0.0179528270    0.0004374836    
0.1281765000    0.0183328300    0.0004411470    
0.1284180900    0.0188564910    0.0004449464    
0.1286596800    0.0181234360    0.0004375039    
0.1289012700    0.0191238570    0.0004479011    
0.1291428600    0.0180774760    0.0004363944    
0.1293844500    0.0175843630    0.0004269861    
0.1296260300    0.0183746050    0.0004384860    
0.1298676200    0.0179874410    0.0004338418    
0.1301092100    0.0178183750    0.0004296392    
0.1303508000    0.0181010380    0.0004319577    
0.1305923900    0.0179733480    0.0004347684    
0.1308339800    0.0182337290    0.0004366186    
0.1310755700    0.0184552870    0.0004374322    
0.1313171500    0.0182342830    0.0004339037    
0.1315587400    0.0181684750    0.0004325827    
0.1318003300    0.0179944860    0.0004317572    
0.1320419200    0.0185663780    0.0004349637    
0.1322835100    0.0175995610    0.0004252293    
0.1325251000    0.0191865050    0.0004438040    
0.1327666900    0.0179321000    0.0004281701    
0.1330082700    0.0171448870    0.0004186664    
0.1332498600    0.0188117120    0.0004392671    
0.1334914500    0.0191029550    0.0004448567    
0.1337330400    0.0188299840    0.0004359073    
0.1339746300    0.0188205090    0.0004368601    
0.1342162200    0.0181972800    0.0004293914    
0.1344578000    0.0181124430    0.0004297892    
0.1346993900    0.0180741550    0.0004267237    
0.1349409800    0.0190962630    0.0004411270    
0.1351825700    0.0178552210    0.0004234473    
0.1354241600    0.0181144540    0.0004271992    
0.1356657500    0.0183099820    0.0004300203    
0.1359073400    0.0184535010    0.0004343503    
0.1361489200    0.0181418720    0.0004266609    
0.1363905100    0.0181227230    0.0004260928    
0.1366321000    0.0190491110    0.0004366720    
0.1368736900    0.0184284880    0.0004294996    
0.1371152800    0.0183616190    0.0004266684    
0.1373568700    0.0178492620    0.0004223568    
0.1375984600    0.0188795370    0.0004354240    
0.1378400400    0.0181181770    0.0004258682    
0.1380816300    0.0185352480    0.0004285106    
0.1383232200    0.0187488090    0.0004332163    
0.1385648100    0.0179123430    0.0004236124    
0.1388064000    0.0186838790    0.0004295428    
0.1390479900    0.0180035680    0.0004198245    
0.1392895800    0.0189533890    0.0004350496    
0.1395311600    0.0182914210    0.0004236669    
0.1397727500    0.0179577790    0.0004197852    
0.1400143400    0.0190026200    0.0004316548    
0.1402559300    0.0185037160    0.0004302027    
0.1404975200    0.0182091560    0.0004222147    
0.1407391100    0.0179240400    0.0004192256    
0.1409806900    0.0182014210    0.0004254806    
0.1412222800    0.0185474810    0.0004252846    
0.1414638700    0.0188063370    0.0004290822    
0.1417054600    0.0181588210    0.0004183571    
0.1419470500    0.0181666840    0.0004230534    
0.1421886400    0.0179112250    0.0004159781    
0.1424302300    0.0179409530    0.0004174573    
0.1426718100    0.0180111440    0.0004190905    
0.1429134000    0.0175718370    0.0004131406    
0.1431549900    0.0180057300    0.0004191916    
0.1433965800    0.0185667850    0.0004258392    
0.1436381700    0.0181973740    0.0004188010    
0.1438797600    0.0179190580    0.0004152650    
0.1441213500    0.0180807650    0.0004177803    
0.1443629300    0.0178516930    0.0004144837    
0.1446045200    0.0179082210    0.0004154604    
0.1448461100    0.0181202670    0.0004179128    
0.1450877000    0.0184414570    0.0004190158    
0.1453292900    0.0191924480    0.0004311005    
0.1455708800    0.0180758970    0.0004161155    
0.1458124700    0.0187425120    0.0004275148    
0.1460540500    0.0176080060    0.0004077282    
0.1462956400    0.0185214610    0.0004210511    
0.1465372300    0.0187032670    0.0004218186    
0.1467788200    0.0181005270    0.0004144917    
0.1470204100    0.0184368930    0.0004188040    
0.1472620000    0.0184232430    0.0004181704    
0.1475035900    0.0182348080    0.0004153941    
0.1477451700    0.0180925770    0.0004155098    
0.1479867600    0.0184015170    0.0004164988    
0.1482283500    0.0186794290    0.0004223565    
0.1484699400    0.0190346740    0.0004245681    
0.1487115300    0.0183793330    0.0004184693    
0.1489531200    0.0186286510    0.0004162372    
0.1491947000    0.0194018510    0.0004279936    
0.1494362900    0.0185862380    0.0004168534    
0.1496778800    0.0184866730    0.0004171459    
0.1499194700    0.0184216060    0.0004157836    
0.1501610600    0.0188962810    0.0004219013    
0.1504026500    0.0188475550    0.0004191451    
0.1506442400    0.0180056110    0.0004134035    
0.1508858200    0.0186325250    0.0004189465    
0.1511274100    0.0180581010    0.0004093555    
0.1513690000    0.0189860610    0.0004197417    
0.1516105900    0.0190624950    0.0004218440    
0.1518521800    0.0184657250    0.0004145678    
0.1520937700    0.0180363710    0.0004086530    
0.1523353600    0.0191110250    0.0004209640    
0.1525769400    0.0191838520    0.0004231847    
0.1528185300    0.0184888400    0.0004149821    
0.1530601200    0.0188606630    0.0004181975    
0.1533017100    0.0187031240    0.0004186334    
0.1535433000    0.0182709850    0.0004097828    
0.1537848900    0.0179360850    0.0004058603    
0.1540264800    0.0190304540    0.0004189860    
0.1542680600    0.0188641580    0.0004168429    
0.1545096500    0.0185660270    0.0004115634    
0.1547512400    0.0180167440    0.0004073727    
0.1549928300    0.0188455110    0.0004163293    
0.1552344200    0.0186754000    0.0004139879    
0.1554760100    0.0182024170    0.0004088625    
0.1557176000    0.0185688510    0.0004144874    
0.1559591800    0.0184874210    0.0004117476    
0.1562007700    0.0184354400    0.0004087691    
0.1564423600    0.0183548530    0.0004072827    
0.1566839500    0.0185370510    0.0004133659    
0.1569255400    0.0179801830    0.0004042788    
0.1571671300    0.0183662720    0.0004087454    
0.1574087100    0.0186982530    0.0004101836    
0.1576503000    0.0185925080    0.0004136779    
0.1578918900    0.0177509850    0.0003992263    
0.1581334800    0.0182214140    0.0004068334    
0.1583750700    0.0191632630    0.0004179777    
0.1586166600    0.0185266320    0.0004206255    
0.1588582500    0.0184555560    0.0004193362    
0.1590998300    0.0189667980    0.0004300651    
0.1593414200    0.0189457710    0.0004327143    
0.1595830100    0.0188186790    0.0004336746    
0.1598246000    0.0184747640    0.0004288347    
0.1600661900    0.0191301450    0.0004406183    
0.1603077800    0.0187245000    0.0004380674    
0.1605493700    0.0175318210    0.0004245852    
0.1607909500    0.0186524190    0.0004390324    
0.1610325400    0.0178618740    0.0004323249    
0.1612741300    0.0184947730    0.0004401023    
0.1615157200    0.0186092620    0.0004433291    
0.1617573100    0.0195461170    0.0004549301    
0.1619989000    0.0188767100    0.0004507249    
0.1622404900    0.0178035750    0.0004356613    
0.1624820700    0.0185632570    0.0004493010    
0.1627236600    0.0179905750    0.0004411628    
0.1629652500    0.0179222660    0.0004397523    
0.1632068400    0.0184474390    0.0004397236    
0.1634484300    0.0183128710    0.0004312792    
0.1636900200    0.0181060910    0.0004283142    
0.1639316100    0.0179135970    0.0004232871    
0.1641731900    0.0186837680    0.0004319441    
0.1644147800    0.0182907870    0.0004239935    
0.1646563700    0.0184809310    0.0004277122    
0.1648979600    0.0184406090    0.0004237262    
0.1651395500    0.0186446120    0.0004280748    
0.1653811400    0.0186986110    0.0004261809    
0.1656227200    0.0175750730    0.0004152880    
0.1658643100    0.0175634340    0.0004119196    
0.1661059000    0.0187853190    0.0004255128    
0.1663474900    0.0180615980    0.0004143615    
0.1665890800    0.0183992890    0.0004180577    
0.1668306700    0.0184970790    0.0004212594    
0.1670722600    0.0184182870    0.0004182735    
0.1673138400    0.0192300310    0.0004272285    
0.1675554300    0.0185997680    0.0004181043    
0.1677970200    0.0181341740    0.0004147189    
0.1680386100    0.0178809820    0.0004122845    
0.1682802000    0.0178156500    0.0004090421    
0.1685217900    0.0186191280    0.0004167533    
0.1687633800    0.0186704860    0.0004168599    
0.1690049600    0.0184109440    0.0004166054    
0.1692465500    0.0187305170    0.0004149040    
0.1694881400    0.0181162690    0.0004107797    
0.1697297300    0.0176197200    0.0004039053    
0.1699713200    0.0183057620    0.0004136961    
0.1702129100    0.0178035750    0.0004042094    
0.1704545000    0.0176467560    0.0004034664    
0.1706960800    0.0185170470    0.0004149885    
0.1709376700    0.0184801370    0.0004098609    
0.1711792600    0.0180207240    0.0004062185    
0.1714208500    0.0183495860    0.0004076679    
0.1716624400    0.0181664590    0.0004081578    
0.1719040300    0.0178421950    0.0004009735    
0.1721456200    0.0181487470    0.0004060214    
0.1723872000    0.0183940000    0.0004087555    
0.1726287900    0.0182269770    0.0004064514    
0.1728703800    0.0176605220    0.0004009615    
0.1731119700    0.0175177910    0.0003973116    
0.1733535600    0.0189733040    0.0004136377    
0.1735951500    0.0179092760    0.0003995656    
0.1738367300    0.0183256250    0.0004056368    
0.1740783200    0.0172749320    0.0003920051    
0.1743199100    0.0175081220    0.0003950652    
0.1745615000    0.0182676860    0.0004026807    
0.1748030900    0.0180662100    0.0003996010    
0.1750446800    0.0179391350    0.0004026440    
0.1752862700    0.0180072600    0.0003981024    
0.1755278500    0.0181009480    0.0004047495    
0.1757694400    0.0178452430    0.0003971498    
0.1760110300    0.0176958670    0.0003961871    
0.1762526200    0.0175615970    0.0003925911    
0.1764942100    0.0178362420    0.0003960677    
0.1767358000    0.0177935380    0.0003953144    
0.1769773900    0.0178672930    0.0003952980    
0.1772189700    0.0176844670    0.0003939621    
0.1774605600    0.0178817500    0.0003972741    
0.1777021500    0.0179323510    0.0003961560    
0.1779437400    0.0183653320    0.0004010510    
0.1781853300    0.0173295680    0.0003905394    
0.1784269200    0.0183826240    0.0003985876    
0.1786685100    0.0174735580    0.0003895537    
0.1789100900    0.0181978410    0.0003961673    
0.1791516800    0.0177417570    0.0003918499    
0.1793932700    0.0176934630    0.0003914521    
0.1796348600    0.0181444430    0.0003946309    
0.1798764500    0.0178182890    0.0003910680    
0.1801180400    0.0180023470    0.0003932181    
0.1803596200    0.0182934220    0.0003990052    
0.1806012100    0.0180385090    0.0003930714    
0.1808428000    0.0176751840    0.0003889591    
0.1810843900    0.0182981870    0.0003945371    
0.1813259800    0.0174987200    0.0003864821    
0.1815675700    0.0177707630    0.0003888095    
0.1818091600    0.0175171650    0.0003857620    
0.1820507400    0.0177452430    0.0003885302    
0.1822923300    0.0180286920    0.0003908215    
0.1825339200    0.0184635980    0.0003967228    
0.1827755100    0.0175692540    0.0003854167    
0.1830171000    0.0176845580    0.0003897320    
0.1832586900    0.0172454090    0.0003810733    
0.1835002800    0.0180229560    0.0003899648    
0.1837418600    0.0177076640    0.0003854961    
0.1839834500    0.0177721710    0.0003876360    
0.1842250400    0.0176748600    0.0003857889    
0.1844666300    0.0176307020    0.0003849168    
0.1847082200    0.0179510390    0.0003881363    
0.1849498100    0.0185003410    0.0003944286    
0.1851914000    0.0175596410    0.0003862295    
0.1854329800    0.0177435090    0.0003862765    
0.1856745700    0.0178890420    0.0003882506    
0.1859161600    0.0177798370    0.0003843447    
0.1861577500    0.0176552120    0.0003829953    
0.1863993400    0.0180422290    0.0003882070    
0.1866409300    0.0172455880    0.0003777715    
0.1868825200    0.0178143940    0.0003871780    
0.1871241000    0.0173564160    0.0003791093    
0.1873656900    0.0182961930    0.0003913232    
0.1876072800    0.0173255160    0.0003778938    
0.1878488700    0.0181524530    0.0003903077    
0.1880904600    0.0177999950    0.0003855921    
0.1883320500    0.0177765470    0.0003824019    
0.1885736300    0.0183592730    0.0003893909    
0.1888152200    0.0187762870    0.0003936579    
0.1890568100    0.0182539990    0.0003891766    
0.1892984000    0.0178235130    0.0003825281    
0.1895399900    0.0182144270    0.0003879803    
0.1897815800    0.0180408780    0.0003861276    
0.1900231700    0.0178094780    0.0003836433    
0.1902647500    0.0172469200    0.0003765380    
0.1905063400    0.0181401430    0.0003886083    
0.1907479300    0.0179565470    0.0003845870    
0.1909895200    0.0178724550    0.0003821728    
0.1912311100    0.0178784880    0.0003827396    
0.1914727000    0.0179332470    0.0003829478    
0.1917142900    0.0172089480    0.0003762474    
0.1919558700    0.0176545380    0.0003778588    
0.1921974600    0.0179575200    0.0003843435    
0.1924390500    0.0192054590    0.0003981315    
0.1926806400    0.0177602950    0.0003813470    
0.1929222300    0.0176791730    0.0003811016    
0.1931638200    0.0174329560    0.0003753582    
0.1934054100    0.0181183090    0.0003859330    
0.1936469900    0.0172370980    0.0003734860    
0.1938885800    0.0174671300    0.0003779383    
0.1941301700    0.0177132840    0.0003788559    
0.1943717600    0.0175767930    0.0003792473    
0.1946133500    0.0178219410    0.0003784201    
0.1948549400    0.0176348490    0.0003790031    
0.1950965300    0.0185840060    0.0003886881    
0.1953381100    0.0176342380    0.0003783788    
0.1955797000    0.0180457690    0.0003835187    
0.1958212900    0.0173394850    0.0003738660    
0.1960628800    0.0171813140    0.0003722773    
0.1963044700    0.0176645920    0.0003768674    
0.1965460600    0.0172432000    0.0003753848    
0.1967876400    0.0182815390    0.0003825293    
0.1970292300    0.0178035750    0.0003778598    
0.1972708200    0.0168810260    0.0003696083    
0.1975124100    0.0174733660    0.0003757930    
0.1977540000    0.0175347330    0.0003763303    
0.1979955900    0.0179556830    0.0003805742    
0.1982371800    0.0173648530    0.0003751112    
0.1984787600    0.0178816710    0.0003763937    
0.1987203500    0.0175757350    0.0003753135    
0.1989619400    0.0180317090    0.0003803955    
0.1992035300    0.0174746830    0.0003737526    
0.1994451200    0.0171929710    0.0003709657    
0.1996867100    0.0179881040    0.0003787179    
0.1999283000    0.0176011840    0.0003753438    
0.2001698800    0.0186255430    0.0003866085    
0.2004114700    0.0176121640    0.0003770382    
0.2006530600    0.0179034300    0.0003771024    
0.2008946500    0.0179996200    0.0003789604    
0.2011362400    0.0182332000    0.0003788730    
0.2013778300    0.0180093970    0.0003796714    
0.2016194200    0.0169348060    0.0003654805    
0.2018610000    0.0181887320    0.0003803377    
0.2021025900    0.0173949130    0.0003723020    
0.2023441800    0.0173856670    0.0003712548    
0.2025857700    0.0178081140    0.0003760972    
0.2028273600    0.0183333350    0.0003831939    
0.2030689500    0.0175683910    0.0003737955    
0.2033105400    0.0180293490    0.0003765113    
0.2035521200    0.0174808010    0.0003722691    
0.2037937100    0.0180496870    0.0003776779    
0.2040353000    0.0180666600    0.0003786969    
0.2042768900    0.0179094280    0.0003757315    
0.2045184800    0.0178962790    0.0003740588    
0.2047600700    0.0177061150    0.0003747798    
0.2050016500    0.0182009760    0.0003803443    
0.2052432400    0.0184993990    0.0003830834    
0.2054848300    0.0185363990    0.0003818895    
0.2057264200    0.0183590830    0.0003824809    
0.2059680100    0.0182492220    0.0003772562    
0.2062096000    0.0176453960    0.0003722459    
0.2064511900    0.0172425340    0.0003672783    
0.2066927700    0.0178374010    0.0003752126    
0.2069343600    0.0178946740    0.0003753393    
0.2071759500    0.0181902190    0.0003783067    
0.2074175400    0.0175229390    0.0003710689    
0.2076591300    0.0185645070    0.0003813373    
0.2079007200    0.0183356360    0.0003819924    
0.2081423100    0.0181940050    0.0003769210    
0.2083838900    0.0177957320    0.0003735929    
0.2086254800    0.0178361700    0.0003746070    
0.2088670700    0.0183686790    0.0003793207    
0.2091086600    0.0184176860    0.0003811462    
0.2093502500    0.0178840430    0.0003740482    
0.2095918400    0.0181085860    0.0003784136    
0.2098334300    0.0181423160    0.0003780470    
0.2100750100    0.0188681660    0.0003867597    
0.2103166000    0.0176413120    0.0003743317    
0.2105581900    0.0183612640    0.0003790060    
0.2107997800    0.0182704250    0.0003802215    
0.2110413700    0.0176134620    0.0003713244    
0.2112829600    0.0178443990    0.0003763603    
0.2115245400    0.0178884610    0.0003739771    
0.2117661300    0.0184087160    0.0003817790    
0.2120077200    0.0182976830    0.0003788251    
0.2122493100    0.0179153470    0.0003781933    
0.2124909000    0.0180635390    0.0003772253    
0.2127324900    0.0179632490    0.0003786985    
0.2129740800    0.0186623230    0.0003829428    
0.2132156600    0.0178529670    0.0003745469    
0.2134572500    0.0186383300    0.0003841526    
0.2136988400    0.0182272010    0.0003796510    
0.2139404300    0.0183649690    0.0003791632    
0.2141820200    0.0182277920    0.0003794165    
0.2144236100    0.0180066880    0.0003781883    
0.2146652000    0.0183808050    0.0003816107    
0.2149067800    0.0190667650    0.0003869481    
0.2151483700    0.0180139810    0.0003818099    
0.2153899600    0.0184033490    0.0003907654    
0.2156315500    0.0179365280    0.0003895565    
0.2158731400    0.0178924710    0.0003905387    
0.2161147300    0.0182480400    0.0003993475    
0.2163563200    0.0179955380    0.0003975519    
0.2165979000    0.0180964810    0.0004016485    
0.2168394900    0.0182384620    0.0004035098    
0.2170810800    0.0181870370    0.0004074903    
0.2173226700    0.0179233940    0.0004042300    
0.2175642600    0.0179839810    0.0004071526    
0.2178058500    0.0181551360    0.0004106068    
0.2180474400    0.0175356510    0.0004055095    
0.2182890200    0.0178743540    0.0004126805    
0.2185306100    0.0178989760    0.0004103069    
0.2187722000    0.0173722660    0.0004093545    
0.2190137900    0.0174974690    0.0004100344    
0.2192553800    0.0170637410    0.0004087197    
0.2194969700    0.0170936420    0.0004065308    
0.2197385500    0.0171419100    0.0004046010    
0.2199801400    0.0175671740    0.0004052645    
0.2202217300    0.0185516140    0.0004124618    
0.2204633200    0.0174584040    0.0003982244    
0.2207049100    0.0185682320    0.0004080191    
0.2209465000    0.0173578450    0.0003944965    
0.2211880900    0.0168297040    0.0003865070    
0.2214296700    0.0178705920    0.0003977139    
0.2216712600    0.0169638320    0.0003869432    
0.2219128500    0.0175879260    0.0003928853    
0.2221544400    0.0180023780    0.0003994615    
0.2223960300    0.0174738330    0.0003916089    
0.2226376200    0.0174546350    0.0003944613    
0.2228792100    0.0175915380    0.0003930641    
0.2231207900    0.0173544080    0.0003904059    
0.2233623800    0.0175446370    0.0003900735    
0.2236039700    0.0168615470    0.0003840112    
0.2238455600    0.0172864180    0.0003869232    
0.2240871500    0.0172250210    0.0003869082    
0.2243287400    0.0177433700    0.0003906488    
0.2245703300    0.0170901870    0.0003859295    
0.2248119100    0.0171381140    0.0003859309    
0.2250535000    0.0170045860    0.0003842905    
0.2252950900    0.0172059550    0.0003880494    
0.2255366800    0.0176931460    0.0003898266    
0.2257782700    0.0167950350    0.0003807233    
0.2260198600    0.0175366440    0.0003876981    
0.2262614500    0.0170963270    0.0003826683    
0.2265030300    0.0175277970    0.0003869356    
0.2267446200    0.0169810210    0.0003822964    
0.2269862100    0.0168855030    0.0003786139    
0.2272278000    0.0167987710    0.0003786735    
0.2274693900    0.0170945830    0.0003808211    
0.2277109800    0.0172644090    0.0003861405    
0.2279525600    0.0173457690    0.0003834783    
0.2281941500    0.0172498760    0.0003833306    
0.2284357400    0.0174407080    0.0003849192    
0.2286773300    0.0172011620    0.0003835763    
0.2289189200    0.0164758510    0.0003731045    
0.2291605100    0.0178475350    0.0003905827    
0.2294021000    0.0172779460    0.0003827278    
0.2296436800    0.0166569460    0.0003791549    
0.2298852700    0.0173222010    0.0003829572    
0.2301268600    0.0171121740    0.0003845675    
0.2303684500    0.0171519570    0.0003827647    
0.2306100400    0.0168736290    0.0003801679    
0.2308516300    0.0171796580    0.0003828113    
0.2310932200    0.0168235170    0.0003807824    
0.2313348000    0.0172597130    0.0003838336    
0.2315763900    0.0166622890    0.0003775202    
0.2318179800    0.0181280620    0.0003956810    
0.2320595700    0.0179871170    0.0003925111    
0.2323011600    0.0173492520    0.0003866864    
0.2325427500    0.0173664890    0.0003868784    
0.2327843400    0.0167440450    0.0003813352    
0.2330259200    0.0175464530    0.0003868764    
0.2332675100    0.0169702160    0.0003809926    
0.2335091000    0.0170272060    0.0003829482    
0.2337506900    0.0163751490    0.0003736127    
0.2339922800    0.0173612580    0.0003869540    
0.2342338700    0.0173615550    0.0003862895    
0.2344754600    0.0169597280    0.0003829835    
0.2347170400    0.0168590200    0.0003797423    
0.2349586300    0.0171810640    0.0003842763    
0.2352002200    0.0169458570    0.0003848351    
0.2354418100    0.0168153100    0.0003810850    
0.2356834000    0.0172491390    0.0003857025    
0.2359249900    0.0166791390    0.0003769357    
0.2361665700    0.0171337750    0.0003853450    
0.2364081600    0.0171509410    0.0003834109    
0.2366497500    0.0182430930    0.0003976239    
0.2368913400    0.0168286760    0.0003803151    
0.2371329300    0.0173012960    0.0003880346    
0.2373745200    0.0174112300    0.0003877789    
0.2376161100    0.0173680480    0.0003872977    
0.2378576900    0.0167065370    0.0003811735    
0.2380992800    0.0167972860    0.0003800914    
0.2383408700    0.0169943220    0.0003833739    
0.2385824600    0.0162364200    0.0003731771    
0.2388240500    0.0172744130    0.0003866545    
0.2390656400    0.0173990050    0.0003881812    
0.2393072300    0.0175181270    0.0003884295    
0.2395488100    0.0173853210    0.0003874903    
0.2397904000    0.0169208460    0.0003834768    
0.2400319900    0.0175172240    0.0003907215    
0.2402735800    0.0169371180    0.0003847358    
0.2405151700    0.0170259910    0.0003850694    
0.2407567600    0.0169888560    0.0003819891    
0.2409983500    0.0171609100    0.0003860529    
0.2412399300    0.0164587720    0.0003765018    
0.2414815200    0.0171719160    0.0003869866    
0.2417231100    0.0179394900    0.0003921259    
0.2419647000    0.0166341250    0.0003810119    
0.2422062900    0.0174144330    0.0003893012    
0.2424478800    0.0168169760    0.0003826985    
0.2426894600    0.0169303580    0.0003858787    
0.2429310500    0.0161943110    0.0003748924    
0.2431726400    0.0174544370    0.0003889342    
0.2434142300    0.0169779020    0.0003821294    
0.2436558200    0.0168858130    0.0003849634    
0.2438974100    0.0181335450    0.0003953301    
0.2441390000    0.0171848610    0.0003865917    
0.2443805800    0.0169127740    0.0003837870    
0.2446221700    0.0167824880    0.0003827073    
0.2448637600    0.0174703060    0.0003914316    
0.2451053500    0.0164345460    0.0003775314    
0.2453469400    0.0166698150    0.0003842563    
0.2455885300    0.0164605640    0.0003778301    
0.2458301200    0.0175124950    0.0003921800    
0.2460717000    0.0169998220    0.0003833030    
0.2463132900    0.0165935750    0.0003790899    
0.2465548800    0.0166400250    0.0003817484    
0.2467964700    0.0163678830    0.0003768961    
0.2470380600    0.0164885810    0.0003794742    
0.2472796500    0.0167039430    0.0003818106    
0.2475212400    0.0162162690    0.0003784553    
0.2477628200    0.0172612310    0.0003912914    
0.2480044100    0.0177117020    0.0003923360    
0.2482460000    0.0166108720    0.0003800806    
0.2484875900    0.0172954370    0.0003887842    
0.2487291800    0.0166924120    0.0003819464    
0.2489707700    0.0169587440    0.0003840399    
0.2492123600    0.0167838930    0.0003843416    
0.2494539400    0.0171600420    0.0003878038    
0.2496955300    0.0165873540    0.0003819498    
0.2499371200    0.0166457810    0.0003812789    
0.2501787100    0.0168279500    0.0003875926    
0.2504203000    0.0169158860    0.0003839565    
0.2506618900    0.0168062800    0.0003805873    
0.2509034700    0.0163603120    0.0003781278    
0.2511450600    0.0162596030    0.0003763031    
0.2513866500    0.0168033740    0.0003834828    
0.2516282400    0.0163980300    0.0003761966    
0.2518698300    0.0166428520    0.0003811118    
0.2521114200    0.0166485140    0.0003802458    
0.2523530100    0.0168461660    0.0003831644    
0.2525945900    0.0179869380    0.0003949598    
0.2528361800    0.0164670500    0.0003806965    
0.2530777700    0.0169566090    0.0003828155    
0.2533193600    0.0164815520    0.0003770229    
0.2535609500    0.0167006220    0.0003808404    
0.2538025400    0.0171316020    0.0003855888    
0.2540441300    0.0167757780    0.0003815634    
0.2542857100    0.0169486570    0.0003831245    
0.2545273000    0.0165233180    0.0003802737    
0.2547688900    0.0168924660    0.0003815619    
0.2550104800    0.0174685080    0.0003909989    
0.2552520700    0.0175780380    0.0003937465    
0.2554936600    0.0166224360    0.0003791560    
0.2557352500    0.0162361140    0.0003761626    
0.2559768300    0.0167751160    0.0003807613    
0.2562184200    0.0170443050    0.0003856809    
0.2564600100    0.0176235670    0.0003900012    
0.2567016000    0.0167535890    0.0003826457    
0.2569431900    0.0168508300    0.0003822829    
0.2571847800    0.0167435150    0.0003805344    
0.2574263700    0.0165472900    0.0003788242    
0.2576679500    0.0163292750    0.0003771085    
0.2579095400    0.0170355780    0.0003855822    
0.2581511300    0.0171694080    0.0003850766    
0.2583927200    0.0169010840    0.0003816592    
0.2586343100    0.0170535000    0.0003821887    
0.2588759000    0.0167557220    0.0003816011    
0.2591174800    0.0170557520    0.0003819516    
0.2593590700    0.0167395240    0.0003787843    
0.2596006600    0.0166224240    0.0003787618    
0.2598422500    0.0168645940    0.0003819078    
0.2600838400    0.0165762540    0.0003788920    
0.2603254300    0.0165788790    0.0003802455    
0.2605670200    0.0168447310    0.0003819480    
0.2608086000    0.0160341780    0.0003697024    
0.2610501900    0.0159506250    0.0003706442    
0.2612917800    0.0168243790    0.0003815847    
0.2615333700    0.0163640330    0.0003754167    
0.2617749600    0.0166886910    0.0003797792    
0.2620165500    0.0172875300    0.0003855981    
0.2622581400    0.0166253790    0.0003805122    
0.2624997200    0.0166598530    0.0003793194    
0.2627413100    0.0172185110    0.0003894235    
0.2629829000    0.0166479900    0.0003770994    
0.2632244900    0.0169406720    0.0003834341    
0.2634660800    0.0166997540    0.0003788556    
0.2637076700    0.0160898420    0.0003727738    
0.2639492600    0.0176271430    0.0003901759    
0.2641908400    0.0172031070    0.0003861239    
0.2644324300    0.0168108990    0.0003823622    
0.2646740200    0.0166366700    0.0003776188    
0.2649156100    0.0162809500    0.0003776070    
0.2651572000    0.0169084440    0.0003828027    
0.2653987900    0.0167889090    0.0003834524    
0.2656403800    0.0165558350    0.0003793181    
0.2658819600    0.0164098240    0.0003760715    
0.2661235500    0.0166776330    0.0003811097    
0.2663651400    0.0169590150    0.0003825774    
0.2666067300    0.0173677710    0.0003879674    
0.2668483200    0.0164294160    0.0003768175    
0.2670899100    0.0169008410    0.0003854062    
0.2673314900    0.0163263100    0.0003752431    
0.2675730800    0.0169521540    0.0003851768    
0.2678146700    0.0167046820    0.0003834335    
0.2680562600    0.0163743440    0.0003764466    
0.2682978500    0.0164400820    0.0003778580    
0.2685394400    0.0167057910    0.0003795790    
0.2687810300    0.0168635960    0.0003833626    
0.2690226100    0.0165594110    0.0003771303    
0.2692642000    0.0167459370    0.0003841781    
0.2695057900    0.0166975020    0.0003802752    
0.2697473800    0.0164144510    0.0003771693    
0.2699889700    0.0168270080    0.0003840222    
0.2702305600    0.0162003740    0.0003774681    
0.2704721500    0.0166429620    0.0003819163    
0.2707137300    0.0173042370    0.0003864517    
0.2709553200    0.0161881350    0.0003762648    
0.2711969100    0.0163439800    0.0003771465    
0.2714385000    0.0168447310    0.0003819480    
0.2716800900    0.0172450320    0.0003879453    
0.2719216800    0.0161456420    0.0003836596    
0.2721632700    0.0167152850    0.0003931104    
0.2724048500    0.0167873890    0.0003990217    
0.2726464400    0.0168691330    0.0004073434    
0.2728880300    0.0172800230    0.0004126003    
0.2731296200    0.0167661010    0.0004086862    
0.2733712100    0.0170789940    0.0004158194    
0.2736128000    0.0165195780    0.0004145469    
0.2738543800    0.0167092140    0.0004145046    
0.2740959700    0.0171896590    0.0004244684    
0.2743375600    0.0163012090    0.0004163406    
0.2745791500    0.0168704960    0.0004253667    
0.2748207400    0.0177258980    0.0004390505    
0.2750623300    0.0169537890    0.0004293819    
0.2753039200    0.0166388850    0.0004299009    
0.2755455000    0.0177499600    0.0004426438    
0.2757870900    0.0162603820    0.0004299943    
0.2760286800    0.0173034030    0.0004413616    
0.2762702700    0.0168424830    0.0004435305    
0.2765118600    0.0168680030    0.0004262533    
0.2767534500    0.0163316500    0.0004178000    
0.2769950400    0.0166587380    0.0004185665    
0.2772366200    0.0166029370    0.0004135256    
0.2774782100    0.0176457470    0.0004268439    
0.2777198000    0.0167688630    0.0004171411    
0.2779613900    0.0172430650    0.0004219454    
0.2782029800    0.0170800830    0.0004118374    
0.2784445700    0.0163709210    0.0004066133    
0.2786861600    0.0165999330    0.0004082911    
0.2789277400    0.0166755950    0.0004046807    
0.2791693300    0.0165937190    0.0004040045    
0.2794109200    0.0176361790    0.0004184880    
0.2796525100    0.0171446030    0.0004119585    
0.2798941000    0.0168456650    0.0004037279    
0.2801356900    0.0170149700    0.0004099100    
0.2803772800    0.0161912030    0.0004033958    
0.2806188600    0.0162147580    0.0003954819    
0.2808604500    0.0166134890    0.0003981635    
0.2811020400    0.0161647120    0.0003942613    
0.2813436300    0.0162090180    0.0003966418    
0.2815852200    0.0167815680    0.0003995611    
0.2818268100    0.0162704900    0.0003955491    
0.2820683900    0.0166102250    0.0004007411    
0.2823099800    0.0176849770    0.0004131824    
0.2825515700    0.0165882170    0.0003966476    
0.2827931600    0.0170375910    0.0004068117    
0.2830347500    0.0170135240    0.0004041685    
0.2832763400    0.0166261760    0.0003975552    
0.2835179300    0.0173011100    0.0004055443    
0.2837595100    0.0166647510    0.0004003129    
0.2840011000    0.0167226930    0.0004014731    
0.2842426900    0.0166292680    0.0003963846    
0.2844842800    0.0168840650    0.0004015465    
0.2847258700    0.0158535300    0.0003896969    
0.2849674600    0.0162763750    0.0003959263    
0.2852090500    0.0168105530    0.0004003647    
0.2854506300    0.0157800670    0.0003895422    
0.2856922200    0.0161133280    0.0003924248    
0.2859338100    0.0165367820    0.0003981589    
0.2861754000    0.0170150150    0.0004017178    
0.2864169900    0.0171442340    0.0004030870    
0.2866585800    0.0167569490    0.0004003390    
0.2869001700    0.0159089700    0.0003891830    
0.2871417500    0.0165375130    0.0003963427    
0.2873833400    0.0157768960    0.0003887539    
0.2876249300    0.0160149880    0.0003921287    
0.2878665200    0.0162926320    0.0003979736    
0.2881081100    0.0157001260    0.0003838444    
0.2883497000    0.0166957670    0.0003980828    
0.2885912900    0.0160096690    0.0003896692    
0.2888328700    0.0165344090    0.0003961545    
0.2890744600    0.0163174690    0.0003926509    
0.2893160500    0.0167618770    0.0003984153    
0.2895576400    0.0169325400    0.0004025856    
0.2897992300    0.0163007280    0.0003911174    
0.2900408200    0.0162898670    0.0003918733    
0.2902824000    0.0157743510    0.0003885732    
0.2905239900    0.0157845710    0.0003870675    
0.2907655800    0.0160833650    0.0003879171    
0.2910071700    0.0155032780    0.0003808573    
0.2912487600    0.0163758040    0.0003920170    
0.2914903500    0.0164019600    0.0003913000    
0.2917319400    0.0165610340    0.0003918742    
0.2919735200    0.0162217760    0.0003889991    
0.2922151100    0.0167003110    0.0003939585    
0.2924567000    0.0160818520    0.0003873178    
0.2926982900    0.0169434030    0.0003977062    
0.2929398800    0.0168682470    0.0003989204    
0.2931814700    0.0165211370    0.0003908208    
0.2934230600    0.0161361510    0.0003873916    
0.2936646400    0.0169376320    0.0003941116    
0.2939062300    0.0161900430    0.0003889097    
0.2941478200    0.0167888640    0.0003935370    
0.2943894100    0.0166352990    0.0003936315    
0.2946310000    0.0151959140    0.0003752363    
0.2948725900    0.0164832650    0.0003916823    
0.2951141800    0.0163477620    0.0003893428    
0.2953557600    0.0168046420    0.0003974161    
0.2955973500    0.0163766520    0.0003888197    
0.2958389400    0.0161966550    0.0003859630    
0.2960805300    0.0158245230    0.0003817852    
0.2963221200    0.0160599260    0.0003839057    
0.2965637100    0.0160847900    0.0003840614    
0.2968053000    0.0168266610    0.0003919542    
0.2970468800    0.0167789180    0.0003925497    
0.2972884700    0.0161236480    0.0003836789    
0.2975300600    0.0159684370    0.0003818278    
0.2977716500    0.0156264150    0.0003791077    
0.2980132400    0.0167028950    0.0003928190    
0.2982548300    0.0169380880    0.0003925315    
0.2984964100    0.0157277870    0.0003776966    
0.2987380000    0.0160882890    0.0003828375    
0.2989795900    0.0161540880    0.0003827811    
0.2992211800    0.0162184490    0.0003831249    
0.2994627700    0.0159764000    0.0003813646    
0.2997043600    0.0156193040    0.0003780462    
0.2999459500    0.0165770490    0.0003893214    
0.3001875300    0.0158994910    0.0003807238    
0.3004291200    0.0160830500    0.0003868981    
0.3006707100    0.0160102880    0.0003806582    
0.3009123000    0.0155415810    0.0003768279    
0.3011538900    0.0164995250    0.0003855913    
0.3013954800    0.0164162500    0.0003867199    
0.3016370700    0.0162922210    0.0003849750    
0.3018786500    0.0162558340    0.0003845448    
0.3021202400    0.0161258060    0.0003828641    
0.3023618300    0.0167083740    0.0003914353    
0.3026034200    0.0161053880    0.0003834616    
0.3028450100    0.0167233440    0.0003910356    
0.3030866000    0.0161279450    0.0003844348    
0.3033281900    0.0168008300    0.0003900846    
0.3035697700    0.0159490900    0.0003810385    
0.3038113600    0.0167199930    0.0003904239    
0.3040529500    0.0162727520    0.0003837657    
0.3042945400    0.0161795480    0.0003825262    
0.3045361300    0.0156216230    0.0003782132    
0.3047777200    0.0162139700    0.0003837693    
0.3050193100    0.0157464180    0.0003784715    
0.3052608900    0.0162478850    0.0003854367    
0.3055024800    0.0168604810    0.0003976263    
0.3057440700    0.0165716140    0.0003864328    
0.3059856600    0.0157659260    0.0003777421    
0.3062272500    0.0162285440    0.0003842219    
0.3064688400    0.0156809920    0.0003786531    
0.3067104200    0.0168986140    0.0003899449    
0.3069520100    0.0156440310    0.0003771015    
0.3071936000    0.0161692980    0.0003842217    
0.3074351900    0.0162415140    0.0003855026    
0.3076767800    0.0159378850    0.0003797965    
0.3079183700    0.0161763100    0.0003865773    
0.3081599600    0.0163148850    0.0003882296    
0.3084015400    0.0166618240    0.0003879041    
0.3086431300    0.0160966480    0.0003809924    
0.3088847200    0.0159227870    0.0003812816    
0.3091263100    0.0164228900    0.0003862339    
0.3093679000    0.0160700690    0.0003826207    
0.3096094900    0.0167639600    0.0003888095    
0.3098510800    0.0158312440    0.0003817252    
0.3100926600    0.0157718580    0.0003791926    
0.3103342500    0.0168658600    0.0003921233    
0.3105758400    0.0164841560    0.0003903831    
0.3108174300    0.0168402400    0.0003906838    
0.3110590200    0.0164245170    0.0003876684    
0.3113006100    0.0160669860    0.0003805036    
0.3115422000    0.0166166700    0.0003899295    
0.3117837800    0.0160050510    0.0003812888    
0.3120253700    0.0161902890    0.0003846119    
0.3122669600    0.0162825310    0.0003834635    
0.3125085500    0.0156331100    0.0003784913    
0.3127501400    0.0158862670    0.0003808441    
0.3129917300    0.0158521560    0.0003821184    
0.3132333100    0.0166411070    0.0003905029    
0.3134749000    0.0157060430    0.0003788165    
0.3137164900    0.0161178070    0.0003823510    
0.3139580800    0.0156438400    0.0003765503    
0.3141996700    0.0167740020    0.0003901986    
0.3144412600    0.0160375130    0.0003819538    
0.3146828500    0.0167476300    0.0003911759    
0.3149244300    0.0163961220    0.0003854977    
0.3151660200    0.0161435650    0.0003844796    
0.3154076100    0.0161571380    0.0003853497    
0.3156492000    0.0164375310    0.0003902652    
0.3158907900    0.0158383290    0.0003786085    
0.3161323800    0.0161396660    0.0003823320    
0.3163739700    0.0155441400    0.0003753485    
0.3166155500    0.0163267030    0.0003866543    
0.3168571400    0.0164290820    0.0003861660    
0.3170987300    0.0161456420    0.0003836596    
0.3173403200    0.0167929260    0.0003912745    
0.3175819100    0.0163450160    0.0003868711    
0.3178235000    0.0162276920    0.0003846332    
0.3180650900    0.0165491730    0.0003902846    
0.3183066700    0.0159970550    0.0003827310    
0.3185482600    0.0161829260    0.0003850895    
0.3187898500    0.0162853010    0.0003836352    
0.3190314400    0.0162067190    0.0003842440    
0.3192730300    0.0157167520    0.0003779769    
0.3195146200    0.0160453580    0.0003824662    
0.3197562100    0.0158481640    0.0003792773    
0.3199977900    0.0163069300    0.0003854302    
0.3202393800    0.0159681550    0.0003828072    
0.3204809700    0.0159048780    0.0003826119    
0.3207225600    0.0164942190    0.0003892051    
0.3209641500    0.0161149890    0.0003845632    
0.3212057400    0.0162357200    0.0003837471    
0.3214473200    0.0157234640    0.0003779198    
0.3216889100    0.0159298560    0.0003802536    
0.3219305000    0.0165800700    0.0003894998    
0.3221720900    0.0162395720    0.0003849148    
0.3224136800    0.0159016830    0.0003793649    
0.3226552700    0.0163483610    0.0003889161    
0.3228968600    0.0162486950    0.0003850229    
0.3231384400    0.0155688280    0.0003805206    
0.3233800300    0.0164352660    0.0003860981    
0.3236216200    0.0162412210    0.0003840917    
0.3238632100    0.0168111590    0.0003914869    
0.3241048000    0.0159435980    0.0003816705    
0.3243463900    0.0164888500    0.0003879998    
0.3245879800    0.0160271250    0.0003822488    
0.3248295600    0.0165043950    0.0003876151    
0.3250711500    0.0161220540    0.0003830991    
0.3253127400    0.0165464680    0.0003892478    
0.3255543300    0.0154267060    0.0003762611    
0.3257959200    0.0154226950    0.0003783073    
0.3260375100    0.0162538610    0.0003839614    
0.3262791000    0.0160441020    0.0003828716    
0.3265206800    0.0165833160    0.0003883989    
0.3267622700    0.0161683130    0.0003846329    
0.3270038600    0.0165253700    0.0003884292    
0.3272454500    0.0165590160    0.0003882560    
0.3274870400    0.0163553250    0.0003861428    
0.3277286300    0.0159615550    0.0003828691    
0.3279702200    0.0162562350    0.0003859608    
0.3282118000    0.0162291550    0.0003885064    
0.3284533900    0.0160973990    0.0003829459    
0.3286949800    0.0166524820    0.0004032894    
0.3289365700    0.0158741380    0.0003991048    
0.3291781600    0.0159021940    0.0004028778    
0.3294197500    0.0164634570    0.0004147085    
0.3296613300    0.0162257730    0.0004159088    
0.3299029200    0.0168660630    0.0004245807    
0.3301445100    0.0165543390    0.0004267206    
0.3303861000    0.0158512330    0.0004203521    
0.3306276900    0.0159035570    0.0004242835    
0.3308692800    0.0157140830    0.0004219401    
0.3311108700    0.0160561260    0.0004300405    
0.3313524500    0.0165499210    0.0004415275    
0.3315940400    0.0161037620    0.0004349192    
0.3318356300    0.0161747380    0.0004415308    
0.3320772200    0.0160853230    0.0004407351    
0.3323188100    0.0163255090    0.0004481581    
0.3325604000    0.0156517260    0.0004381642    
0.3328019900    0.0156438850    0.0004426530    
0.3330435700    0.0165226290    0.0004501895    
0.3332851600    0.0166803970    0.0004464406    
0.3335267500    0.0154799760    0.0004167069    
0.3337683400    0.0157491930    0.0004203149    
0.3340099300    0.0162256030    0.0004237736    
0.3342515200    0.0161317760    0.0004184781    
0.3344931100    0.0158652340    0.0004107353    
0.3347346900    0.0161991120    0.0004164585    
0.3349762800    0.0168392150    0.0004224350    
0.3352178700    0.0169321770    0.0004219878    
0.3354594600    0.0165021440    0.0004145012    
0.3357010500    0.0164283200    0.0004146134    
0.3359426400    0.0163287230    0.0004147500    
0.3361842300    0.0160594040    0.0004033804    
0.3364258100    0.0161790350    0.0004042233    
0.3366674000    0.0162285880    0.0004053349    
0.3369089900    0.0167238750    0.0004099777    
0.3371505800    0.0167868410    0.0004099232    
0.3373921700    0.0158019300    0.0003986778    
0.3376337600    0.0157664220    0.0003979086    
0.3378753400    0.0167942270    0.0004108391    
0.3381169300    0.0161654190    0.0004011381    
0.3383585200    0.0159621770    0.0004029774    
0.3386001100    0.0159188230    0.0003964865    
0.3388417000    0.0155955340    0.0003938467    
0.3390832900    0.0162851170    0.0003985040    
0.3393248800    0.0164120960    0.0004030620    
0.3395664600    0.0158344770    0.0003951218    
0.3398080500    0.0161609250    0.0003987011    
0.3400496400    0.0165352800    0.0004018677    
0.3402912300    0.0162888800    0.0003982385    
0.3405328200    0.0160879580    0.0003981143    
0.3407744100    0.0165739450    0.0004042426    
0.3410160000    0.0162674700    0.0004009637    
0.3412575800    0.0158464250    0.0003914189    
0.3414991700    0.0162659310    0.0003962588    
0.3417407600    0.0156557760    0.0003898140    
0.3419823500    0.0158387600    0.0003892163    
0.3422239400    0.0158675050    0.0003912242    
0.3424655300    0.0158252460    0.0003916133    
0.3427071200    0.0167482940    0.0004016250    
0.3429487000    0.0160439040    0.0003935451    
0.3431902900    0.0165322890    0.0004012030    
0.3434318800    0.0166067790    0.0004052846    
0.3436734700    0.0164577500    0.0003961413    
0.3439150600    0.0157086380    0.0003861353    
0.3441566500    0.0165462060    0.0003987327    
0.3443982300    0.0157602730    0.0003886985    
0.3446398200    0.0161526240    0.0003924519    
0.3448814100    0.0155973010    0.0003866835    
0.3451230000    0.0155757260    0.0003868626    
0.3453645900    0.0156622050    0.0003879351    
0.3456061800    0.0163814690    0.0003952221    
0.3458477700    0.0160370190    0.0003936132    
0.3460893500    0.0160287250    0.0003930546    
0.3463309400    0.0153954150    0.0003822663    
0.3465725300    0.0170219550    0.0004021059    
0.3468141200    0.0161572230    0.0003932607    
0.3470557100    0.0157375990    0.0003870812    
0.3472973000    0.0168430290    0.0004013659    
0.3475388900    0.0161946400    0.0003911703    
0.3477804700    0.0164608090    0.0003963297    
0.3480220600    0.0161487300    0.0003927051    
0.3482636500    0.0160354680    0.0003908765    
0.3485052400    0.0159205310    0.0003932494    
0.3487468300    0.0163695120    0.0003944747    
0.3489884200    0.0164615220    0.0003954310    
0.3492300100    0.0161107540    0.0003897130    
0.3494715900    0.0162184560    0.0003937029    
0.3497131800    0.0167235100    0.0003970549    
0.3499547700    0.0167819470    0.0004000240    
0.3501963600    0.0156560780    0.0003846110    
0.3504379500    0.0160340740    0.0003902632    
0.3506795400    0.0159470530    0.0003896485    
0.3509211300    0.0164956130    0.0003970526    
0.3511627100    0.0160778720    0.0003921432    
0.3514043000    0.0166198130    0.0003958220    
0.3516458900    0.0160989780    0.0003904576    
0.3518874800    0.0162050240    0.0003908515    
0.3521290700    0.0163776720    0.0003930767    
0.3523706600    0.0159027220    0.0003882178    
0.3526122400    0.0167018350    0.0003975501    
0.3528538300    0.0153764310    0.0003820305    
0.3530954200    0.0164230840    0.0003954214    
0.3533370100    0.0155069950    0.0003835030    
0.3535786000    0.0162771620    0.0003954777    
0.3538201900    0.0158109180    0.0003856322    
0.3540617800    0.0162934630    0.0003935573    
0.3543033600    0.0158903950    0.0003863087    
0.3545449500    0.0155781280    0.0003835070    
0.3547865400    0.0163570350    0.0003917923    
0.3550281300    0.0157086380    0.0003861353    
0.3552697200    0.0165253350    0.0003951440    
0.3555113100    0.0168883500    0.0004000676    
0.3557529000    0.0158984710    0.0003884615    
0.3559944800    0.0162978400    0.0003909355    
0.3562360700    0.0159050770    0.0003910822    
0.3564776600    0.0161533570    0.0003894920    
0.3567192500    0.0162370220    0.0003909415    
0.3569608400    0.0162387350    0.0003900793    
0.3572024300    0.0168432610    0.0003987758    
0.3574440200    0.0156650000    0.0003835592    
0.3576856000    0.0158381580    0.0003869878    
0.3579271900    0.0159896260    0.0003878054    
0.3581687800    0.0159501080    0.0003887958    
0.3584103700    0.0157852090    0.0003854640    
0.3586519600    0.0156594890    0.0003871559    
0.3588935500    0.0154931570    0.0003824596    
0.3591351400    0.0166135180    0.0003963472    
0.3593767200    0.0160700690    0.0003880482    
0.3596183100    0.0155080620    0.0003806304    
0.3598599000    0.0160958300    0.0003892381    
0.3601014900    0.0160447650    0.0003889140    
0.3603430800    0.0161927760    0.0003905560    
0.3605846700    0.0158647850    0.0003861428    
0.3608262500    0.0158639440    0.0003871558    
0.3610678400    0.0160111160    0.0003882124    
0.3613094300    0.0163975280    0.0003952646    
0.3615510200    0.0167168460    0.0003962273    
0.3617926100    0.0164823630    0.0003929946    
0.3620342000    0.0165947070    0.0003952241    
0.3622757900    0.0163224040    0.0003915248    
0.3625173700    0.0166950510    0.0003962676    
0.3627589600    0.0163558560    0.0003926662    
0.3630005500    0.0160848870    0.0003885193    
0.3632421400    0.0158758590    0.0003858413    
0.3634837300    0.0159516250    0.0003883715    
0.3637253200    0.0161206970    0.0003908694    
0.3639669100    0.0162496610    0.0003927285    
0.3642084900    0.0164856830    0.0003927390    
0.3644500800    0.0158459880    0.0003859140    
0.3646916700    0.0165978300    0.0003954107    
0.3649332600    0.0160671280    0.0003868510    
0.3651748500    0.0161825130    0.0003894035    
0.3654164400    0.0163269180    0.0003927646    
0.3656580300    0.0161362560    0.0003898739    
0.3658996100    0.0164385010    0.0003926189    
0.3661412000    0.0159264010    0.0003871841    
0.3663827900    0.0162070140    0.0003944726    
0.3666243800    0.0155781280    0.0003800674    
0.3668659700    0.0160794400    0.0003881613    
0.3671075600    0.0159039910    0.0003861830    
0.3673491500    0.0160031990    0.0003866590    
0.3675907300    0.0164501260    0.0003937962    
0.3678323200    0.0159885700    0.0003861928    
0.3680739100    0.0153987440    0.0003812925    
0.3683155000    0.0155687440    0.0003822349    
0.3685570900    0.0157164440    0.0003838993    
0.3687986800    0.0154546430    0.0003831468    
0.3690402600    0.0155259640    0.0003837375    
0.3692818500    0.0155385130    0.0003805762    
0.3695234400    0.0158758590    0.0003858413    
0.3697650300    0.0162712680    0.0003897380    
0.3700066200    0.0160057630    0.0003878547    
0.3702482100    0.0158274720    0.0003840986    
0.3704898000    0.0159977650    0.0003873199    
0.3707313800    0.0162116150    0.0003907832    
0.3709729700    0.0154984810    0.0003810846    
0.3712145600    0.0164713530    0.0003950976    
0.3714561500    0.0156896550    0.0003859019    
0.3716977400    0.0160646520    0.0003876914    
0.3719393300    0.0154591040    0.0003798868    
0.3721809200    0.0162798460    0.0003902794    
0.3724225000    0.0158401030    0.0003849723    
0.3726640900    0.0159081830    0.0003859436    
0.3729056800    0.0154774730    0.0003806831    
0.3731472700    0.0162870730    0.0003897812    
0.3733888600    0.0158040350    0.0003856938    
0.3736304500    0.0167898920    0.0003982944    
0.3738720400    0.0155021370    0.0003837351    
0.3741136200    0.0163029110    0.0003917340    
0.3743552100    0.0164009910    0.0003921707    
0.3745968000    0.0153592430    0.0003782331    
0.3748383900    0.0160993470    0.0003879642    
0.3750799800    0.0156529780    0.0003826917    
0.3753215700    0.0162725750    0.0003907795    
0.3755631500    0.0157603010    0.0003837134    
0.3758047400    0.0159977650    0.0003873199    
0.3760463300    0.0165445600    0.0003944776    
0.3762879200    0.0169342860    0.0003997005    
0.3765295100    0.0156090230    0.0003852025    
0.3767711000    0.0155196960    0.0003809160    
0.3770126900    0.0161779150    0.0003886183    
0.3772542700    0.0160872790    0.0003876734    
0.3774958600    0.0156386710    0.0003816581    
0.3777374500    0.0162395850    0.0003896503    
0.3779790400    0.0158365890    0.0003857995    
0.3782206300    0.0161036560    0.0003887459    
0.3784622200    0.0162115380    0.0003893137    
0.3787038100    0.0161362560    0.0003898739    
0.3789453900    0.0152120010    0.0003791171    
0.3791869800    0.0158432880    0.0003873445    
0.3794285700    0.0162059210    0.0003889545    
0.3796701600    0.0165447230    0.0003940337    
0.3799117500    0.0160045750    0.0003862416    
0.3801533400    0.0154936690    0.0003813122    
0.3803949300    0.0165703070    0.0003919839    
0.3806365100    0.0167318910    0.0003953641    
0.3808781000    0.0159632060    0.0003860309    
0.3811196900    0.0156844230    0.0003849590    
0.3813612800    0.0162452610    0.0003900111    
0.3816028700    0.0159437010    0.0003878339    
0.3818444600    0.0156931740    0.0003839039    
0.3820860500    0.0162393000    0.0003881935    
0.3823276300    0.0160351490    0.0003857457    
0.3825692200    0.0158135310    0.0003820764    
0.3828108100    0.0156563640    0.0003796110    
0.3830524000    0.0164341710    0.0003905157    
0.3832939900    0.0159412710    0.0003840434    
0.3835355800    0.0164871420    0.0003905634    
0.3837771600    0.0155574040    0.0003785492    
0.3840187500    0.0164308010    0.0003907668    
0.3842603400    0.0165202790    0.0003925619    
0.3845019300    0.0161547580    0.0003837679    
0.3847435200    0.0161042620    0.0003838703    
0.3849851100    0.0163927010    0.0003884352    
0.3852267000    0.0160687970    0.0003941557    
0.3854682800    0.0158394390    0.0003989897    
0.3857098700    0.0160614100    0.0004063901    
0.3859514600    0.0154257620    0.0004026091    
0.3861930500    0.0160460040    0.0004130687    
0.3864346400    0.0163380370    0.0004211450    
0.3866762300    0.0162937310    0.0004235354    
0.3869178200    0.0161344900    0.0004237125    
0.3871594000    0.0167229930    0.0004364666    
0.3874009900    0.0163913980    0.0004333075    
0.3876425800    0.0163337840    0.0004357613    
0.3878841700    0.0163900080    0.0004383546    
0.3881257600    0.0151449080    0.0004239760    
0.3883673500    0.0159664530    0.0004384668    
0.3886089400    0.0153497100    0.0004324291    
0.3888505200    0.0157686300    0.0004402310    
0.3890921100    0.0159912670    0.0004457523    
0.3893337000    0.0159687730    0.0004504057    
0.3895752900    0.0158916100    0.0004509279    
0.3898168800    0.0161258660    0.0004358342    
0.3900584700    0.0162648150    0.0004296611    
0.3903000600    0.0154738040    0.0004177534    
0.3905416400    0.0154371370    0.0004131655    
0.3907832300    0.0164478610    0.0004255339    
0.3910248200    0.0162121850    0.0004209892    
0.3912664100    0.0163854820    0.0004213891    
0.3915080000    0.0158438020    0.0004123977    
0.3917495900    0.0158623510    0.0004144277    
0.3919911700    0.0157546900    0.0004137384    
0.3922327600    0.0150872930    0.0003979999    
0.3924743500    0.0154670450    0.0004045141    
0.3927159400    0.0157272390    0.0004056701    
0.3929575300    0.0155489610    0.0004061013    
0.3931991200    0.0165816440    0.0004174208    
0.3934407100    0.0164107070    0.0004145652    
0.3936822900    0.0158680770    0.0004090308    
0.3939238800    0.0155279190    0.0004051374    
0.3941654700    0.0160352980    0.0004117032    
0.3944070600    0.0149571260    0.0003984673    
0.3946486500    0.0156421480    0.0004085351    
0.3948902400    0.0161749610    0.0004124441    
0.3951318300    0.0158852290    0.0004083890    
0.3953734100    0.0161917720    0.0004130070    
0.3956150000    0.0162637250    0.0004149774    
0.3958565900    0.0152413040    0.0004005326    
0.3960981800    0.0161641310    0.0004140568    
0.3963397700    0.0165562590    0.0004201230    
0.3965813600    0.0165882410    0.0004205286    
0.3968229500    0.0153070880    0.0004053524    
0.3970645300    0.0159045270    0.0004142591    
0.3973061200    0.0155727840    0.0004079778    
0.3975477100    0.0161385690    0.0004140818    
0.3977893000    0.0154924750    0.0004072739    
0.3980308900    0.0169156850    0.0004250226    
0.3982724800    0.0159207400    0.0004128647    
0.3985140700    0.0159558610    0.0004134975    
0.3987556500    0.0157421090    0.0004114266    
0.3989972400    0.0153046400    0.0004051456    
0.3992388300    0.0159689390    0.0004163607    
0.3994804200    0.0160743510    0.0004175508    
0.3997220100    0.0157865680    0.0004161571    
0.3999636000    0.0158252300    0.0004123335    
0.4002051800    0.0153259500    0.0004077146    
0.4004467700    0.0158545360    0.0004125374    
0.4006883600    0.0163155380    0.0004214059    
0.4009299500    0.0163733750    0.0004223366    
0.4011715400    0.0157173890    0.0004143335    
0.4014131300    0.0151322570    0.0004069046    
0.4016547200    0.0161325100    0.0004229319    
0.4018963000    0.0153223890    0.0004105357    
0.4021378900    0.0158634010    0.0004212677    
0.4023794800    0.0149374040    0.0004053454    
0.4026210700    0.0162563970    0.0004234241    
0.4028626600    0.0158713310    0.0004170893    
0.4031042500    0.0159316750    0.0004195452    
0.4033458400    0.0155007900    0.0004138329    
0.4035874200    0.0160969320    0.0004249298    
0.4038290100    0.0159342000    0.0004210743    
0.4040706000    0.0160583140    0.0004234679    
0.4043121900    0.0162529930    0.0004275623    
0.4045537800    0.0157308000    0.0004217812    
0.4047953700    0.0156782630    0.0004235822    
0.4050369600    0.0157515290    0.0004197797    
0.4052785400    0.0154260090    0.0004169192    
0.4055201300    0.0158623900    0.0004225841    
0.4057617200    0.0148569450    0.0004115829    
0.4060033100    0.0163464800    0.0004289839    
0.4062449000    0.0157354830    0.0004243544    
0.4064864900    0.0156436900    0.0004223399    
0.4067280800    0.0158968700    0.0004273105    
0.4069696600    0.0158908490    0.0004290126    
0.4072112500    0.0157531630    0.0004287468    
0.4074528400    0.0155693350    0.0004272391    
0.4076944300    0.0149665960    0.0004165431    
0.4079360200    0.0160100540    0.0004294231    
0.4081776100    0.0153777760    0.0004226195    
0.4084191900    0.0158783240    0.0004302453    
0.4086607800    0.0160843810    0.0004314167    
0.4089023700    0.0157811290    0.0004309468    
0.4091439600    0.0160383910    0.0004350619    
0.4093855500    0.0154150840    0.0004275375    
0.4096271400    0.0157301830    0.0004331231    
0.4098687300    0.0159406960    0.0004426264    
0.4101103100    0.0160851870    0.0004342592    
0.4103519000    0.0154110070    0.0004289117    
0.4105934900    0.0152689440    0.0004261147    
0.4108350800    0.0155631060    0.0004324754    
0.4110766700    0.0159083010    0.0004370346    
0.4113182600    0.0164069450    0.0004455515    
0.4115598500    0.0162268360    0.0004446126    
0.4118014300    0.0164406810    0.0004492929    
0.4120430200    0.0154228040    0.0004334575    
0.4122846100    0.0159594440    0.0004448652    
0.4125262000    0.0155370080    0.0004433720    
0.4127677900    0.0157215510    0.0004380639    
0.4130093800    0.0152086870    0.0004327711    
0.4132509700    0.0161184990    0.0004461895    
0.4134925500    0.0162363590    0.0004511841    
0.4137341400    0.0158273780    0.0004441269    
0.4139757300    0.0159600840    0.0004489124    
0.4142173200    0.0151250030    0.0004348133    
0.4144589100    0.0154856480    0.0004444471    
0.4147005000    0.0159179570    0.0004496885    
0.4149420800    0.0159494210    0.0004538491    
0.4151836700    0.0163906220    0.0004579530    
0.4154252600    0.0162504970    0.0004529783    
0.4156668500    0.0158828500    0.0004444603    
0.4159084400    0.0166539830    0.0004551220    
0.4161500300    0.0157017640    0.0004406021    
0.4163916200    0.0154108880    0.0004369356    
0.4166332000    0.0158078940    0.0004401282    
0.4168747900    0.0157395440    0.0004378858    
0.4171163800    0.0151933300    0.0004342724    
0.4173579700    0.0151435320    0.0004305686    
0.4175995600    0.0160105910    0.0004496222    
0.4178411500    0.0163723070    0.0004472574    
0.4180827400    0.0157472890    0.0004401501    
0.4183243200    0.0159648740    0.0004444989    
0.4185659100    0.0157617670    0.0004429840    
0.4188075000    0.0158828500    0.0004444603    
0.4190490900    0.0159313170    0.0004482807    
0.4192906800    0.0164530210    0.0004551011    
0.4195322700    0.0159044050    0.0004511094    
0.4197738600    0.0157636580    0.0004491089    
0.4200154400    0.0165167270    0.0004640189    
0.4202570300    0.0154179340    0.0004490237    
0.4204986200    0.0158038980    0.0004515399    
0.4207402100    0.0162287150    0.0004606788    
0.4209818000    0.0156267590    0.0004501688    
0.4212233900    0.0153485560    0.0004487191    
0.4214649800    0.0154165770    0.0004509005    
0.4217065600    0.0159095780    0.0004592699    
0.4219481500    0.0166789380    0.0004717516    
0.4221897400    0.0163923630    0.0004696971    
0.4224313300    0.0157694390    0.0004642088    
0.4226729200    0.0160447860    0.0004692742    
0.4229145100    0.0162992420    0.0004742884    
0.4231560900    0.0159547420    0.0004674410    
0.4233976800    0.0160762160    0.0004699925    
0.4236392700    0.0157166010    0.0004665097    
0.4238808600    0.0162402860    0.0004758069    
0.4241224500    0.0157421090    0.0004687145    
0.4243640400    0.0159077680    0.0004749116    
0.4246056300    0.0156244180    0.0004717376    
0.4248472100    0.0161897410    0.0004826848    
0.4250888000    0.0154332160    0.0004729134    
0.4253303900    0.0156902010    0.0004842101    
0.4255719800    0.0164568950    0.0004889145    
0.4258135700    0.0165729420    0.0004914953    
0.4260551600    0.0155781280    0.0004807515    
0.4262967500    0.0159790770    0.0004848828    
0.4265383300    0.0162821400    0.0004938519    
0.4267799200    0.0152000180    0.0004794696    
0.4270215100    0.0159995660    0.0004907288    
0.4272631000    0.0160583420    0.0004967553    
0.4275046900    0.0156556310    0.0004926176    
0.4277462800    0.0163263540    0.0005084636    
0.4279878700    0.0164883560    0.0005142577    
0.4282294500    0.0156447520    0.0004952260    
0.4284710400    0.0163905570    0.0005084941    
0.4287126300    0.0160368950    0.0005058681    
0.4289542200    0.0159198420    0.0005059658    
0.4291958100    0.0156430370    0.0005038283    
0.4294374000    0.0153549930    0.0005037810    
0.4296789900    0.0156971710    0.0005076828    
0.4299205700    0.0152636300    0.0005059844    
0.4301621600    0.0154582970    0.0005144199    
0.4304037500    0.0153796260    0.0005152369    
0.4306453400    0.0165578290    0.0005406323    
0.4308869300    0.0161410900    0.0005267445    
0.4311285200    0.0165702550    0.0005370451    
0.4313701000    0.0148632110    0.0005122201    
0.4316116900    0.0164319080    0.0005420386    
0.4318532800    0.0162749850    0.0005409988    
0.4320948700    0.0152319480    0.0005268079    
0.4323364600    0.0158192180    0.0005416397    
0.4325780500    0.0149962950    0.0005305308    
0.4328196400    0.0156306120    0.0005461778    
0.4330612200    0.0157307100    0.0005565125    
0.4333028100    0.0162639580    0.0005645302    
0.4335444000    0.0164543980    0.0005660485    
0.4337859900    0.0154944540    0.0005523176    
0.4340275800    0.0155231170    0.0005572474    
0.4342691700    0.0160523560    0.0005722047    
0.4345107600    0.0146154930    0.0005500613    
0.4347523400    0.0157245000    0.0005734135    
0.4349939300    0.0152697560    0.0005698622    
0.4352355200    0.0157259700    0.0005868880    
0.4354771100    0.0163862960    0.0006044176    
0.4357187000    0.0163454090    0.0006164788    
0.4359602900    0.0160973990    0.0006028523    
0.4362018800    0.0158592810    0.0006033155    
0.4364434600    0.0157703070    0.0006061021    
0.4366850500    0.0163540500    0.0006248561    
0.4369266400    0.0150485950    0.0006088010    
0.4371682300    0.0169807810    0.0006492764    
0.4374098200    0.0159172010    0.0006382216    
0.4376514100    0.0157421090    0.0006426689    
0.4378930000    0.0159153170    0.0006552232    
0.4381345800    0.0155082710    0.0006582894    
0.4383761700    0.0172557730    0.0007080129    
0.4386177600    0.0157746090    0.0006654117    
0.4388593500    0.0158455950    0.0006768903    
0.4391009400    0.0168258730    0.0007091260    
0.4393425300    0.0159311300    0.0006992990    
0.4395841100    0.0155941060    0.0007059120    
0.4398257000    0.0164156620    0.0007415840    
0.4400672900    0.0166166700    0.0007616238    
0.4403088800    0.0167522660    0.0007870901    
0.4405504700    0.0147176220    0.0007630732    
0.4407920600    0.0153318760    0.0008103148    
0.4410336500    0.0162692310    0.0008586572    
0.4412752300    0.0146080620    0.0008166155    
0.4415168200    0.0157421090    0.0008912214    
0.4417584100    0.0137645550    0.0011314395    
0.4420000000    0.0159004340    0.0018483880    