# Diamond Light Source Ltd.
# Data extracted from: /dls/b21/data/2017/mx13440-2/processed/b21-369037_00180.dat
q(1/A)          Column          Error           
0.0040000000    0.8132423700    0.0210399500    
0.0042415885    0.8585690500    0.0203329110    
0.0044831771    0.6948486500    0.0170287630    
0.0047247656    0.5313088200    0.0144177380    
0.0049663541    0.4294985400    0.0122216040    
0.0052079426    0.3590235500    0.0114979560    
0.0054495312    0.2751225100    0.0092796518    
0.0056911197    0.2584642200    0.0084799361    
0.0059327082    0.2058810800    0.0075683391    
0.0061742967    0.1645458800    0.0064840162    
0.0064158853    0.1567478400    0.0062649037    
0.0066574738    0.1363763400    0.0055217168    
0.0068990623    0.1069873400    0.0049349582    
0.0071406509    0.0940082890    0.0045440622    
0.0073822394    0.0898962370    0.0042954083    
0.0076238279    0.0833348890    0.0040375886    
0.0078654164    0.0696666040    0.0037507239    
0.0081070050    0.0749373270    0.0036874248    
0.0083485935    0.0656443330    0.0033325861    
0.0085901820    0.0665435710    0.0033782380    
0.0088317705    0.0560951880    0.0030200634    
0.0090733591    0.0552155080    0.0029770207    
0.0093149476    0.0491849110    0.0027075402    
0.0095565361    0.0505263180    0.0027442129    
0.0097981247    0.0450116460    0.0025901292    
0.0100397130    0.0364465160    0.0022516733    
0.0102813020    0.0378505450    0.0023473911    
0.0105228900    0.0410087180    0.0022888834    
0.0107644790    0.0395156050    0.0022701122    
0.0110060670    0.0374354280    0.0021541668    
0.0112476560    0.0339998370    0.0020428522    
0.0114892440    0.0330284130    0.0019844850    
0.0117308330    0.0316538230    0.0019335650    
0.0119724210    0.0280259640    0.0017941785    
0.0122140100    0.0291000650    0.0018116909    
0.0124555980    0.0286469900    0.0017434003    
0.0126971870    0.0263930820    0.0017253698    
0.0129387760    0.0305927260    0.0017575062    
0.0131803640    0.0270218920    0.0016790587    
0.0134219530    0.0264953810    0.0016035734    
0.0136635410    0.0249417800    0.0015619149    
0.0139051300    0.0240614820    0.0015341041    
0.0141467180    0.0199008690    0.0013635851    
0.0143883070    0.0265818850    0.0015529303    
0.0146298950    0.0268540540    0.0015608602    
0.0148714840    0.0268807370    0.0015730762    
0.0151130720    0.0243190270    0.0014800089    
0.0153546610    0.0252899870    0.0014528718    
0.0155962490    0.0235917240    0.0014174893    
0.0158378380    0.0254460780    0.0014382974    
0.0160794260    0.0205682350    0.0012931139    
0.0163210150    0.0222401340    0.0013150867    
0.0165626030    0.0222125400    0.0013394666    
0.0168041920    0.0230154320    0.0013135601    
0.0170457800    0.0225356320    0.0013076500    
0.0172873690    0.0194918970    0.0012088361    
0.0175289580    0.0252618360    0.0013680051    
0.0177705460    0.0236087570    0.0012996193    
0.0180121350    0.0223118140    0.0012492218    
0.0182537230    0.0218925390    0.0012238301    
0.0184953120    0.0206168370    0.0011844063    
0.0187369000    0.0207529220    0.0011883089    
0.0189784890    0.0201349290    0.0011399159    
0.0192200770    0.0217764530    0.0012042406    
0.0194616660    0.0195384690    0.0011115047    
0.0197032540    0.0184265710    0.0010876861    
0.0199448430    0.0188759990    0.0011008706    
0.0201864310    0.0195384690    0.0011115047    
0.0204280200    0.0201167590    0.0011057171    
0.0206696080    0.0185434710    0.0010464686    
0.0209111970    0.0207840940    0.0011321817    
0.0211527850    0.0188956170    0.0010465315    
0.0213943740    0.0207886840    0.0011002538    
0.0216359620    0.0202197640    0.0010901766    
0.0218775510    0.0206139890    0.0010956211    
0.0221191400    0.0198183310    0.0010548233    
0.0223607280    0.0194444610    0.0010378686    
0.0226023170    0.0208075470    0.0011059087    
0.0228439050    0.0185378950    0.0009980467    
0.0230854940    0.0193682310    0.0010179716    
0.0233270820    0.0174744380    0.0009648644    
0.0235686710    0.0192114100    0.0010182027    
0.0238102590    0.0206938770    0.0010346938    
0.0240518480    0.0169656000    0.0009311083    
0.0242934360    0.0185692770    0.0009883429    
0.0245350250    0.0195493530    0.0010015437    
0.0247766130    0.0187543500    0.0009749922    
0.0250182020    0.0186762240    0.0009829592    
0.0252597900    0.0193218890    0.0009759028    
0.0255013790    0.0191679040    0.0009644419    
0.0257429670    0.0193886330    0.0009718643    
0.0259845560    0.0193747410    0.0009603702    
0.0262261450    0.0189241520    0.0009545972    
0.0264677330    0.0190150280    0.0009460330    
0.0267093220    0.0179914100    0.0009133754    
0.0269509100    0.0188500290    0.0009401540    
0.0271924990    0.0197729610    0.0009557622    
0.0274340870    0.0194337120    0.0009528161    
0.0276756760    0.0189378860    0.0009251762    
0.0279172640    0.0190949400    0.0009273323    
0.0281588530    0.0191970200    0.0009183180    
0.0284004410    0.0181089900    0.0008998429    
0.0286420300    0.0198767890    0.0009247519    
0.0288836180    0.0170005640    0.0008641873    
0.0291252070    0.0191801580    0.0008991797    
0.0293667950    0.0177435720    0.0008752259    
0.0296083840    0.0184213830    0.0008812142    
0.0298499720    0.0182067530    0.0008790303    
0.0300915610    0.0196017000    0.0009090071    
0.0303331490    0.0186138680    0.0008784428    
0.0305747380    0.0180931240    0.0008548197    
0.0308163270    0.0194258760    0.0008857437    
0.0310579150    0.0180660240    0.0008583427    
0.0312995040    0.0184185450    0.0008597041    
0.0315410920    0.0179251680    0.0008440632    
0.0317826810    0.0185624730    0.0008562230    
0.0320242690    0.0186052690    0.0008492105    
0.0322658580    0.0177430220    0.0008410999    
0.0325074460    0.0178358930    0.0008289043    
0.0327490350    0.0187605500    0.0008475153    
0.0329906230    0.0191170530    0.0008465173    
0.0332322120    0.0189693870    0.0008483368    
0.0334738000    0.0191674750    0.0008413587    
0.0337153890    0.0184851100    0.0008250308    
0.0339569770    0.0196475850    0.0008518308    
0.0341985660    0.0195945910    0.0008519388    
0.0344401540    0.0184008520    0.0008148034    
0.0346817430    0.0177333170    0.0008068939    
0.0349233310    0.0176150610    0.0008006846    
0.0351649200    0.0167982690    0.0007675325    
0.0354065090    0.0194712970    0.0008310147    
0.0356480970    0.0175208160    0.0007773605    
0.0358896860    0.0175629810    0.0007870160    
0.0361312740    0.0185224370    0.0007970788    
0.0363728630    0.0182168140    0.0007883186    
0.0366144510    0.0186929910    0.0008051641    
0.0368560400    0.0176354110    0.0007704065    
0.0370976280    0.0184865300    0.0007984965    
0.0373392170    0.0183059710    0.0007870352    
0.0375808050    0.0188790570    0.0007907567    
0.0378223940    0.0184816030    0.0007823886    
0.0380639820    0.0183623670    0.0007829739    
0.0383055710    0.0178487340    0.0007569549    
0.0385471590    0.0193134830    0.0007904482    
0.0387887480    0.0185840710    0.0007784011    
0.0390303360    0.0189230500    0.0007764221    
0.0392719250    0.0176993050    0.0007499436    
0.0395135140    0.0182712750    0.0007619649    
0.0397551020    0.0188292440    0.0007886702    
0.0399966910    0.0185195020    0.0007529248    
0.0402382790    0.0183602960    0.0007552417    
0.0404798680    0.0187337770    0.0007572681    
0.0407214560    0.0173903390    0.0007368523    
0.0409630450    0.0179934260    0.0007376585    
0.0412046330    0.0194990460    0.0007725803    
0.0414462220    0.0174253880    0.0007241744    
0.0416878100    0.0189147990    0.0007535836    
0.0419293990    0.0171623030    0.0007169655    
0.0421709870    0.0180511070    0.0007326718    
0.0424125760    0.0184344230    0.0007439528    
0.0426541640    0.0173239030    0.0007102108    
0.0428957530    0.0201367340    0.0007665924    
0.0431373410    0.0175859450    0.0007155620    
0.0433789300    0.0179182390    0.0007173036    
0.0436205180    0.0171218210    0.0006995786    
0.0438621070    0.0182915360    0.0007247370    
0.0441036960    0.0174934130    0.0007071293    
0.0443452840    0.0176965200    0.0007056065    
0.0445868730    0.0186648330    0.0007320950    
0.0448284610    0.0187656890    0.0007249818    
0.0450700500    0.0181507080    0.0007373221    
0.0453116380    0.0181476840    0.0007390308    
0.0455532270    0.0176487700    0.0007498244    
0.0457948150    0.0191292310    0.0007796492    
0.0460364040    0.0180770520    0.0007598352    
0.0462779920    0.0176924480    0.0007634855    
0.0465195810    0.0173629800    0.0007563433    
0.0467611690    0.0179992820    0.0007731354    
0.0470027580    0.0195601050    0.0008059601    
0.0472443460    0.0188142780    0.0008066555    
0.0474859350    0.0178516760    0.0007761598    
0.0477275230    0.0182823320    0.0007918957    
0.0479691120    0.0178166320    0.0007828179    
0.0482107000    0.0169736160    0.0007715280    
0.0484522890    0.0171670330    0.0007716007    
0.0486938780    0.0178301580    0.0007918651    
0.0489354660    0.0170467270    0.0007764571    
0.0491770550    0.0195757500    0.0008416272    
0.0494186430    0.0187796930    0.0008081493    
0.0496602320    0.0171859660    0.0007514898    
0.0499018200    0.0186838780    0.0007724833    
0.0501434090    0.0185478450    0.0007572126    
0.0503849970    0.0184613930    0.0007480934    
0.0506265860    0.0184061910    0.0007416066    
0.0508681740    0.0170778300    0.0007109594    
0.0511097630    0.0177095000    0.0007205893    
0.0513513510    0.0177198910    0.0007076643    
0.0515929400    0.0166346930    0.0006967506    
0.0518345280    0.0187090400    0.0007271475    
0.0520761170    0.0173484460    0.0007082474    
0.0523177050    0.0176637980    0.0006933647    
0.0525592940    0.0180590280    0.0007144041    
0.0528008830    0.0179084010    0.0006928968    
0.0530424710    0.0184019410    0.0007046467    
0.0532840600    0.0172714450    0.0006790106    
0.0535256480    0.0180455900    0.0006940612    
0.0537672370    0.0185041000    0.0006969047    
0.0540088250    0.0180812200    0.0006903442    
0.0542504140    0.0190322160    0.0007112673    
0.0544920020    0.0181654650    0.0006890554    
0.0547335910    0.0179811050    0.0006805949    
0.0549751790    0.0176810170    0.0006721314    
0.0552167680    0.0191765370    0.0007006954    
0.0554583560    0.0193055250    0.0006952715    
0.0556999450    0.0177218580    0.0006641547    
0.0559415330    0.0186282440    0.0006857151    
0.0561831220    0.0185322660    0.0006771543    
0.0564247100    0.0166520660    0.0006399909    
0.0566662990    0.0172787820    0.0006493764    
0.0569078870    0.0181201020    0.0006715756    
0.0571494760    0.0183526050    0.0006692506    
0.0573910650    0.0179395180    0.0006515926    
0.0576326530    0.0178304960    0.0006545781    
0.0578742420    0.0177383720    0.0006516354    
0.0581158300    0.0169827620    0.0006315957    
0.0583574190    0.0188381970    0.0006639592    
0.0585990070    0.0174425130    0.0006425032    
0.0588405960    0.0197110150    0.0006817197    
0.0590821840    0.0181201480    0.0006475613    
0.0593237730    0.0178023110    0.0006436439    
0.0595653610    0.0180763340    0.0006510033    
0.0598069500    0.0181065860    0.0006373820    
0.0600485380    0.0184621620    0.0006470984    
0.0602901270    0.0177458440    0.0006349962    
0.0605317150    0.0187235000    0.0006487308    
0.0607733040    0.0188242480    0.0006475738    
0.0610148920    0.0184869640    0.0006451995    
0.0612564810    0.0178758580    0.0006316124    
0.0614980690    0.0183200500    0.0006332336    
0.0617396580    0.0187911370    0.0006558152    
0.0619812470    0.0178886860    0.0006392895    
0.0622228350    0.0179563190    0.0006364449    
0.0624644240    0.0188352870    0.0006471881    
0.0627060120    0.0194350620    0.0006627301    
0.0629476010    0.0171889700    0.0006272344    
0.0631891890    0.0173333630    0.0006258715    
0.0634307780    0.0177830370    0.0006310964    
0.0636723660    0.0189361910    0.0006506552    
0.0639139550    0.0179554360    0.0006324533    
0.0641555430    0.0165331100    0.0006005096    
0.0643971320    0.0187908120    0.0006464236    
0.0646387200    0.0183723710    0.0006275882    
0.0648803090    0.0187578820    0.0006396385    
0.0651218970    0.0190837750    0.0006326210    
0.0653634860    0.0176086240    0.0006123119    
0.0656050740    0.0170955580    0.0006017922    
0.0658466630    0.0175319080    0.0006063537    
0.0660882520    0.0179659070    0.0006122765    
0.0663298400    0.0171885490    0.0005998845    
0.0665714290    0.0182200340    0.0006145465    
0.0668130170    0.0186127630    0.0006232014    
0.0670546060    0.0178205990    0.0006062691    
0.0672961940    0.0167544320    0.0005854472    
0.0675377830    0.0193030290    0.0006233273    
0.0677793710    0.0188612550    0.0006201543    
0.0680209600    0.0188891670    0.0006131683    
0.0682625480    0.0185005900    0.0006073116    
0.0685041370    0.0182448290    0.0006011875    
0.0687457250    0.0191563050    0.0006244777    
0.0689873140    0.0176935910    0.0005911014    
0.0692289020    0.0190759030    0.0006137571    
0.0694704910    0.0184740920    0.0006035223    
0.0697120790    0.0172220660    0.0005808859    
0.0699536680    0.0182753410    0.0006012146    
0.0701952560    0.0177528330    0.0005920901    
0.0704368450    0.0173886050    0.0005878421    
0.0706784340    0.0178680580    0.0006016488    
0.0709200220    0.0184114640    0.0006053652    
0.0711616110    0.0178059310    0.0005948544    
0.0714031990    0.0183152490    0.0006081479    
0.0716447880    0.0183311010    0.0006113765    
0.0718863760    0.0181745370    0.0006005036    
0.0721279650    0.0186531320    0.0006026554    
0.0723695530    0.0170847060    0.0005736483    
0.0726111420    0.0182141570    0.0005959854    
0.0728527300    0.0186565790    0.0005944480    
0.0730943190    0.0175123520    0.0005798919    
0.0733359070    0.0181726730    0.0005871324    
0.0735774960    0.0183305100    0.0005919230    
0.0738190840    0.0186019080    0.0005900167    
0.0740606730    0.0189300810    0.0005965375    
0.0743022610    0.0181301700    0.0005842366    
0.0745438500    0.0183971960    0.0005858861    
0.0747854380    0.0180943030    0.0005750747    
0.0750270270    0.0180924050    0.0005797180    
0.0752686160    0.0184807400    0.0005786544    
0.0755102040    0.0178802300    0.0005700009    
0.0757517930    0.0178278960    0.0005712426    
0.0759933810    0.0175383540    0.0005576872    
0.0762349700    0.0183793510    0.0005783217    
0.0764765580    0.0185564440    0.0005756878    
0.0767181470    0.0181474700    0.0005684981    
0.0769597350    0.0184289990    0.0005684606    
0.0772013240    0.0180725080    0.0005617567    
0.0774429120    0.0180188220    0.0005582035    
0.0776845010    0.0186767910    0.0005659634    
0.0779260890    0.0186494600    0.0005690679    
0.0781676780    0.0179147830    0.0005539183    
0.0784092660    0.0178338300    0.0005538029    
0.0786508550    0.0194056830    0.0005729902    
0.0788924430    0.0184175500    0.0005635679    
0.0791340320    0.0190518630    0.0005692833    
0.0793756210    0.0175824450    0.0005483814    
0.0796172090    0.0175981060    0.0005430893    
0.0798587980    0.0170118910    0.0005390424    
0.0801003860    0.0184044410    0.0005602887    
0.0803419750    0.0185889940    0.0005552046    
0.0805835630    0.0183837100    0.0005565713    
0.0808251520    0.0194603000    0.0005718673    
0.0810667400    0.0177293750    0.0005458423    
0.0813083290    0.0191160700    0.0005600614    
0.0815499170    0.0180616210    0.0005524181    
0.0817915060    0.0192047990    0.0005658268    
0.0820330940    0.0186572700    0.0005518550    
0.0822746830    0.0187878980    0.0005552332    
0.0825162710    0.0181455740    0.0005431735    
0.0827578600    0.0191806540    0.0005602729    
0.0829994480    0.0182773070    0.0005399082    
0.0832410370    0.0192775470    0.0005609535    
0.0834826250    0.0179104850    0.0005344628    
0.0837242140    0.0188750220    0.0005476199    
0.0839658030    0.0188116320    0.0005480924    
0.0842073910    0.0183591930    0.0005397429    
0.0844489800    0.0185368190    0.0005389430    
0.0846905680    0.0179229130    0.0005260082    
0.0849321570    0.0178087380    0.0005302475    
0.0851737450    0.0187411950    0.0005372198    
0.0854153340    0.0185224370    0.0005373904    
0.0856569220    0.0190104020    0.0005407320    
0.0858985110    0.0182377450    0.0005352480    
0.0861400990    0.0194102970    0.0005463897    
0.0863816880    0.0176795630    0.0005233940    
0.0866232760    0.0184096110    0.0005384401    
0.0868648650    0.0187643500    0.0005365625    
0.0871064530    0.0183397250    0.0005320894    
0.0873480420    0.0178984460    0.0005214860    
0.0875896300    0.0181384350    0.0005262494    
0.0878312190    0.0184750750    0.0005304639    
0.0880728080    0.0200740610    0.0005512689    
0.0883143960    0.0195054790    0.0005430774    
0.0885559850    0.0189167710    0.0005367675    
0.0887975730    0.0190059550    0.0005354321    
0.0890391620    0.0192705180    0.0005394709    
0.0892807500    0.0180974770    0.0005209120    
0.0895223390    0.0187722320    0.0005292680    
0.0897639270    0.0177339220    0.0005110831    
0.0900055160    0.0192976520    0.0005343990    
0.0902471040    0.0184290200    0.0005244073    
0.0904886930    0.0184864900    0.0005205913    
0.0907302810    0.0174470340    0.0005013598    
0.0909718700    0.0181753410    0.0005207855    
0.0912134580    0.0185847480    0.0005180449    
0.0914550470    0.0184166930    0.0005223674    
0.0916966350    0.0182670600    0.0005135981    
0.0919382240    0.0183216520    0.0005161541    
0.0921798120    0.0190381290    0.0005228204    
0.0924214010    0.0194257840    0.0005281164    
0.0926629900    0.0187796930    0.0005163077    
0.0929045780    0.0188376550    0.0005224625    
0.0931461670    0.0190346210    0.0005192119    
0.0933877550    0.0180336210    0.0005062350    
0.0936293440    0.0188369920    0.0005194559    
0.0938709320    0.0196637790    0.0005295230    
0.0941125210    0.0192990120    0.0005204556    
0.0943541090    0.0181340540    0.0005045029    
0.0945956980    0.0186740710    0.0005128227    
0.0948372860    0.0184869140    0.0005076831    
0.0950788750    0.0194798590    0.0005196939    
0.0953204630    0.0187796930    0.0005122581    
0.0955620520    0.0181042650    0.0005021220    
0.0958036400    0.0177731460    0.0004950372    
0.0960452290    0.0185728680    0.0005060521    
0.0962868170    0.0184458320    0.0005065549    
0.0965284060    0.0185039270    0.0005051120    
0.0967699940    0.0185177150    0.0005053001    
0.0970115830    0.0190700660    0.0005074986    
0.0972531720    0.0183514920    0.0004994643    
0.0974947600    0.0193154810    0.0005118592    
0.0977363490    0.0190623980    0.0005065775    
0.0979779370    0.0194782520    0.0005140114    
0.0982195260    0.0191734830    0.0005102508    
0.0984611140    0.0188669160    0.0005031625    
0.0987027030    0.0190553710    0.0005062121    
0.0989442910    0.0196951190    0.0005149161    
0.0991858800    0.0196758750    0.0005130122    
0.0994274680    0.0190449430    0.0005025768    
0.0996690570    0.0200944680    0.0005127208    
0.0999106450    0.0189923440    0.0005024148    
0.1001522300    0.0205654320    0.0005186944    
0.1003938200    0.0202293540    0.0005163306    
0.1006354100    0.0198905310    0.0005098460    
0.1008770000    0.0210369310    0.0005254309    
0.1011185900    0.0212075360    0.0005275572    
0.1013601800    0.0201737040    0.0005150780    
0.1016017700    0.0205765760    0.0005166798    
0.1018433500    0.0214857600    0.0005398500    
0.1020849400    0.0214704730    0.0005471183    
0.1023265300    0.0210457200    0.0005459519    
0.1025681200    0.0218009880    0.0005528547    
0.1028097100    0.0211984540    0.0005532752    
0.1030513000    0.0230474750    0.0005789069    
0.1032928800    0.0213503260    0.0005624352    
0.1035344700    0.0221115740    0.0005647401    
0.1037760600    0.0207867400    0.0005569431    
0.1040176500    0.0214582070    0.0005682424    
0.1042592400    0.0219361350    0.0005762699    
0.1045008300    0.0214197700    0.0005660350    
0.1047424200    0.0223741840    0.0005837627    
0.1049840000    0.0207637890    0.0005651188    
0.1052255900    0.0200719090    0.0005573381    
0.1054671800    0.0197809710    0.0005498959    
0.1057087700    0.0190895890    0.0005438651    
0.1059503600    0.0192167930    0.0005477115    
0.1061919500    0.0192552270    0.0005479175    
0.1064335400    0.0195807230    0.0005389417    
0.1066751200    0.0189811610    0.0005226373    
0.1069167100    0.0184005220    0.0005131090    
0.1071583000    0.0178316460    0.0004986045    
0.1073998900    0.0187104470    0.0005090454    
0.1076414800    0.0183511260    0.0005077982    
0.1078830700    0.0193599460    0.0005141218    
0.1081246600    0.0185447740    0.0005062270    
0.1083662400    0.0204036280    0.0005243780    
0.1086078300    0.0184284780    0.0005038038    
0.1088494200    0.0184509310    0.0004975846    
0.1090910100    0.0191133770    0.0005050867    
0.1093326000    0.0180929530    0.0004888202    
0.1095741900    0.0183216520    0.0004932023    
0.1098157700    0.0189749080    0.0004969365    
0.1100573600    0.0189381720    0.0005001076    
0.1102989500    0.0188769970    0.0004948817    
0.1105405400    0.0184945630    0.0004895895    
0.1107821300    0.0183283530    0.0004896710    
0.1110237200    0.0192799720    0.0004973097    
0.1112653100    0.0191463820    0.0005007409    
0.1115068900    0.0187924170    0.0004889815    
0.1117484800    0.0190524140    0.0004916036    
0.1119900700    0.0190502220    0.0004895951    
0.1122316600    0.0187923650    0.0004879899    
0.1124732500    0.0189238150    0.0004869902    
0.1127148400    0.0180355100    0.0004749477    
0.1129564300    0.0179106130    0.0004749640    
0.1131980100    0.0189542720    0.0004861668    
0.1134396000    0.0180340200    0.0004754032    
0.1136811900    0.0187921630    0.0004840834    
0.1139227800    0.0195219740    0.0004914397    
0.1141643700    0.0186273100    0.0004765281    
0.1144059600    0.0193532120    0.0004859610    
0.1146475500    0.0190448910    0.0004846797    
0.1148891300    0.0187015200    0.0004742548    
0.1151307200    0.0182329500    0.0004733038    
0.1153723100    0.0187856950    0.0004748649    
0.1156139000    0.0185356430    0.0004755857    
0.1158554900    0.0188394250    0.0004744078    
0.1160970800    0.0189076950    0.0004801011    
0.1163386700    0.0186957480    0.0004734998    
0.1165802500    0.0191028620    0.0004781696    
0.1168218400    0.0179174810    0.0004600279    
0.1170634300    0.0193003650    0.0004779017    
0.1173050200    0.0181132400    0.0004642895    
0.1175466100    0.0190755300    0.0004751099    
0.1177882000    0.0178369020    0.0004570561    
0.1180297800    0.0181466700    0.0004612235    
0.1182713700    0.0184072910    0.0004664935    
0.1185129600    0.0184465330    0.0004643669    
0.1187545500    0.0189485650    0.0004697671    
0.1189961400    0.0184141940    0.0004622365    
0.1192377300    0.0182231300    0.0004572964    
0.1194793200    0.0184707040    0.0004597605    
0.1197209000    0.0176972410    0.0004502371    
0.1199624900    0.0180663960    0.0004540786    
0.1202040800    0.0180541530    0.0004506502    
0.1204456700    0.0183539280    0.0004595668    
0.1206872600    0.0186783640    0.0004585806    
0.1209288500    0.0180943030    0.0004546365    
0.1211704400    0.0182198650    0.0004539389    
0.1214120200    0.0181452820    0.0004513808    
0.1216536100    0.0181089900    0.0004499215    
0.1218952000    0.0187686330    0.0004556084    
0.1221367900    0.0184207030    0.0004545897    
0.1223783800    0.0192501540    0.0004616198    
0.1226199700    0.0178822370    0.0004464981    
0.1228615600    0.0177280300    0.0004441735    
0.1231031400    0.0180409480    0.0004476786    
0.1233447300    0.0186687020    0.0004551988    
0.1235863200    0.0188580820    0.0004595433    
0.1238279100    0.0178650800    0.0004423622    
0.1240695000    0.0181204700    0.0004443481    
0.1243110900    0.0184313160    0.0004479483    
0.1245526800    0.0189547950    0.0004554547    
0.1247942600    0.0188012420    0.0004500791    
0.1250358500    0.0180189420    0.0004425242    
0.1252774400    0.0182873420    0.0004448435    
0.1255190300    0.0183544720    0.0004445081    
0.1257606200    0.0181938450    0.0004442812    
0.1260022100    0.0179457620    0.0004408600    
0.1262437900    0.0183171920    0.0004438657    
0.1264853800    0.0176907820    0.0004356490    
0.1267269700    0.0190717160    0.0004500249    
0.1269685600    0.0187052970    0.0004458700    
0.1272101500    0.0179188240    0.0004363960    
0.1274517400    0.0187796930    0.0004498211    
0.1276933300    0.0190673240    0.0004465771    
0.1279349100    0.0178211630    0.0004368772    
0.1281765000    0.0187796930    0.0004475163    
0.1284180900    0.0186056610    0.0004429919    
0.1286596800    0.0188539630    0.0004472588    
0.1289012700    0.0179787640    0.0004352816    
0.1291428600    0.0176949270    0.0004327436    
0.1293844500    0.0189255150    0.0004439870    
0.1296260300    0.0177337490    0.0004317606    
0.1298676200    0.0183224210    0.0004388683    
0.1301092100    0.0187848970    0.0004421506    
0.1303508000    0.0183395850    0.0004357930    
0.1305923900    0.0175488440    0.0004305898    
0.1308339800    0.0185171140    0.0004410087    
0.1310755700    0.0187380300    0.0004417823    
0.1313171500    0.0178617130    0.0004304340    
0.1315587400    0.0188314280    0.0004414155    
0.1318003300    0.0180043610    0.0004328672    
0.1320419200    0.0185493620    0.0004357625    
0.1322835100    0.0183616790    0.0004353358    
0.1325251000    0.0191818940    0.0004447695    
0.1327666900    0.0185794180    0.0004368304    
0.1330082700    0.0185896880    0.0004369511    
0.1332498600    0.0183726710    0.0004351076    
0.1334914500    0.0181812820    0.0004349888    
0.1337330400    0.0180244510    0.0004274607    
0.1339746300    0.0186217950    0.0004355454    
0.1342162200    0.0188509440    0.0004380388    
0.1344578000    0.0184620880    0.0004349140    
0.1346993900    0.0186531800    0.0004345004    
0.1349409800    0.0189076550    0.0004399509    
0.1351825700    0.0192891610    0.0004411329    
0.1354241600    0.0187645120    0.0004357952    
0.1356657500    0.0183434280    0.0004314011    
0.1359073400    0.0187437460    0.0004387579    
0.1361489200    0.0176506940    0.0004218118    
0.1363905100    0.0182362290    0.0004284064    
0.1366321000    0.0192271880    0.0004397155    
0.1368736900    0.0184025910    0.0004301832    
0.1371152800    0.0182866700    0.0004267743    
0.1373568700    0.0192164300    0.0004392399    
0.1375984600    0.0187544720    0.0004349759    
0.1378400400    0.0179601240    0.0004249801    
0.1380816300    0.0181626600    0.0004251557    
0.1383232200    0.0182819180    0.0004287704    
0.1385648100    0.0183066780    0.0004292331    
0.1388064000    0.0175793010    0.0004176089    
0.1390479900    0.0174470680    0.0004142339    
0.1392895800    0.0175959310    0.0004201433    
0.1395311600    0.0184050850    0.0004259569    
0.1397727500    0.0183459370    0.0004252719    
0.1400143400    0.0185580600    0.0004275551    
0.1402559300    0.0185988290    0.0004322972    
0.1404975200    0.0181060040    0.0004219837    
0.1407391100    0.0185186590    0.0004271010    
0.1409806900    0.0187147460    0.0004324292    
0.1412222800    0.0189854180    0.0004312641    
0.1414638700    0.0184010510    0.0004254081    
0.1417054600    0.0187845350    0.0004264809    
0.1419470500    0.0186757740    0.0004299250    
0.1421886400    0.0180906190    0.0004190159    
0.1424302300    0.0183552110    0.0004232188    
0.1426718100    0.0181527240    0.0004217005    
0.1429134000    0.0179258490    0.0004182396    
0.1431549900    0.0179218370    0.0004191741    
0.1433965800    0.0179653180    0.0004198467    
0.1436381700    0.0187070730    0.0004256006    
0.1438797600    0.0177984120    0.0004148149    
0.1441213500    0.0179117450    0.0004167777    
0.1443629300    0.0185911710    0.0004239524    
0.1446045200    0.0184165900    0.0004222834    
0.1448461100    0.0191331140    0.0004304197    
0.1450877000    0.0187079600    0.0004230016    
0.1453292900    0.0187456460    0.0004270311    
0.1455708800    0.0183610840    0.0004203481    
0.1458124700    0.0197593330    0.0004399662    
0.1460540500    0.0188271170    0.0004225748    
0.1462956400    0.0183565970    0.0004201353    
0.1465372300    0.0187223510    0.0004230027    
0.1467788200    0.0179548930    0.0004137687    
0.1470204100    0.0180629110    0.0004154864    
0.1472620000    0.0184507270    0.0004194430    
0.1475035900    0.0186418520    0.0004209691    
0.1477451700    0.0183387200    0.0004192871    
0.1479867600    0.0189406890    0.0004235267    
0.1482283500    0.0183911480    0.0004200469    
0.1484699400    0.0187892070    0.0004227902    
0.1487115300    0.0186169740    0.0004221330    
0.1489531200    0.0188357520    0.0004195055    
0.1491947000    0.0187038160    0.0004211888    
0.1494362900    0.0189534490    0.0004219176    
0.1496778800    0.0188080610    0.0004217224    
0.1499194700    0.0184874390    0.0004174822    
0.1501610600    0.0190399310    0.0004244743    
0.1504026500    0.0187469190    0.0004189844    
0.1506442400    0.0182600220    0.0004172697    
0.1508858200    0.0187654980    0.0004214041    
0.1511274100    0.0182250190    0.0004121873    
0.1513690000    0.0183275640    0.0004133453    
0.1516105900    0.0188594070    0.0004205542    
0.1518521800    0.0182327120    0.0004128896    
0.1520937700    0.0187424870    0.0004175319    
0.1523353600    0.0194876580    0.0004260679    
0.1525769400    0.0186343320    0.0004180372    
0.1528185300    0.0187796930    0.0004191938    
0.1530601200    0.0187051710    0.0004174263    
0.1533017100    0.0179042490    0.0004105356    
0.1535433000    0.0177640760    0.0004049861    
0.1537848900    0.0186090110    0.0004143529    
0.1540264800    0.0186082530    0.0004152635    
0.1542680600    0.0181921050    0.0004102902    
0.1545096500    0.0187888590    0.0004149765    
0.1547512400    0.0178682370    0.0004066217    
0.1549928300    0.0182761300    0.0004109331    
0.1552344200    0.0191576840    0.0004202621    
0.1554760100    0.0178801500    0.0004061573    
0.1557176000    0.0193141310    0.0004236941    
0.1559591800    0.0187658740    0.0004157893    
0.1562007700    0.0185019810    0.0004104463    
0.1564423600    0.0188387060    0.0004135633    
0.1566839500    0.0187982140    0.0004172233    
0.1569255400    0.0182728740    0.0004084918    
0.1571671300    0.0180211950    0.0004058169    
0.1574087100    0.0189559650    0.0004139488    
0.1576503000    0.0192512660    0.0004219091    
0.1578918900    0.0185090920    0.0004085982    
0.1581334800    0.0185241870    0.0004111413    
0.1583750700    0.0195810700    0.0004234797    
0.1586166600    0.0184199290    0.0004203754    
0.1588582500    0.0193157090    0.0004299818    
0.1590998300    0.0188776570    0.0004300384    
0.1593414200    0.0186158740    0.0004299152    
0.1595830100    0.0178710790    0.0004235852    
0.1598246000    0.0185496970    0.0004306901    
0.1600661900    0.0183820780    0.0004329091    
0.1603077800    0.0179148390    0.0004294754    
0.1605493700    0.0185317770    0.0004375280    
0.1607909500    0.0190392250    0.0004445797    
0.1610325400    0.0183013970    0.0004386164    
0.1612741300    0.0176329220    0.0004307123    
0.1615157200    0.0190237230    0.0004492679    
0.1617573100    0.0183063450    0.0004412769    
0.1619989000    0.0186067080    0.0004485172    
0.1622404900    0.0188707270    0.0004495579    
0.1624820700    0.0190528130    0.0004562321    
0.1627236600    0.0182036960    0.0004447871    
0.1629652500    0.0184382440    0.0004470616    
0.1632068400    0.0195009770    0.0004531436    
0.1634484300    0.0184174660    0.0004335022    
0.1636900200    0.0181995080    0.0004304036    
0.1639316100    0.0185988290    0.0004322972    
0.1641731900    0.0177965680    0.0004225319    
0.1644147800    0.0180194220    0.0004218028    
0.1646563700    0.0179791820    0.0004228348    
0.1648979600    0.0184960420    0.0004253369    
0.1651395500    0.0185131050    0.0004275418    
0.1653811400    0.0177989920    0.0004167571    
0.1656227200    0.0190162880    0.0004329718    
0.1658643100    0.0180323880    0.0004183410    
0.1661059000    0.0188426310    0.0004271399    
0.1663474900    0.0184120260    0.0004193224    
0.1665890800    0.0181308010    0.0004159491    
0.1668306700    0.0184953710    0.0004222071    
0.1670722600    0.0176823030    0.0004107723    
0.1673138400    0.0182314160    0.0004169428    
0.1675554300    0.0184869980    0.0004177919    
0.1677970200    0.0183223490    0.0004178222    
0.1680386100    0.0181828300    0.0004167043    
0.1682802000    0.0183126780    0.0004156608    
0.1685217900    0.0183486220    0.0004146648    
0.1687633800    0.0184945150    0.0004158434    
0.1690049600    0.0175580190    0.0004077750    
0.1692465500    0.0184196110    0.0004123908    
0.1694881400    0.0184428380    0.0004154172    
0.1697297300    0.0183146190    0.0004127385    
0.1699713200    0.0178263850    0.0004091808    
0.1702129100    0.0174336770    0.0004009066    
0.1704545000    0.0180522290    0.0004090123    
0.1706960800    0.0178827530    0.0004087553    
0.1709376700    0.0177980170    0.0004031491    
0.1711792600    0.0179471870    0.0004063196    
0.1714208500    0.0185977190    0.0004113573    
0.1716624400    0.0188948500    0.0004172157    
0.1719040300    0.0179242190    0.0004028169    
0.1721456200    0.0168998990    0.0003927025    
0.1723872000    0.0184694360    0.0004105333    
0.1726287900    0.0187842460    0.0004135654    
0.1728703800    0.0171198370    0.0003956824    
0.1731119700    0.0184402190    0.0004085738    
0.1733535600    0.0182904970    0.0004070590    
0.1735951500    0.0176244330    0.0003972854    
0.1738367300    0.0180761310    0.0004037910    
0.1740783200    0.0179530830    0.0004005429    
0.1743199100    0.0181169860    0.0004027987    
0.1745615000    0.0177185420    0.0003974926    
0.1748030900    0.0181581430    0.0004015363    
0.1750446800    0.0184210770    0.0004089536    
0.1752862700    0.0181696180    0.0004008112    
0.1755278500    0.0188933440    0.0004144633    
0.1757694400    0.0180959880    0.0004008485    
0.1760110300    0.0178841490    0.0003992037    
0.1762526200    0.0182330540    0.0004009444    
0.1764942100    0.0182274790    0.0004013072    
0.1767358000    0.0186076450    0.0004051848    
0.1769773900    0.0184590110    0.0004027128    
0.1772189700    0.0192646150    0.0004121304    
0.1774605600    0.0181856240    0.0004015553    
0.1777021500    0.0180323740    0.0003981714    
0.1779437400    0.0184937530    0.0004033747    
0.1781853300    0.0179662600    0.0003985620    
0.1784269200    0.0185626370    0.0004014540    
0.1786685100    0.0179901170    0.0003961774    
0.1789100900    0.0175623710    0.0003900823    
0.1791516800    0.0177450710    0.0003927862    
0.1793932700    0.0180010120    0.0003957461    
0.1796348600    0.0181588770    0.0003956943    
0.1798764500    0.0177708670    0.0003914440    
0.1801180400    0.0184388720    0.0003988707    
0.1803596200    0.0177305480    0.0003937207    
0.1806012100    0.0177256210    0.0003905421    
0.1808428000    0.0181089900    0.0003946072    
0.1810843900    0.0178353670    0.0003904099    
0.1813259800    0.0181108270    0.0003940863    
0.1815675700    0.0177242700    0.0003891921    
0.1818091600    0.0183401780    0.0003956265    
0.1820507400    0.0181686590    0.0003940408    
0.1822923300    0.0178817750    0.0003901194    
0.1825339200    0.0178548380    0.0003910235    
0.1827755100    0.0185163870    0.0003965774    
0.1830171000    0.0179211680    0.0003932313    
0.1832586900    0.0179253020    0.0003894045    
0.1835002800    0.0181142880    0.0003918492    
0.1837418600    0.0181178720    0.0003908310    
0.1839834500    0.0182191050    0.0003933810    
0.1842250400    0.0181452440    0.0003917862    
0.1844666300    0.0178468290    0.0003881580    
0.1847082200    0.0181010110    0.0003906491    
0.1849498100    0.0183572980    0.0003938029    
0.1851914000    0.0180585460    0.0003925771    
0.1854329800    0.0177406010    0.0003871316    
0.1856745700    0.0175564950    0.0003855080    
0.1859161600    0.0176362190    0.0003836681    
0.1861577500    0.0180702380    0.0003883604    
0.1863993400    0.0179405650    0.0003880005    
0.1866409300    0.0179816190    0.0003866344    
0.1868825200    0.0182090750    0.0003923422    
0.1871241000    0.0173363810    0.0003797603    
0.1873656900    0.0175310770    0.0003839331    
0.1876072800    0.0176701350    0.0003825099    
0.1878488700    0.0188850790    0.0003990201    
0.1880904600    0.0182594340    0.0003914334    
0.1883320500    0.0182549360    0.0003884029    
0.1885736300    0.0182777400    0.0003894173    
0.1888152200    0.0182573440    0.0003890711    
0.1890568100    0.0184296060    0.0003919419    
0.1892984000    0.0183178300    0.0003886868    
0.1895399900    0.0176173780    0.0003824446    
0.1897815800    0.0173683100    0.0003797316    
0.1900231700    0.0175011470    0.0003811810    
0.1902647500    0.0180199170    0.0003857673    
0.1905063400    0.0172952150    0.0003803213    
0.1907479300    0.0177081050    0.0003827941    
0.1909895200    0.0182173290    0.0003867284    
0.1912311100    0.0178207480    0.0003829984    
0.1914727000    0.0179006790    0.0003834784    
0.1917142900    0.0181309780    0.0003870819    
0.1919558700    0.0177681980    0.0003799435    
0.1921974600    0.0173872280    0.0003790596    
0.1924390500    0.0184563340    0.0003911856    
0.1926806400    0.0173154860    0.0003774059    
0.1929222300    0.0177604480    0.0003828537    
0.1931638200    0.0180002510    0.0003822924    
0.1934054100    0.0176895790    0.0003822150    
0.1936469900    0.0173895080    0.0003759949    
0.1938885800    0.0183607240    0.0003883748    
0.1941301700    0.0175830680    0.0003783274    
0.1943717600    0.0184303230    0.0003892379    
0.1946133500    0.0174760520    0.0003755903    
0.1948549400    0.0177895660    0.0003815360    
0.1950965300    0.0172647410    0.0003754980    
0.1953381100    0.0174543080    0.0003773078    
0.1955797000    0.0184480700    0.0003886605    
0.1958212900    0.0177269290    0.0003788878    
0.1960628800    0.0171954730    0.0003732858    
0.1963044700    0.0179154240    0.0003804051    
0.1965460600    0.0182830060    0.0003874249    
0.1967876400    0.0179635340    0.0003800583    
0.1970292300    0.0178209700    0.0003789124    
0.1972708200    0.0177309570    0.0003796683    
0.1975124100    0.0176754830    0.0003788280    
0.1977540000    0.0182563450    0.0003848775    
0.1979955900    0.0176978860    0.0003786998    
0.1982371800    0.0177947160    0.0003805975    
0.1984787600    0.0179081630    0.0003775372    
0.1987203500    0.0176726370    0.0003772108    
0.1989619400    0.0178405070    0.0003792420    
0.1992035300    0.0179324590    0.0003794858    
0.1994451200    0.0176499370    0.0003767263    
0.1996867100    0.0178705460    0.0003783450    
0.1999283000    0.0178831250    0.0003792067    
0.2001698800    0.0181710360    0.0003827390    
0.2004114700    0.0181553250    0.0003836869    
0.2006530600    0.0181692630    0.0003807639    
0.2008946500    0.0179781700    0.0003796040    
0.2011362400    0.0178424880    0.0003756521    
0.2013778300    0.0177142640    0.0003774121    
0.2016194200    0.0180744640    0.0003784450    
0.2018610000    0.0183362670    0.0003827539    
0.2021025900    0.0183314140    0.0003830701    
0.2023441800    0.0181744110    0.0003804543    
0.2025857700    0.0173952540    0.0003725654    
0.2028273600    0.0180394480    0.0003809829    
0.2030689500    0.0181844640    0.0003811662    
0.2033105400    0.0180253460    0.0003773339    
0.2035521200    0.0178478760    0.0003770211    
0.2037937100    0.0181088480    0.0003791649    
0.2040353000    0.0186122310    0.0003852548    
0.2042768900    0.0178175460    0.0003756269    
0.2045184800    0.0185283550    0.0003814810    
0.2047600700    0.0173571700    0.0003719204    
0.2050016500    0.0183165890    0.0003824264    
0.2052432400    0.0179070530    0.0003777658    
0.2054848300    0.0189535790    0.0003870496    
0.2057264200    0.0187476730    0.0003873949    
0.2059680100    0.0177611870    0.0003730321    
0.2062096000    0.0180815190    0.0003776832    
0.2064511900    0.0183435050    0.0003796924    
0.2066927700    0.0171502960    0.0003687596    
0.2069343600    0.0181667530    0.0003790503    
0.2071759500    0.0185583840    0.0003829932    
0.2074175400    0.0181797530    0.0003788271    
0.2076591300    0.0182485270    0.0003789461    
0.2079007200    0.0181640970    0.0003810743    
0.2081423100    0.0180423120    0.0003762082    
0.2083838900    0.0179484540    0.0003760540    
0.2086254800    0.0177679930    0.0003747488    
0.2088670700    0.0182721340    0.0003791911    
0.2091086600    0.0183042580    0.0003808431    
0.2093502500    0.0183513640    0.0003797737    
0.2095918400    0.0189703500    0.0003882024    
0.2098334300    0.0184473090    0.0003820867    
0.2100750100    0.0178399120    0.0003769369    
0.2103166000    0.0179777560    0.0003787520    
0.2105581900    0.0183906600    0.0003801801    
0.2107997800    0.0180841490    0.0003791468    
0.2110413700    0.0184336690    0.0003807439    
0.2112829600    0.0178227660    0.0003769957    
0.2115245400    0.0183005790    0.0003791289    
0.2117661300    0.0181035920    0.0003794710    
0.2120077200    0.0175938980    0.0003723211    
0.2122493100    0.0171555690    0.0003709366    
0.2124909000    0.0186768130    0.0003844561    
0.2127324900    0.0177731370    0.0003775541    
0.2129740800    0.0179192530    0.0003761032    
0.2132156600    0.0179350410    0.0003762688    
0.2134572500    0.0182149500    0.0003806363    
0.2136988400    0.0180726740    0.0003789062    
0.2139404300    0.0189133850    0.0003856663    
0.2141820200    0.0180418350    0.0003783428    
0.2144236100    0.0185123810    0.0003843424    
0.2146652000    0.0178365300    0.0003767814    
0.2149067800    0.0179237400    0.0003760317    
0.2151483700    0.0176334000    0.0003786224    
0.2153899600    0.0180295060    0.0003876641    
0.2156315500    0.0180784830    0.0003919929    
0.2158731400    0.0173410300    0.0003853562    
0.2161147300    0.0183494900    0.0004013755    
0.2163563200    0.0175577120    0.0003935876    
0.2165979000    0.0176513000    0.0003975881    
0.2168394900    0.0176765880    0.0003981577    
0.2170810800    0.0177753580    0.0004037769    
0.2173226700    0.0178500960    0.0004043288    
0.2175642600    0.0184555860    0.0004134035    
0.2178058500    0.0173803120    0.0004026717    
0.2180474400    0.0183699030    0.0004159964    
0.2182890200    0.0173343650    0.0004073322    
0.2185306100    0.0177450380    0.0004094767    
0.2187722000    0.0176168640    0.0004131727    
0.2190137900    0.0175296440    0.0004113535    
0.2192553800    0.0174765720    0.0004145840    
0.2194969700    0.0180755150    0.0004190034    
0.2197385500    0.0175852760    0.0004107409    
0.2199801400    0.0175727960    0.0004062599    
0.2202217300    0.0175313990    0.0004018807    
0.2204633200    0.0170732780    0.0003947117    
0.2207049100    0.0172034600    0.0003936399    
0.2209465000    0.0172394880    0.0003940519    
0.2211880900    0.0171478400    0.0003910387    
0.2214296700    0.0180861250    0.0004010237    
0.2216712600    0.0174496870    0.0003933463    
0.2219128500    0.0178363000    0.0003965581    
0.2221544400    0.0169631650    0.0003886507    
0.2223960300    0.0174483630    0.0003922219    
0.2226376200    0.0179736980    0.0004012026    
0.2228792100    0.0176282960    0.0003943779    
0.2231207900    0.0165695390    0.0003823514    
0.2233623800    0.0171548210    0.0003866013    
0.2236039700    0.0171411380    0.0003880708    
0.2238455600    0.0171570790    0.0003863580    
0.2240871500    0.0179066250    0.0003953948    
0.2243287400    0.0172374000    0.0003859227    
0.2245703300    0.0172037750    0.0003880990    
0.2248119100    0.0172343630    0.0003879017    
0.2250535000    0.0167250510    0.0003819939    
0.2252950900    0.0170300870    0.0003869475    
0.2255366800    0.0175415190    0.0003890438    
0.2257782700    0.0167595320    0.0003811939    
0.2260198600    0.0176861490    0.0003902411    
0.2262614500    0.0166672470    0.0003787033    
0.2265030300    0.0172994570    0.0003852895    
0.2267446200    0.0177940190    0.0003922395    
0.2269862100    0.0177648050    0.0003892385    
0.2272278000    0.0167816710    0.0003793497    
0.2274693900    0.0171220350    0.0003820018    
0.2277109800    0.0167884990    0.0003816554    
0.2279525600    0.0178769050    0.0003901990    
0.2281941500    0.0178084040    0.0003903813    
0.2284357400    0.0178793260    0.0003906242    
0.2286773300    0.0172630540    0.0003851480    
0.2289189200    0.0175446900    0.0003859006    
0.2291605100    0.0170708870    0.0003828670    
0.2294021000    0.0171529720    0.0003822167    
0.2296436800    0.0165601170    0.0003789193    
0.2298852700    0.0172232240    0.0003827383    
0.2301268600    0.0174339450    0.0003890575    
0.2303684500    0.0172050650    0.0003842369    
0.2306100400    0.0162886410    0.0003743773    
0.2308516300    0.0171729430    0.0003836153    
0.2310932200    0.0171865800    0.0003857529    
0.2313348000    0.0171932810    0.0003839738    
0.2315763900    0.0168248180    0.0003802279    
0.2318179800    0.0168665850    0.0003825419    
0.2320595700    0.0168823630    0.0003811393    
0.2323011600    0.0171086560    0.0003848774    
0.2325427500    0.0172904780    0.0003869172    
0.2327843400    0.0164807620    0.0003791939    
0.2330259200    0.0166844910    0.0003781203    
0.2332675100    0.0163865820    0.0003752434    
0.2335091000    0.0172439200    0.0003862623    
0.2337506900    0.0167501500    0.0003787340    
0.2339922800    0.0171204950    0.0003851437    
0.2342338700    0.0175708850    0.0003895036    
0.2344754600    0.0172201490    0.0003867988    
0.2347170400    0.0170740110    0.0003830334    
0.2349586300    0.0166470110    0.0003791253    
0.2352002200    0.0164618630    0.0003801704    
0.2354418100    0.0168752610    0.0003826403    
0.2356834000    0.0164360220    0.0003773662    
0.2359249900    0.0172607160    0.0003843314    
0.2361665700    0.0168729930    0.0003832792    
0.2364081600    0.0171436810    0.0003842098    
0.2366497500    0.0171864230    0.0003868227    
0.2368913400    0.0171737060    0.0003850761    
0.2371329300    0.0172322050    0.0003881482    
0.2373745200    0.0167190890    0.0003808656    
0.2376161100    0.0170834910    0.0003849938    
0.2378576900    0.0176133340    0.0003922801    
0.2380992800    0.0169522700    0.0003827175    
0.2383408700    0.0170724480    0.0003851364    
0.2385824600    0.0173019610    0.0003861122    
0.2388240500    0.0174407710    0.0003894038    
0.2390656400    0.0168525670    0.0003829140    
0.2393072300    0.0168372650    0.0003816806    
0.2395488100    0.0171355480    0.0003855800    
0.2397904000    0.0168327520    0.0003833554    
0.2400319900    0.0169936530    0.0003857216    
0.2402735800    0.0166198970    0.0003819909    
0.2405151700    0.0171392590    0.0003872352    
0.2407567600    0.0167045650    0.0003796492    
0.2409983500    0.0165767330    0.0003802963    
0.2412399300    0.0171400930    0.0003850977    
0.2414815200    0.0168478420    0.0003841976    
0.2417231100    0.0165839930    0.0003778862    
0.2419647000    0.0175434950    0.0003921864    
0.2422062900    0.0167513470    0.0003826943    
0.2424478800    0.0171830040    0.0003877290    
0.2426894600    0.0172909240    0.0003908614    
0.2429310500    0.0170970190    0.0003860838    
0.2431726400    0.0169774700    0.0003844640    
0.2434142300    0.0165375350    0.0003780070    
0.2436558200    0.0169898920    0.0003870346    
0.2438974100    0.0163380730    0.0003761100    
0.2441390000    0.0164862900    0.0003795220    
0.2443805800    0.0174367240    0.0003905811    
0.2446221700    0.0171051270    0.0003872556    
0.2448637600    0.0166607550    0.0003831324    
0.2451053500    0.0171025460    0.0003860118    
0.2453469400    0.0167286540    0.0003858176    
0.2455885300    0.0177124180    0.0003928341    
0.2458301200    0.0170548020    0.0003879098    
0.2460717000    0.0169824690    0.0003839869    
0.2463132900    0.0163044450    0.0003766355    
0.2465548800    0.0166373390    0.0003825940    
0.2467964700    0.0171667670    0.0003868705    
0.2470380600    0.0172750370    0.0003893105    
0.2472796500    0.0163686680    0.0003788272    
0.2475212400    0.0170095310    0.0003884913    
0.2477628200    0.0173851400    0.0003935950    
0.2480044100    0.0169375200    0.0003845466    
0.2482460000    0.0176395440    0.0003925719    
0.2484875900    0.0170237610    0.0003866042    
0.2487291800    0.0172344730    0.0003889895    
0.2489707700    0.0178667000    0.0003950915    
0.2492123600    0.0170202020    0.0003879264    
0.2494539400    0.0170188220    0.0003870914    
0.2496955300    0.0163366990    0.0003799232    
0.2499371200    0.0175119210    0.0003919706    
0.2501787100    0.0171653930    0.0003923583    
0.2504203000    0.0170812040    0.0003867139    
0.2506618900    0.0159917440    0.0003721023    
0.2509034700    0.0164706430    0.0003802718    
0.2511450600    0.0171480080    0.0003873340    
0.2513866500    0.0169069990    0.0003855466    
0.2516282400    0.0166641600    0.0003801078    
0.2518698300    0.0167368970    0.0003830646    
0.2521114200    0.0155472300    0.0003682978    
0.2523530100    0.0164595910    0.0003796122    
0.2525945900    0.0165449490    0.0003796671    
0.2528361800    0.0172324020    0.0003903372    
0.2530777700    0.0163747120    0.0003770534    
0.2533193600    0.0171378240    0.0003853386    
0.2535609500    0.0176673070    0.0003926068    
0.2538025400    0.0163297890    0.0003773216    
0.2540441300    0.0170359890    0.0003853941    
0.2542857100    0.0164001490    0.0003777393    
0.2545273000    0.0162300160    0.0003777488    
0.2547688900    0.0169787820    0.0003834138    
0.2550104800    0.0167487430    0.0003837379    
0.2552520700    0.0171803850    0.0003901611    
0.2554936600    0.0163860750    0.0003773150    
0.2557352500    0.0169673870    0.0003854234    
0.2559768300    0.0169303750    0.0003833975    
0.2562184200    0.0174032170    0.0003906153    
0.2564600100    0.0172710750    0.0003869677    
0.2567016000    0.0168657270    0.0003848056    
0.2569431900    0.0168673100    0.0003833480    
0.2571847800    0.0165250870    0.0003789121    
0.2574263700    0.0166059360    0.0003803662    
0.2576679500    0.0174367240    0.0003905811    
0.2579095400    0.0171664980    0.0003879497    
0.2581511300    0.0170834910    0.0003849938    
0.2583927200    0.0167190350    0.0003804697    
0.2586343100    0.0164349210    0.0003760546    
0.2588759000    0.0165970230    0.0003806617    
0.2591174800    0.0166443680    0.0003781834    
0.2593590700    0.0170661860    0.0003833405    
0.2596006600    0.0171757030    0.0003858978    
0.2598422500    0.0165424640    0.0003791113    
0.2600838400    0.0171570790    0.0003863580    
0.2603254300    0.0169179320    0.0003849959    
0.2605670200    0.0165915570    0.0003799372    
0.2608086000    0.0165446270    0.0003764033    
0.2610501900    0.0164652180    0.0003774401    
0.2612917800    0.0165800350    0.0003796733    
0.2615333700    0.0172439200    0.0003862623    
0.2617749600    0.0171474310    0.0003858473    
0.2620165500    0.0170386730    0.0003836916    
0.2622581400    0.0169467810    0.0003850547    
0.2624997200    0.0165542410    0.0003789833    
0.2627413100    0.0165455950    0.0003826146    
0.2629829000    0.0162010790    0.0003728576    
0.2632244900    0.0166000630    0.0003804313    
0.2634660800    0.0163966150    0.0003762632    
0.2637076700    0.0166843840    0.0003804701    
0.2639492600    0.0167537940    0.0003812607    
0.2641908400    0.0171341850    0.0003862344    
0.2644324300    0.0180589090    0.0003972110    
0.2646740200    0.0170920180    0.0003836305    
0.2649156100    0.0168133020    0.0003846119    
0.2651572000    0.0164899110    0.0003789033    
0.2653987900    0.0164261830    0.0003801583    
0.2656403800    0.0167367140    0.0003822603    
0.2658819600    0.0169960990    0.0003836093    
0.2661235500    0.0161068790    0.0003753916    
0.2663651400    0.0168288940    0.0003819819    
0.2666067300    0.0163680220    0.0003775003    
0.2668483200    0.0167740950    0.0003816239    
0.2670899100    0.0166695160    0.0003836383    
0.2673314900    0.0171118310    0.0003850463    
0.2675730800    0.0160981360    0.0003762109    
0.2678146700    0.0164278110    0.0003811157    
0.2680562600    0.0166148120    0.0003800713    
0.2682978500    0.0163411690    0.0003775846    
0.2685394400    0.0164966720    0.0003780618    
0.2687810300    0.0172125300    0.0003881977    
0.2690226100    0.0165147410    0.0003774859    
0.2692642000    0.0166192760    0.0003836012    
0.2695057900    0.0166176580    0.0003802359    
0.2697473800    0.0164115540    0.0003780019    
0.2699889700    0.0166050170    0.0003823565    
0.2702305600    0.0163366990    0.0003799232    
0.2704721500    0.0165345820    0.0003815447    
0.2707137300    0.0171323520    0.0003854105    
0.2709553200    0.0168336340    0.0003845742    
0.2711969100    0.0167426040    0.0003825944    
0.2714385000    0.0168612670    0.0003830128    
0.2716800900    0.0164300400    0.0003795367    
0.2719216800    0.0172364700    0.0003973183    
0.2721632700    0.0167364030    0.0003942618    
0.2724048500    0.0168836210    0.0004010825    
0.2726464400    0.0166403600    0.0004055007    
0.2728880300    0.0170229630    0.0004104601    
0.2731296200    0.0172434910    0.0004154154    
0.2733712100    0.0162116600    0.0004060536    
0.2736128000    0.0171598530    0.0004234742    
0.2738543800    0.0162385470    0.0004095632    
0.2740959700    0.0164684270    0.0004164221    
0.2743375600    0.0173482490    0.0004304896    
0.2745791500    0.0168834080    0.0004265064    
0.2748207400    0.0170098790    0.0004310791    
0.2750623300    0.0163216180    0.0004222678    
0.2753039200    0.0167488530    0.0004323095    
0.2755455000    0.0162790610    0.0004248800    
0.2757870900    0.0165179050    0.0004343810    
0.2760286800    0.0168400860    0.0004364123    
0.2762702700    0.0165913690    0.0004412224    
0.2765118600    0.0175839820    0.0004362049    
0.2767534500    0.0168362260    0.0004251789    
0.2769950400    0.0172741480    0.0004272064    
0.2772366200    0.0174759790    0.0004252327    
0.2774782100    0.0158909090    0.0004059937    
0.2777198000    0.0165332190    0.0004151507    
0.2779613900    0.0177268690    0.0004288061    
0.2782029800    0.0171586040    0.0004137307    
0.2784445700    0.0168824470    0.0004138650    
0.2786861600    0.0165955390    0.0004091744    
0.2789277400    0.0166930610    0.0004058222    
0.2791693300    0.0162747460    0.0004010213    
0.2794109200    0.0165001930    0.0004057152    
0.2796525100    0.0165770450    0.0004060124    
0.2798941000    0.0169133880    0.0004054675    
0.2801356900    0.0167062880    0.0004071073    
0.2803772800    0.0169017240    0.0004130982    
0.2806188600    0.0167350520    0.0004026993    
0.2808604500    0.0168240740    0.0004015990    
0.2811020400    0.0160071770    0.0003932362    
0.2813436300    0.0166540580    0.0004029732    
0.2815852200    0.0166771320    0.0003992304    
0.2818268100    0.0161907230    0.0003954843    
0.2820683900    0.0166283090    0.0004018798    
0.2823099800    0.0166510370    0.0004018428    
0.2825515700    0.0163786370    0.0003950389    
0.2827931600    0.0158083150    0.0003927608    
0.2830347500    0.0168120210    0.0004026904    
0.2832763400    0.0169318060    0.0004021137    
0.2835179300    0.0169700050    0.0004025671    
0.2837595100    0.0159685350    0.0003927613    
0.2840011000    0.0164413090    0.0003989951    
0.2842426900    0.0164684190    0.0003953686    
0.2844842800    0.0159831260    0.0003915833    
0.2847258700    0.0170042110    0.0004045183    
0.2849674600    0.0167285370    0.0004023097    
0.2852090500    0.0166866750    0.0003998027    
0.2854506300    0.0162583460    0.0003963093    
0.2856922200    0.0165330430    0.0003984155    
0.2859338100    0.0158423570    0.0003906041    
0.2861754000    0.0167216450    0.0003991540    
0.2864169900    0.0166232420    0.0003978264    
0.2866585800    0.0160653090    0.0003928900    
0.2869001700    0.0165081490    0.0003973544    
0.2871417500    0.0170620380    0.0004035034    
0.2873833400    0.0169368490    0.0004037163    
0.2876249300    0.0163490400    0.0003971069    
0.2878665200    0.0166214450    0.0004028923    
0.2881081100    0.0166113550    0.0003957329    
0.2883497000    0.0160383060    0.0003910619    
0.2885912900    0.0163309970    0.0003944639    
0.2888328700    0.0163815760    0.0003952247    
0.2890744600    0.0159843330    0.0003895144    
0.2893160500    0.0169626100    0.0004017141    
0.2895576400    0.0165776710    0.0003992592    
0.2897992300    0.0165265070    0.0003947209    
0.2900408200    0.0162700520    0.0003925341    
0.2902824000    0.0160007220    0.0003922500    
0.2905239900    0.0163720400    0.0003951097    
0.2907655800    0.0157249380    0.0003844510    
0.2910071700    0.0168528480    0.0003980001    
0.2912487600    0.0162059700    0.0003908743    
0.2914903500    0.0164586080    0.0003928751    
0.2917319400    0.0162086640    0.0003885730    
0.2919735200    0.0161932680    0.0003895495    
0.2922151100    0.0164316480    0.0003916740    
0.2924567000    0.0163713190    0.0003916853    
0.2926982900    0.0171150760    0.0004006336    
0.2929398800    0.0159127450    0.0003883468    
0.2931814700    0.0163648960    0.0003898615    
0.2934230600    0.0167896060    0.0003960650    
0.2936646400    0.0162324350    0.0003867058    
0.2939062300    0.0167712700    0.0003967379    
0.2941478200    0.0167455740    0.0003939317    
0.2943894100    0.0160754920    0.0003878401    
0.2946310000    0.0168202750    0.0003956890    
0.2948725900    0.0166431930    0.0003944815    
0.2951141800    0.0164601780    0.0003915762    
0.2953557600    0.0157488830    0.0003856131    
0.2955973500    0.0161273510    0.0003867348    
0.2958389400    0.0157536910    0.0003815225    
0.2960805300    0.0166838070    0.0003929138    
0.2963221200    0.0171847560    0.0003980342    
0.2965637100    0.0173747860    0.0004000816    
0.2968053000    0.0168581570    0.0003932216    
0.2970468800    0.0159611250    0.0003837430    
0.2972884700    0.0163261800    0.0003869676    
0.2975300600    0.0162894920    0.0003865325    
0.2977716500    0.0162526350    0.0003875171    
0.2980132400    0.0160372180    0.0003857955    
0.2982548300    0.0164402280    0.0003876076    
0.2984964100    0.0177044850    0.0004016492    
0.2987380000    0.0163727440    0.0003870939    
0.2989795900    0.0163012480    0.0003854035    
0.2992211800    0.0166476000    0.0003890518    
0.2994627700    0.0167083030    0.0003908977    
0.2997043600    0.0168860970    0.0003939805    
0.2999459500    0.0166440720    0.0003910034    
0.3001875300    0.0158260470    0.0003807155    
0.3004291200    0.0165309920    0.0003931496    
0.3006707100    0.0168112580    0.0003909595    
0.3009123000    0.0162004690    0.0003856162    
0.3011538900    0.0160141130    0.0003807492    
0.3013954800    0.0159243010    0.0003817559    
0.3016370700    0.0155263740    0.0003766807    
0.3018786500    0.0165407520    0.0003887908    
0.3021202400    0.0165286870    0.0003885072    
0.3023618300    0.0161034600    0.0003851665    
0.3026034200    0.0170507690    0.0003954616    
0.3028450100    0.0166808130    0.0003914347    
0.3030866000    0.0159167110    0.0003827858    
0.3033281900    0.0165869090    0.0003884831    
0.3035697700    0.0167814640    0.0003917525    
0.3038113600    0.0165495760    0.0003893210    
0.3040529500    0.0160657070    0.0003821920    
0.3042945400    0.0160994760    0.0003824546    
0.3045361300    0.0168525090    0.0003937330    
0.3047777200    0.0162976350    0.0003856416    
0.3050193100    0.0160198550    0.0003826200    
0.3052608900    0.0167175550    0.0003918655    
0.3055024800    0.0158169580    0.0003860091    
0.3057440700    0.0159507450    0.0003799951    
0.3059856600    0.0161929960    0.0003837031    
0.3062272500    0.0166686910    0.0003902915    
0.3064688400    0.0171584580    0.0003969994    
0.3067104200    0.0163616100    0.0003845800    
0.3069520100    0.0162455990    0.0003851658    
0.3071936000    0.0161335680    0.0003846781    
0.3074351900    0.0165827540    0.0003904257    
0.3076767800    0.0166021400    0.0003885203    
0.3079183700    0.0162135530    0.0003879107    
0.3081599600    0.0163620460    0.0003896830    
0.3084015400    0.0159219140    0.0003800640    
0.3086431300    0.0166326660    0.0003881732    
0.3088847200    0.0171700050    0.0003968419    
0.3091263100    0.0166170170    0.0003894019    
0.3093679000    0.0168486430    0.0003926793    
0.3096094900    0.0166960800    0.0003889125    
0.3098510800    0.0165605270    0.0003913149    
0.3100926600    0.0161374390    0.0003844428    
0.3103342500    0.0164030390    0.0003875935    
0.3105758400    0.0158726490    0.0003839533    
0.3108174300    0.0157612840    0.0003788289    
0.3110590200    0.0162150660    0.0003860730    
0.3113006100    0.0164576920    0.0003859864    
0.3115422000    0.0168033670    0.0003930142    
0.3117837800    0.0160695040    0.0003829330    
0.3120253700    0.0164941880    0.0003890961    
0.3122669600    0.0160761430    0.0003819003    
0.3125085500    0.0160732080    0.0003846630    
0.3127501400    0.0166196850    0.0003904304    
0.3129917300    0.0167115670    0.0003932406    
0.3132333100    0.0159259160    0.0003828965    
0.3134749000    0.0166594050    0.0003910400    
0.3137164900    0.0168388520    0.0003917071    
0.3139580800    0.0164532880    0.0003870558    
0.3141996700    0.0162492900    0.0003849289    
0.3144412600    0.0159558850    0.0003818553    
0.3146828500    0.0158792130    0.0003817736    
0.3149244300    0.0168812370    0.0003920572    
0.3151660200    0.0150679100    0.0003723026    
0.3154076100    0.0165730330    0.0003911738    
0.3156492000    0.0163734720    0.0003903983    
0.3158907900    0.0162111800    0.0003839184    
0.3161323800    0.0160500870    0.0003821449    
0.3163739700    0.0166444990    0.0003892984    
0.3166155500    0.0159326130    0.0003828362    
0.3168571400    0.0159027850    0.0003808026    
0.3170987300    0.0158809990    0.0003813759    
0.3173403200    0.0162107080    0.0003853145    
0.3175819100    0.0169812950    0.0003952346    
0.3178235000    0.0170441400    0.0003950953    
0.3180650900    0.0160427220    0.0003851486    
0.3183066700    0.0161717860    0.0003856990    
0.3185482600    0.0162481170    0.0003867503    
0.3187898500    0.0164055620    0.0003859331    
0.3190314400    0.0158053270    0.0003803271    
0.3192730300    0.0158164010    0.0003800439    
0.3195146200    0.0162565010    0.0003858584    
0.3197562100    0.0167964040    0.0003913556    
0.3199977900    0.0159517570    0.0003820849    
0.3202393800    0.0159032750    0.0003829059    
0.3204809700    0.0154971770    0.0003785433    
0.3207225600    0.0167822460    0.0003934900    
0.3209641500    0.0162720460    0.0003873199    
0.3212057400    0.0158820990    0.0003804164    
0.3214473200    0.0154307390    0.0003752450    
0.3216889100    0.0161307490    0.0003835223    
0.3219305000    0.0158473770    0.0003816706    
0.3221720900    0.0159476170    0.0003823148    
0.3224136800    0.0161657200    0.0003833797    
0.3226552700    0.0158751380    0.0003841259    
0.3228968600    0.0156818230    0.0003791155    
0.3231384400    0.0162103320    0.0003891725    
0.3233800300    0.0162192400    0.0003844329    
0.3236216200    0.0163523860    0.0003862888    
0.3238632100    0.0160824880    0.0003837876    
0.3241048000    0.0164574730    0.0003886628    
0.3243463900    0.0161519120    0.0003848968    
0.3245879800    0.0161740740    0.0003848789    
0.3248295600    0.0163516390    0.0003867030    
0.3250711500    0.0166717220    0.0003904695    
0.3253127400    0.0168065150    0.0003931954    
0.3255543300    0.0160507830    0.0003846776    
0.3257959200    0.0160529320    0.0003868457    
0.3260375100    0.0153627190    0.0003741444    
0.3262791000    0.0156589230    0.0003791162    
0.3265206800    0.0164493660    0.0003877153    
0.3267622700    0.0153969580    0.0003762076    
0.3270038600    0.0161794280    0.0003852245    
0.3272454500    0.0155285700    0.0003768449    
0.3274870400    0.0165129420    0.0003888898    
0.3277286300    0.0162471330    0.0003871659    
0.3279702200    0.0159535340    0.0003832283    
0.3282118000    0.0160888720    0.0003877118    
0.3284533900    0.0159517570    0.0003820849    
0.3286949800    0.0163267550    0.0004002425    
0.3289365700    0.0161991230    0.0004040951    
0.3291781600    0.0157702260    0.0004021238    
0.3294197500    0.0159094800    0.0004086075    
0.3296613300    0.0169108270    0.0004255727    
0.3299029200    0.0164174680    0.0004198580    
0.3301445100    0.0154591300    0.0004133103    
0.3303861000    0.0160584850    0.0004240626    
0.3306276900    0.0162609510    0.0004300094    
0.3308692800    0.0160025750    0.0004267733    
0.3311108700    0.0155513910    0.0004241990    
0.3313524500    0.0156556610    0.0004304191    
0.3315940400    0.0156939940    0.0004303360    
0.3318356300    0.0161401230    0.0004420707    
0.3320772200    0.0158074550    0.0004379149    
0.3323188100    0.0163264070    0.0004491994    
0.3325604000    0.0166478780    0.0004529301    
0.3328019900    0.0156151420    0.0004432615    
0.3330435700    0.0152430970    0.0004333995    
0.3332851600    0.0167330730    0.0004481716    
0.3335267500    0.0158666720    0.0004228482    
0.3337683400    0.0166554980    0.0004332319    
0.3340099300    0.0158665610    0.0004200208    
0.3342515200    0.0167185070    0.0004269986    
0.3344931100    0.0162586420    0.0004167513    
0.3347346900    0.0164994560    0.0004212665    
0.3349762800    0.0160117110    0.0004128705    
0.3352178700    0.0165240170    0.0004178277    
0.3354594600    0.0160027460    0.0004091182    
0.3357010500    0.0159151720    0.0004090236    
0.3359426400    0.0163085420    0.0004154453    
0.3361842300    0.0168152050    0.0004137111    
0.3364258100    0.0161925390    0.0004053205    
0.3366674000    0.0155200710    0.0003972981    
0.3369089900    0.0157910970    0.0003992950    
0.3371505800    0.0155165020    0.0003950125    
0.3373921700    0.0168042130    0.0004120710    
0.3376337600    0.0169385470    0.0004133813    
0.3378753400    0.0157103240    0.0003982725    
0.3381169300    0.0155897450    0.0003948353    
0.3383585200    0.0164239280    0.0004097029    
0.3386001100    0.0155951810    0.0003933364    
0.3388417000    0.0159669860    0.0003994244    
0.3390832900    0.0163893720    0.0004006954    
0.3393248800    0.0159406130    0.0003981423    
0.3395664600    0.0168086180    0.0004080290    
0.3398080500    0.0172332470    0.0004126614    
0.3400496400    0.0160520260    0.0003968608    
0.3402912300    0.0164322320    0.0004009054    
0.3405328200    0.0165676980    0.0004049342    
0.3407744100    0.0161945140    0.0004005060    
0.3410160000    0.0158954740    0.0003972627    
0.3412575800    0.0157347310    0.0003909325    
0.3414991700    0.0163795000    0.0003985528    
0.3417407600    0.0152402180    0.0003854887    
0.3419823500    0.0160076590    0.0003921844    
0.3422239400    0.0161633270    0.0003957608    
0.3424655300    0.0163750360    0.0003992724    
0.3427071200    0.0165060060    0.0003996248    
0.3429487000    0.0161273590    0.0003954733    
0.3431902900    0.0161387990    0.0003973098    
0.3434318800    0.0161664340    0.0004007933    
0.3436734700    0.0158820360    0.0003900443    
0.3439150600    0.0152945560    0.0003818868    
0.3441566500    0.0158403890    0.0003910313    
0.3443982300    0.0162372120    0.0003954419    
0.3446398200    0.0163609880    0.0003958818    
0.3448814100    0.0163624100    0.0003969635    
0.3451230000    0.0163326860    0.0003970612    
0.3453645900    0.0161589340    0.0003949435    
0.3456061800    0.0164184620    0.0003965766    
0.3458477700    0.0160428080    0.0003945881    
0.3460893500    0.0159668540    0.0003931959    
0.3463309400    0.0167820560    0.0004000266    
0.3465725300    0.0161554980    0.0003926376    
0.3468141200    0.0169911510    0.0004042077    
0.3470557100    0.0161542660    0.0003930723    
0.3472973000    0.0160172670    0.0003923021    
0.3475388900    0.0161741710    0.0003918206    
0.3477804700    0.0165556560    0.0003983825    
0.3480220600    0.0166163110    0.0003992645    
0.3482636500    0.0162814770    0.0003947677    
0.3485052400    0.0161693700    0.0003972207    
0.3487468300    0.0161773710    0.0003930531    
0.3489884200    0.0162604660    0.0003939111    
0.3492300100    0.0162700520    0.0003925341    
0.3494715900    0.0161105960    0.0003932925    
0.3497131800    0.0159385900    0.0003885150    
0.3499547700    0.0165429890    0.0003980777    
0.3501963600    0.0168480950    0.0003999002    
0.3504379500    0.0161459560    0.0003925216    
0.3506795400    0.0161829600    0.0003934212    
0.3509211300    0.0159089730    0.0003908237    
0.3511627100    0.0166322070    0.0003997619    
0.3514043000    0.0156450090    0.0003849203    
0.3516458900    0.0166010970    0.0003974102    
0.3518874800    0.0163836960    0.0003939026    
0.3521290700    0.0160264760    0.0003897321    
0.3523706600    0.0161757660    0.0003924354    
0.3526122400    0.0163223150    0.0003939096    
0.3528538300    0.0156282900    0.0003860308    
0.3530954200    0.0154943230    0.0003849596    
0.3533370100    0.0159689320    0.0003900667    
0.3535786000    0.0160624050    0.0003937621    
0.3538201900    0.0152694260    0.0003798412    
0.3540617800    0.0157953790    0.0003883849    
0.3543033600    0.0151520660    0.0003780934    
0.3545449500    0.0161619180    0.0003915237    
0.3547865400    0.0164699420    0.0003940448    
0.3550281300    0.0158380660    0.0003886130    
0.3552697200    0.0155097390    0.0003836882    
0.3555113100    0.0159282270    0.0003894211    
0.3557529000    0.0160287710    0.0003909456    
0.3559944800    0.0155437640    0.0003826610    
0.3562360700    0.0158912530    0.0003918097    
0.3564776600    0.0159351430    0.0003877405    
0.3567192500    0.0161887390    0.0003912561    
0.3569608400    0.0164357620    0.0003933396    
0.3572024300    0.0160006780    0.0003895658    
0.3574440200    0.0157747540    0.0003857842    
0.3576856000    0.0158729730    0.0003883024    
0.3579271900    0.0154206090    0.0003817169    
0.3581687800    0.0161567250    0.0003922044    
0.3584103700    0.0159807060    0.0003887341    
0.3586519600    0.0163276600    0.0003962371    
0.3588935500    0.0160291320    0.0003899120    
0.3591351400    0.0164334190    0.0003950980    
0.3593767200    0.0156921050    0.0003843381    
0.3596183100    0.0155512000    0.0003820346    
0.3598599000    0.0158672330    0.0003873515    
0.3601014900    0.0160901150    0.0003903575    
0.3603430800    0.0165795020    0.0003960996    
0.3605846700    0.0154089790    0.0003814291    
0.3608262500    0.0159843330    0.0003895144    
0.3610678400    0.0161225460    0.0003904554    
0.3613094300    0.0162719050    0.0003946517    
0.3615510200    0.0163691370    0.0003929851    
0.3617926100    0.0162569070    0.0003911936    
0.3620342000    0.0159239700    0.0003880434    
0.3622757900    0.0161427050    0.0003902575    
0.3625173700    0.0163277030    0.0003927835    
0.3627589600    0.0160995860    0.0003904723    
0.3630005500    0.0158571510    0.0003866448    
0.3632421400    0.0165705950    0.0003950983    
0.3634837300    0.0165569070    0.0003965797    
0.3637253200    0.0155378750    0.0003846197    
0.3639669100    0.0162194760    0.0003932644    
0.3642084900    0.0162136990    0.0003903800    
0.3644500800    0.0163909240    0.0003933948    
0.3646916700    0.0160211740    0.0003893730    
0.3649332600    0.0158228510    0.0003847804    
0.3651748500    0.0166993360    0.0003964810    
0.3654164400    0.0159368740    0.0003889357    
0.3656580300    0.0158319110    0.0003870663    
0.3658996100    0.0162974010    0.0003918278    
0.3661412000    0.0158104970    0.0003866583    
0.3663827900    0.0149697400    0.0003799867    
0.3666243800    0.0161620870    0.0003880143    
0.3668659700    0.0153249830    0.0003798156    
0.3671075600    0.0159300030    0.0003873861    
0.3673491500    0.0163677090    0.0003919355    
0.3675907300    0.0161564080    0.0003911608    
0.3678323200    0.0160058460    0.0003872886    
0.3680739100    0.0161998570    0.0003919830    
0.3683155000    0.0162531080    0.0003914423    
0.3685570900    0.0159205830    0.0003872716    
0.3687986800    0.0155638620    0.0003853811    
0.3690402600    0.0155497000    0.0003849124    
0.3692818500    0.0157972290    0.0003846125    
0.3695234400    0.0159488440    0.0003876151    
0.3697650300    0.0161022390    0.0003885985    
0.3700066200    0.0157772080    0.0003859597    
0.3702482100    0.0161905210    0.0003893707    
0.3704898000    0.0156285480    0.0003837032    
0.3707313800    0.0162009750    0.0003915518    
0.3709729700    0.0157297580    0.0003847989    
0.3712145600    0.0162804950    0.0003937037    
0.3714561500    0.0158189950    0.0003883790    
0.3716977400    0.0161385050    0.0003894737    
0.3719393300    0.0155020390    0.0003812874    
0.3721809200    0.0156497440    0.0003835307    
0.3724225000    0.0157343380    0.0003845659    
0.3726640900    0.0162352870    0.0003907865    
0.3729056800    0.0154921890    0.0003817385    
0.3731472700    0.0165681130    0.0003940324    
0.3733888600    0.0165386120    0.0003954614    
0.3736304500    0.0151775230    0.0003795567    
0.3738720400    0.0156974570    0.0003870315    
0.3741136200    0.0161320020    0.0003905699    
0.3743552100    0.0166930610    0.0003965556    
0.3745968000    0.0161409920    0.0003886294    
0.3748383900    0.0161357900    0.0003892949    
0.3750799800    0.0162043000    0.0003902668    
0.3753215700    0.0156308890    0.0003838764    
0.3755631500    0.0159735320    0.0003871874    
0.3758047400    0.0169474130    0.0003995654    
0.3760463300    0.0161576230    0.0003907324    
0.3762879200    0.0159506550    0.0003888091    
0.3765295100    0.0152032910    0.0003810361    
0.3767711000    0.0156192200    0.0003830127    
0.3770126900    0.0158584080    0.0003856451    
0.3772542700    0.0166211080    0.0003949578    
0.3774958600    0.0162813480    0.0003903155    
0.3777374500    0.0159667310    0.0003872501    
0.3779790400    0.0155506060    0.0003831780    
0.3782206300    0.0161305500    0.0003899637    
0.3784622200    0.0154595520    0.0003810500    
0.3787038100    0.0158413740    0.0003871820    
0.3789453900    0.0160792520    0.0003906692    
0.3791869800    0.0157734200    0.0003873768    
0.3794285700    0.0155114170    0.0003814027    
0.3796701600    0.0157817300    0.0003857242    
0.3799117500    0.0161530650    0.0003889201    
0.3801533400    0.0162153980    0.0003909880    
0.3803949300    0.0159012580    0.0003848706    
0.3806365100    0.0162832420    0.0003909229    
0.3808781000    0.0157927610    0.0003848460    
0.3811196900    0.0152344740    0.0003802682    
0.3813612800    0.0158308160    0.0003858880    
0.3816028700    0.0154104370    0.0003821683    
0.3818444600    0.0157275800    0.0003852070    
0.3820860500    0.0158571650    0.0003844797    
0.3823276300    0.0162580220    0.0003893090    
0.3825692200    0.0167208820    0.0003937870    
0.3828108100    0.0165882670    0.0003916425    
0.3830524000    0.0157546200    0.0003832345    
0.3832939900    0.0164606960    0.0003911460    
0.3835355800    0.0159866730    0.0003854729    
0.3837771600    0.0160175650    0.0003849887    
0.3840187500    0.0158528060    0.0003847134    
0.3842603400    0.0151437050    0.0003767137    
0.3845019300    0.0158352060    0.0003808257    
0.3847435200    0.0160036450    0.0003835478    
0.3849851100    0.0162553920    0.0003876930    
0.3852267000    0.0164631910    0.0003998795    
0.3854682800    0.0158314830    0.0003998053    
0.3857098700    0.0155671050    0.0004010063    
0.3859514600    0.0159822680    0.0004107480    
0.3861930500    0.0160022640    0.0004134524    
0.3864346400    0.0151698920    0.0004067419    
0.3866762300    0.0158930620    0.0004192559    
0.3869178200    0.0154261770    0.0004152587    
0.3871594000    0.0161475610    0.0004298762    
0.3874009900    0.0160179740    0.0004293268    
0.3876425800    0.0157314970    0.0004286336    
0.3878841700    0.0155466890    0.0004279085    
0.3881257600    0.0155006990    0.0004299120    
0.3883673500    0.0163906500    0.0004452732    
0.3886089400    0.0169867800    0.0004559491    
0.3888505200    0.0159522440    0.0004438033    
0.3890921100    0.0155280410    0.0004402572    
0.3893337000    0.0153785460    0.0004430184    
0.3895752900    0.0157975650    0.0004506239    
0.3898168800    0.0161053320    0.0004365567    
0.3900584700    0.0156896530    0.0004229647    
0.3903000600    0.0167685950    0.0004358789    
0.3905416400    0.0159635720    0.0004211160    
0.3907832300    0.0157492830    0.0004173552    
0.3910248200    0.0151445600    0.0004078256    
0.3912664100    0.0164172620    0.0004227660    
0.3915080000    0.0155392120    0.0004093521    
0.3917495900    0.0166858090    0.0004260245    
0.3919911700    0.0160017610    0.0004179274    
0.3922327600    0.0164012490    0.0004159218    
0.3924743500    0.0157507100    0.0004091439    
0.3927159400    0.0159046600    0.0004088885    
0.3929575300    0.0151516160    0.0004017993    
0.3931991200    0.0155072340    0.0004045977    
0.3934407100    0.0154235460    0.0004028258    
0.3936822900    0.0154537920    0.0004045828    
0.3939238800    0.0153444480    0.0004036615    
0.3941654700    0.0159815880    0.0004119568    
0.3944070600    0.0158363680    0.0004109532    
0.3946486500    0.0154675210    0.0004071811    
0.3948902400    0.0159746250    0.0004108230    
0.3951318300    0.0157578560    0.0004076823    
0.3953734100    0.0151444020    0.0004003431    
0.3956150000    0.0155726260    0.0004069971    
0.3958565900    0.0157449120    0.0004080307    
0.3960981800    0.0156204430    0.0004079682    
0.3963397700    0.0162575270    0.0004172714    
0.3965813600    0.0160968800    0.0004152047    
0.3968229500    0.0166822770    0.0004241409    
0.3970645300    0.0162594750    0.0004198178    
0.3973061200    0.0157946990    0.0004118177    
0.3975477100    0.0153695700    0.0004050237    
0.3977893000    0.0161230010    0.0004164329    
0.3980308900    0.0153198530    0.0004054063    
0.3982724800    0.0155744540    0.0004092876    
0.3985140700    0.0166105280    0.0004228638    
0.3987556500    0.0160845350    0.0004168321    
0.3989972400    0.0162477210    0.0004184001    
0.3992388300    0.0155624980    0.0004119717    
0.3994804200    0.0160719740    0.0004184786    
0.3997220100    0.0155395350    0.0004138362    
0.3999636000    0.0158548100    0.0004136663    
0.4002051800    0.0156361240    0.0004127653    
0.4004467700    0.0161754460    0.0004176482    
0.4006883600    0.0156251420    0.0004133404    
0.4009299500    0.0162735450    0.0004220138    
0.4011715400    0.0160200710    0.0004192644    
0.4014131300    0.0160482010    0.0004200006    
0.4016547200    0.0156163290    0.0004170661    
0.4018963000    0.0153154780    0.0004113855    
0.4021378900    0.0166893140    0.0004330871    
0.4023794800    0.0161884380    0.0004229472    
0.4026210700    0.0159433500    0.0004202901    
0.4028626600    0.0159222730    0.0004187173    
0.4031042500    0.0162268980    0.0004243868    
0.4033458400    0.0165931690    0.0004291496    
0.4035874200    0.0162272780    0.0004276263    
0.4038290100    0.0164098750    0.0004282942    
0.4040706000    0.0153468460    0.0004149312    
0.4043121900    0.0166101980    0.0004332276    
0.4045537800    0.0146329370    0.0004077308    
0.4047953700    0.0156813600    0.0004245966    
0.4050369600    0.0158014650    0.0004214099    
0.4052785400    0.0163798770    0.0004306023    
0.4055201300    0.0161049580    0.0004267805    
0.4057617200    0.0166548790    0.0004367765    
0.4060033100    0.0161275780    0.0004270801    
0.4062449000    0.0162217000    0.0004318499    
0.4064864900    0.0163685160    0.0004330053    
0.4067280800    0.0150929880    0.0004173221    
0.4069696600    0.0161617060    0.0004336467    
0.4072112500    0.0157904160    0.0004302390    
0.4074528400    0.0160413560    0.0004346629    
0.4076944300    0.0160253380    0.0004320142    
0.4079360200    0.0160258010    0.0004306207    
0.4081776100    0.0158685200    0.0004302957    
0.4084191900    0.0165369050    0.0004400853    
0.4086607800    0.0164373170    0.0004371256    
0.4089023700    0.0161019470    0.0004363046    
0.4091439600    0.0167523400    0.0004456608    
0.4093855500    0.0161292130    0.0004383327    
0.4096271400    0.0160660730    0.0004387280    
0.4098687300    0.0165572440    0.0004521408    
0.4101103100    0.0151462440    0.0004223616    
0.4103519000    0.0172566910    0.0004549117    
0.4105934900    0.0155302810    0.0004307325    
0.4108350800    0.0159364800    0.0004386372    
0.4110766700    0.0162106020    0.0004421804    
0.4113182600    0.0161906480    0.0004436210    
0.4115598500    0.0157017570    0.0004383641    
0.4118014300    0.0157761760    0.0004411299    
0.4120430200    0.0160321920    0.0004429526    
0.4122846100    0.0157462900    0.0004428990    
0.4125262000    0.0158372240    0.0004486628    
0.4127677900    0.0158428750    0.0004407606    
0.4130093800    0.0160332560    0.0004453682    
0.4132509700    0.0157831320    0.0004425370    
0.4134925500    0.0156182560    0.0004435287    
0.4137341400    0.0153117100    0.0004378350    
0.4139757300    0.0156656000    0.0004457728    
0.4142173200    0.0160358870    0.0004487428    
0.4144589100    0.0154415080    0.0004448322    
0.4147005000    0.0157997010    0.0004490436    
0.4149420800    0.0157373180    0.0004518563    
0.4151836700    0.0168901550    0.0004659464    
0.4154252600    0.0153865370    0.0004417845    
0.4156668500    0.0164056800    0.0004527536    
0.4159084400    0.0160933100    0.0004484225    
0.4161500300    0.0159105730    0.0004445404    
0.4163916200    0.0160791010    0.0004473326    
0.4166332000    0.0162868140    0.0004477712    
0.4168747900    0.0165339630    0.0004498309    
0.4171163800    0.0162607700    0.0004503004    
0.4173579700    0.0152623440    0.0004332468    
0.4175995600    0.0162871500    0.0004545300    
0.4178411500    0.0157356650    0.0004394820    
0.4180827400    0.0159432740    0.0004438974    
0.4183243200    0.0158642100    0.0004441126    
0.4185659100    0.0153089210    0.0004375764    
0.4188075000    0.0158808980    0.0004454534    
0.4190490900    0.0164734150    0.0004568903    
0.4192906800    0.0161113330    0.0004513846    
0.4195322700    0.0146535590    0.0004340010    
0.4197738600    0.0155276310    0.0004467574    
0.4200154400    0.0154925920    0.0004504346    
0.4202570300    0.0149764610    0.0004435645    
0.4204986200    0.0166930610    0.0004651340    
0.4207402100    0.0162244990    0.0004616765    
0.4209818000    0.0154250130    0.0004482804    
0.4212233900    0.0159199080    0.0004580439    
0.4214649800    0.0164545880    0.0004669025    
0.4217065600    0.0161292260    0.0004634912    
0.4219481500    0.0154419750    0.0004549635    
0.4221897400    0.0155889030    0.0004590932    
0.4224313300    0.0155399220    0.0004618762    
0.4226729200    0.0152912480    0.0004591739    
0.4229145100    0.0150431650    0.0004566930    
0.4231560900    0.0166884750    0.0004791663    
0.4233976800    0.0160396940    0.0004705362    
0.4236392700    0.0158027640    0.0004688608    
0.4238808600    0.0158107930    0.0004705510    
0.4241224500    0.0166977340    0.0004838399    
0.4243640400    0.0154681430    0.0004693786    
0.4246056300    0.0152383800    0.0004669431    
0.4248472100    0.0156714300    0.0004759858    
0.4250888000    0.0159117870    0.0004812923    
0.4253303900    0.0156572500    0.0004848120    
0.4255719800    0.0162261220    0.0004865891    
0.4258135700    0.0152141140    0.0004719966    
0.4260551600    0.0159031210    0.0004868556    
0.4262967500    0.0151656550    0.0004734646    
0.4265383300    0.0158905100    0.0004889966    
0.4267799200    0.0156041630    0.0004869174    
0.4270215100    0.0149844410    0.0004759965    
0.4272631000    0.0161784780    0.0004997549    
0.4275046900    0.0162570480    0.0005031430    
0.4277462800    0.0146037770    0.0004819964    
0.4279878700    0.0164513660    0.0005148599    
0.4282294500    0.0165670750    0.0005107848    
0.4284710400    0.0160697120    0.0005046487    
0.4287126300    0.0165755040    0.0005154737    
0.4289542200    0.0161384200    0.0005105970    
0.4291958100    0.0148835590    0.0004925739    
0.4294374000    0.0153757700    0.0005052792    
0.4296789900    0.0158188190    0.0005108163    
0.4299205700    0.0170693850    0.0005363066    
0.4301621600    0.0158733120    0.0005224764    
0.4304037500    0.0165080960    0.0005350305    
0.4306453400    0.0152507420    0.0005200460    
0.4308869300    0.0155245460    0.0005177726    
0.4311285200    0.0159120310    0.0005274787    
0.4313701000    0.0162615470    0.0005370036    
0.4316116900    0.0150704570    0.0005202899    
0.4318532800    0.0157174920    0.0005328729    
0.4320948700    0.0160524280    0.0005420520    
0.4323364600    0.0160782490    0.0005473100    
0.4325780500    0.0151972220    0.0005352993    
0.4328196400    0.0155874330    0.0005466751    
0.4330612200    0.0163568260    0.0005687826    
0.4333028100    0.0151182440    0.0005455326    
0.4335444000    0.0156888690    0.0005539932    
0.4337859900    0.0156645780    0.0005566165    
0.4340275800    0.0156748640    0.0005612502    
0.4342691700    0.0157163390    0.0005674841    
0.4345107600    0.0165336170    0.0005863870    
0.4347523400    0.0168050950    0.0005941498    
0.4349939300    0.0159595350    0.0005839288    
0.4352355200    0.0160182970    0.0005936776    
0.4354771100    0.0156553440    0.0005921395    
0.4357187000    0.0151825880    0.0005955101    
0.4359602900    0.0161033600    0.0006043483    
0.4362018800    0.0158630190    0.0006047719    
0.4364434600    0.0164980480    0.0006213524    
0.4366850500    0.0157576740    0.0006147654    
0.4369266400    0.0157116010    0.0006234959    
0.4371682300    0.0165101690    0.0006416859    
0.4374098200    0.0158618350    0.0006385734    
0.4376514100    0.0168424200    0.0006662758    
0.4378930000    0.0158800870    0.0006560003    
0.4381345800    0.0168989170    0.0006887484    
0.4383761700    0.0159634690    0.0006825486    
0.4386177600    0.0145218350    0.0006399085    
0.4388593500    0.0168770330    0.0007001773    
0.4391009400    0.0146514630    0.0006632406    
0.4393425300    0.0151100980    0.0006826046    
0.4395841100    0.0152484690    0.0006996477    
0.4398257000    0.0154141570    0.0007202563    
0.4400672900    0.0161670190    0.0007529731    
0.4403088800    0.0147116880    0.0007392902    
0.4405504700    0.0149840090    0.0007717157    
0.4407920600    0.0166930610    0.0008474618    
0.4410336500    0.0178463990    0.0009013793    
0.4412752300    0.0178854220    0.0009056636    
0.4415168200    0.0152569170    0.0008793941    
0.4417584100    0.0156030290    0.0012073986    
0.4420000000    0.0168369660    0.0019064110    