# Diamond Light Source Ltd.
# Data extracted from: /dls/b21/data/2017/mx13440-2/processed/b21-369037_00185.dat
q(1/A)          Column          Error           
0.0040000000    0.8205852200    0.0211592260    
0.0042415885    0.8822802100    0.0206356640    
0.0044831771    0.7123560000    0.0172619460    
0.0047247656    0.5364630500    0.0145043000    
0.0049663541    0.4343294100    0.0123043940    
0.0052079426    0.3535821100    0.0114237190    
0.0054495312    0.2886233900    0.0095156315    
0.0056911197    0.2679875200    0.0086447586    
0.0059327082    0.2119360200    0.0076877274    
0.0061742967    0.1756838000    0.0067076388    
0.0064158853    0.1578644500    0.0062944677    
0.0066574738    0.1266088600    0.0053264750    
0.0068990623    0.1149930400    0.0051221969    
0.0071406509    0.0986295040    0.0046598061    
0.0073822394    0.0872247460    0.0042360081    
0.0076238279    0.0803910270    0.0039702298    
0.0078654164    0.0799482750    0.0040226343    
0.0081070050    0.0725650500    0.0036327963    
0.0083485935    0.0680011640    0.0033958161    
0.0085901820    0.0649789410    0.0033421561    
0.0088317705    0.0606255800    0.0031432899    
0.0090733591    0.0555044990    0.0029882618    
0.0093149476    0.0491496360    0.0027097071    
0.0095565361    0.0436221690    0.0025527944    
0.0097981247    0.0410825220    0.0024773693    
0.0100397130    0.0425266350    0.0024350680    
0.0102813020    0.0342904440    0.0022368619    
0.0105228900    0.0358538380    0.0021426766    
0.0107644790    0.0367315100    0.0021912182    
0.0110060670    0.0350373640    0.0020864447    
0.0112476560    0.0377695570    0.0021556225    
0.0114892440    0.0290416090    0.0018630201    
0.0117308330    0.0300698700    0.0018867514    
0.0119724210    0.0317750520    0.0019126334    
0.0122140100    0.0310894760    0.0018747660    
0.0124555980    0.0303086470    0.0017953293    
0.0126971870    0.0278109500    0.0017731614    
0.0129387760    0.0283360980    0.0016934057    
0.0131803640    0.0268754390    0.0016764438    
0.0134219530    0.0263622980    0.0016013956    
0.0136635410    0.0294113510    0.0016980652    
0.0139051300    0.0204899080    0.0014173166    
0.0141467180    0.0265024080    0.0015754046    
0.0143883070    0.0275528950    0.0015828724    
0.0146298950    0.0241883500    0.0014830829    
0.0148714840    0.0258358540    0.0015439876    
0.0151130720    0.0219379060    0.0014073173    
0.0153546610    0.0254323220    0.0014586437    
0.0155962490    0.0286830700    0.0015647898    
0.0158378380    0.0258310600    0.0014508169    
0.0160794260    0.0236309380    0.0013876565    
0.0163210150    0.0229932220    0.0013387171    
0.0165626030    0.0206448710    0.0012928320    
0.0168041920    0.0217914040    0.0012796353    
0.0170457800    0.0239568820    0.0013498174    
0.0172873690    0.0211151190    0.0012596224    
0.0175289580    0.0243551510    0.0013447883    
0.0177705460    0.0229464560    0.0012827459    
0.0180121350    0.0227842120    0.0012638407    
0.0182537230    0.0223547700    0.0012381162    
0.0184953120    0.0211420730    0.0012007890    
0.0187369000    0.0199144690    0.0011654061    
0.0189784890    0.0214753400    0.0011786124    
0.0192200770    0.0205587430    0.0011714431    
0.0194616660    0.0188866430    0.0010940738    
0.0197032540    0.0193059130    0.0011146274    
0.0199448430    0.0201425020    0.0011385215    
0.0201864310    0.0218020310    0.0011754867    
0.0204280200    0.0189450980    0.0010742780    
0.0206696080    0.0200071180    0.0010882437    
0.0209111970    0.0204614140    0.0011246610    
0.0211527850    0.0211471250    0.0011084105    
0.0213943740    0.0209536500    0.0011058913    
0.0216359620    0.0205612500    0.0011006185    
0.0218775510    0.0196112150    0.0010698795    
0.0221191400    0.0190202200    0.0010345636    
0.0223607280    0.0193785230    0.0010373086    
0.0226023170    0.0215628010    0.0011271057    
0.0228439050    0.0186886210    0.0010032577    
0.0230854940    0.0199494430    0.0010343304    
0.0233270820    0.0199713500    0.0010326939    
0.0235686710    0.0204459600    0.0010516267    
0.0238102590    0.0212604370    0.0010499781    
0.0240518480    0.0210513250    0.0010383853    
0.0242934360    0.0192978010    0.0010087122    
0.0245350250    0.0203147260    0.0010221448    
0.0247766130    0.0191534970    0.0009864553    
0.0250182020    0.0210530180    0.0010448437    
0.0252597900    0.0194161240    0.0009794139    
0.0255013790    0.0204769880    0.0009979873    
0.0257429670    0.0193359610    0.0009716686    
0.0259845560    0.0194674070    0.0009637803    
0.0262261450    0.0195955010    0.0009725084    
0.0264677330    0.0190591450    0.0009482279    
0.0267093220    0.0184049700    0.0009248845    
0.0269509100    0.0187527660    0.0009388125    
0.0271924990    0.0196799200    0.0009546164    
0.0274340870    0.0202748100    0.0009743452    
0.0276756760    0.0207033260    0.0009684608    
0.0279172640    0.0190038240    0.0009261897    
0.0281588530    0.0196378390    0.0009298786    
0.0284004410    0.0198092450    0.0009422297    
0.0286420300    0.0195347970    0.0009178248    
0.0288836180    0.0189333420    0.0009130468    
0.0291252070    0.0185063750    0.0008842688    
0.0293667950    0.0177847400    0.0008772565    
0.0296083840    0.0181261070    0.0008751367    
0.0298499720    0.0177385340    0.0008686598    
0.0300915610    0.0185908790    0.0008862854    
0.0303331490    0.0201529440    0.0009150980    
0.0305747380    0.0185803840    0.0008672580    
0.0308163270    0.0179731820    0.0008529695    
0.0310579150    0.0176174310    0.0008486018    
0.0312995040    0.0180590720    0.0008522603    
0.0315410920    0.0190822090    0.0008718884    
0.0317826810    0.0190409890    0.0008681944    
0.0320242690    0.0165504870    0.0008018737    
0.0322658580    0.0202220210    0.0008989785    
0.0325074460    0.0189584060    0.0008555809    
0.0327490350    0.0191878340    0.0008581060    
0.0329906230    0.0197249780    0.0008608686    
0.0332322120    0.0177585140    0.0008217661    
0.0334738000    0.0184345840    0.0008260735    
0.0337153890    0.0190078070    0.0008375840    
0.0339569770    0.0184716010    0.0008269024    
0.0341985660    0.0190831520    0.0008417217    
0.0344401540    0.0177925960    0.0008021522    
0.0346817430    0.0171856590    0.0007952575    
0.0349233310    0.0181666390    0.0008140666    
0.0351649200    0.0191571980    0.0008206042    
0.0354065090    0.0181300570    0.0008028124    
0.0356480970    0.0177343160    0.0007829892    
0.0358896860    0.0183460550    0.0008053024    
0.0361312740    0.0180497060    0.0007877538    
0.0363728630    0.0179171490    0.0007827143    
0.0366144510    0.0173806690    0.0007772872    
0.0368560400    0.0178112610    0.0007751357    
0.0370976280    0.0178034550    0.0007845140    
0.0373392170    0.0179753700    0.0007808002    
0.0375808050    0.0174289490    0.0007606617    
0.0378223940    0.0189560570    0.0007932863    
0.0380639820    0.0190742420    0.0007989321    
0.0383055710    0.0184049700    0.0007695505    
0.0385471590    0.0179639770    0.0007632163    
0.0387887480    0.0182350380    0.0007719507    
0.0390303360    0.0182644740    0.0007636760    
0.0392719250    0.0170078230    0.0007360005    
0.0395135140    0.0183455170    0.0007643965    
0.0397551020    0.0192702550    0.0007987778    
0.0399966910    0.0195749680    0.0007749804    
0.0402382790    0.0178112610    0.0007447263    
0.0404798680    0.0183170160    0.0007496655    
0.0407214560    0.0193396140    0.0007779533    
0.0409630450    0.0193991780    0.0007668198    
0.0412046330    0.0175806530    0.0007344423    
0.0414462220    0.0189740920    0.0007565466    
0.0416878100    0.0181461690    0.0007389691    
0.0419293990    0.0193036030    0.0007612598    
0.0421709870    0.0180333730    0.0007331609    
0.0424125760    0.0187781250    0.0007517266    
0.0426541640    0.0173349140    0.0007112601    
0.0428957530    0.0192474100    0.0007503422    
0.0431373410    0.0175391970    0.0007154388    
0.0433789300    0.0171539230    0.0007026521    
0.0436205180    0.0181929580    0.0007219655    
0.0438621070    0.0168661060    0.0006967324    
0.0441036960    0.0164166370    0.0006858149    
0.0443452840    0.0192039600    0.0007358974    
0.0445868730    0.0193701180    0.0007466632    
0.0448284610    0.0199602400    0.0007485675    
0.0450700500    0.0185530740    0.0007463141    
0.0453116380    0.0190344230    0.0007577484    
0.0455532270    0.0182644740    0.0007636760    
0.0457948150    0.0178040690    0.0007530319    
0.0460364040    0.0179589310    0.0007582267    
0.0462779920    0.0181627990    0.0007744644    
0.0465195810    0.0179976830    0.0007709360    
0.0467611690    0.0184737610    0.0007841675    
0.0470027580    0.0176748960    0.0007670252    
0.0472443460    0.0171593300    0.0007712545    
0.0474859350    0.0187048790    0.0007954124    
0.0477275230    0.0186341730    0.0008004063    
0.0479691120    0.0177200700    0.0007815988    
0.0482107000    0.0186299350    0.0008092327    
0.0484522890    0.0175197150    0.0007803901    
0.0486938780    0.0193520080    0.0008259236    
0.0489354660    0.0175116630    0.0007878870    
0.0491770550    0.0178077510    0.0008036526    
0.0494186430    0.0196249960    0.0008270950    
0.0496602320    0.0180821910    0.0007717291    
0.0499018200    0.0184071040    0.0007676293    
0.0501434090    0.0179401980    0.0007455692    
0.0503849970    0.0176534570    0.0007323888    
0.0506265860    0.0184189460    0.0007427236    
0.0508681740    0.0176514460    0.0007236387    
0.0511097630    0.0193375620    0.0007538566    
0.0513513510    0.0189790630    0.0007332252    
0.0515929400    0.0184576220    0.0007347863    
0.0518345280    0.0181575810    0.0007171813    
0.0520761170    0.0181711890    0.0007256874    
0.0523177050    0.0186868640    0.0007139884    
0.0525592940    0.0172511190    0.0006990506    
0.0528008830    0.0185679890    0.0007063596    
0.0530424710    0.0185798600    0.0007088659    
0.0532840600    0.0182747550    0.0006992641    
0.0535256480    0.0170707080    0.0006758358    
0.0537672370    0.0180208750    0.0006885423    
0.0540088250    0.0166173100    0.0006625755    
0.0542504140    0.0181438690    0.0006952746    
0.0544920020    0.0175788600    0.0006786243    
0.0547335910    0.0169899980    0.0006623391    
0.0549751790    0.0181317980    0.0006814347    
0.0552167680    0.0172706980    0.0006657365    
0.0554583560    0.0178193570    0.0006687486    
0.0556999450    0.0179625590    0.0006694250    
0.0559415330    0.0175329600    0.0006660221    
0.0561831220    0.0176576610    0.0006617488    
0.0564247100    0.0180959740    0.0006679346    
0.0566662990    0.0188110340    0.0006783432    
0.0569078870    0.0185862590    0.0006809478    
0.0571494760    0.0172454860    0.0006495026    
0.0573910650    0.0185741860    0.0006637872    
0.0576326530    0.0185703610    0.0006687952    
0.0578742420    0.0180194670    0.0006575397    
0.0581158300    0.0177049340    0.0006456325    
0.0583574190    0.0180609520    0.0006508715    
0.0585990070    0.0193332840    0.0006772154    
0.0588405960    0.0176298250    0.0006454737    
0.0590821840    0.0166080810    0.0006206731    
0.0593237730    0.0183567650    0.0006543480    
0.0595653610    0.0183062710    0.0006558902    
0.0598069500    0.0179686840    0.0006356864    
0.0600485380    0.0175501940    0.0006316453    
0.0602901270    0.0192218210    0.0006616424    
0.0605317150    0.0191048820    0.0006560643    
0.0607733040    0.0175058600    0.0006252093    
0.0610148920    0.0171079550    0.0006213889    
0.0612564810    0.0182976000    0.0006397606    
0.0614980690    0.0176605220    0.0006224516    
0.0617396580    0.0188806180    0.0006581370    
0.0619812470    0.0171287130    0.0006262878    
0.0622228350    0.0188345700    0.0006525792    
0.0624644240    0.0174524760    0.0006237006    
0.0627060120    0.0181890270    0.0006418768    
0.0629476010    0.0178253220    0.0006394799    
0.0631891890    0.0193895480    0.0006627211    
0.0634307780    0.0188344890    0.0006502388    
0.0636723660    0.0178148760    0.0006318285    
0.0639139550    0.0179524380    0.0006331337    
0.0641555430    0.0179050570    0.0006256533    
0.0643971320    0.0177645260    0.0006292518    
0.0646387200    0.0186298750    0.0006327037    
0.0648803090    0.0184297470    0.0006347542    
0.0651218970    0.0174254460    0.0006052107    
0.0653634860    0.0183110670    0.0006251295    
0.0656050740    0.0184941500    0.0006266503    
0.0658466630    0.0183713380    0.0006214198    
0.0660882520    0.0174010630    0.0006032733    
0.0663298400    0.0178369840    0.0006118035    
0.0665714290    0.0170988380    0.0005960280    
0.0668130170    0.0175474660    0.0006058058    
0.0670546060    0.0175518420    0.0006023776    
0.0672961940    0.0180850980    0.0006089569    
0.0675377830    0.0166040160    0.0005787796    
0.0677793710    0.0192524600    0.0006272790    
0.0680209600    0.0180751220    0.0006005057    
0.0682625480    0.0178441350    0.0005971312    
0.0685041370    0.0187835530    0.0006107060    
0.0687457250    0.0171806930    0.0005920858    
0.0689873140    0.0187836790    0.0006097440    
0.0692289020    0.0181305050    0.0005990488    
0.0694704910    0.0177264760    0.0005918698    
0.0697120790    0.0188134460    0.0006078348    
0.0699536680    0.0178419570    0.0005947319    
0.0701952560    0.0193378860    0.0006186738    
0.0704368450    0.0183850510    0.0006051513    
0.0706784340    0.0182344030    0.0006084899    
0.0709200220    0.0186137850    0.0006093880    
0.0711616110    0.0185444020    0.0006077682    
0.0714031990    0.0189447050    0.0006192271    
0.0716447880    0.0185780110    0.0006161937    
0.0718863760    0.0184951250    0.0006064791    
0.0721279650    0.0183256050    0.0005980335    
0.0723695530    0.0182633930    0.0005937941    
0.0726111420    0.0175331970    0.0005854164    
0.0728527300    0.0184530640    0.0005918823    
0.0730943190    0.0190157320    0.0006049710    
0.0733359070    0.0171690990    0.0005713518    
0.0735774960    0.0183921980    0.0005936056    
0.0738190840    0.0172945190    0.0005695647    
0.0740606730    0.0181449490    0.0005847128    
0.0743022610    0.0181156230    0.0005846792    
0.0745438500    0.0185894930    0.0005896229    
0.0747854380    0.0179897280    0.0005740753    
0.0750270270    0.0177620120    0.0005750664    
0.0752686160    0.0187415430    0.0005833987    
0.0755102040    0.0183952560    0.0005788222    
0.0757517930    0.0185664170    0.0005836303    
0.0759933810    0.0179167620    0.0005643250    
0.0762349700    0.0194981300    0.0005963540    
0.0764765580    0.0177760360    0.0005641055    
0.0767181470    0.0184930320    0.0005745506    
0.0769597350    0.0186123600    0.0005719439    
0.0772013240    0.0189545290    0.0005759685    
0.0774429120    0.0180259630    0.0005589614    
0.0776845010    0.0186513630    0.0005662337    
0.0779260890    0.0192148720    0.0005782997    
0.0781676780    0.0189691820    0.0005706469    
0.0784092660    0.0191335380    0.0005742934    
0.0786508550    0.0176192540    0.0005466127    
0.0788924430    0.0190652530    0.0005740568    
0.0791340320    0.0192495160    0.0005728921    
0.0793756210    0.0171775150    0.0005426583    
0.0796172090    0.0182269010    0.0005533475    
0.0798587980    0.0181470310    0.0005573816    
0.0801003860    0.0180368250    0.0005553079    
0.0803419750    0.0192969630    0.0005663343    
0.0805835630    0.0183081370    0.0005560701    
0.0808251520    0.0181073910    0.0005522702    
0.0810667400    0.0186127140    0.0005599233    
0.0813083290    0.0188808280    0.0005572500    
0.0815499170    0.0176462820    0.0005466626    
0.0817915060    0.0186143960    0.0005577073    
0.0820330940    0.0183406170    0.0005477863    
0.0822746830    0.0174006240    0.0005349608    
0.0825162710    0.0189210480    0.0005553018    
0.0827578600    0.0173715360    0.0005338143    
0.0829994480    0.0192788600    0.0005551466    
0.0832410370    0.0186351140    0.0005521667    
0.0834826250    0.0189111870    0.0005498274    
0.0837242140    0.0195239620    0.0005575999    
0.0839658030    0.0186792090    0.0005467931    
0.0842073910    0.0179564560    0.0005344089    
0.0844489800    0.0180929500    0.0005330687    
0.0846905680    0.0190631010    0.0005431105    
0.0849321570    0.0172961990    0.0005231673    
0.0851737450    0.0186457600    0.0005364714    
0.0854153340    0.0191905100    0.0005476301    
0.0856569220    0.0188386810    0.0005389083    
0.0858985110    0.0177762160    0.0005290447    
0.0861400990    0.0183761930    0.0005322521    
0.0863816880    0.0190406950    0.0005437980    
0.0866232760    0.0177893660    0.0005299056    
0.0868648650    0.0185464520    0.0005340565    
0.0871064530    0.0193880400    0.0005477197    
0.0873480420    0.0198740780    0.0005501508    
0.0875896300    0.0181805190    0.0005274704    
0.0878312190    0.0185332060    0.0005319137    
0.0880728080    0.0191039830    0.0005384074    
0.0883143960    0.0195810450    0.0005447592    
0.0885559850    0.0174645700    0.0005163508    
0.0887975730    0.0182033820    0.0005246127    
0.0890391620    0.0186189110    0.0005308865    
0.0892807500    0.0174932380    0.0005127359    
0.0895223390    0.0193691920    0.0005382408    
0.0897639270    0.0178784110    0.0005137559    
0.0900055160    0.0182447720    0.0005202186    
0.0902471040    0.0179183720    0.0005176904    
0.0904886930    0.0189261240    0.0005273558    
0.0907302810    0.0185127930    0.0005170445    
0.0909718700    0.0179931570    0.0005187696    
0.0912134580    0.0184252330    0.0005164149    
0.0914550470    0.0185930790    0.0005254715    
0.0916966350    0.0180344390    0.0005109091    
0.0919382240    0.0194572660    0.0005325264    
0.0921798120    0.0184922750    0.0005158682    
0.0924214010    0.0181612850    0.0005112307    
0.0926629900    0.0183537500    0.0005110107    
0.0929045780    0.0178646730    0.0005093807    
0.0931461670    0.0177727960    0.0005022889    
0.0933877550    0.0187449240    0.0005167205    
0.0936293440    0.0189524860    0.0005216500    
0.0938709320    0.0187946800    0.0005182891    
0.0941125210    0.0192453110    0.0005203336    
0.0943541090    0.0179791720    0.0005029262    
0.0945956980    0.0188303230    0.0005155608    
0.0948372860    0.0179568640    0.0005009322    
0.0950788750    0.0189830780    0.0005136192    
0.0953204630    0.0180809780    0.0005032211    
0.0955620520    0.0192769220    0.0005187294    
0.0958036400    0.0187265230    0.0005087302    
0.0960452290    0.0181875300    0.0005013555    
0.0962868170    0.0190742420    0.0005157084    
0.0965284060    0.0190443900    0.0005130296    
0.0967699940    0.0195972020    0.0005204224    
0.0970115830    0.0188029590    0.0005045162    
0.0972531720    0.0199745970    0.0005216882    
0.0974947600    0.0185173610    0.0005017537    
0.0977363490    0.0189851850    0.0005061367    
0.0979779370    0.0200808680    0.0005225072    
0.0982195260    0.0196126710    0.0005166599    
0.0984611140    0.0193141900    0.0005096820    
0.0987027030    0.0199487520    0.0005185431    
0.0989442910    0.0208202850    0.0005300340    
0.0991858800    0.0207672630    0.0005276592    
0.0994274680    0.0189561970    0.0005019858    
0.0996690570    0.0195116810    0.0005058168    
0.0999106450    0.0199955560    0.0005161110    
0.1001522300    0.0206000340    0.0005197325    
0.1003938200    0.0192855910    0.0005047270    
0.1006354100    0.0202903530    0.0005155418    
0.1008770000    0.0207568920    0.0005225271    
0.1011185900    0.0212698950    0.0005289448    
0.1013601800    0.0213409420    0.0005303837    
0.1016017700    0.0212745150    0.0005259785    
0.1018433500    0.0200264850    0.0005217992    
0.1020849400    0.0207936290    0.0005390497    
0.1023265300    0.0218327160    0.0005567107    
0.1025681200    0.0215986250    0.0005509208    
0.1028097100    0.0216094840    0.0005592610    
0.1030513000    0.0217163490    0.0005625922    
0.1032928800    0.0221720980    0.0005738216    
0.1035344700    0.0213532730    0.0005556153    
0.1037760600    0.0233477280    0.0005909397    
0.1040176500    0.0219303100    0.0005751254    
0.1042592400    0.0215773340    0.0005722002    
0.1045008300    0.0221591280    0.0005763887    
0.1047424200    0.0209605370    0.0005656752    
0.1049840000    0.0213669490    0.0005739326    
0.1052255900    0.0208940570    0.0005692971    
0.1054671800    0.0201026650    0.0005549920    
0.1057087700    0.0198327630    0.0005549933    
0.1059503600    0.0186042080    0.0005395358    
0.1061919500    0.0191280000    0.0005467375    
0.1064335400    0.0185705040    0.0005254634    
0.1066751200    0.0191838640    0.0005260297    
0.1069167100    0.0185292630    0.0005154979    
0.1071583000    0.0202765830    0.0005323056    
0.1073998900    0.0193507600    0.0005182826    
0.1076414800    0.0193654990    0.0005222487    
0.1078830700    0.0175300630    0.0004897889    
0.1081246600    0.0190033250    0.0005130416    
0.1083662400    0.0185868760    0.0005010686    
0.1086078300    0.0186783110    0.0005077953    
0.1088494200    0.0181305900    0.0004938181    
0.1090910100    0.0189704260    0.0005037777    
0.1093326000    0.0189026880    0.0005002182    
0.1095741900    0.0196948970    0.0005119445    
0.1098157700    0.0188493540    0.0004958640    
0.1100573600    0.0188762130    0.0004998678    
0.1102989500    0.0185436790    0.0004910618    
0.1105405400    0.0189921420    0.0004967070    
0.1107821300    0.0189609480    0.0004986271    
0.1110237200    0.0187718350    0.0004912814    
0.1112653100    0.0186132420    0.0004942924    
0.1115068900    0.0186829830    0.0004881209    
0.1117484800    0.0182320580    0.0004814610    
0.1119900700    0.0183250950    0.0004807435    
0.1122316600    0.0179976830    0.0004781142    
0.1124732500    0.0190179670    0.0004887662    
0.1127148400    0.0175382930    0.0004688981    
0.1129564300    0.0184571520    0.0004827152    
0.1131980100    0.0185607890    0.0004816518    
0.1134396000    0.0185783170    0.0004830836    
0.1136811900    0.0186232830    0.0004824620    
0.1139227800    0.0179428620    0.0004716908    
0.1141643700    0.0181939900    0.0004714988    
0.1144059600    0.0184563400    0.0004751174    
0.1146475500    0.0189036270    0.0004834387    
0.1148891300    0.0181421800    0.0004676503    
0.1151307200    0.0181397900    0.0004726404    
0.1153723100    0.0188172490    0.0004758146    
0.1156139000    0.0185052630    0.0004757467    
0.1158554900    0.0188352390    0.0004749050    
0.1160970800    0.0177785460    0.0004660846    
0.1163386700    0.0193401230    0.0004821489    
0.1165802500    0.0184753520    0.0004707956    
0.1168218400    0.0176867660    0.0004575864    
0.1170634300    0.0193451450    0.0004790105    
0.1173050200    0.0192169070    0.0004787797    
0.1175466100    0.0179692790    0.0004616622    
0.1177882000    0.0182891470    0.0004633506    
0.1180297800    0.0184707690    0.0004658635    
0.1182713700    0.0184144500    0.0004671251    
0.1185129600    0.0189697270    0.0004714522    
0.1187545500    0.0179886210    0.0004582437    
0.1189961400    0.0187825600    0.0004673783    
0.1192377300    0.0187139940    0.0004639516    
0.1194793200    0.0184562050    0.0004601129    
0.1197209000    0.0182664310    0.0004579506    
0.1199624900    0.0182227050    0.0004565675    
0.1202040800    0.0186372310    0.0004584004    
0.1204456700    0.0180389620    0.0004561348    
0.1206872600    0.0180558890    0.0004513972    
0.1209288500    0.0188576140    0.0004646650    
0.1211704400    0.0184321760    0.0004571054    
0.1214120200    0.0189301830    0.0004615745    
0.1216536100    0.0189353080    0.0004606054    
0.1218952000    0.0183244150    0.0004507064    
0.1221367900    0.0184409520    0.0004553669    
0.1223783800    0.0184071890    0.0004519228    
0.1226199700    0.0194434440    0.0004661209    
0.1228615600    0.0189292330    0.0004595070    
0.1231031400    0.0183611730    0.0004521579    
0.1233447300    0.0182113970    0.0004501103    
0.1235863200    0.0188681620    0.0004601991    
0.1238279100    0.0188726700    0.0004551928    
0.1240695000    0.0179986890    0.0004433659    
0.1243110900    0.0180485100    0.0004437860    
0.1245526800    0.0184612790    0.0004500075    
0.1247942600    0.0191580450    0.0004548565    
0.1250358500    0.0177884210    0.0004401942    
0.1252774400    0.0183514630    0.0004461393    
0.1255190300    0.0189581410    0.0004522826    
0.1257606200    0.0181164410    0.0004438491    
0.1260022100    0.0187906990    0.0004516421    
0.1262437900    0.0190927850    0.0004536908    
0.1264853800    0.0185813200    0.0004469971    
0.1267269700    0.0186582880    0.0004456366    
0.1269685600    0.0182480210    0.0004408969    
0.1272101500    0.0183865050    0.0004425668    
0.1274517400    0.0186072780    0.0004482705    
0.1276933300    0.0187446380    0.0004432955    
0.1279349100    0.0186890810    0.0004479077    
0.1281765000    0.0187698200    0.0004479173    
0.1284180900    0.0182048090    0.0004387019    
0.1286596800    0.0185680340    0.0004443690    
0.1289012700    0.0187915760    0.0004455282    
0.1291428600    0.0177996270    0.0004345252    
0.1293844500    0.0184578660    0.0004389756    
0.1296260300    0.0182595680    0.0004386228    
0.1298676200    0.0190076520    0.0004475177    
0.1301092100    0.0181817400    0.0004354986    
0.1303508000    0.0186520030    0.0004399987    
0.1305923900    0.0178648930    0.0004349535    
0.1308339800    0.0187811550    0.0004446567    
0.1310755700    0.0190111840    0.0004455067    
0.1313171500    0.0185165610    0.0004387614    
0.1315587400    0.0184706530    0.0004376735    
0.1318003300    0.0180878590    0.0004343728    
0.1320419200    0.0188078740    0.0004392972    
0.1322835100    0.0192732850    0.0004465286    
0.1325251000    0.0182030580    0.0004337752    
0.1327666900    0.0185092860    0.0004365106    
0.1330082700    0.0179739790    0.0004301522    
0.1332498600    0.0180951220    0.0004323092    
0.1334914500    0.0177436260    0.0004302196    
0.1337330400    0.0187978620    0.0004370414    
0.1339746300    0.0184812090    0.0004344013    
0.1342162200    0.0186090160    0.0004357235    
0.1344578000    0.0184125010    0.0004348331    
0.1346993900    0.0184834210    0.0004330202    
0.1349409800    0.0180793640    0.0004307053    
0.1351825700    0.0180699300    0.0004274587    
0.1354241600    0.0187471800    0.0004360989    
0.1356657500    0.0180707410    0.0004286790    
0.1359073400    0.0187666460    0.0004395349    
0.1361489200    0.0184292190    0.0004315136    
0.1363905100    0.0182281030    0.0004288075    
0.1366321000    0.0181731440    0.0004279886    
0.1368736900    0.0186972720    0.0004341165    
0.1371152800    0.0175603940    0.0004186984    
0.1373568700    0.0194421530    0.0004423243    
0.1375984600    0.0191721250    0.0004403024    
0.1378400400    0.0182638590    0.0004290555    
0.1380816300    0.0185838590    0.0004305558    
0.1383232200    0.0187073520    0.0004342335    
0.1385648100    0.0177943400    0.0004236748    
0.1388064000    0.0182564790    0.0004260697    
0.1390479900    0.0184043130    0.0004259390    
0.1392895800    0.0184612790    0.0004308493    
0.1395311600    0.0176770710    0.0004179315    
0.1397727500    0.0178944530    0.0004204934    
0.1400143400    0.0180383450    0.0004220145    
0.1402559300    0.0180981310    0.0004269330    
0.1404975200    0.0182071590    0.0004236515    
0.1407391100    0.0189762990    0.0004328474    
0.1409806900    0.0188082420    0.0004340107    
0.1412222800    0.0179886390    0.0004202770    
0.1414638700    0.0185127470    0.0004271920    
0.1417054600    0.0188863490    0.0004281309    
0.1419470500    0.0191159060    0.0004354658    
0.1421886400    0.0179185810    0.0004175022    
0.1424302300    0.0182510840    0.0004225060    
0.1426718100    0.0184501380    0.0004256339    
0.1429134000    0.0176837950    0.0004158879    
0.1431549900    0.0186119880    0.0004276641    
0.1433965800    0.0180266690    0.0004210506    
0.1436381700    0.0183913830    0.0004224835    
0.1438797600    0.0187505880    0.0004262598    
0.1441213500    0.0192169350    0.0004321960    
0.1443629300    0.0184114300    0.0004223872    
0.1446045200    0.0180808160    0.0004189012    
0.1448461100    0.0185660770    0.0004244853    
0.1450877000    0.0186554990    0.0004228978    
0.1453292900    0.0184771230    0.0004244531    
0.1455708800    0.0181239630    0.0004181093    
0.1458124700    0.0189803710    0.0004317067    
0.1460540500    0.0177490080    0.0004107730    
0.1462956400    0.0186786930    0.0004242966    
0.1465372300    0.0184209350    0.0004200704    
0.1467788200    0.0184935350    0.0004204162    
0.1470204100    0.0177120690    0.0004119086    
0.1472620000    0.0189427320    0.0004254914    
0.1475035900    0.0186660470    0.0004217306    
0.1477451700    0.0193517380    0.0004312114    
0.1479867600    0.0183106800    0.0004169062    
0.1482283500    0.0190396240    0.0004278837    
0.1484699400    0.0186897660    0.0004221588    
0.1487115300    0.0180269700    0.0004158717    
0.1489531200    0.0182145520    0.0004130082    
0.1491947000    0.0181102620    0.0004149323    
0.1494362900    0.0192045310    0.0004251955    
0.1496778800    0.0180555490    0.0004136787    
0.1499194700    0.0183507930    0.0004164187    
0.1501610600    0.0182209580    0.0004157263    
0.1504026500    0.0178893760    0.0004097639    
0.1506442400    0.0187420270    0.0004232313    
0.1508858200    0.0180407410    0.0004136653    
0.1511274100    0.0186223710    0.0004171395    
0.1513690000    0.0184168060    0.0004148308    
0.1516105900    0.0183203710    0.0004149811    
0.1518521800    0.0184155910    0.0004154363    
0.1520937700    0.0184876340    0.0004151643    
0.1523353600    0.0186085150    0.0004168291    
0.1525769400    0.0185177690    0.0004172108    
0.1528185300    0.0187388560    0.0004192232    
0.1530601200    0.0189166340    0.0004202659    
0.1533017100    0.0184175500    0.0004168617    
0.1535433000    0.0184068210    0.0004127256    
0.1537848900    0.0179771190    0.0004077294    
0.1540264800    0.0177225710    0.0004057304    
0.1542680600    0.0185311080    0.0004145755    
0.1545096500    0.0180791530    0.0004075356    
0.1547512400    0.0188464520    0.0004180880    
0.1549928300    0.0186426730    0.0004155146    
0.1552344200    0.0182503430    0.0004106648    
0.1554760100    0.0184857310    0.0004134569    
0.1557176000    0.0189583490    0.0004202602    
0.1559591800    0.0185970350    0.0004143945    
0.1562007700    0.0190194830    0.0004166293    
0.1564423600    0.0180907180    0.0004057398    
0.1566839500    0.0192595040    0.0004228010    
0.1569255400    0.0184983310    0.0004114806    
0.1571671300    0.0192171340    0.0004195521    
0.1574087100    0.0185559790    0.0004100331    
0.1576503000    0.0192310560    0.0004221765    
0.1578918900    0.0188684700    0.0004130242    
0.1581334800    0.0184208240    0.0004104680    
0.1583750700    0.0185616390    0.0004127867    
0.1586166600    0.0197319740    0.0004355940    
0.1588582500    0.0185930110    0.0004223503    
0.1590998300    0.0191963920    0.0004341564    
0.1593414200    0.0185495980    0.0004296468    
0.1595830100    0.0186773480    0.0004335371    
0.1598246000    0.0176004540    0.0004200119    
0.1600661900    0.0183225370    0.0004327085    
0.1603077800    0.0185859100    0.0004379525    
0.1605493700    0.0182227430    0.0004343676    
0.1607909500    0.0188544810    0.0004429304    
0.1610325400    0.0185651230    0.0004422775    
0.1612741300    0.0185069070    0.0004417691    
0.1615157200    0.0185999380    0.0004447507    
0.1617573100    0.0186686700    0.0004461391    
0.1619989000    0.0193434240    0.0004578405    
0.1622404900    0.0187856930    0.0004490640    
0.1624820700    0.0193817210    0.0004606867    
0.1627236600    0.0187470130    0.0004518993    
0.1629652500    0.0180029720    0.0004422654    
0.1632068400    0.0183430530    0.0004399940    
0.1634484300    0.0182556520    0.0004320940    
0.1636900200    0.0188640740    0.0004386994    
0.1639316100    0.0185714820    0.0004324801    
0.1641731900    0.0188132100    0.0004349366    
0.1644147800    0.0183482300    0.0004261273    
0.1646563700    0.0183398500    0.0004275500    
0.1648979600    0.0187154230    0.0004283479    
0.1651395500    0.0184669880    0.0004275041    
0.1653811400    0.0182119610    0.0004220529    
0.1656227200    0.0184675500    0.0004271738    
0.1658643100    0.0185995260    0.0004253612    
0.1661059000    0.0183719720    0.0004222605    
0.1663474900    0.0183877400    0.0004195316    
0.1665890800    0.0186893590    0.0004227972    
0.1668306700    0.0174659800    0.0004107653    
0.1670722600    0.0180676560    0.0004157056    
0.1673138400    0.0187611420    0.0004234470    
0.1675554300    0.0182649070    0.0004157563    
0.1677970200    0.0180879060    0.0004156218    
0.1680386100    0.0185313200    0.0004211664    
0.1682802000    0.0191873420    0.0004259649    
0.1685217900    0.0183160510    0.0004147769    
0.1687633800    0.0176377320    0.0004065678    
0.1690049600    0.0174658630    0.0004071750    
0.1692465500    0.0181569550    0.0004099147    
0.1694881400    0.0188607800    0.0004205848    
0.1697297300    0.0181706500    0.0004115898    
0.1699713200    0.0192327730    0.0004255080    
0.1702129100    0.0188879500    0.0004177768    
0.1704545000    0.0184842320    0.0004143572    
0.1706960800    0.0185516850    0.0004168129    
0.1709376700    0.0180864440    0.0004068738    
0.1711792600    0.0186158080    0.0004142988    
0.1714208500    0.0184037540    0.0004096810    
0.1716624400    0.0177659850    0.0004050296    
0.1719040300    0.0179567320    0.0004036495    
0.1721456200    0.0183293600    0.0004094477    
0.1723872000    0.0177256980    0.0004026488    
0.1726287900    0.0184627710    0.0004104866    
0.1728703800    0.0187086840    0.0004141157    
0.1731119700    0.0185192980    0.0004099237    
0.1733535600    0.0186598210    0.0004116248    
0.1735951500    0.0174678460    0.0003959752    
0.1738367300    0.0171054840    0.0003932555    
0.1740783200    0.0186127740    0.0004083084    
0.1743199100    0.0177281580    0.0003989147    
0.1745615000    0.0175540800    0.0003961023    
0.1748030900    0.0183426710    0.0004040393    
0.1750446800    0.0184456160    0.0004097003    
0.1752862700    0.0184510530    0.0004043717    
0.1755278500    0.0191558960    0.0004178170    
0.1757694400    0.0186541670    0.0004074555    
0.1760110300    0.0176309010    0.0003968268    
0.1762526200    0.0185758230    0.0004051648    
0.1764942100    0.0188099810    0.0004081418    
0.1767358000    0.0188984340    0.0004088119    
0.1769773900    0.0177004740    0.0003948088    
0.1772189700    0.0174269850    0.0003924360    
0.1774605600    0.0174635110    0.0003939583    
0.1777021500    0.0174661570    0.0003923246    
0.1779437400    0.0189775900    0.0004090910    
0.1781853300    0.0178218390    0.0003974170    
0.1784269200    0.0182228000    0.0003982234    
0.1786685100    0.0190375130    0.0004080196    
0.1789100900    0.0176291710    0.0003912766    
0.1791516800    0.0180476770    0.0003965804    
0.1793932700    0.0181823060    0.0003981951    
0.1796348600    0.0176824610    0.0003909218    
0.1798764500    0.0177083880    0.0003912083    
0.1801180400    0.0183692230    0.0003985782    
0.1803596200    0.0181572650    0.0003988922    
0.1806012100    0.0178788670    0.0003926814    
0.1808428000    0.0177373070    0.0003909894    
0.1810843900    0.0178253530    0.0003907528    
0.1813259800    0.0180067300    0.0003934077    
0.1815675700    0.0186134040    0.0003992969    
0.1818091600    0.0184853780    0.0003976500    
0.1820507400    0.0176797350    0.0003891535    
0.1822923300    0.0178550160    0.0003902794    
0.1825339200    0.0179906810    0.0003929633    
0.1827755100    0.0178101630    0.0003893920    
0.1830171000    0.0178243730    0.0003926226    
0.1832586900    0.0180092860    0.0003907682    
0.1835002800    0.0181563150    0.0003927584    
0.1837418600    0.0175852810    0.0003854901    
0.1839834500    0.0184146190    0.0003959446    
0.1842250400    0.0187045600    0.0003982399    
0.1844666300    0.0182859410    0.0003933598    
0.1847082200    0.0180585040    0.0003906425    
0.1849498100    0.0175531390    0.0003855273    
0.1851914000    0.0181859850    0.0003944166    
0.1854329800    0.0183236820    0.0003938983    
0.1856745700    0.0179535850    0.0003902953    
0.1859161600    0.0183715060    0.0003920384    
0.1861577500    0.0173675990    0.0003811765    
0.1863993400    0.0183186200    0.0003925218    
0.1866409300    0.0177400310    0.0003844736    
0.1868825200    0.0180818580    0.0003914226    
0.1871241000    0.0183188100    0.0003908249    
0.1873656900    0.0182206840    0.0003918653    
0.1876072800    0.0180182130    0.0003867068    
0.1878488700    0.0174585250    0.0003840983    
0.1880904600    0.0178560280    0.0003875340    
0.1883320500    0.0173695870    0.0003793065    
0.1885736300    0.0181205630    0.0003881889    
0.1888152200    0.0179922160    0.0003866835    
0.1890568100    0.0175282780    0.0003826806    
0.1892984000    0.0174344600    0.0003796385    
0.1895399900    0.0178995770    0.0003859425    
0.1897815800    0.0178496480    0.0003854038    
0.1900231700    0.0186568340    0.0003940217    
0.1902647500    0.0178961730    0.0003848862    
0.1905063400    0.0180227210    0.0003886880    
0.1907479300    0.0182717130    0.0003892889    
0.1909895200    0.0182595950    0.0003876256    
0.1912311100    0.0181013560    0.0003864495    
0.1914727000    0.0173987570    0.0003785023    
0.1917142900    0.0177754570    0.0003837125    
0.1919558700    0.0178582820    0.0003813470    
0.1921974600    0.0175435310    0.0003812010    
0.1924390500    0.0181833570    0.0003887321    
0.1926806400    0.0183450570    0.0003889144    
0.1929222300    0.0184137940    0.0003902840    
0.1931638200    0.0179443570    0.0003821410    
0.1934054100    0.0193613090    0.0004003313    
0.1936469900    0.0174868940    0.0003774834    
0.1938885800    0.0179751470    0.0003847207    
0.1941301700    0.0183908270    0.0003873685    
0.1943717600    0.0189097800    0.0003947255    
0.1946133500    0.0181962270    0.0003836954    
0.1948549400    0.0174289490    0.0003780870    
0.1950965300    0.0180988210    0.0003849071    
0.1953381100    0.0184594710    0.0003884698    
0.1955797000    0.0182118270    0.0003866116    
0.1958212900    0.0175489000    0.0003774175    
0.1960628800    0.0174627910    0.0003766122    
0.1963044700    0.0182646390    0.0003845400    
0.1965460600    0.0181279350    0.0003862256    
0.1967876400    0.0182308820    0.0003833199    
0.1970292300    0.0181691740    0.0003830398    
0.1972708200    0.0182284170    0.0003854038    
0.1975124100    0.0179850480    0.0003825740    
0.1977540000    0.0183312330    0.0003861133    
0.1979955900    0.0177389470    0.0003795784    
0.1982371800    0.0180399820    0.0003836558    
0.1984787600    0.0183087060    0.0003821786    
0.1987203500    0.0179396000    0.0003804898    
0.1989619400    0.0176233270    0.0003773636    
0.1992035300    0.0179579660    0.0003801958    
0.1994451200    0.0179729740    0.0003805989    
0.1996867100    0.0179200370    0.0003793078    
0.1999283000    0.0178037220    0.0003788026    
0.2001698800    0.0175263620    0.0003763241    
0.2004114700    0.0180105160    0.0003825968    
0.2006530600    0.0176675560    0.0003759054    
0.2008946500    0.0179475770    0.0003797207    
0.2011362400    0.0177808310    0.0003754373    
0.2013778300    0.0189320700    0.0003906219    
0.2016194200    0.0183229000    0.0003814788    
0.2018610000    0.0180985230    0.0003807053    
0.2021025900    0.0181492860    0.0003816043    
0.2023441800    0.0181048200    0.0003801655    
0.2025857700    0.0180194670    0.0003796307    
0.2028273600    0.0183232470    0.0003844132    
0.2030689500    0.0184188510    0.0003840596    
0.2033105400    0.0179642430    0.0003771305    
0.2035521200    0.0182085950    0.0003812535    
0.2037937100    0.0181588210    0.0003801280    
0.2040353000    0.0181278830    0.0003806498    
0.2042768900    0.0183192470    0.0003813201    
0.2045184800    0.0179179220    0.0003755792    
0.2047600700    0.0185157340    0.0003845778    
0.2050016500    0.0182710520    0.0003823936    
0.2052432400    0.0181802460    0.0003810778    
0.2054848300    0.0186727420    0.0003846169    
0.2057264200    0.0186627940    0.0003869651    
0.2059680100    0.0181557730    0.0003775903    
0.2062096000    0.0176490350    0.0003735716    
0.2064511900    0.0189532430    0.0003863988    
0.2066927700    0.0180325050    0.0003785636    
0.2069343600    0.0180741390    0.0003785212    
0.2071759500    0.0179042840    0.0003766194    
0.2074175400    0.0182535820    0.0003800356    
0.2076591300    0.0181252300    0.0003781016    
0.2079007200    0.0181341200    0.0003812012    
0.2081423100    0.0183436410    0.0003797766    
0.2083838900    0.0179743030    0.0003767610    
0.2086254800    0.0181181850    0.0003788625    
0.2088670700    0.0181410050    0.0003782661    
0.2091086600    0.0181084570    0.0003792399    
0.2093502500    0.0178267620    0.0003747401    
0.2095918400    0.0178836940    0.0003773570    
0.2098334300    0.0179824450    0.0003776791    
0.2100750100    0.0180329750    0.0003794104    
0.2103166000    0.0180434610    0.0003798834    
0.2105581900    0.0180788420    0.0003773803    
0.2107997800    0.0178472440    0.0003770918    
0.2110413700    0.0183897310    0.0003807308    
0.2112829600    0.0177202450    0.0003763456    
0.2115245400    0.0185634710    0.0003822850    
0.2117661300    0.0187275940    0.0003864030    
0.2120077200    0.0183138880    0.0003803034    
0.2122493100    0.0183208290    0.0003837717    
0.2124909000    0.0177048150    0.0003747523    
0.2127324900    0.0184253350    0.0003848647    
0.2129740800    0.0175177420    0.0003722968    
0.2132156600    0.0189894220    0.0003876200    
0.2134572500    0.0180100610    0.0003789283    
0.2136988400    0.0185206910    0.0003840187    
0.2139404300    0.0178300770    0.0003748926    
0.2141820200    0.0180121230    0.0003784694    
0.2144236100    0.0185553320    0.0003852341    
0.2146652000    0.0176864500    0.0003756279    
0.2149067800    0.0185188350    0.0003826663    
0.2151483700    0.0187336300    0.0003907081    
0.2153899600    0.0184389460    0.0003924957    
0.2156315500    0.0184271200    0.0003962134    
0.2158731400    0.0182310140    0.0003955793    
0.2161147300    0.0181368620    0.0003995059    
0.2163563200    0.0184739490    0.0004041946    
0.2165979000    0.0171626520    0.0003925007    
0.2168394900    0.0179153610    0.0004013025    
0.2170810800    0.0180556250    0.0004074195    
0.2173226700    0.0180934670    0.0004075477    
0.2175642600    0.0180900110    0.0004097632    
0.2178058500    0.0175983030    0.0004056589    
0.2180474400    0.0179026390    0.0004111477    
0.2182890200    0.0181229090    0.0004169768    
0.2185306100    0.0183734010    0.0004171466    
0.2187722000    0.0175606100    0.0004129908    
0.2190137900    0.0181218070    0.0004187286    
0.2192553800    0.0182860210    0.0004245680    
0.2194969700    0.0183803070    0.0004230111    
0.2197385500    0.0169144940    0.0004032980    
0.2199801400    0.0172370080    0.0004028262    
0.2202217300    0.0174150980    0.0004010099    
0.2204633200    0.0176342340    0.0004016087    
0.2207049100    0.0175412970    0.0003979471    
0.2209465000    0.0174329610    0.0003967163    
0.2211880900    0.0173842590    0.0003941816    
0.2214296700    0.0176824610    0.0003969830    
0.2216712600    0.0165481200    0.0003834942    
0.2219128500    0.0172855900    0.0003908407    
0.2221544400    0.0172345780    0.0003922017    
0.2223960300    0.0165697750    0.0003826626    
0.2226376200    0.0182577590    0.0004048294    
0.2228792100    0.0177930040    0.0003966754    
0.2231207900    0.0172623970    0.0003907160    
0.2233623800    0.0175701270    0.0003917066    
0.2236039700    0.0175155430    0.0003927410    
0.2238455600    0.0173364140    0.0003888222    
0.2240871500    0.0174581190    0.0003908643    
0.2243287400    0.0173293550    0.0003873993    
0.2245703300    0.0176034820    0.0003930367    
0.2248119100    0.0176068850    0.0003925261    
0.2250535000    0.0172798010    0.0003887275    
0.2252950900    0.0172987210    0.0003904396    
0.2255366800    0.0170200710    0.0003836620    
0.2257782700    0.0168766300    0.0003829668    
0.2260198600    0.0170798900    0.0003839390    
0.2262614500    0.0177926210    0.0003917331    
0.2265030300    0.0173309930    0.0003860877    
0.2267446200    0.0174453190    0.0003888275    
0.2269862100    0.0170965170    0.0003822897    
0.2272278000    0.0176887120    0.0003899182    
0.2274693900    0.0174522030    0.0003861145    
0.2277109800    0.0171926980    0.0003866702    
0.2279525600    0.0173805750    0.0003851902    
0.2281941500    0.0183129050    0.0003963312    
0.2284357400    0.0163468570    0.0003739417    
0.2286773300    0.0174753620    0.0003879584    
0.2289189200    0.0170238880    0.0003805706    
0.2291605100    0.0174289490    0.0003873100    
0.2294021000    0.0163134960    0.0003731786    
0.2296436800    0.0171460300    0.0003860113    
0.2298852700    0.0174166350    0.0003853276    
0.2301268600    0.0172133230    0.0003870362    
0.2303684500    0.0168923430    0.0003811704    
0.2306100400    0.0172923920    0.0003861872    
0.2308516300    0.0169722890    0.0003818097    
0.2310932200    0.0177818670    0.0003928316    
0.2313348000    0.0164596130    0.0003761276    
0.2315763900    0.0177509720    0.0003910057    
0.2318179800    0.0174535890    0.0003895929    
0.2320595700    0.0174562600    0.0003880127    
0.2323011600    0.0176256570    0.0003911023    
0.2325427500    0.0176169790    0.0003910060    
0.2327843400    0.0170524350    0.0003861616    
0.2330259200    0.0176851940    0.0003897460    
0.2332675100    0.0170274970    0.0003829548    
0.2335091000    0.0170844650    0.0003849181    
0.2337506900    0.0171924300    0.0003841464    
0.2339922800    0.0172644290    0.0003872077    
0.2342338700    0.0165385100    0.0003783259    
0.2344754600    0.0170336830    0.0003851449    
0.2347170400    0.0170274970    0.0003829548    
0.2349586300    0.0168414130    0.0003817747    
0.2352002200    0.0166584570    0.0003828772    
0.2354418100    0.0178971030    0.0003945118    
0.2356834000    0.0167867920    0.0003818139    
0.2359249900    0.0179526510    0.0003924135    
0.2361665700    0.0166852490    0.0003815828    
0.2364081600    0.0174596350    0.0003881836    
0.2366497500    0.0166590690    0.0003812833    
0.2368913400    0.0174212560    0.0003882912    
0.2371329300    0.0172458960    0.0003887525    
0.2373745200    0.0167057020    0.0003811545    
0.2376161100    0.0168535400    0.0003828373    
0.2378576900    0.0174440300    0.0003908428    
0.2380992800    0.0164633200    0.0003775951    
0.2383408700    0.0176171480    0.0003916856    
0.2385824600    0.0175407440    0.0003892181    
0.2388240500    0.0170367980    0.0003853138    
0.2390656400    0.0170835190    0.0003859758    
0.2393072300    0.0167462450    0.0003810889    
0.2395488100    0.0167752730    0.0003819473    
0.2397904000    0.0168455530    0.0003839458    
0.2400319900    0.0170506310    0.0003868157    
0.2402735800    0.0169224580    0.0003858991    
0.2405151700    0.0168019450    0.0003838502    
0.2407567600    0.0167952130    0.0003811193    
0.2409983500    0.0168687930    0.0003840767    
0.2412399300    0.0163299740    0.0003763226    
0.2414815200    0.0169132760    0.0003853893    
0.2417231100    0.0173301770    0.0003867418    
0.2419647000    0.0168899700    0.0003852585    
0.2422062900    0.0164572120    0.0003797593    
0.2424478800    0.0171001010    0.0003872410    
0.2426894600    0.0167554070    0.0003852072    
0.2429310500    0.0163938930    0.0003784998    
0.2431726400    0.0170953990    0.0003862442    
0.2434142300    0.0171561480    0.0003854584    
0.2436558200    0.0166758220    0.0003838851    
0.2438974100    0.0163673020    0.0003768827    
0.2441390000    0.0163844280    0.0003787864    
0.2443805800    0.0169247150    0.0003852501    
0.2446221700    0.0170481480    0.0003870583    
0.2448637600    0.0175118620    0.0003932520    
0.2451053500    0.0165833360    0.0003805480    
0.2453469400    0.0167942230    0.0003870212    
0.2455885300    0.0162864250    0.0003771259    
0.2458301200    0.0164841750    0.0003818073    
0.2460717000    0.0167520960    0.0003818157    
0.2463132900    0.0165254050    0.0003796186    
0.2465548800    0.0169404970    0.0003865115    
0.2467964700    0.0175648850    0.0003917845    
0.2470380600    0.0166467840    0.0003826089    
0.2472796500    0.0172942040    0.0003898415    
0.2475212400    0.0167910810    0.0003864361    
0.2477628200    0.0170592810    0.0003903409    
0.2480044100    0.0175193750    0.0003915494    
0.2482460000    0.0170762350    0.0003867006    
0.2484875900    0.0163328560    0.0003791169    
0.2487291800    0.0174944600    0.0003923669    
0.2489707700    0.0168310370    0.0003839142    
0.2492123600    0.0167317910    0.0003850715    
0.2494539400    0.0172965770    0.0003906899    
0.2496955300    0.0165960000    0.0003833705    
0.2499371200    0.0163302040    0.0003789533    
0.2501787100    0.0168456530    0.0003891375    
0.2504203000    0.0162783940    0.0003779546    
0.2506618900    0.0166797210    0.0003804627    
0.2509034700    0.0166936570    0.0003832815    
0.2511450600    0.0170124080    0.0003862468    
0.2513866500    0.0171136610    0.0003883455    
0.2516282400    0.0165029450    0.0003787032    
0.2518698300    0.0169339080    0.0003857592    
0.2521114200    0.0169300070    0.0003847729    
0.2523530100    0.0176649100    0.0003937219    
0.2525945900    0.0168627810    0.0003837409    
0.2528361800    0.0161114380    0.0003778656    
0.2530777700    0.0171872160    0.0003867426    
0.2533193600    0.0164481030    0.0003779426    
0.2535609500    0.0170786700    0.0003864585    
0.2538025400    0.0170667760    0.0003861894    
0.2540441300    0.0169444340    0.0003848027    
0.2542857100    0.0171620040    0.0003868614    
0.2545273000    0.0174661570    0.0003923246    
0.2547688900    0.0167665040    0.0003814512    
0.2550104800    0.0166377920    0.0003829082    
0.2552520700    0.0166429810    0.0003844557    
0.2554936600    0.0168943480    0.0003835664    
0.2557352500    0.0166030850    0.0003817053    
0.2559768300    0.0167172870    0.0003814188    
0.2562184200    0.0177248020    0.0003946648    
0.2564600100    0.0171981720    0.0003865978    
0.2567016000    0.0162624560    0.0003782990    
0.2569431900    0.0169151770    0.0003843366    
0.2571847800    0.0169988490    0.0003847509    
0.2574263700    0.0163737520    0.0003781356    
0.2576679500    0.0167844070    0.0003836498    
0.2579095400    0.0163539200    0.0003790955    
0.2581511300    0.0170535560    0.0003851023    
0.2583927200    0.0171136370    0.0003853797    
0.2586343100    0.0171543980    0.0003846432    
0.2588759000    0.0172130920    0.0003881117    
0.2591174800    0.0165882440    0.0003779830    
0.2593590700    0.0176667690    0.0003904795    
0.2596006600    0.0166419910    0.0003802952    
0.2598422500    0.0172775190    0.0003878918    
0.2600838400    0.0167783000    0.0003825123    
0.2603254300    0.0167288640    0.0003832825    
0.2605670200    0.0171620040    0.0003868614    
0.2608086000    0.0173898470    0.0003863457    
0.2610501900    0.0170671210    0.0003847226    
0.2612917800    0.0169932250    0.0003848208    
0.2615333700    0.0170757930    0.0003848203    
0.2617749600    0.0168652280    0.0003831028    
0.2620165500    0.0168010740    0.0003814487    
0.2622581400    0.0167580990    0.0003833491    
0.2624997200    0.0167317910    0.0003814520    
0.2627413100    0.0166283260    0.0003840147    
0.2629829000    0.0169869540    0.0003822363    
0.2632244900    0.0167871360    0.0003830125    
0.2634660800    0.0165990900    0.0003790181    
0.2637076700    0.0173144470    0.0003880369    
0.2639492600    0.0159665110    0.0003726265    
0.2641908400    0.0169034140    0.0003840693    
0.2644324300    0.0171638050    0.0003876908    
0.2646740200    0.0163894450    0.0003760986    
0.2649156100    0.0156353470    0.0003713241    
0.2651572000    0.0166765220    0.0003814830    
0.2653987900    0.0179369970    0.0003977171    
0.2656403800    0.0168193000    0.0003836465    
0.2658819600    0.0163152320    0.0003762828    
0.2661235500    0.0171965630    0.0003883317    
0.2663651400    0.0166419910    0.0003802952    
0.2666067300    0.0166328900    0.0003809836    
0.2668483200    0.0167085850    0.0003813195    
0.2670899100    0.0161860610    0.0003784725    
0.2673314900    0.0173860100    0.0003885688    
0.2675730800    0.0159944880    0.0003754326    
0.2678146700    0.0165368230    0.0003828214    
0.2680562600    0.0164006410    0.0003780515    
0.2682978500    0.0166764070    0.0003818802    
0.2685394400    0.0169691620    0.0003838823    
0.2687810300    0.0168926740    0.0003850198    
0.2690226100    0.0166308930    0.0003792503    
0.2692642000    0.0173500630    0.0003923988    
0.2695057900    0.0169265490    0.0003841985    
0.2697473800    0.0164321780    0.0003786779    
0.2699889700    0.0170936070    0.0003883908    
0.2702305600    0.0170919320    0.0003890563    
0.2704721500    0.0171200810    0.0003886914    
0.2707137300    0.0172503140    0.0003871834    
0.2709553200    0.0164587990    0.0003807093    
0.2711969100    0.0168252650    0.0003839824    
0.2714385000    0.0166910950    0.0003815170    
0.2716800900    0.0168548190    0.0003848574    
0.2719216800    0.0165512540    0.0003897921    
0.2721632700    0.0170265830    0.0003981261    
0.2724048500    0.0172283970    0.0004056268    
0.2726464400    0.0164313580    0.0004034133    
0.2728880300    0.0165069370    0.0004046596    
0.2731296200    0.0172032500    0.0004154114    
0.2733712100    0.0161269460    0.0004054608    
0.2736128000    0.0164769030    0.0004154428    
0.2738543800    0.0163590530    0.0004115566    
0.2740959700    0.0167704890    0.0004207109    
0.2743375600    0.0172385990    0.0004296245    
0.2745791500    0.0162638190    0.0004190927    
0.2748207400    0.0171807460    0.0004337411    
0.2750623300    0.0176735020    0.0004399171    
0.2753039200    0.0170449530    0.0004366197    
0.2755455000    0.0170170760    0.0004349080    
0.2757870900    0.0169684180    0.0004407753    
0.2760286800    0.0168338140    0.0004368369    
0.2762702700    0.0171591020    0.0004492281    
0.2765118600    0.0168438660    0.0004274212    
0.2767534500    0.0171551080    0.0004296841    
0.2769950400    0.0175789700    0.0004314588    
0.2772366200    0.0158260620    0.0004051311    
0.2774782100    0.0169570530    0.0004198783    
0.2777198000    0.0167805510    0.0004187294    
0.2779613900    0.0166555480    0.0004161287    
0.2782029800    0.0164084870    0.0004050552    
0.2784445700    0.0168707710    0.0004142016    
0.2786861600    0.0170081820    0.0004147104    
0.2789277400    0.0162670190    0.0004010745    
0.2791693300    0.0168968640    0.0004090879    
0.2794109200    0.0169684360    0.0004119086    
0.2796525100    0.0163164860    0.0004032759    
0.2798941000    0.0171474880    0.0004087372    
0.2801356900    0.0170533010    0.0004117906    
0.2803772800    0.0172344190    0.0004176277    
0.2806188600    0.0165699120    0.0004011721    
0.2808604500    0.0169880200    0.0004040189    
0.2811020400    0.0159087570    0.0003924799    
0.2813436300    0.0166340580    0.0004031981    
0.2815852200    0.0161985450    0.0003939165    
0.2818268100    0.0156279570    0.0003890008    
0.2820683900    0.0166766240    0.0004029299    
0.2823099800    0.0165535860    0.0004011297    
0.2825515700    0.0170087440    0.0004030327    
0.2827931600    0.0163633790    0.0004000599    
0.2830347500    0.0161356080    0.0003949637    
0.2832763400    0.0158320260    0.0003892860    
0.2835179300    0.0167796510    0.0004007670    
0.2837595100    0.0164219430    0.0003987600    
0.2840011000    0.0163629930    0.0003985052    
0.2842426900    0.0158311410    0.0003880928    
0.2844842800    0.0165490870    0.0003989180    
0.2847258700    0.0163491850    0.0003971104    
0.2849674600    0.0166024880    0.0004012558    
0.2852090500    0.0169270160    0.0004031385    
0.2854506300    0.0165381360    0.0004001682    
0.2856922200    0.0173990100    0.0004091903    
0.2859338100    0.0163424550    0.0003971813    
0.2861754000    0.0164166370    0.0003959554    
0.2864169900    0.0163659820    0.0003951937    
0.2866585800    0.0169982410    0.0004046054    
0.2869001700    0.0168628080    0.0004020656    
0.2871417500    0.0169198960    0.0004022849    
0.2873833400    0.0168700440    0.0004033864    
0.2876249300    0.0159519190    0.0003927091    
0.2878665200    0.0165621240    0.0004026390    
0.2881081100    0.0157994470    0.0003863881    
0.2883497000    0.0160181730    0.0003912695    
0.2885912900    0.0156430780    0.0003865140    
0.2888328700    0.0171172720    0.0004044704    
0.2890744600    0.0166588510    0.0003981090    
0.2893160500    0.0163249390    0.0003945478    
0.2895576400    0.0170209350    0.0004050308    
0.2897992300    0.0168294350    0.0003987839    
0.2900408200    0.0162793240    0.0003931011    
0.2902824000    0.0167992580    0.0004023846    
0.2905239900    0.0161615340    0.0003930165    
0.2907655800    0.0165998960    0.0003954599    
0.2910071700    0.0169296330    0.0003993682    
0.2912487600    0.0163758620    0.0003933733    
0.2914903500    0.0160268000    0.0003881366    
0.2917319400    0.0163303030    0.0003904805    
0.2919735200    0.0167380530    0.0003965072    
0.2922151100    0.0167411490    0.0003958039    
0.2924567000    0.0162402320    0.0003905663    
0.2926982900    0.0165437930    0.0003943472    
0.2929398800    0.0161586540    0.0003917897    
0.2931814700    0.0155836520    0.0003808829    
0.2934230600    0.0172125180    0.0004014872    
0.2936646400    0.0165655810    0.0003911069    
0.2939062300    0.0165561950    0.0003946428    
0.2941478200    0.0169609090    0.0003969161    
0.2943894100    0.0166473820    0.0003951361    
0.2946310000    0.0164581110    0.0003918598    
0.2948725900    0.0163725380    0.0003917144    
0.2951141800    0.0162742810    0.0003898101    
0.2953557600    0.0168453550    0.0003992732    
0.2955973500    0.0162484280    0.0003886339    
0.2958389400    0.0160032480    0.0003849783    
0.2960805300    0.0158692320    0.0003836462    
0.2963221200    0.0157738400    0.0003817866    
0.2965637100    0.0154944510    0.0003782511    
0.2968053000    0.0154539230    0.0003769250    
0.2970468800    0.0165345110    0.0003910278    
0.2972884700    0.0160698740    0.0003843632    
0.2975300600    0.0166950180    0.0003917680    
0.2977716500    0.0167441390    0.0003937890    
0.2980132400    0.0165581470    0.0003924657    
0.2982548300    0.0160845030    0.0003838357    
0.2984964100    0.0160102780    0.0003823912    
0.2987380000    0.0158878630    0.0003817610    
0.2989795900    0.0164486660    0.0003875911    
0.2992211800    0.0162032270    0.0003842692    
0.2994627700    0.0164079100    0.0003878169    
0.2997043600    0.0161605510    0.0003858703    
0.2999459500    0.0166182410    0.0003911528    
0.3001875300    0.0166522320    0.0003909794    
0.3004291200    0.0167661540    0.0003963951    
0.3006707100    0.0169322810    0.0003928191    
0.3009123000    0.0167164580    0.0003921632    
0.3011538900    0.0162599620    0.0003841055    
0.3013954800    0.0156310150    0.0003786626    
0.3016370700    0.0157364330    0.0003796599    
0.3018786500    0.0167714830    0.0003919470    
0.3021202400    0.0161093830    0.0003839924    
0.3023618300    0.0163809030    0.0003889207    
0.3026034200    0.0165387320    0.0003899300    
0.3028450100    0.0154766000    0.0003774780    
0.3030866000    0.0161566360    0.0003861072    
0.3033281900    0.0167257110    0.0003905575    
0.3035697700    0.0162612470    0.0003860798    
0.3038113600    0.0161014420    0.0003844590    
0.3040529500    0.0164766220    0.0003874976    
0.3042945400    0.0157543530    0.0003787717    
0.3045361300    0.0155915460    0.0003791555    
0.3047777200    0.0159055670    0.0003814164    
0.3050193100    0.0161394610    0.0003844909    
0.3052608900    0.0164248980    0.0003888707    
0.3055024800    0.0169678490    0.0004002697    
0.3057440700    0.0160240470    0.0003813088    
0.3059856600    0.0159662840    0.0003814493    
0.3062272500    0.0165424900    0.0003892620    
0.3064688400    0.0162223490    0.0003864655    
0.3067104200    0.0162002390    0.0003831225    
0.3069520100    0.0159080160    0.0003815848    
0.3071936000    0.0166122780    0.0003907960    
0.3074351900    0.0166212280    0.0003913315    
0.3076767800    0.0161667740    0.0003838368    
0.3079183700    0.0163069850    0.0003894778    
0.3081599600    0.0161116360    0.0003871379    
0.3084015400    0.0163044030    0.0003850479    
0.3086431300    0.0160084010    0.0003812605    
0.3088847200    0.0162997060    0.0003871020    
0.3091263100    0.0158872740    0.0003811970    
0.3093679000    0.0164015580    0.0003878835    
0.3096094900    0.0160174810    0.0003813686    
0.3098510800    0.0160150670    0.0003852626    
0.3100926600    0.0161565210    0.0003851160    
0.3103342500    0.0162207800    0.0003858810    
0.3105758400    0.0156860540    0.0003821323    
0.3108174300    0.0160260140    0.0003824399    
0.3110590200    0.0165290930    0.0003902454    
0.3113006100    0.0164323610    0.0003861364    
0.3115422000    0.0161329110    0.0003855402    
0.3117837800    0.0154848330    0.0003763380    
0.3120253700    0.0172224590    0.0003980542    
0.3122669600    0.0164771770    0.0003870827    
0.3125085500    0.0158521420    0.0003824515    
0.3127501400    0.0158768150    0.0003820474    
0.3129917300    0.0160547280    0.0003858819    
0.3132333100    0.0162396790    0.0003870982    
0.3134749000    0.0164864570    0.0003894559    
0.3137164900    0.0168048550    0.0003917652    
0.3139580800    0.0157613470    0.0003792688    
0.3141996700    0.0163966680    0.0003871189    
0.3144412600    0.0153334040    0.0003747666    
0.3146828500    0.0165416570    0.0003901074    
0.3149244300    0.0164001970    0.0003868789    
0.3151660200    0.0165873390    0.0003910760    
0.3154076100    0.0158341230    0.0003827974    
0.3156492000    0.0163554810    0.0003906361    
0.3158907900    0.0162670190    0.0003850249    
0.3161323800    0.0165068360    0.0003879936    
0.3163739700    0.0150586120    0.0003707174    
0.3166155500    0.0158773750    0.0003826151    
0.3168571400    0.0159396810    0.0003816861    
0.3170987300    0.0159362050    0.0003824811    
0.3173403200    0.0169276280    0.0003941991    
0.3175819100    0.0161263240    0.0003856031    
0.3178235000    0.0162483190    0.0003862085    
0.3180650900    0.0157648320    0.0003822409    
0.3183066700    0.0161632050    0.0003860438    
0.3185482600    0.0164426750    0.0003895100    
0.3187898500    0.0156246290    0.0003770722    
0.3190314400    0.0169152540    0.0003939110    
0.3192730300    0.0160636180    0.0003834465    
0.3195146200    0.0167256710    0.0003918405    
0.3197562100    0.0163601090    0.0003866871    
0.3199977900    0.0170069850    0.0003949776    
0.3202393800    0.0161804300    0.0003866758    
0.3204809700    0.0156258120    0.0003805518    
0.3207225600    0.0158686920    0.0003830738    
0.3209641500    0.0155335830    0.0003788679    
0.3212057400    0.0165582630    0.0003888802    
0.3214473200    0.0159787380    0.0003822927    
0.3216889100    0.0165520430    0.0003889488    
0.3219305000    0.0166765100    0.0003919818    
0.3221720900    0.0158927520    0.0003820991    
0.3224136800    0.0150823060    0.0003707394    
0.3226552700    0.0153343700    0.0003779645    
0.3228968600    0.0163337070    0.0003873637    
0.3231384400    0.0161823890    0.0003892878    
0.3233800300    0.0160468100    0.0003828273    
0.3236216200    0.0157958110    0.0003800981    
0.3238632100    0.0160647220    0.0003840203    
0.3241048000    0.0166336570    0.0003911907    
0.3243463900    0.0153160240    0.0003752395    
0.3245879800    0.0166430520    0.0003908716    
0.3248295600    0.0163162460    0.0003867321    
0.3250711500    0.0164904080    0.0003887907    
0.3253127400    0.0158865960    0.0003827262    
0.3255543300    0.0163282810    0.0003884384    
0.3257959200    0.0164172130    0.0003916639    
0.3260375100    0.0160833430    0.0003832628    
0.3262791000    0.0155296530    0.0003779859    
0.3265206800    0.0166798860    0.0003908752    
0.3267622700    0.0161789780    0.0003860903    
0.3270038600    0.0166766310    0.0003915522    
0.3272454500    0.0161054180    0.0003842255    
0.3274870400    0.0162942180    0.0003867536    
0.3277286300    0.0160166520    0.0003848556    
0.3279702200    0.0159997750    0.0003842283    
0.3282118000    0.0165757110    0.0003939903    
0.3284533900    0.0160804990    0.0003840684    
0.3286949800    0.0156073780    0.0003917793    
0.3289365700    0.0171359400    0.0004160974    
0.3291781600    0.0162076380    0.0004081350    
0.3294197500    0.0160410610    0.0004107695    
0.3296613300    0.0164347980    0.0004200266    
0.3299029200    0.0161649760    0.0004170999    
0.3301445100    0.0163146040    0.0004250844    
0.3303861000    0.0163314550    0.0004281475    
0.3306276900    0.0153754670    0.0004186223    
0.3308692800    0.0168040420    0.0004378369    
0.3311108700    0.0161673640    0.0004330199    
0.3313524500    0.0163917780    0.0004409324    
0.3315940400    0.0157540610    0.0004316586    
0.3318356300    0.0158984380    0.0004392571    
0.3320772200    0.0162940410    0.0004451193    
0.3323188100    0.0168474100    0.0004568396    
0.3325604000    0.0166741520    0.0004538129    
0.3328019900    0.0166098760    0.0004576922    
0.3330435700    0.0153649220    0.0004356324    
0.3332851600    0.0163989200    0.0004441885    
0.3335267500    0.0164682390    0.0004312890    
0.3337683400    0.0164004680    0.0004304007    
0.3340099300    0.0163714480    0.0004271459    
0.3342515200    0.0164075030    0.0004234988    
0.3344931100    0.0159644410    0.0004134423    
0.3347346900    0.0161604090    0.0004173991    
0.3349762800    0.0159848360    0.0004130021    
0.3352178700    0.0154292530    0.0004042175    
0.3354594600    0.0164068000    0.0004147312    
0.3357010500    0.0160258530    0.0004109193    
0.3359426400    0.0167176470    0.0004211114    
0.3361842300    0.0168236120    0.0004142942    
0.3364258100    0.0163521390    0.0004077853    
0.3366674000    0.0165754830    0.0004110606    
0.3369089900    0.0164349370    0.0004078261    
0.3371505800    0.0159758370    0.0004012813    
0.3373921700    0.0163671760    0.0004071487    
0.3376337600    0.0160172180    0.0004024477    
0.3378753400    0.0165968570    0.0004098302    
0.3381169300    0.0161170450    0.0004019226    
0.3383585200    0.0157039810    0.0004010871    
0.3386001100    0.0160390520    0.0003993572    
0.3388417000    0.0151527530    0.0003895580    
0.3390832900    0.0157007830    0.0003926423    
0.3393248800    0.0160274340    0.0003996879    
0.3395664600    0.0159739630    0.0003982306    
0.3398080500    0.0162035580    0.0004006072    
0.3400496400    0.0160597660    0.0003974167    
0.3402912300    0.0167252550    0.0004049331    
0.3405328200    0.0154554130    0.0003915587    
0.3407744100    0.0161030250    0.0003998361    
0.3410160000    0.0153551670    0.0003909053    
0.3412575800    0.0161703870    0.0003967670    
0.3414991700    0.0160772940    0.0003953167    
0.3417407600    0.0156762810    0.0003914181    
0.3419823500    0.0157462460    0.0003894199    
0.3422239400    0.0152586940    0.0003849721    
0.3424655300    0.0158373040    0.0003931171    
0.3427071200    0.0166994650    0.0004024260    
0.3429487000    0.0156593230    0.0003901443    
0.3431902900    0.0161370280    0.0003977486    
0.3434318800    0.0159051610    0.0003980023    
0.3436734700    0.0158420740    0.0003900049    
0.3439150600    0.0161615340    0.0003930165    
0.3441566500    0.0153546760    0.0003854359    
0.3443982300    0.0162459250    0.0003960066    
0.3446398200    0.0159860930    0.0003917736    
0.3448814100    0.0157246660    0.0003896017    
0.3451230000    0.0163028530    0.0003971583    
0.3453645900    0.0163318790    0.0003975117    
0.3456061800    0.0162165230    0.0003945871    
0.3458477700    0.0157979240    0.0003920189    
0.3460893500    0.0160718360    0.0003949438    
0.3463309400    0.0157696810    0.0003882227    
0.3465725300    0.0161164640    0.0003926176    
0.3468141200    0.0159414640    0.0003919769    
0.3470557100    0.0161629870    0.0003936342    
0.3472973000    0.0163144590    0.0003963839    
0.3475388900    0.0161165580    0.0003915756    
0.3477804700    0.0167958480    0.0004017272    
0.3480220600    0.0159240490    0.0003913122    
0.3482636500    0.0160026530    0.0003918267    
0.3485052400    0.0160992950    0.0003968185    
0.3487468300    0.0160713250    0.0003922169    
0.3489884200    0.0160782050    0.0003921513    
0.3492300100    0.0160135390    0.0003898789    
0.3494715900    0.0156379370    0.0003879295    
0.3497131800    0.0166115550    0.0003970921    
0.3499547700    0.0154772270    0.0003854878    
0.3501963600    0.0163734340    0.0003946838    
0.3504379500    0.0160973350    0.0003923846    
0.3506795400    0.0163163720    0.0003954976    
0.3509211300    0.0161479750    0.0003942050    
0.3511627100    0.0163144590    0.0003963839    
0.3514043000    0.0169722630    0.0004013802    
0.3516458900    0.0158863010    0.0003892112    
0.3518874800    0.0159755700    0.0003894165    
0.3521290700    0.0156646800    0.0003857547    
0.3523706600    0.0162419250    0.0003936930    
0.3526122400    0.0157884840    0.0003878637    
0.3528538300    0.0153300410    0.0003827729    
0.3530954200    0.0160287740    0.0003919965    
0.3533370100    0.0162351850    0.0003937611    
0.3535786000    0.0168736950    0.0004040517    
0.3538201900    0.0162898190    0.0003927824    
0.3540617800    0.0157458790    0.0003882254    
0.3543033600    0.0159532020    0.0003884099    
0.3545449500    0.0162279360    0.0003927774    
0.3547865400    0.0161396270    0.0003905256    
0.3550281300    0.0165247140    0.0003974079    
0.3552697200    0.0157264880    0.0003868079    
0.3555113100    0.0161464960    0.0003925348    
0.3557529000    0.0164100260    0.0003960264    
0.3559944800    0.0164390790    0.0003939836    
0.3562360700    0.0161798740    0.0003958101    
0.3564776600    0.0165773340    0.0003959348    
0.3567192500    0.0159040470    0.0003882502    
0.3569608400    0.0157190770    0.0003851142    
0.3572024300    0.0162279360    0.0003927774    
0.3574440200    0.0163787460    0.0003935562    
0.3576856000    0.0161763920    0.0003924506    
0.3579271900    0.0159299280    0.0003884193    
0.3581687800    0.0162800960    0.0003941554    
0.3584103700    0.0157524000    0.0003863948    
0.3586519600    0.0160956740    0.0003938682    
0.3588935500    0.0168553780    0.0004002986    
0.3591351400    0.0159288430    0.0003894361    
0.3593767200    0.0157190770    0.0003851142    
0.3596183100    0.0158694890    0.0003863718    
0.3598599000    0.0168423670    0.0003995392    
0.3601014900    0.0167729240    0.0003990162    
0.3603430800    0.0160678310    0.0003903917    
0.3605846700    0.0160030870    0.0003891634    
0.3608262500    0.0163353780    0.0003942249    
0.3610678400    0.0163495120    0.0003936500    
0.3613094300    0.0169332630    0.0004030587    
0.3615510200    0.0163314640    0.0003929877    
0.3617926100    0.0165776820    0.0003954922    
0.3620342000    0.0163589900    0.0003937641    
0.3622757900    0.0162085280    0.0003915058    
0.3625173700    0.0160435780    0.0003898024    
0.3627589600    0.0151117690    0.0003787423    
0.3630005500    0.0165365030    0.0003952980    
0.3632421400    0.0170433870    0.0004011597    
0.3634837300    0.0160335750    0.0003907143    
0.3637253200    0.0169099240    0.0004017074    
0.3639669100    0.0167827640    0.0004004988    
0.3642084900    0.0164962650    0.0003942235    
0.3644500800    0.0161923610    0.0003914580    
0.3646916700    0.0161816530    0.0003917720    
0.3649332600    0.0163660170    0.0003917827    
0.3651748500    0.0156907720    0.0003847673    
0.3654164400    0.0165446840    0.0003967425    
0.3656580300    0.0157737920    0.0003868031    
0.3658996100    0.0163824250    0.0003933041    
0.3661412000    0.0159609150    0.0003889437    
0.3663827900    0.0168316920    0.0004033930    
0.3666243800    0.0156487060    0.0003822447    
0.3668659700    0.0163040610    0.0003922147    
0.3671075600    0.0162974440    0.0003922827    
0.3673491500    0.0161987320    0.0003903592    
0.3675907300    0.0168773400    0.0004002562    
0.3678323200    0.0157799820    0.0003849922    
0.3680739100    0.0159047080    0.0003888461    
0.3683155000    0.0158750430    0.0003873114    
0.3685570900    0.0156364820    0.0003842456    
0.3687986800    0.0158582180    0.0003894593    
0.3690402600    0.0166267400    0.0003984811    
0.3692818500    0.0165941320    0.0003946512    
0.3695234400    0.0156364820    0.0003842456    
0.3697650300    0.0162335970    0.0003906327    
0.3700066200    0.0163153890    0.0003929423    
0.3702482100    0.0155053770    0.0003814849    
0.3704898000    0.0167034640    0.0003971391    
0.3707313800    0.0157737920    0.0003868031    
0.3709729700    0.0155775490    0.0003833766    
0.3712145600    0.0158411250    0.0003888051    
0.3714561500    0.0161710910    0.0003931327    
0.3716977400    0.0157425800    0.0003851126    
0.3719393300    0.0164591940    0.0003933376    
0.3721809200    0.0154222640    0.0003811745    
0.3724225000    0.0158838960    0.0003868372    
0.3726640900    0.0161881020    0.0003906706    
0.3729056800    0.0164898020    0.0003942943    
0.3731472700    0.0152915540    0.0003789871    
0.3733888600    0.0159988270    0.0003894054    
0.3736304500    0.0163068360    0.0003938803    
0.3738720400    0.0160877700    0.0003922680    
0.3741136200    0.0154111930    0.0003821871    
0.3743552100    0.0162502330    0.0003917141    
0.3745968000    0.0164973210    0.0003933512    
0.3748383900    0.0165497870    0.0003947144    
0.3750799800    0.0159875280    0.0003880971    
0.3753215700    0.0153364250    0.0003806842    
0.3755631500    0.0158788960    0.0003864863    
0.3758047400    0.0157686740    0.0003858664    
0.3760463300    0.0160625190    0.0003900324    
0.3762879200    0.0165671330    0.0003967109    
0.3765295100    0.0168562260    0.0004016804    
0.3767711000    0.0159002220    0.0003868908    
0.3770126900    0.0163275960    0.0003917620    
0.3772542700    0.0161328830    0.0003895650    
0.3774958600    0.0164785630    0.0003931275    
0.3777374500    0.0159849480    0.0003879202    
0.3779790400    0.0163153890    0.0003929423    
0.3782206300    0.0160262330    0.0003891514    
0.3784622200    0.0160320180    0.0003884909    
0.3787038100    0.0159350390    0.0003887751    
0.3789453900    0.0159357940    0.0003893734    
0.3791869800    0.0162772610    0.0003939713    
0.3794285700    0.0157636030    0.0003849364    
0.3796701600    0.0165837500    0.0003958623    
0.3799117500    0.0154584480    0.0003809071    
0.3801533400    0.0161396270    0.0003905256    
0.3803949300    0.0166290850    0.0003940364    
0.3806365100    0.0165844160    0.0003949790    
0.3808781000    0.0162993960    0.0003914236    
0.3811196900    0.0156884320    0.0003863396    
0.3813612800    0.0156695550    0.0003843626    
0.3816028700    0.0161016570    0.0003910981    
0.3818444600    0.0159721150    0.0003886401    
0.3820860500    0.0159126430    0.0003855982    
0.3823276300    0.0158565800    0.0003849183    
0.3825692200    0.0160439280    0.0003861805    
0.3828108100    0.0160706750    0.0003859309    
0.3830524000    0.0165386840    0.0003931102    
0.3832939900    0.0158747060    0.0003845660    
0.3835355800    0.0160051320    0.0003861426    
0.3837771600    0.0159248810    0.0003843183    
0.3840187500    0.0158989440    0.0003857195    
0.3842603400    0.0165971600    0.0003948349    
0.3845019300    0.0157526080    0.0003802715    
0.3847435200    0.0167594320    0.0003929551    
0.3849851100    0.0155887400    0.0003801001    
0.3852267000    0.0163456230    0.0003989111    
0.3854682800    0.0169510580    0.0004141803    
0.3857098700    0.0165143600    0.0004135056    
0.3859514600    0.0164108400    0.0004167013    
0.3861930500    0.0160286850    0.0004142733    
0.3864346400    0.0161232960    0.0004198149    
0.3866762300    0.0155419420    0.0004150795    
0.3869178200    0.0163919260    0.0004285562    
0.3871594000    0.0165406140    0.0004355811    
0.3874009900    0.0161128070    0.0004310950    
0.3876425800    0.0160840580    0.0004339126    
0.3878841700    0.0159133030    0.0004334264    
0.3881257600    0.0162417880    0.0004405793    
0.3883673500    0.0156648360    0.0004358074    
0.3886089400    0.0151493850    0.0004310836    
0.3888505200    0.0147393220    0.0004270922    
0.3890921100    0.0158643400    0.0004455151    
0.3893337000    0.0158619420    0.0004504489    
0.3895752900    0.0165428280    0.0004616653    
0.3898168800    0.0155259320    0.0004291290    
0.3900584700    0.0164003550    0.0004329396    
0.3903000600    0.0167734310    0.0004364472    
0.3905416400    0.0156665680    0.0004176638    
0.3907832300    0.0166394110    0.0004294846    
0.3910248200    0.0156640380    0.0004152420    
0.3912664100    0.0160406950    0.0004183738    
0.3915080000    0.0154131360    0.0004081608    
0.3917495900    0.0156233640    0.0004127161    
0.3919911700    0.0161154720    0.0004198959    
0.3922327600    0.0164604460    0.0004171548    
0.3924743500    0.0161174870    0.0004143600    
0.3927159400    0.0157097610    0.0004068467    
0.3929575300    0.0160625190    0.0004141806    
0.3931991200    0.0161674810    0.0004136001    
0.3934407100    0.0159233220    0.0004097748    
0.3936822900    0.0153410140    0.0004035712    
0.3939238800    0.0156780710    0.0004084993    
0.3941654700    0.0160293110    0.0004130498    
0.3944070600    0.0151462610    0.0004023653    
0.3946486500    0.0156215910    0.0004096784    
0.3948902400    0.0163187910    0.0004157064    
0.3951318300    0.0163864420    0.0004162160    
0.3953734100    0.0157523520    0.0004087730    
0.3956150000    0.0155554480    0.0004072442    
0.3958565900    0.0158980280    0.0004104853    
0.3960981800    0.0160731990    0.0004143183    
0.3963397700    0.0150929630    0.0004025148    
0.3965813600    0.0156619010    0.0004100311    
0.3968229500    0.0155428390    0.0004098745    
0.3970645300    0.0157539590    0.0004137192    
0.3973061200    0.0164340340    0.0004205568    
0.3975477100    0.0154480220    0.0004065269    
0.3977893000    0.0156752730    0.0004110862    
0.3980308900    0.0157210010    0.0004111559    
0.3982724800    0.0151685760    0.0004043875    
0.3985140700    0.0154405800    0.0004081726    
0.3987556500    0.0157753790    0.0004132854    
0.3989972400    0.0163070170    0.0004196489    
0.3992388300    0.0158281580    0.0004159547    
0.3994804200    0.0164805960    0.0004242563    
0.3997220100    0.0156860540    0.0004162647    
0.3999636000    0.0161512270    0.0004179994    
0.4002051800    0.0156505590    0.0004134345    
0.4004467700    0.0157590120    0.0004127150    
0.4006883600    0.0161545810    0.0004207721    
0.4009299500    0.0163661490    0.0004237035    
0.4011715400    0.0166181440    0.0004275139    
0.4014131300    0.0159422090    0.0004190967    
0.4016547200    0.0155185870    0.0004162409    
0.4018963000    0.0153510120    0.0004123399    
0.4021378900    0.0161422730    0.0004264240    
0.4023794800    0.0163699830    0.0004258052    
0.4026210700    0.0165133890    0.0004282336    
0.4028626600    0.0158598840    0.0004183807    
0.4031042500    0.0162867960    0.0004256622    
0.4033458400    0.0158974260    0.0004205433    
0.4035874200    0.0161180910    0.0004266794    
0.4038290100    0.0156076240    0.0004181780    
0.4040706000    0.0154274310    0.0004165015    
0.4043121900    0.0163882460    0.0004308223    
0.4045537800    0.0151451560    0.0004152866    
0.4047953700    0.0163169530    0.0004336181    
0.4050369600    0.0155452460    0.0004184639    
0.4052785400    0.0164405730    0.0004318996    
0.4055201300    0.0155868650    0.0004203465    
0.4057617200    0.0163490880    0.0004332500    
0.4060033100    0.0157909110    0.0004230889    
0.4062449000    0.0165704650    0.0004369737    
0.4064864900    0.0159128060    0.0004274301    
0.4067280800    0.0166893830    0.0004393465    
0.4069696600    0.0158609910    0.0004300915    
0.4072112500    0.0159915500    0.0004334725    
0.4074528400    0.0158896920    0.0004331048    
0.4076944300    0.0161325590    0.0004339596    
0.4079360200    0.0151351570    0.0004189688    
0.4081776100    0.0158936420    0.0004311354    
0.4084191900    0.0157770300    0.0004303538    
0.4086607800    0.0159394780    0.0004309541    
0.4089023700    0.0155942190    0.0004298685    
0.4091439600    0.0163039890    0.0004401663    
0.4093855500    0.0165128930    0.0004440298    
0.4096271400    0.0155269420    0.0004318040    
0.4098687300    0.0164595280    0.0004513272    
0.4101103100    0.0164091180    0.0004401268    
0.4103519000    0.0160706930    0.0004395101    
0.4105934900    0.0164404210    0.0004436880    
0.4108350800    0.0158161410    0.0004374846    
0.4110766700    0.0151359840    0.0004277682    
0.4113182600    0.0157043290    0.0004374142    
0.4115598500    0.0161429890    0.0004449959    
0.4118014300    0.0155902380    0.0004390310    
0.4120430200    0.0151248520    0.0004307344    
0.4122846100    0.0150086660    0.0004329023    
0.4125262000    0.0161542470    0.0004536565    
0.4127677900    0.0160885760    0.0004446802    
0.4130093800    0.0156364540    0.0004403325    
0.4132509700    0.0163794120    0.0004513417    
0.4134925500    0.0157428650    0.0004458107    
0.4137341400    0.0158868350    0.0004464991    
0.4139757300    0.0156256620    0.0004457204    
0.4142173200    0.0160353320    0.0004492553    
0.4144589100    0.0163122120    0.0004577317    
0.4147005000    0.0156956480    0.0004480815    
0.4149420800    0.0161899580    0.0004588398    
0.4151836700    0.0162980360    0.0004582368    
0.4154252600    0.0166936490    0.0004607007    
0.4156668500    0.0159553160    0.0004470135    
0.4159084400    0.0161056010    0.0004491139    
0.4161500300    0.0164205600    0.0004521323    
0.4163916200    0.0162536210    0.0004502751    
0.4166332000    0.0161765320    0.0004467701    
0.4168747900    0.0158731210    0.0004412607    
0.4171163800    0.0156860540    0.0004427839    
0.4173579700    0.0162099500    0.0004470116    
0.4175995600    0.0157273750    0.0004471687    
0.4178411500    0.0159690180    0.0004432420    
0.4180827400    0.0157820590    0.0004421595    
0.4183243200    0.0155147070    0.0004397025    
0.4185659100    0.0157581380    0.0004444647    
0.4188075000    0.0160680300    0.0004485897    
0.4190490900    0.0164354280    0.0004568923    
0.4192906800    0.0164909550    0.0004572010    
0.4195322700    0.0163495710    0.0004589607    
0.4197738600    0.0158986370    0.0004525872    
0.4200154400    0.0162373630    0.0004616689    
0.4202570300    0.0162884770    0.0004631222    
0.4204986200    0.0157055400    0.0004516892    
0.4207402100    0.0164859930    0.0004659217    
0.4209818000    0.0155130340    0.0004500788    
0.4212233900    0.0158643800    0.0004577745    
0.4214649800    0.0158288050    0.0004584690    
0.4217065600    0.0152054600    0.0004505445    
0.4219481500    0.0161630180    0.0004660040    
0.4221897400    0.0162484480    0.0004692479    
0.4224313300    0.0157961320    0.0004662081    
0.4226729200    0.0157966160    0.0004672410    
0.4229145100    0.0162870920    0.0004757510    
0.4231560900    0.0157481090    0.0004660101    
0.4233976800    0.0158278680    0.0004679607    
0.4236392700    0.0169548810    0.0004862146    
0.4238808600    0.0151316030    0.0004608669    
0.4241224500    0.0162586920    0.0004779901    
0.4243640400    0.0160037010    0.0004779887    
0.4246056300    0.0163780330    0.0004846505    
0.4248472100    0.0155628840    0.0004748844    
0.4250888000    0.0156568710    0.0004779749    
0.4253303900    0.0160396480    0.0004912655    
0.4255719800    0.0158981270    0.0004822044    
0.4258135700    0.0163942200    0.0004905284    
0.4260551600    0.0158205060    0.0004861524    
0.4262967500    0.0156453110    0.0004814512    
0.4265383300    0.0162742810    0.0004954400    
0.4267799200    0.0170719090    0.0005098933    
0.4270215100    0.0164286790    0.0004989856    
0.4272631000    0.0165564270    0.0005061447    
0.4275046900    0.0154987580    0.0004918382    
0.4277462800    0.0155146430    0.0004973766    
0.4279878700    0.0157950690    0.0005050706    
0.4282294500    0.0161477570    0.0005048640    
0.4284710400    0.0156463420    0.0004985339    
0.4287126300    0.0158427140    0.0005045348    
0.4289542200    0.0155443730    0.0005016925    
0.4291958100    0.0156043560    0.0005049451    
0.4294374000    0.0157942340    0.0005127025    
0.4296789900    0.0148304510    0.0004951744    
0.4299205700    0.0162138490    0.0005232997    
0.4301621600    0.0158411910    0.0005225527    
0.4304037500    0.0171547210    0.0005460408    
0.4306453400    0.0163526000    0.0005391293    
0.4308869300    0.0169625740    0.0005418496    
0.4311285200    0.0159840010    0.0005292832    
0.4313701000    0.0159971090    0.0005332370    
0.4316116900    0.0160416350    0.0005374150    
0.4318532800    0.0154642310    0.0005291751    
0.4320948700    0.0144752010    0.0005153308    
0.4323364600    0.0163022920    0.0005517490    
0.4325780500    0.0154403690    0.0005401901    
0.4328196400    0.0167574140    0.0005674776    
0.4330612200    0.0160181130    0.0005635152    
0.4333028100    0.0154492830    0.0005521123    
0.4335444000    0.0156272310    0.0005535449    
0.4337859900    0.0152251370    0.0005493898    
0.4340275800    0.0150868110    0.0005512601    
0.4342691700    0.0155679590    0.0005654537    
0.4345107600    0.0162384530    0.0005818030    
0.4347523400    0.0160861010    0.0005819747    
0.4349939300    0.0158038330    0.0005817471    
0.4352355200    0.0163421670    0.0006003445    
0.4354771100    0.0164100260    0.0006069467    
0.4357187000    0.0155455820    0.0006032856    
0.4359602900    0.0155496540    0.0005945559    
0.4362018800    0.0157380520    0.0006030835    
0.4364434600    0.0150351560    0.0005938530    
0.4366850500    0.0162990720    0.0006259621    
0.4369266400    0.0168144580    0.0006457554    
0.4371682300    0.0162485020    0.0006373187    
0.4374098200    0.0168005050    0.0006579585    
0.4376514100    0.0153227980    0.0006362446    
0.4378930000    0.0158626070    0.0006563994    
0.4381345800    0.0156719860    0.0006640434    
0.4383761700    0.0154447300    0.0006721456    
0.4386177600    0.0165622120    0.0006841787    
0.4388593500    0.0150819040    0.0006626608    
0.4391009400    0.0158590900    0.0006908328    
0.4393425300    0.0154851490    0.0006918254    
0.4395841100    0.0170535560    0.0007407591    
0.4398257000    0.0162595230    0.0007406010    
0.4400672900    0.0153257580    0.0007339707    
0.4403088800    0.0156767450    0.0007640378    
0.4405504700    0.0162537400    0.0008046800    
0.4407920600    0.0154380960    0.0008159287    
0.4410336500    0.0142372330    0.0008060246    
0.4412752300    0.0149850650    0.0008299460    
0.4415168200    0.0162068060    0.0009074069    
0.4417584100    0.0159201740    0.0012210216    
0.4420000000    0.0149287960    0.0017972159    