# Diamond Light Source Ltd.
# Data extracted from: /dls/b21/data/2017/mx13440-2/processed/b21-369037_00191.dat
q(1/A)          Column          Error           
0.0040000000    0.8081380200    0.0209923680    
0.0042415885    0.8803486200    0.0206074030    
0.0044831771    0.7123829300    0.0172575330    
0.0047247656    0.5416556000    0.0145703240    
0.0049663541    0.4375748000    0.0123468870    
0.0052079426    0.3611344700    0.0115419080    
0.0054495312    0.2752958700    0.0092907855    
0.0056911197    0.2533474500    0.0084030045    
0.0059327082    0.2037370600    0.0075354873    
0.0061742967    0.1699562600    0.0065955821    
0.0064158853    0.1489984000    0.0061134785    
0.0066574738    0.1238517900    0.0052667137    
0.0068990623    0.1078608000    0.0049594447    
0.0071406509    0.1005556600    0.0047037953    
0.0073822394    0.0947842680    0.0044145435    
0.0076238279    0.0797589820    0.0039535060    
0.0078654164    0.0705990580    0.0037790809    
0.0081070050    0.0672539510    0.0034963664    
0.0083485935    0.0660994820    0.0033470774    
0.0085901820    0.0625379570    0.0032778796    
0.0088317705    0.0612438220    0.0031584090    
0.0090733591    0.0477558980    0.0027710783    
0.0093149476    0.0482267950    0.0026834107    
0.0095565361    0.0479281780    0.0026750900    
0.0097981247    0.0382230950    0.0023889434    
0.0100397130    0.0418065100    0.0024137000    
0.0102813020    0.0360216560    0.0022920031    
0.0105228900    0.0395455460    0.0022496675    
0.0107644790    0.0361887600    0.0021743719    
0.0110060670    0.0365082590    0.0021292049    
0.0112476560    0.0338140890    0.0020390663    
0.0114892440    0.0309368170    0.0019223203    
0.0117308330    0.0336029680    0.0019939693    
0.0119724210    0.0269249270    0.0017601375    
0.0122140100    0.0284736230    0.0017936697    
0.0124555980    0.0292291280    0.0017625827    
0.0126971870    0.0272307270    0.0017540853    
0.0129387760    0.0285228290    0.0016985097    
0.0131803640    0.0288464920    0.0017363548    
0.0134219530    0.0292645570    0.0016867810    
0.0136635410    0.0257697940    0.0015890336    
0.0139051300    0.0262597140    0.0016040673    
0.0141467180    0.0235863590    0.0014858010    
0.0143883070    0.0258109760    0.0015315996    
0.0146298950    0.0249021390    0.0015043932    
0.0148714840    0.0224095190    0.0014375713    
0.0151130720    0.0247229860    0.0014935702    
0.0153546610    0.0238297110    0.0014115502    
0.0155962490    0.0209885740    0.0013381826    
0.0158378380    0.0245952580    0.0014152981    
0.0160794260    0.0213376080    0.0013182418    
0.0163210150    0.0250060060    0.0013956991    
0.0165626030    0.0240320000    0.0013944781    
0.0168041920    0.0222300480    0.0012920953    
0.0170457800    0.0225755150    0.0013099643    
0.0172873690    0.0242577890    0.0013497395    
0.0175289580    0.0238222890    0.0013296305    
0.0177705460    0.0257289210    0.0013579205    
0.0180121350    0.0238227040    0.0012919675    
0.0182537230    0.0229593130    0.0012544013    
0.0184953120    0.0218802550    0.0012212367    
0.0187369000    0.0214031150    0.0012078477    
0.0189784890    0.0212049510    0.0011708476    
0.0192200770    0.0229491050    0.0012373328    
0.0194616660    0.0209665980    0.0011524285    
0.0197032540    0.0210318900    0.0011630662    
0.0199448430    0.0189737240    0.0011046929    
0.0201864310    0.0216633730    0.0011714211    
0.0204280200    0.0208220770    0.0011259290    
0.0206696080    0.0198778120    0.0010844236    
0.0209111970    0.0211297930    0.0011425683    
0.0211527850    0.0204968030    0.0010909347    
0.0213943740    0.0190754350    0.0010548740    
0.0216359620    0.0190190180    0.0010582465    
0.0218775510    0.0209421450    0.0011052841    
0.0221191400    0.0200783730    0.0010626602    
0.0223607280    0.0190349110    0.0010277886    
0.0226023170    0.0201377840    0.0010889266    
0.0228439050    0.0193242970    0.0010198974    
0.0230854940    0.0211176470    0.0010638917    
0.0233270820    0.0194800550    0.0010196327    
0.0235686710    0.0189751100    0.0010128164    
0.0238102590    0.0196939760    0.0010102796    
0.0240518480    0.0207838080    0.0010314831    
0.0242934360    0.0187075350    0.0009928929    
0.0245350250    0.0205091770    0.0010267431    
0.0247766130    0.0183305470    0.0009647656    
0.0250182020    0.0203677170    0.0010274154    
0.0252597900    0.0198498630    0.0009900212    
0.0255013790    0.0207574180    0.0010045219    
0.0257429670    0.0183981180    0.0009475513    
0.0259845560    0.0192182780    0.0009573306    
0.0262261450    0.0189094060    0.0009550692    
0.0264677330    0.0197559330    0.0009651405    
0.0267093220    0.0186735740    0.0009313532    
0.0269509100    0.0204804930    0.0009808377    
0.0271924990    0.0172625400    0.0008938205    
0.0274340870    0.0182045510    0.0009230074    
0.0276756760    0.0189261240    0.0009257070    
0.0279172640    0.0174594810    0.0008875153    
0.0281588530    0.0181308230    0.0008932415    
0.0284004410    0.0206494300    0.0009617398    
0.0286420300    0.0183172850    0.0008885188    
0.0288836180    0.0186589060    0.0009061566    
0.0291252070    0.0193407890    0.0009037357    
0.0293667950    0.0194184030    0.0009164111    
0.0296083840    0.0189607300    0.0008948122    
0.0298499720    0.0187066420    0.0008918041    
0.0300915610    0.0192985610    0.0009027486    
0.0303331490    0.0188129300    0.0008839085    
0.0305747380    0.0179228550    0.0008515406    
0.0308163270    0.0188129300    0.0008724287    
0.0310579150    0.0189559160    0.0008800063    
0.0312995040    0.0179285610    0.0008489420    
0.0315410920    0.0200671250    0.0008938608    
0.0317826810    0.0187931470    0.0008622887    
0.0320242690    0.0187546850    0.0008533677    
0.0322658580    0.0197715500    0.0008886651    
0.0325074460    0.0167869220    0.0008048713    
0.0327490350    0.0186786880    0.0008464122    
0.0329906230    0.0178741610    0.0008192608    
0.0332322120    0.0183568580    0.0008352660    
0.0334738000    0.0187204370    0.0008322250    
0.0337153890    0.0182964960    0.0008215369    
0.0339569770    0.0197563510    0.0008549409    
0.0341985660    0.0184047590    0.0008263981    
0.0344401540    0.0177828270    0.0008017117    
0.0346817430    0.0199347170    0.0008562694    
0.0349233310    0.0186306340    0.0008241707    
0.0351649200    0.0175306290    0.0007847787    
0.0354065090    0.0187241050    0.0008156349    
0.0356480970    0.0191066120    0.0008124958    
0.0358896860    0.0180886760    0.0007994141    
0.0361312740    0.0187270260    0.0008021776    
0.0363728630    0.0176680920    0.0007770418    
0.0366144510    0.0174406110    0.0007784125    
0.0368560400    0.0178014820    0.0007747100    
0.0370976280    0.0192102640    0.0008146967    
0.0373392170    0.0183383690    0.0007884281    
0.0375808050    0.0190451880    0.0007949308    
0.0378223940    0.0173530200    0.0007587946    
0.0380639820    0.0183279740    0.0007829323    
0.0383055710    0.0187807710    0.0007771538    
0.0385471590    0.0171115020    0.0007446825    
0.0387887480    0.0182576870    0.0007722179    
0.0390303360    0.0179353120    0.0007565555    
0.0392719250    0.0182081150    0.0007613195    
0.0395135140    0.0183991090    0.0007653020    
0.0397551020    0.0177705240    0.0007668547    
0.0399966910    0.0181842990    0.0007467396    
0.0402382790    0.0189840980    0.0007686436    
0.0404798680    0.0195028900    0.0007733399    
0.0407214560    0.0185470780    0.0007616372    
0.0409630450    0.0196308830    0.0007711739    
0.0412046330    0.0180309740    0.0007435848    
0.0414462220    0.0171245900    0.0007185318    
0.0416878100    0.0187377380    0.0007507116    
0.0419293990    0.0201031300    0.0007766517    
0.0421709870    0.0174574450    0.0007211604    
0.0424125760    0.0170534470    0.0007161774    
0.0426541640    0.0183170850    0.0007309313    
0.0428957530    0.0178627820    0.0007226508    
0.0431373410    0.0176462360    0.0007174215    
0.0433789300    0.0181225470    0.0007220196    
0.0436205180    0.0175243730    0.0007083808    
0.0438621070    0.0174896960    0.0007093008    
0.0441036960    0.0173525650    0.0007048998    
0.0443452840    0.0198416510    0.0007478104    
0.0445868730    0.0161664620    0.0006819411    
0.0448284610    0.0191075390    0.0007322025    
0.0450700500    0.0186629060    0.0007483144    
0.0453116380    0.0190541210    0.0007579322    
0.0455532270    0.0192118470    0.0007830164    
0.0457948150    0.0186537680    0.0007705800    
0.0460364040    0.0183969970    0.0007672078    
0.0462779920    0.0183178520    0.0007775495    
0.0465195810    0.0187139140    0.0007859105    
0.0467611690    0.0184968860    0.0007844427    
0.0470027580    0.0183638140    0.0007816159    
0.0472443460    0.0187089910    0.0008051068    
0.0474859350    0.0196073660    0.0008141516    
0.0477275230    0.0174212880    0.0007737066    
0.0479691120    0.0182616350    0.0007932347    
0.0482107000    0.0184089170    0.0008041973    
0.0484522890    0.0193514340    0.0008199466    
0.0486938780    0.0185663180    0.0008087615    
0.0489354660    0.0186003540    0.0008117860    
0.0491770550    0.0176529800    0.0007999329    
0.0494186430    0.0188129300    0.0008095796    
0.0496602320    0.0181051810    0.0007720075    
0.0499018200    0.0181090440    0.0007611799    
0.0501434090    0.0169084110    0.0007236132    
0.0503849970    0.0182511230    0.0007444788    
0.0506265860    0.0173911090    0.0007215048    
0.0508681740    0.0171377040    0.0007128345    
0.0511097630    0.0169477910    0.0007055458    
0.0513513510    0.0183457910    0.0007206907    
0.0515929400    0.0188860180    0.0007430604    
0.0518345280    0.0184873480    0.0007234659    
0.0520761170    0.0189432730    0.0007407406    
0.0523177050    0.0186766040    0.0007135964    
0.0525592940    0.0180626770    0.0007151082    
0.0528008830    0.0187457880    0.0007095386    
0.0530424710    0.0180290570    0.0006980879    
0.0532840600    0.0179170760    0.0006921970    
0.0535256480    0.0193878800    0.0007200478    
0.0537672370    0.0168803640    0.0006662148    
0.0540088250    0.0175323300    0.0006803864    
0.0542504140    0.0190925270    0.0007130235    
0.0544920020    0.0181452470    0.0006892810    
0.0547335910    0.0198193830    0.0007151704    
0.0549751790    0.0178402880    0.0006757491    
0.0552167680    0.0196721430    0.0007103199    
0.0554583560    0.0185620900    0.0006823560    
0.0556999450    0.0188503310    0.0006855799    
0.0559415330    0.0186106400    0.0006859973    
0.0561831220    0.0181436950    0.0006706103    
0.0564247100    0.0168786600    0.0006449004    
0.0566662990    0.0184095330    0.0006708807    
0.0569078870    0.0169303900    0.0006497287    
0.0571494760    0.0180672580    0.0006646148    
0.0573910650    0.0185402780    0.0006629990    
0.0576326530    0.0187046020    0.0006710239    
0.0578742420    0.0177457840    0.0006523480    
0.0581158300    0.0171540030    0.0006353335    
0.0583574190    0.0183323500    0.0006555635    
0.0585990070    0.0187773660    0.0006672247    
0.0588405960    0.0172658520    0.0006386006    
0.0590821840    0.0168771570    0.0006255090    
0.0593237730    0.0183233740    0.0006535731    
0.0595653610    0.0179674050    0.0006496129    
0.0598069500    0.0181835840    0.0006393008    
0.0600485380    0.0178586500    0.0006369970    
0.0602901270    0.0183235430    0.0006458200    
0.0605317150    0.0184639160    0.0006447879    
0.0607733040    0.0180541640    0.0006347506    
0.0610148920    0.0185647970    0.0006471282    
0.0612564810    0.0185781870    0.0006444702    
0.0614980690    0.0189664150    0.0006448775    
0.0617396580    0.0183428930    0.0006485192    
0.0619812470    0.0190875710    0.0006609485    
0.0622228350    0.0186886400    0.0006498677    
0.0624644240    0.0194923780    0.0006589627    
0.0627060120    0.0184280680    0.0006459035    
0.0629476010    0.0182741070    0.0006473021    
0.0631891890    0.0189261240    0.0006545737    
0.0634307780    0.0170292350    0.0006181221    
0.0636723660    0.0182082280    0.0006385904    
0.0639139550    0.0178533140    0.0006312100    
0.0641555430    0.0167590210    0.0006051332    
0.0643971320    0.0182894200    0.0006383052    
0.0646387200    0.0185122660    0.0006305303    
0.0648803090    0.0185288780    0.0006362843    
0.0651218970    0.0177520110    0.0006106877    
0.0653634860    0.0171065410    0.0006040530    
0.0656050740    0.0175502460    0.0006102818    
0.0658466630    0.0185293170    0.0006239146    
0.0660882520    0.0182694450    0.0006179732    
0.0663298400    0.0176384320    0.0006082218    
0.0665714290    0.0179615720    0.0006107118    
0.0668130170    0.0184157680    0.0006204430    
0.0670546060    0.0182860440    0.0006146786    
0.0672961940    0.0183825680    0.0006137761    
0.0675377830    0.0183491600    0.0006082687    
0.0677793710    0.0173626390    0.0005955336    
0.0680209600    0.0186035650    0.0006090534    
0.0682625480    0.0184933890    0.0006077305    
0.0685041370    0.0188724640    0.0006119816    
0.0687457250    0.0181297500    0.0006080523    
0.0689873140    0.0178633810    0.0005944561    
0.0692289020    0.0182392440    0.0006006775    
0.0694704910    0.0185265380    0.0006049129    
0.0697120790    0.0175469580    0.0005868581    
0.0699536680    0.0178519740    0.0005947355    
0.0701952560    0.0175864290    0.0005898299    
0.0704368450    0.0184346800    0.0006058012    
0.0706784340    0.0175140860    0.0005961864    
0.0709200220    0.0178658030    0.0005968546    
0.0711616110    0.0188129300    0.0006119846    
0.0714031990    0.0180846870    0.0006048424    
0.0716447880    0.0180162910    0.0006066401    
0.0718863760    0.0178091760    0.0005949628    
0.0721279650    0.0187251550    0.0006043518    
0.0723695530    0.0192374260    0.0006092554    
0.0726111420    0.0179533560    0.0005922266    
0.0728527300    0.0178547320    0.0005820476    
0.0730943190    0.0178895960    0.0005866229    
0.0733359070    0.0178247760    0.0005819996    
0.0735774960    0.0194543880    0.0006103384    
0.0738190840    0.0187848090    0.0005934347    
0.0740606730    0.0179843320    0.0005819593    
0.0743022610    0.0187280590    0.0005943170    
0.0745438500    0.0188035840    0.0005928457    
0.0747854380    0.0188037750    0.0005867591    
0.0750270270    0.0176033940    0.0005723357    
0.0752686160    0.0174970230    0.0005635412    
0.0755102040    0.0180757030    0.0005736151    
0.0757517930    0.0187212490    0.0005858979    
0.0759933810    0.0179957480    0.0005654122    
0.0762349700    0.0183571900    0.0005784842    
0.0764765580    0.0181062150    0.0005691640    
0.0767181470    0.0183936750    0.0005728477    
0.0769597350    0.0191818100    0.0005804680    
0.0772013240    0.0182269390    0.0005646507    
0.0774429120    0.0179814190    0.0005581170    
0.0776845010    0.0183490490    0.0005614718    
0.0779260890    0.0190129750    0.0005750955    
0.0781676780    0.0180665890    0.0005567522    
0.0784092660    0.0181410390    0.0005590465    
0.0786508550    0.0182197290    0.0005556965    
0.0788924430    0.0171372140    0.0005441071    
0.0791340320    0.0184891560    0.0005613093    
0.0793756210    0.0182132460    0.0005586255    
0.0796172090    0.0184687390    0.0005568534    
0.0798587980    0.0177264170    0.0005507330    
0.0801003860    0.0186762320    0.0005649099    
0.0803419750    0.0186551170    0.0005566832    
0.0805835630    0.0187032090    0.0005618834    
0.0808251520    0.0175924040    0.0005442107    
0.0810667400    0.0177439170    0.0005465491    
0.0813083290    0.0181965160    0.0005469082    
0.0815499170    0.0184828780    0.0005593173    
0.0817915060    0.0184538720    0.0005551449    
0.0820330940    0.0182651390    0.0005465078    
0.0822746830    0.0182951420    0.0005483883    
0.0825162710    0.0184220110    0.0005477795    
0.0827578600    0.0174603660    0.0005350305    
0.0829994480    0.0185013780    0.0005436881    
0.0832410370    0.0198512790    0.0005697432    
0.0834826250    0.0192363200    0.0005543815    
0.0837242140    0.0184627730    0.0005420857    
0.0839658030    0.0179970630    0.0005365687    
0.0842073910    0.0186619170    0.0005446559    
0.0844489800    0.0179417430    0.0005306907    
0.0846905680    0.0178154500    0.0005248927    
0.0849321570    0.0183305470    0.0005384355    
0.0851737450    0.0174785150    0.0005192656    
0.0854153340    0.0187738820    0.0005415042    
0.0856569220    0.0188591530    0.0005390530    
0.0858985110    0.0188522710    0.0005446723    
0.0861400990    0.0176111210    0.0005209114    
0.0863816880    0.0177574190    0.0005250091    
0.0866232760    0.0190890100    0.0005487705    
0.0868648650    0.0190742200    0.0005414532    
0.0871064530    0.0189289160    0.0005410470    
0.0873480420    0.0182040970    0.0005263850    
0.0875896300    0.0186140940    0.0005335764    
0.0878312190    0.0191791180    0.0005409548    
0.0880728080    0.0191238240    0.0005385391    
0.0883143960    0.0186008670    0.0005308038    
0.0885559850    0.0172261130    0.0005126729    
0.0887975730    0.0183142740    0.0005260638    
0.0890391620    0.0181699460    0.0005243028    
0.0892807500    0.0194062310    0.0005398958    
0.0895223390    0.0180281230    0.0005191309    
0.0897639270    0.0176620210    0.0005104971    
0.0900055160    0.0183533540    0.0005216211    
0.0902471040    0.0189698910    0.0005325177    
0.0904886930    0.0182989150    0.0005184016    
0.0907302810    0.0193974510    0.0005291088    
0.0909718700    0.0185961730    0.0005272461    
0.0912134580    0.0184440490    0.0005165367    
0.0914550470    0.0182563340    0.0005205483    
0.0916966350    0.0182559920    0.0005138966    
0.0919382240    0.0189513130    0.0005254128    
0.0921798120    0.0191149720    0.0005243378    
0.0924214010    0.0178492700    0.0005066810    
0.0926629900    0.0189266890    0.0005187829    
0.0929045780    0.0185951870    0.0005195484    
0.0931461670    0.0179474780    0.0005046127    
0.0933877550    0.0185780350    0.0005142739    
0.0936293440    0.0183106770    0.0005126006    
0.0938709320    0.0181129800    0.0005086631    
0.0941125210    0.0198955870    0.0005289061    
0.0943541090    0.0182786310    0.0005069580    
0.0945956980    0.0190174950    0.0005179745    
0.0948372860    0.0185056660    0.0005083897    
0.0950788750    0.0183198630    0.0005044287    
0.0953204630    0.0178890800    0.0005004061    
0.0955620520    0.0181223550    0.0005028171    
0.0958036400    0.0193654380    0.0005171938    
0.0960452290    0.0180532300    0.0004993639    
0.0962868170    0.0194818340    0.0005210462    
0.0965284060    0.0185919260    0.0005067594    
0.0967699940    0.0181775440    0.0005010802    
0.0970115830    0.0182108620    0.0004963728    
0.0972531720    0.0197185100    0.0005181909    
0.0974947600    0.0191594300    0.0005102383    
0.0977363490    0.0192984240    0.0005101549    
0.0979779370    0.0207628430    0.0005311597    
0.0982195260    0.0193706520    0.0005133213    
0.0984611140    0.0194380110    0.0005111727    
0.0987027030    0.0208808030    0.0005303729    
0.0989442910    0.0197030040    0.0005154747    
0.0991858800    0.0203270760    0.0005218938    
0.0994274680    0.0195170860    0.0005092184    
0.0996690570    0.0205100900    0.0005184542    
0.0999106450    0.0203706880    0.0005207868    
0.1001522300    0.0205363010    0.0005187854    
0.1003938200    0.0207800360    0.0005237740    
0.1006354100    0.0204624970    0.0005175820    
0.1008770000    0.0210741620    0.0005263608    
0.1011185900    0.0205220010    0.0005194195    
0.1013601800    0.0221592070    0.0005403078    
0.1016017700    0.0206909730    0.0005185724    
0.1018433500    0.0210753730    0.0005351424    
0.1020849400    0.0215922710    0.0005491533    
0.1023265300    0.0210971540    0.0005471021    
0.1025681200    0.0217833920    0.0005531203    
0.1028097100    0.0217856760    0.0005613821    
0.1030513000    0.0230008640    0.0005788327    
0.1032928800    0.0222638220    0.0005748494    
0.1035344700    0.0222663010    0.0005672138    
0.1037760600    0.0223482950    0.0005779946    
0.1040176500    0.0219333430    0.0005750073    
0.1042592400    0.0227029060    0.0005867736    
0.1045008300    0.0212029430    0.0005636609    
0.1047424200    0.0205065510    0.0005593620    
0.1049840000    0.0204615650    0.0005614871    
0.1052255900    0.0206345360    0.0005655951    
0.1054671800    0.0190349790    0.0005399044    
0.1057087700    0.0200702290    0.0005581527    
0.1059503600    0.0190944200    0.0005464477    
0.1061919500    0.0197578710    0.0005555138    
0.1064335400    0.0190952720    0.0005326897    
0.1066751200    0.0187408490    0.0005197776    
0.1069167100    0.0184474210    0.0005142169    
0.1071583000    0.0184079000    0.0005070450    
0.1073998900    0.0186325700    0.0005084342    
0.1076414800    0.0188621960    0.0005152759    
0.1078830700    0.0184504850    0.0005023447    
0.1081246600    0.0183699470    0.0005042808    
0.1083662400    0.0191436910    0.0005083790    
0.1086078300    0.0186542580    0.0005073289    
0.1088494200    0.0186986670    0.0005013570    
0.1090910100    0.0190937190    0.0005052734    
0.1093326000    0.0185880210    0.0004959010    
0.1095741900    0.0191121810    0.0005041756    
0.1098157700    0.0176786780    0.0004800870    
0.1100573600    0.0183631130    0.0004928918    
0.1102989500    0.0187674410    0.0004938800    
0.1105405400    0.0184753610    0.0004897681    
0.1107821300    0.0187670600    0.0004959350    
0.1110237200    0.0182089630    0.0004837269    
0.1112653100    0.0186817380    0.0004950650    
0.1115068900    0.0187874380    0.0004893491    
0.1117484800    0.0191623760    0.0004934563    
0.1119900700    0.0186931820    0.0004854144    
0.1122316600    0.0185336550    0.0004850479    
0.1124732500    0.0194218230    0.0004937929    
0.1127148400    0.0174785460    0.0004679702    
0.1129564300    0.0189895770    0.0004894936    
0.1131980100    0.0196249090    0.0004951303    
0.1134396000    0.0186936620    0.0004844479    
0.1136811900    0.0196748760    0.0004957603    
0.1139227800    0.0183915600    0.0004774211    
0.1141643700    0.0190999170    0.0004829622    
0.1144059600    0.0185073260    0.0004756426    
0.1146475500    0.0182507040    0.0004748860    
0.1148891300    0.0183731780    0.0004704889    
0.1151307200    0.0190775540    0.0004845703    
0.1153723100    0.0183860460    0.0004702021    
0.1156139000    0.0182383960    0.0004721742    
0.1158554900    0.0186453840    0.0004723758    
0.1160970800    0.0185625790    0.0004761201    
0.1163386700    0.0187408490    0.0004744899    
0.1165802500    0.0189688050    0.0004769103    
0.1168218400    0.0185052970    0.0004679265    
0.1170634300    0.0187655120    0.0004716501    
0.1173050200    0.0183360490    0.0004675495    
0.1175466100    0.0183031900    0.0004658039    
0.1177882000    0.0187014720    0.0004684159    
0.1180297800    0.0182844760    0.0004633810    
0.1182713700    0.0191504610    0.0004762382    
0.1185129600    0.0181981280    0.0004616376    
0.1187545500    0.0187604280    0.0004678426    
0.1189961400    0.0184816550    0.0004634920    
0.1192377300    0.0179679860    0.0004544854    
0.1194793200    0.0185492500    0.0004611446    
0.1197209000    0.0180728050    0.0004553919    
0.1199624900    0.0188300790    0.0004639865    
0.1202040800    0.0180297620    0.0004507440    
0.1204456700    0.0187552920    0.0004649755    
0.1206872600    0.0183843380    0.0004553593    
0.1209288500    0.0180347790    0.0004542895    
0.1211704400    0.0182974290    0.0004553065    
0.1214120200    0.0180536630    0.0004506380    
0.1216536100    0.0181074450    0.0004503002    
0.1218952000    0.0185137840    0.0004529048    
0.1221367900    0.0190938870    0.0004632311    
0.1223783800    0.0184525290    0.0004523548    
0.1226199700    0.0185281390    0.0004548923    
0.1228615600    0.0182276380    0.0004507872    
0.1231031400    0.0188184940    0.0004576285    
0.1233447300    0.0187795730    0.0004569523    
0.1235863200    0.0185661290    0.0004563755    
0.1238279100    0.0186209050    0.0004520223    
0.1240695000    0.0181852860    0.0004455358    
0.1243110900    0.0183548760    0.0004474138    
0.1245526800    0.0184401790    0.0004496267    
0.1247942600    0.0184999200    0.0004468528    
0.1250358500    0.0188347040    0.0004528306    
0.1252774400    0.0191435510    0.0004555407    
0.1255190300    0.0188938110    0.0004513906    
0.1257606200    0.0187151150    0.0004509994    
0.1260022100    0.0190624670    0.0004547715    
0.1262437900    0.0187482800    0.0004494556    
0.1264853800    0.0186570950    0.0004477846    
0.1267269700    0.0186267680    0.0004451378    
0.1269685600    0.0192707430    0.0004529593    
0.1272101500    0.0191323340    0.0004513297    
0.1274517400    0.0183919860    0.0004455473    
0.1276933300    0.0184828780    0.0004400685    
0.1279349100    0.0177454150    0.0004363334    
0.1281765000    0.0185458520    0.0004451147    
0.1284180900    0.0191880260    0.0004502693    
0.1286596800    0.0186960130    0.0004457754    
0.1289012700    0.0186651290    0.0004439048    
0.1291428600    0.0180867050    0.0004378949    
0.1293844500    0.0187503240    0.0004423181    
0.1296260300    0.0189656230    0.0004468999    
0.1298676200    0.0178809710    0.0004339326    
0.1301092100    0.0186617590    0.0004410888    
0.1303508000    0.0182683040    0.0004353299    
0.1305923900    0.0180138430    0.0004366431    
0.1308339800    0.0183078840    0.0004388979    
0.1310755700    0.0189903120    0.0004451398    
0.1313171500    0.0185687410    0.0004392585    
0.1315587400    0.0182946670    0.0004354639    
0.1318003300    0.0194332510    0.0004501140    
0.1320419200    0.0190846890    0.0004423967    
0.1322835100    0.0183321370    0.0004353702    
0.1325251000    0.0182240570    0.0004339061    
0.1327666900    0.0177789130    0.0004276942    
0.1330082700    0.0190032710    0.0004421757    
0.1332498600    0.0189626070    0.0004424289    
0.1334914500    0.0186513330    0.0004409656    
0.1337330400    0.0171423620    0.0004172385    
0.1339746300    0.0183179870    0.0004323600    
0.1342162200    0.0179767990    0.0004281404    
0.1344578000    0.0188539830    0.0004398945    
0.1346993900    0.0182704930    0.0004304006    
0.1349409800    0.0175566830    0.0004243172    
0.1351825700    0.0180600080    0.0004272240    
0.1354241600    0.0187470260    0.0004359774    
0.1356657500    0.0181726190    0.0004297677    
0.1359073400    0.0179949760    0.0004302852    
0.1361489200    0.0185402780    0.0004326930    
0.1363905100    0.0186213720    0.0004332896    
0.1366321000    0.0185358980    0.0004321204    
0.1368736900    0.0178911720    0.0004245387    
0.1371152800    0.0179598370    0.0004233174    
0.1373568700    0.0182949580    0.0004289583    
0.1375984600    0.0176961800    0.0004228988    
0.1378400400    0.0180120580    0.0004259705    
0.1380816300    0.0191219920    0.0004366252    
0.1383232200    0.0179113190    0.0004247777    
0.1385648100    0.0173913740    0.0004187351    
0.1388064000    0.0179681860    0.0004225762    
0.1390479900    0.0186996280    0.0004292249    
0.1392895800    0.0180089580    0.0004254216    
0.1395311600    0.0175686100    0.0004165330    
0.1397727500    0.0178747520    0.0004201465    
0.1400143400    0.0182060610    0.0004238555    
0.1402559300    0.0187626010    0.0004345804    
0.1404975200    0.0179804120    0.0004208896    
0.1407391100    0.0175350520    0.0004159713    
0.1409806900    0.0180972470    0.0004256115    
0.1412222800    0.0182731740    0.0004234715    
0.1414638700    0.0189853440    0.0004324915    
0.1417054600    0.0181678870    0.0004197933    
0.1419470500    0.0183915600    0.0004270184    
0.1421886400    0.0187643170    0.0004271241    
0.1424302300    0.0194532240    0.0004360789    
0.1426718100    0.0184792630    0.0004258528    
0.1429134000    0.0178402680    0.0004176091    
0.1431549900    0.0186312330    0.0004277677    
0.1433965800    0.0189210500    0.0004312507    
0.1436381700    0.0180126890    0.0004179965    
0.1438797600    0.0183819510    0.0004219330    
0.1441213500    0.0177588610    0.0004153622    
0.1443629300    0.0181495130    0.0004192569    
0.1446045200    0.0182551860    0.0004208007    
0.1448461100    0.0188953790    0.0004281157    
0.1450877000    0.0189039520    0.0004255877    
0.1453292900    0.0183500370    0.0004228748    
0.1455708800    0.0175548780    0.0004113797    
0.1458124700    0.0178609970    0.0004186682    
0.1460540500    0.0179958020    0.0004135054    
0.1462956400    0.0183409210    0.0004203274    
0.1465372300    0.0180470090    0.0004156708    
0.1467788200    0.0181012950    0.0004158197    
0.1470204100    0.0179895650    0.0004150088    
0.1472620000    0.0190278530    0.0004263292    
0.1475035900    0.0183986740    0.0004185843    
0.1477451700    0.0175741000    0.0004108162    
0.1479867600    0.0188224170    0.0004225757    
0.1482283500    0.0182891470    0.0004192510    
0.1484699400    0.0184221850    0.0004190108    
0.1487115300    0.0182280220    0.0004180695    
0.1489531200    0.0187567720    0.0004189954    
0.1491947000    0.0183853630    0.0004179571    
0.1494362900    0.0189305400    0.0004220355    
0.1496778800    0.0182445630    0.0004157242    
0.1499194700    0.0183596060    0.0004164043    
0.1501610600    0.0181066740    0.0004143068    
0.1504026500    0.0180671660    0.0004116820    
0.1506442400    0.0191902390    0.0004281445    
0.1508858200    0.0189409090    0.0004237435    
0.1511274100    0.0189109860    0.0004202441    
0.1513690000    0.0182105800    0.0004123884    
0.1516105900    0.0182633380    0.0004142209    
0.1518521800    0.0178060140    0.0004083905    
0.1520937700    0.0180488580    0.0004100954    
0.1523353600    0.0184489890    0.0004149247    
0.1525769400    0.0192685730    0.0004254678    
0.1528185300    0.0190660180    0.0004227509    
0.1530601200    0.0188782520    0.0004197240    
0.1533017100    0.0185771790    0.0004185493    
0.1535433000    0.0185169540    0.0004138448    
0.1537848900    0.0185495210    0.0004140559    
0.1540264800    0.0187618700    0.0004173428    
0.1542680600    0.0183633470    0.0004125814    
0.1545096500    0.0187394770    0.0004147974    
0.1547512400    0.0191049260    0.0004208297    
0.1549928300    0.0181233530    0.0004095739    
0.1552344200    0.0185635680    0.0004140601    
0.1554760100    0.0190948230    0.0004200979    
0.1557176000    0.0192272700    0.0004231142    
0.1559591800    0.0186329680    0.0004146807    
0.1562007700    0.0180056840    0.0004052621    
0.1564423600    0.0185355330    0.0004105849    
0.1566839500    0.0181635680    0.0004104827    
0.1569255400    0.0190004640    0.0004169135    
0.1571671300    0.0188220840    0.0004151033    
0.1574087100    0.0184009010    0.0004082040    
0.1576503000    0.0186276720    0.0004153867    
0.1578918900    0.0185689580    0.0004096204    
0.1581334800    0.0189957570    0.0004167099    
0.1583750700    0.0185789720    0.0004128660    
0.1586166600    0.0181545970    0.0004177059    
0.1588582500    0.0188704610    0.0004253731    
0.1590998300    0.0192839890    0.0004350264    
0.1593414200    0.0193649350    0.0004388671    
0.1595830100    0.0182647850    0.0004286044    
0.1598246000    0.0190232980    0.0004365393    
0.1600661900    0.0188537830    0.0004388162    
0.1603077800    0.0185963330    0.0004379550    
0.1605493700    0.0184507440    0.0004369565    
0.1607909500    0.0184281430    0.0004377738    
0.1610325400    0.0187760720    0.0004446610    
0.1612741300    0.0187391530    0.0004444103    
0.1615157200    0.0188129300    0.0004471671    
0.1617573100    0.0185412050    0.0004444914    
0.1619989000    0.0191053580    0.0004548895    
0.1622404900    0.0187110060    0.0004480473    
0.1624820700    0.0180687300    0.0004446867    
0.1627236600    0.0188455910    0.0004529614    
0.1629652500    0.0182862760    0.0004456093    
0.1632068400    0.0187021720    0.0004441582    
0.1634484300    0.0186340510    0.0004364293    
0.1636900200    0.0178136520    0.0004261932    
0.1639316100    0.0192558240    0.0004402553    
0.1641731900    0.0186320360    0.0004327185    
0.1644147800    0.0192085750    0.0004358836    
0.1646563700    0.0176822610    0.0004196997    
0.1648979600    0.0185287760    0.0004260896    
0.1651395500    0.0188426030    0.0004317113    
0.1653811400    0.0176643090    0.0004155445    
0.1656227200    0.0192079520    0.0004355332    
0.1658643100    0.0181129140    0.0004196448    
0.1661059000    0.0177895910    0.0004153998    
0.1663474900    0.0181958770    0.0004172225    
0.1665890800    0.0181533300    0.0004165756    
0.1668306700    0.0182384520    0.0004196353    
0.1670722600    0.0187460140    0.0004233213    
0.1673138400    0.0184642770    0.0004199682    
0.1675554300    0.0183116300    0.0004161734    
0.1677970200    0.0183452310    0.0004184528    
0.1680386100    0.0178323420    0.0004130336    
0.1682802000    0.0175511730    0.0004072867    
0.1685217900    0.0182684440    0.0004141237    
0.1687633800    0.0176936140    0.0004070995    
0.1690049600    0.0178926800    0.0004120070    
0.1692465500    0.0183689670    0.0004121878    
0.1694881400    0.0185692140    0.0004172067    
0.1697297300    0.0185333910    0.0004155636    
0.1699713200    0.0179049790    0.0004104445    
0.1702129100    0.0183973270    0.0004122020    
0.1704545000    0.0183441150    0.0004126704    
0.1706960800    0.0183168670    0.0004140529    
0.1709376700    0.0178844040    0.0004044838    
0.1711792600    0.0179881650    0.0004071430    
0.1714208500    0.0190590290    0.0004167962    
0.1716624400    0.0170640700    0.0003968388    
0.1719040300    0.0176385380    0.0003999473    
0.1721456200    0.0186209610    0.0004125785    
0.1723872000    0.0177799550    0.0004031539    
0.1726287900    0.0185438480    0.0004112739    
0.1728703800    0.0182128580    0.0004084792    
0.1731119700    0.0184456490    0.0004089954    
0.1733535600    0.0179417080    0.0004035157    
0.1735951500    0.0183015620    0.0004052034    
0.1738367300    0.0177105390    0.0004000403    
0.1740783200    0.0180922820    0.0004024484    
0.1743199100    0.0182297910    0.0004044081    
0.1745615000    0.0177677670    0.0003983964    
0.1748030900    0.0178522690    0.0003984921    
0.1750446800    0.0180989750    0.0004057210    
0.1752862700    0.0180866300    0.0004002486    
0.1755278500    0.0182345610    0.0004075335    
0.1757694400    0.0180123790    0.0004002751    
0.1760110300    0.0175498080    0.0003958044    
0.1762526200    0.0183359820    0.0004024301    
0.1764942100    0.0176224620    0.0003949398    
0.1767358000    0.0179511670    0.0003983252    
0.1769773900    0.0179900010    0.0003979154    
0.1772189700    0.0186362820    0.0004057122    
0.1774605600    0.0183510450    0.0004037343    
0.1777021500    0.0179145590    0.0003972196    
0.1779437400    0.0183942770    0.0004026442    
0.1781853300    0.0185472100    0.0004053127    
0.1784269200    0.0178561920    0.0003940891    
0.1786685100    0.0179520360    0.0003961079    
0.1789100900    0.0179927120    0.0003951818    
0.1791516800    0.0181248640    0.0003973184    
0.1793932700    0.0176580940    0.0003923052    
0.1796348600    0.0183724060    0.0003983660    
0.1798764500    0.0174999980    0.0003887929    
0.1801180400    0.0180825400    0.0003953471    
0.1803596200    0.0175692440    0.0003922723    
0.1806012100    0.0172570380    0.0003856863    
0.1808428000    0.0180290570    0.0003940836    
0.1810843900    0.0183805960    0.0003966830    
0.1813259800    0.0179882530    0.0003930978    
0.1815675700    0.0177128330    0.0003894106    
0.1818091600    0.0177656290    0.0003897246    
0.1820507400    0.0174731240    0.0003867667    
0.1822923300    0.0182629930    0.0003946047    
0.1825339200    0.0177749160    0.0003904925    
0.1827755100    0.0177152960    0.0003882470    
0.1830171000    0.0175639200    0.0003896365    
0.1832586900    0.0182621000    0.0003933934    
0.1835002800    0.0181038890    0.0003920832    
0.1837418600    0.0180739260    0.0003907020    
0.1839834500    0.0177663490    0.0003888060    
0.1842250400    0.0177366940    0.0003876931    
0.1844666300    0.0179629860    0.0003897636    
0.1847082200    0.0177867700    0.0003875858    
0.1849498100    0.0173827070    0.0003835458    
0.1851914000    0.0173296110    0.0003849124    
0.1854329800    0.0175604270    0.0003855014    
0.1856745700    0.0178843670    0.0003894353    
0.1859161600    0.0181273030    0.0003893172    
0.1861577500    0.0171741140    0.0003789432    
0.1863993400    0.0182581250    0.0003917656    
0.1866409300    0.0180550820    0.0003877661    
0.1868825200    0.0181820210    0.0003923974    
0.1871241000    0.0176087350    0.0003830702    
0.1873656900    0.0176716030    0.0003858098    
0.1876072800    0.0173530200    0.0003793973    
0.1878488700    0.0172546870    0.0003817446    
0.1880904600    0.0175015720    0.0003835630    
0.1883320500    0.0173600500    0.0003790982    
0.1885736300    0.0185511190    0.0003926657    
0.1888152200    0.0183477970    0.0003903787    
0.1890568100    0.0182534680    0.0003904094    
0.1892984000    0.0177966840    0.0003834566    
0.1895399900    0.0184968860    0.0003922213    
0.1897815800    0.0176901420    0.0003835726    
0.1900231700    0.0176485570    0.0003831215    
0.1902647500    0.0171996840    0.0003772187    
0.1905063400    0.0174431170    0.0003822819    
0.1907479300    0.0184523380    0.0003911009    
0.1909895200    0.0177725640    0.0003823162    
0.1912311100    0.0176956150    0.0003819890    
0.1914727000    0.0178336040    0.0003830978    
0.1917142900    0.0177656970    0.0003835018    
0.1919558700    0.0177019780    0.0003795703    
0.1921974600    0.0179312670    0.0003852847    
0.1924390500    0.0178162180    0.0003846820    
0.1926806400    0.0176427870    0.0003812930    
0.1929222300    0.0175851910    0.0003812969    
0.1931638200    0.0181541110    0.0003842624    
0.1934054100    0.0178615280    0.0003844079    
0.1936469900    0.0184708760    0.0003878519    
0.1938885800    0.0179241300    0.0003840689    
0.1941301700    0.0179648390    0.0003827508    
0.1943717600    0.0181088340    0.0003861694    
0.1946133500    0.0175231540    0.0003764288    
0.1948549400    0.0178784310    0.0003828261    
0.1950965300    0.0178679880    0.0003823396    
0.1953381100    0.0182695810    0.0003863605    
0.1955797000    0.0170698520    0.0003741913    
0.1958212900    0.0178637650    0.0003806838    
0.1960628800    0.0173557900    0.0003753536    
0.1963044700    0.0180199540    0.0003818507    
0.1965460600    0.0176903220    0.0003814306    
0.1967876400    0.0177375600    0.0003779943    
0.1970292300    0.0177718020    0.0003787240    
0.1972708200    0.0178030580    0.0003807760    
0.1975124100    0.0179426380    0.0003820178    
0.1977540000    0.0172970030    0.0003749601    
0.1979955900    0.0182081560    0.0003844601    
0.1982371800    0.0183807300    0.0003871558    
0.1984787600    0.0174534870    0.0003730434    
0.1987203500    0.0169215550    0.0003694346    
0.1989619400    0.0177751700    0.0003788818    
0.1992035300    0.0181572730    0.0003821948    
0.1994451200    0.0184947490    0.0003859780    
0.1996867100    0.0176774940    0.0003766287    
0.1999283000    0.0176086760    0.0003766185    
0.2001698800    0.0178963090    0.0003801707    
0.2004114700    0.0177244440    0.0003794419    
0.2006530600    0.0180415470    0.0003797589    
0.2008946500    0.0181223990    0.0003814608    
0.2011362400    0.0181513670    0.0003792249    
0.2013778300    0.0178261670    0.0003789372    
0.2016194200    0.0179397560    0.0003773656    
0.2018610000    0.0183927300    0.0003836818    
0.2021025900    0.0179789380    0.0003797049    
0.2023441800    0.0177996800    0.0003768447    
0.2025857700    0.0176978230    0.0003761240    
0.2028273600    0.0174023630    0.0003745259    
0.2030689500    0.0179845360    0.0003794003    
0.2033105400    0.0183341990    0.0003808894    
0.2035521200    0.0177358530    0.0003761684    
0.2037937100    0.0180693200    0.0003790859    
0.2040353000    0.0181898260    0.0003811949    
0.2042768900    0.0178887440    0.0003767095    
0.2045184800    0.0183250990    0.0003797184    
0.2047600700    0.0182421150    0.0003816208    
0.2050016500    0.0177810980    0.0003771281    
0.2052432400    0.0181463140    0.0003806175    
0.2054848300    0.0172768570    0.0003698600    
0.2057264200    0.0174095780    0.0003736443    
0.2059680100    0.0180123790    0.0003759930    
0.2062096000    0.0186272110    0.0003836790    
0.2064511900    0.0177539890    0.0003738718    
0.2066927700    0.0184674100    0.0003829963    
0.2069343600    0.0181909820    0.0003796385    
0.2071759500    0.0173797900    0.0003709601    
0.2074175400    0.0182040200    0.0003794151    
0.2076591300    0.0178787870    0.0003754192    
0.2079007200    0.0179880120    0.0003795581    
0.2081423100    0.0183964360    0.0003802183    
0.2083838900    0.0179012900    0.0003758917    
0.2086254800    0.0178390280    0.0003758293    
0.2088670700    0.0186276780    0.0003832012    
0.2091086600    0.0175111070    0.0003728300    
0.2093502500    0.0180138030    0.0003765975    
0.2095918400    0.0180330360    0.0003788252    
0.2098334300    0.0182421200    0.0003802918    
0.2100750100    0.0187570810    0.0003868467    
0.2103166000    0.0180975030    0.0003803474    
0.2105581900    0.0185176860    0.0003818282    
0.2107997800    0.0179568910    0.0003781446    
0.2110413700    0.0178990690    0.0003755141    
0.2112829600    0.0177664350    0.0003767323    
0.2115245400    0.0177743240    0.0003739685    
0.2117661300    0.0177770630    0.0003763659    
0.2120077200    0.0180828280    0.0003777929    
0.2122493100    0.0181018710    0.0003813668    
0.2124909000    0.0182421200    0.0003802918    
0.2127324900    0.0178447650    0.0003786488    
0.2129740800    0.0183226390    0.0003806493    
0.2132156600    0.0182989150    0.0003804028    
0.2134572500    0.0183189010    0.0003820585    
0.2136988400    0.0170462330    0.0003683144    
0.2139404300    0.0177651410    0.0003741066    
0.2141820200    0.0175253530    0.0003732179    
0.2144236100    0.0185691250    0.0003852715    
0.2146652000    0.0174375410    0.0003728729    
0.2149067800    0.0180265880    0.0003774426    
0.2151483700    0.0176157430    0.0003787675    
0.2153899600    0.0184371720    0.0003923691    
0.2156315500    0.0177954390    0.0003892562    
0.2158731400    0.0176548150    0.0003891710    
0.2161147300    0.0180477470    0.0003984138    
0.2163563200    0.0185875460    0.0004053241    
0.2165979000    0.0174044270    0.0003951472    
0.2168394900    0.0182918450    0.0004053859    
0.2170810800    0.0178711340    0.0004052213    
0.2173226700    0.0174137720    0.0003997098    
0.2175642600    0.0179038230    0.0004075371    
0.2178058500    0.0185699410    0.0004165926    
0.2180474400    0.0178833720    0.0004108136    
0.2182890200    0.0178061210    0.0004132029    
0.2185306100    0.0178900310    0.0004115098    
0.2187722000    0.0177839460    0.0004154946    
0.2190137900    0.0182859160    0.0004205048    
0.2192553800    0.0174976500    0.0004152009    
0.2194969700    0.0184772450    0.0004240087    
0.2197385500    0.0173569100    0.0004084261    
0.2199801400    0.0179237960    0.0004106601    
0.2202217300    0.0178762050    0.0004061725    
0.2204633200    0.0178713690    0.0004041889    
0.2207049100    0.0181903430    0.0004051311    
0.2209465000    0.0179106310    0.0004020042    
0.2211880900    0.0171960540    0.0003919344    
0.2214296700    0.0175480450    0.0003953626    
0.2216712600    0.0169742720    0.0003882941    
0.2219128500    0.0177972080    0.0003964737    
0.2221544400    0.0170467090    0.0003899511    
0.2223960300    0.0174969080    0.0003931145    
0.2226376200    0.0175210550    0.0003964689    
0.2228792100    0.0170496320    0.0003881941    
0.2231207900    0.0172087260    0.0003900010    
0.2233623800    0.0176652140    0.0003926573    
0.2236039700    0.0173210970    0.0003904477    
0.2238455600    0.0177016720    0.0003927890    
0.2240871500    0.0171774030    0.0003876027    
0.2243287400    0.0176141300    0.0003904622    
0.2245703300    0.0177429170    0.0003944819    
0.2248119100    0.0170462110    0.0003861197    
0.2250535000    0.0175674740    0.0003918423    
0.2252950900    0.0169016910    0.0003858271    
0.2255366800    0.0173218980    0.0003869427    
0.2257782700    0.0175448370    0.0003903675    
0.2260198600    0.0175449330    0.0003890239    
0.2262614500    0.0174294360    0.0003876080    
0.2265030300    0.0181209300    0.0003946801    
0.2267446200    0.0166042290    0.0003792344    
0.2269862100    0.0170016940    0.0003811234    
0.2272278000    0.0175157820    0.0003879010    
0.2274693900    0.0168535160    0.0003793298    
0.2277109800    0.0174961550    0.0003899606    
0.2279525600    0.0169017750    0.0003797433    
0.2281941500    0.0172741180    0.0003848207    
0.2284357400    0.0175262470    0.0003870900    
0.2286773300    0.0176637530    0.0003899369    
0.2289189200    0.0169295110    0.0003794100    
0.2291605100    0.0167914210    0.0003800560    
0.2294021000    0.0176696490    0.0003882736    
0.2296436800    0.0171800440    0.0003862879    
0.2298852700    0.0169725340    0.0003802787    
0.2301268600    0.0168994550    0.0003833861    
0.2303684500    0.0175105950    0.0003879765    
0.2306100400    0.0170415400    0.0003832706    
0.2308516300    0.0175724690    0.0003883952    
0.2310932200    0.0170348520    0.0003843860    
0.2313348000    0.0177992650    0.0003910274    
0.2315763900    0.0168804190    0.0003811926    
0.2318179800    0.0173918560    0.0003887965    
0.2320595700    0.0169122420    0.0003818139    
0.2323011600    0.0170435250    0.0003844839    
0.2325427500    0.0179455750    0.0003945274    
0.2327843400    0.0172440930    0.0003882190    
0.2330259200    0.0168342020    0.0003801489    
0.2332675100    0.0167599060    0.0003798294    
0.2335091000    0.0171270900    0.0003852921    
0.2337506900    0.0170972040    0.0003829759    
0.2339922800    0.0169598450    0.0003836716    
0.2342338700    0.0164948310    0.0003777222    
0.2344754600    0.0173637730    0.0003887520    
0.2347170400    0.0170697960    0.0003833249    
0.2349586300    0.0175068360    0.0003891369    
0.2352002200    0.0172209990    0.0003891813    
0.2354418100    0.0169572770    0.0003839083    
0.2356834000    0.0169685250    0.0003837697    
0.2359249900    0.0166397340    0.0003776884    
0.2361665700    0.0174697720    0.0003903433    
0.2364081600    0.0173206610    0.0003865295    
0.2366497500    0.0176878170    0.0003927718    
0.2368913400    0.0172819460    0.0003866294    
0.2371329300    0.0164656920    0.0003797529    
0.2373745200    0.0171745660    0.0003863601    
0.2376161100    0.0170268090    0.0003846946    
0.2378576900    0.0169268230    0.0003848994    
0.2380992800    0.0170861390    0.0003845655    
0.2383408700    0.0165369260    0.0003793831    
0.2385824600    0.0171858420    0.0003851547    
0.2388240500    0.0166790560    0.0003811422    
0.2390656400    0.0173530430    0.0003889019    
0.2393072300    0.0172397680    0.0003865574    
0.2395488100    0.0170094260    0.0003844981    
0.2397904000    0.0168450500    0.0003838346    
0.2400319900    0.0167167570    0.0003829046    
0.2402735800    0.0170362990    0.0003870887    
0.2405151700    0.0171170050    0.0003873260    
0.2407567600    0.0162327970    0.0003745808    
0.2409983500    0.0167546510    0.0003826699    
0.2412399300    0.0169884090    0.0003837290    
0.2414815200    0.0170268640    0.0003865750    
0.2417231100    0.0168721180    0.0003814918    
0.2419647000    0.0166611240    0.0003825345    
0.2422062900    0.0170437430    0.0003863613    
0.2424478800    0.0172046500    0.0003883164    
0.2426894600    0.0162682500    0.0003794618    
0.2429310500    0.0163150200    0.0003774845    
0.2431726400    0.0169987940    0.0003850456    
0.2434142300    0.0171121060    0.0003848577    
0.2436558200    0.0171877750    0.0003896263    
0.2438974100    0.0175812850    0.0003905024    
0.2441390000    0.0170406020    0.0003861908    
0.2443805800    0.0166524880    0.0003820343    
0.2446221700    0.0167489530    0.0003835414    
0.2448637600    0.0175198990    0.0003932343    
0.2451053500    0.0166178700    0.0003808394    
0.2453469400    0.0163125610    0.0003813262    
0.2455885300    0.0166527810    0.0003812392    
0.2458301200    0.0168198280    0.0003855691    
0.2460717000    0.0163949940    0.0003776205    
0.2463132900    0.0167255090    0.0003818052    
0.2465548800    0.0171691670    0.0003890046    
0.2467964700    0.0167779190    0.0003828022    
0.2470380600    0.0160839340    0.0003759817    
0.2472796500    0.0173461880    0.0003903197    
0.2475212400    0.0173951820    0.0003932182    
0.2477628200    0.0167821150    0.0003870506    
0.2480044100    0.0163727590    0.0003784155    
0.2482460000    0.0169880880    0.0003855953    
0.2484875900    0.0172649750    0.0003896779    
0.2487291800    0.0167284670    0.0003835755    
0.2489707700    0.0167605300    0.0003830041    
0.2492123600    0.0167757480    0.0003854712    
0.2494539400    0.0170313020    0.0003875758    
0.2496955300    0.0169763340    0.0003876320    
0.2499371200    0.0169804160    0.0003863178    
0.2501787100    0.0165938300    0.0003861119    
0.2504203000    0.0164974920    0.0003803851    
0.2506618900    0.0164450500    0.0003776731    
0.2509034700    0.0162975030    0.0003786024    
0.2511450600    0.0169943020    0.0003859352    
0.2513866500    0.0169016910    0.0003858271    
0.2516282400    0.0170497600    0.0003848204    
0.2518698300    0.0175569780    0.0003926841    
0.2521114200    0.0174014140    0.0003899859    
0.2523530100    0.0160940450    0.0003757052    
0.2525945900    0.0168011550    0.0003829339    
0.2528361800    0.0168466060    0.0003862844    
0.2530777700    0.0167863860    0.0003821013    
0.2533193600    0.0165779450    0.0003793272    
0.2535609500    0.0171129920    0.0003867405    
0.2538025400    0.0167604510    0.0003826029    
0.2540441300    0.0165246340    0.0003799018    
0.2542857100    0.0168823930    0.0003835917    
0.2545273000    0.0166286570    0.0003826980    
0.2547688900    0.0168093390    0.0003818333    
0.2550104800    0.0169809590    0.0003867307    
0.2552520700    0.0161634090    0.0003787721    
0.2554936600    0.0172680320    0.0003876788    
0.2557352500    0.0166641330    0.0003823014    
0.2559768300    0.0165602490    0.0003795189    
0.2562184200    0.0175569780    0.0003926841    
0.2564600100    0.0168239360    0.0003822635    
0.2567016000    0.0167636480    0.0003839787    
0.2569431900    0.0169757120    0.0003849180    
0.2571847800    0.0169895160    0.0003845396    
0.2574263700    0.0170542630    0.0003858075    
0.2576679500    0.0167751910    0.0003834392    
0.2579095400    0.0173110570    0.0003899243    
0.2581511300    0.0161924170    0.0003751503    
0.2583927200    0.0171042400    0.0003851681    
0.2586343100    0.0167915630    0.0003804492    
0.2588759000    0.0169237650    0.0003847304    
0.2591174800    0.0166049600    0.0003780696    
0.2593590700    0.0167168530    0.0003797324    
0.2596006600    0.0170323890    0.0003846243    
0.2598422500    0.0169372940    0.0003839482    
0.2600838400    0.0173094640    0.0003884132    
0.2603254300    0.0167109020    0.0003829715    
0.2605670200    0.0159759550    0.0003731519    
0.2608086000    0.0167797950    0.0003794043    
0.2610501900    0.0166330390    0.0003796943    
0.2612917800    0.0165571200    0.0003797465    
0.2615333700    0.0163903480    0.0003769141    
0.2617749600    0.0175778690    0.0003910057    
0.2620165500    0.0166273920    0.0003793678    
0.2622581400    0.0169855380    0.0003858357    
0.2624997200    0.0168616690    0.0003828245    
0.2627413100    0.0165837410    0.0003833943    
0.2629829000    0.0166079870    0.0003778448    
0.2632244900    0.0165159010    0.0003798013    
0.2634660800    0.0165813270    0.0003787113    
0.2637076700    0.0163054080    0.0003764569    
0.2639492600    0.0167226040    0.0003812426    
0.2641908400    0.0161266140    0.0003750375    
0.2644324300    0.0168568050    0.0003841025    
0.2646740200    0.0168289890    0.0003810039    
0.2649156100    0.0170722160    0.0003879047    
0.2651572000    0.0165016520    0.0003793734    
0.2653987900    0.0165610190    0.0003820530    
0.2656403800    0.0169150190    0.0003846310    
0.2658819600    0.0170001580    0.0003839944    
0.2661235500    0.0172221790    0.0003885141    
0.2663651400    0.0169021060    0.0003831505    
0.2666067300    0.0170685690    0.0003858351    
0.2668483200    0.0169081530    0.0003834847    
0.2670899100    0.0171677930    0.0003896742    
0.2673314900    0.0164824700    0.0003782333    
0.2675730800    0.0166198490    0.0003825966    
0.2678146700    0.0167137470    0.0003847582    
0.2680562600    0.0165658300    0.0003798463    
0.2682978500    0.0169207120    0.0003845616    
0.2685394400    0.0163175580    0.0003763364    
0.2687810300    0.0164974920    0.0003803851    
0.2690226100    0.0173737600    0.0003875215    
0.2692642000    0.0168881740    0.0003870341    
0.2695057900    0.0165511940    0.0003798104    
0.2697473800    0.0162138320    0.0003760503    
0.2699889700    0.0169695620    0.0003868727    
0.2702305600    0.0176224620    0.0003949398    
0.2704721500    0.0165373850    0.0003819145    
0.2707137300    0.0166502240    0.0003802849    
0.2709553200    0.0163617480    0.0003794810    
0.2711969100    0.0169386430    0.0003851682    
0.2714385000    0.0163245850    0.0003772014    
0.2716800900    0.0165820780    0.0003816260    
0.2719216800    0.0168174100    0.0003928058    
0.2721632700    0.0163194250    0.0003896638    
0.2724048500    0.0169230460    0.0004019057    
0.2726464400    0.0165114270    0.0004042840    
0.2728880300    0.0169043710    0.0004093896    
0.2731296200    0.0169932940    0.0004127554    
0.2733712100    0.0172693830    0.0004194614    
0.2736128000    0.0172111610    0.0004244820    
0.2738543800    0.0168674780    0.0004177884    
0.2740959700    0.0164764770    0.0004168923    
0.2743375600    0.0171649250    0.0004285877    
0.2745791500    0.0169780480    0.0004280785    
0.2748207400    0.0167992130    0.0004287802    
0.2750623300    0.0173135860    0.0004352951    
0.2753039200    0.0165772870    0.0004304700    
0.2755455000    0.0169188610    0.0004335320    
0.2757870900    0.0169705440    0.0004406819    
0.2760286800    0.0171418020    0.0004406939    
0.2762702700    0.0165149430    0.0004405943    
0.2765118600    0.0173224210    0.0004333314    
0.2767534500    0.0171241760    0.0004291787    
0.2769950400    0.0164897580    0.0004177636    
0.2772366200    0.0168435320    0.0004178366    
0.2774782100    0.0161060710    0.0004090946    
0.2777198000    0.0166773510    0.0004173252    
0.2779613900    0.0164905380    0.0004139485    
0.2782029800    0.0170890360    0.0004132563    
0.2784445700    0.0166277430    0.0004110945    
0.2786861600    0.0172616080    0.0004176739    
0.2789277400    0.0164854040    0.0004036468    
0.2791693300    0.0170162720    0.0004104181    
0.2794109200    0.0163994780    0.0004048328    
0.2796525100    0.0165466120    0.0004059983    
0.2798941000    0.0158819300    0.0003932568    
0.2801356900    0.0168849270    0.0004096401    
0.2803772800    0.0162337380    0.0004052108    
0.2806188600    0.0167452550    0.0004031783    
0.2808604500    0.0163640800    0.0003964211    
0.2811020400    0.0162871200    0.0003970107    
0.2813436300    0.0165760860    0.0004023843    
0.2815852200    0.0165055930    0.0003975232    
0.2818268100    0.0162097000    0.0003960660    
0.2820683900    0.0174945160    0.0004125790    
0.2823099800    0.0159810320    0.0003940233    
0.2825515700    0.0159399250    0.0003900570    
0.2827931600    0.0165792300    0.0004025793    
0.2830347500    0.0162813490    0.0003966344    
0.2832763400    0.0166939040    0.0003996319    
0.2835179300    0.0164451690    0.0003966436    
0.2837595100    0.0168967980    0.0004043731    
0.2840011000    0.0163831080    0.0003986405    
0.2842426900    0.0160791830    0.0003910139    
0.2844842800    0.0160979090    0.0003933345    
0.2847258700    0.0167354580    0.0004016638    
0.2849674600    0.0170198370    0.0004061563    
0.2852090500    0.0164571150    0.0003973943    
0.2854506300    0.0161903450    0.0003958295    
0.2856922200    0.0161391080    0.0003939885    
0.2859338100    0.0162948910    0.0003964940    
0.2861754000    0.0163026300    0.0003944698    
0.2864169900    0.0162806950    0.0003940544    
0.2866585800    0.0170947880    0.0004056414    
0.2869001700    0.0166523410    0.0003994390    
0.2871417500    0.0162892440    0.0003946082    
0.2873833400    0.0161474030    0.0003945438    
0.2876249300    0.0156919350    0.0003893888    
0.2878665200    0.0172182820    0.0004104247    
0.2881081100    0.0165840880    0.0003957577    
0.2883497000    0.0166589230    0.0003989089    
0.2885912900    0.0165794310    0.0003978045    
0.2888328700    0.0161717640    0.0003930329    
0.2890744600    0.0164214960    0.0003951541    
0.2893160500    0.0165161130    0.0003967424    
0.2895576400    0.0164721500    0.0003983385    
0.2897992300    0.0170468560    0.0004012414    
0.2900408200    0.0161944880    0.0003919679    
0.2902824000    0.0159038130    0.0003914062    
0.2905239900    0.0168308620    0.0004009622    
0.2907655800    0.0168355950    0.0003981482    
0.2910071700    0.0159222540    0.0003871977    
0.2912487600    0.0169051930    0.0003995707    
0.2914903500    0.0163092360    0.0003914342    
0.2917319400    0.0166386180    0.0003940411    
0.2919735200    0.0164472320    0.0003929396    
0.2922151100    0.0163391440    0.0003909155    
0.2924567000    0.0163721300    0.0003920414    
0.2926982900    0.0167413930    0.0003965863    
0.2929398800    0.0162732080    0.0003930681    
0.2931814700    0.0162170800    0.0003884400    
0.2934230600    0.0162858200    0.0003904226    
0.2936646400    0.0164365110    0.0003894733    
0.2939062300    0.0164060780    0.0003927417    
0.2941478200    0.0160511000    0.0003860178    
0.2943894100    0.0171537920    0.0004009910    
0.2946310000    0.0164677240    0.0003918666    
0.2948725900    0.0173470480    0.0004030928    
0.2951141800    0.0161720270    0.0003884769    
0.2953557600    0.0162307630    0.0003918143    
0.2955973500    0.0161558940    0.0003874192    
0.2958389400    0.0163924710    0.0003895248    
0.2960805300    0.0169358080    0.0003962202    
0.2963221200    0.0161623110    0.0003863531    
0.2965637100    0.0172763330    0.0003992994    
0.2968053000    0.0157854030    0.0003808413    
0.2970468800    0.0162666450    0.0003877409    
0.2972884700    0.0168236750    0.0003931667    
0.2975300600    0.0159416030    0.0003827210    
0.2977716500    0.0163369350    0.0003888644    
0.2980132400    0.0162143560    0.0003882634    
0.2982548300    0.0167714290    0.0003918387    
0.2984964100    0.0171516230    0.0003956779    
0.2987380000    0.0164475610    0.0003883205    
0.2989795900    0.0161110240    0.0003834871    
0.2992211800    0.0168865510    0.0003921806    
0.2994627700    0.0160049610    0.0003829201    
0.2997043600    0.0162713880    0.0003870850    
0.2999459500    0.0161214250    0.0003851557    
0.3001875300    0.0159366290    0.0003823812    
0.3004291200    0.0165977150    0.0003942906    
0.3006707100    0.0157844620    0.0003791670    
0.3009123000    0.0157326110    0.0003803433    
0.3011538900    0.0163689260    0.0003852845    
0.3013954800    0.0162458630    0.0003859321    
0.3016370700    0.0155172340    0.0003769029    
0.3018786500    0.0159108860    0.0003816537    
0.3021202400    0.0164756070    0.0003882260    
0.3023618300    0.0153936550    0.0003769153    
0.3026034200    0.0160610500    0.0003841521    
0.3028450100    0.0163054590    0.0003873479    
0.3030866000    0.0165812000    0.0003910399    
0.3033281900    0.0162152140    0.0003844454    
0.3035697700    0.0160874140    0.0003839052    
0.3038113600    0.0161109510    0.0003844669    
0.3040529500    0.0162125460    0.0003842742    
0.3042945400    0.0156728900    0.0003776874    
0.3045361300    0.0163662810    0.0003883547    
0.3047777200    0.0162442060    0.0003853495    
0.3050193100    0.0167165010    0.0003911965    
0.3052608900    0.0164710900    0.0003893102    
0.3055024800    0.0157033930    0.0003849611    
0.3057440700    0.0163961320    0.0003856046    
0.3059856600    0.0161852220    0.0003839502    
0.3062272500    0.0159566600    0.0003822023    
0.3064688400    0.0161490300    0.0003854853    
0.3067104200    0.0164992330    0.0003865357    
0.3069520100    0.0157895050    0.0003800565    
0.3071936000    0.0156567680    0.0003792864    
0.3074351900    0.0158201730    0.0003816802    
0.3076767800    0.0156660560    0.0003777422    
0.3079183700    0.0167814860    0.0003949952    
0.3081599600    0.0164374890    0.0003909258    
0.3084015400    0.0167316920    0.0003899536    
0.3086431300    0.0159270100    0.0003801856    
0.3088847200    0.0163458860    0.0003875435    
0.3091263100    0.0159882480    0.0003823015    
0.3093679000    0.0160625010    0.0003837480    
0.3096094900    0.0157364300    0.0003779042    
0.3098510800    0.0162100570    0.0003874945    
0.3100926600    0.0166889630    0.0003913028    
0.3103342500    0.0162852720    0.0003865412    
0.3105758400    0.0163659460    0.0003902188    
0.3108174300    0.0169658420    0.0003933860    
0.3110590200    0.0160503850    0.0003844472    
0.3113006100    0.0164233380    0.0003859244    
0.3115422000    0.0161885120    0.0003860980    
0.3117837800    0.0167652640    0.0003914810    
0.3120253700    0.0156038810    0.0003787841    
0.3122669600    0.0163136270    0.0003850510    
0.3125085500    0.0161200980    0.0003855644    
0.3127501400    0.0164837100    0.0003891739    
0.3129917300    0.0162313080    0.0003878917    
0.3132333100    0.0161477640    0.0003858952    
0.3134749000    0.0154843470    0.0003773304    
0.3137164900    0.0166130670    0.0003894163    
0.3139580800    0.0161357930    0.0003836422    
0.3141996700    0.0163602610    0.0003865827    
0.3144412600    0.0162679200    0.0003859120    
0.3146828500    0.0162843100    0.0003869547    
0.3149244300    0.0162999780    0.0003855891    
0.3151660200    0.0157212140    0.0003806243    
0.3154076100    0.0158161800    0.0003824754    
0.3156492000    0.0164677240    0.0003918666    
0.3158907900    0.0162854120    0.0003851368    
0.3161323800    0.0169808560    0.0003934170    
0.3163739700    0.0154790500    0.0003757538    
0.3166155500    0.0156290610    0.0003795072    
0.3168571400    0.0161227580    0.0003837664    
0.3170987300    0.0168541090    0.0003932342    
0.3173403200    0.0167440120    0.0003919477    
0.3175819100    0.0162188370    0.0003866014    
0.3178235000    0.0160834260    0.0003841383    
0.3180650900    0.0158765930    0.0003834881    
0.3183066700    0.0164584340    0.0003894465    
0.3185482600    0.0160555440    0.0003847917    
0.3187898500    0.0163345520    0.0003854376    
0.3190314400    0.0158241310    0.0003808899    
0.3192730300    0.0162286100    0.0003853049    
0.3195146200    0.0157256090    0.0003798412    
0.3197562100    0.0157299660    0.0003790628    
0.3199977900    0.0163375440    0.0003870196    
0.3202393800    0.0163100800    0.0003881153    
0.3204809700    0.0162563720    0.0003880477    
0.3207225600    0.0164514930    0.0003899378    
0.3209641500    0.0168642170    0.0003946533    
0.3212057400    0.0167134760    0.0003905913    
0.3214473200    0.0163081950    0.0003861077    
0.3216889100    0.0160314110    0.0003826777    
0.3219305000    0.0157557130    0.0003809018    
0.3221720900    0.0162512860    0.0003862790    
0.3224136800    0.0169412000    0.0003928147    
0.3226552700    0.0163408520    0.0003900642    
0.3228968600    0.0158381180    0.0003813371    
0.3231384400    0.0160050300    0.0003870423    
0.3233800300    0.0160836400    0.0003831611    
0.3236216200    0.0160430960    0.0003829567    
0.3238632100    0.0170100810    0.0003950495    
0.3241048000    0.0159624860    0.0003831119    
0.3243463900    0.0164377680    0.0003886312    
0.3245879800    0.0164137190    0.0003880626    
0.3248295600    0.0153728250    0.0003752820    
0.3250711500    0.0161057370    0.0003841237    
0.3253127400    0.0156382760    0.0003796190    
0.3255543300    0.0164024360    0.0003892126    
0.3257959200    0.0159132450    0.0003854996    
0.3260375100    0.0159649750    0.0003817450    
0.3262791000    0.0162567250    0.0003866268    
0.3265206800    0.0164876330    0.0003885093    
0.3267622700    0.0164371410    0.0003890516    
0.3270038600    0.0164193920    0.0003884139    
0.3272454500    0.0151437900    0.0003724759    
0.3274870400    0.0151751210    0.0003731336    
0.3277286300    0.0163498270    0.0003887311    
0.3279702200    0.0160278780    0.0003844600    
0.3282118000    0.0156400030    0.0003826032    
0.3284533900    0.0163833850    0.0003875621    
0.3286949800    0.0159919730    0.0003964681    
0.3289365700    0.0163489710    0.0004063189    
0.3291781600    0.0159727580    0.0004050557    
0.3294197500    0.0162425120    0.0004132273    
0.3296613300    0.0156103860    0.0004092438    
0.3299029200    0.0161561010    0.0004168709    
0.3301445100    0.0170694540    0.0004346878    
0.3303861000    0.0158401050    0.0004215419    
0.3306276900    0.0157315500    0.0004233257    
0.3308692800    0.0156204320    0.0004220197    
0.3311108700    0.0164830470    0.0004371069    
0.3313524500    0.0169399350    0.0004481213    
0.3315940400    0.0169038570    0.0004470106    
0.3318356300    0.0159988740    0.0004405214    
0.3320772200    0.0159448080    0.0004402024    
0.3323188100    0.0167019690    0.0004547385    
0.3325604000    0.0154675860    0.0004369653    
0.3328019900    0.0164999160    0.0004560494    
0.3330435700    0.0162205970    0.0004474754    
0.3332851600    0.0162335920    0.0004418224    
0.3335267500    0.0173058630    0.0004419999    
0.3337683400    0.0161092410    0.0004264451    
0.3340099300    0.0155716250    0.0004164668    
0.3342515200    0.0155572660    0.0004122667    
0.3344931100    0.0160305850    0.0004141841    
0.3347346900    0.0162269600    0.0004181429    
0.3349762800    0.0162000230    0.0004156586    
0.3352178700    0.0163627500    0.0004161516    
0.3354594600    0.0158739000    0.0004078283    
0.3357010500    0.0161223590    0.0004120415    
0.3359426400    0.0166236540    0.0004198107    
0.3361842300    0.0163249320    0.0004079958    
0.3364258100    0.0166785610    0.0004117222    
0.3366674000    0.0162403520    0.0004067722    
0.3369089900    0.0163551110    0.0004067228    
0.3371505800    0.0158562520    0.0003996669    
0.3373921700    0.0157305850    0.0003990427    
0.3376337600    0.0162914010    0.0004057662    
0.3378753400    0.0165776300    0.0004094803    
0.3381169300    0.0161683000    0.0004024506    
0.3383585200    0.0161867980    0.0004070943    
0.3386001100    0.0161793180    0.0004009895    
0.3388417000    0.0167759880    0.0004097803    
0.3390832900    0.0166048390    0.0004036775    
0.3393248800    0.0161979470    0.0004016980    
0.3395664600    0.0159056570    0.0003972692    
0.3398080500    0.0165114270    0.0004042840    
0.3400496400    0.0155594920    0.0003910704    
0.3402912300    0.0165005070    0.0004020927    
0.3405328200    0.0162004360    0.0004007750    
0.3407744100    0.0163223990    0.0004024399    
0.3410160000    0.0157545230    0.0003958473    
0.3412575800    0.0165701680    0.0004015315    
0.3414991700    0.0160684670    0.0003950997    
0.3417407600    0.0161365310    0.0003970134    
0.3419823500    0.0164883850    0.0003983817    
0.3422239400    0.0164831550    0.0004000106    
0.3424655300    0.0157408340    0.0003918104    
0.3427071200    0.0162153690    0.0003964413    
0.3429487000    0.0165250670    0.0004006739    
0.3431902900    0.0157068360    0.0003923033    
0.3434318800    0.0162050000    0.0004016260    
0.3436734700    0.0155646880    0.0003864693    
0.3439150600    0.0157419180    0.0003877743    
0.3441566500    0.0168644300    0.0004038299    
0.3443982300    0.0160729950    0.0003937851    
0.3446398200    0.0158621640    0.0003901450    
0.3448814100    0.0161694720    0.0003949652    
0.3451230000    0.0162745620    0.0003967046    
0.3453645900    0.0159747930    0.0003930341    
0.3456061800    0.0160828720    0.0003928498    
0.3458477700    0.0154975760    0.0003881679    
0.3460893500    0.0172172980    0.0004086635    
0.3463309400    0.0160953470    0.0003921032    
0.3465725300    0.0154480150    0.0003842837    
0.3468141200    0.0160386730    0.0003930622    
0.3470557100    0.0154259310    0.0003844488    
0.3472973000    0.0163247520    0.0003964000    
0.3475388900    0.0162027960    0.0003925140    
0.3477804700    0.0162488400    0.0003950228    
0.3480220600    0.0159729700    0.0003918052    
0.3482636500    0.0165595970    0.0003984773    
0.3485052400    0.0161100070    0.0003968415    
0.3487468300    0.0165886700    0.0003983704    
0.3489884200    0.0163657190    0.0003955334    
0.3492300100    0.0164126920    0.0003945997    
0.3494715900    0.0163699420    0.0003967961    
0.3497131800    0.0157106460    0.0003860681    
0.3499547700    0.0160636800    0.0003926154    
0.3501963600    0.0161742700    0.0003921683    
0.3504379500    0.0165377890    0.0003976073    
0.3506795400    0.0160678800    0.0003923666    
0.3509211300    0.0158601840    0.0003905691    
0.3511627100    0.0158338550    0.0003903945    
0.3514043000    0.0158624400    0.0003879287    
0.3516458900    0.0158775790    0.0003889975    
0.3518874800    0.0165739730    0.0003965338    
0.3521290700    0.0167099450    0.0003983077    
0.3523706600    0.0161376310    0.0003923192    
0.3526122400    0.0165321420    0.0003967841    
0.3528538300    0.0158660960    0.0003893008    
0.3530954200    0.0162116000    0.0003941175    
0.3533370100    0.0159208350    0.0003898233    
0.3535786000    0.0162455520    0.0003963509    
0.3538201900    0.0163187370    0.0003930230    
0.3540617800    0.0156415660    0.0003868311    
0.3543033600    0.0158310260    0.0003868135    
0.3545449500    0.0159529840    0.0003893289    
0.3547865400    0.0158191050    0.0003865223    
0.3550281300    0.0163723590    0.0003954630    
0.3552697200    0.0157939230    0.0003875299    
0.3555113100    0.0164428340    0.0003960117    
0.3557529000    0.0158852000    0.0003895351    
0.3559944800    0.0157600160    0.0003856545    
0.3562360700    0.0164806680    0.0003993627    
0.3564776600    0.0156798040    0.0003849616    
0.3567192500    0.0159995160    0.0003893068    
0.3569608400    0.0162385290    0.0003913183    
0.3572024300    0.0155729250    0.0003846633    
0.3574440200    0.0162846910    0.0003923168    
0.3576856000    0.0161294460    0.0003917731    
0.3579271900    0.0158265250    0.0003870503    
0.3581687800    0.0158133520    0.0003883575    
0.3584103700    0.0161226620    0.0003908022    
0.3586519600    0.0153065770    0.0003839867    
0.3588935500    0.0161145090    0.0003912949    
0.3591351400    0.0158344540    0.0003881740    
0.3593767200    0.0154464050    0.0003816546    
0.3596183100    0.0157573560    0.0003848986    
0.3598599000    0.0163784270    0.0003938898    
0.3601014900    0.0164221790    0.0003947137    
0.3603430800    0.0166941640    0.0003978185    
0.3605846700    0.0158051310    0.0003866428    
0.3608262500    0.0163549350    0.0003943525    
0.3610678400    0.0159995160    0.0003893068    
0.3613094300    0.0160513990    0.0003923152    
0.3615510200    0.0156514500    0.0003846134    
0.3617926100    0.0155878560    0.0003833981    
0.3620342000    0.0164636820    0.0003949136    
0.3622757900    0.0168990290    0.0003996483    
0.3625173700    0.0164323250    0.0003943884    
0.3627589600    0.0158055170    0.0003872320    
0.3630005500    0.0160929880    0.0003898539    
0.3632421400    0.0162413100    0.0003914990    
0.3634837300    0.0164529870    0.0003956829    
0.3637253200    0.0166812740    0.0003988727    
0.3639669100    0.0162386290    0.0003938446    
0.3642084900    0.0163648010    0.0003925417    
0.3644500800    0.0167793550    0.0003983809    
0.3646916700    0.0156324120    0.0003849600    
0.3649332600    0.0153259290    0.0003790251    
0.3651748500    0.0163422590    0.0003925661    
0.3654164400    0.0161552530    0.0003919377    
0.3656580300    0.0166562440    0.0003973665    
0.3658996100    0.0165716100    0.0003954599    
0.3661412000    0.0161321340    0.0003909170    
0.3663827900    0.0162716860    0.0003965167    
0.3666243800    0.0157707590    0.0003836271    
0.3668659700    0.0163233990    0.0003923395    
0.3671075600    0.0160997530    0.0003897891    
0.3673491500    0.0161428290    0.0003895781    
0.3675907300    0.0152173170    0.0003799583    
0.3678323200    0.0158088690    0.0003852386    
0.3680739100    0.0160955060    0.0003910641    
0.3683155000    0.0156491090    0.0003844398    
0.3685570900    0.0153919680    0.0003811248    
0.3687986800    0.0160884960    0.0003921691    
0.3690402600    0.0164839820    0.0003966578    
0.3692818500    0.0164161690    0.0003924215    
0.3695234400    0.0159298850    0.0003877273    
0.3697650300    0.0166004730    0.0003949137    
0.3700066200    0.0163726400    0.0003935231    
0.3702482100    0.0162379360    0.0003902854    
0.3704898000    0.0157317050    0.0003853080    
0.3707313800    0.0162580870    0.0003925883    
0.3709729700    0.0157387370    0.0003852492    
0.3712145600    0.0162806950    0.0003940544    
0.3714561500    0.0159902740    0.0003908212    
0.3716977400    0.0165154550    0.0003943445    
0.3719393300    0.0159616320    0.0003872403    
0.3721809200    0.0159975810    0.0003881125    
0.3724225000    0.0163742160    0.0003926546    
0.3726640900    0.0160944070    0.0003894315    
0.3729056800    0.0164147870    0.0003932884    
0.3731472700    0.0154615240    0.0003809829    
0.3733888600    0.0157153320    0.0003858339    
0.3736304500    0.0159936050    0.0003899720    
0.3738720400    0.0163752790    0.0003956490    
0.3741136200    0.0157911150    0.0003867631    
0.3743552100    0.0157033930    0.0003849611    
0.3745968000    0.0161320640    0.0003888656    
0.3748383900    0.0166253800    0.0003955062    
0.3750799800    0.0153949650    0.0003807324    
0.3753215700    0.0161590980    0.0003906538    
0.3755631500    0.0155693210    0.0003825952    
0.3758047400    0.0168169750    0.0003983768    
0.3760463300    0.0162619440    0.0003923384    
0.3762879200    0.0156655730    0.0003856598    
0.3765295100    0.0155937330    0.0003862391    
0.3767711000    0.0160608510    0.0003887333    
0.3770126900    0.0152194490    0.0003781302    
0.3772542700    0.0154188930    0.0003807424    
0.3774958600    0.0154665340    0.0003807597    
0.3777374500    0.0158068120    0.0003856467    
0.3779790400    0.0164199320    0.0003940910    
0.3782206300    0.0160268780    0.0003890523    
0.3784622200    0.0157879950    0.0003854171    
0.3787038100    0.0164950860    0.0003954394    
0.3789453900    0.0157368710    0.0003868293    
0.3791869800    0.0158203970    0.0003882964    
0.3794285700    0.0161589210    0.0003896262    
0.3796701600    0.0164140920    0.0003937241    
0.3799117500    0.0153561530    0.0003795405    
0.3801533400    0.0164424250    0.0003940637    
0.3803949300    0.0155094690    0.0003804358    
0.3806365100    0.0161992390    0.0003902581    
0.3808781000    0.0157361580    0.0003844955    
0.3811196900    0.0151758580    0.0003798716    
0.3813612800    0.0155290300    0.0003825302    
0.3816028700    0.0167194390    0.0003984208    
0.3818444600    0.0160106020    0.0003890012    
0.3820860500    0.0159786160    0.0003862906    
0.3823276300    0.0153435810    0.0003785367    
0.3825692200    0.0162487970    0.0003885316    
0.3828108100    0.0157561760    0.0003820310    
0.3830524000    0.0155116780    0.0003806046    
0.3832939900    0.0160894540    0.0003870521    
0.3835355800    0.0170764230    0.0003987468    
0.3837771600    0.0160551830    0.0003857814    
0.3840187500    0.0163017330    0.0003904677    
0.3842603400    0.0160060100    0.0003876331    
0.3845019300    0.0159366290    0.0003823812    
0.3847435200    0.0159675080    0.0003834534    
0.3849851100    0.0158951190    0.0003837118    
0.3852267000    0.0159863680    0.0003943947    
0.3854682800    0.0159808760    0.0004020426    
0.3857098700    0.0167433000    0.0004162477    
0.3859514600    0.0162114790    0.0004140488    
0.3861930500    0.0163623260    0.0004184478    
0.3864346400    0.0164640450    0.0004241114    
0.3866762300    0.0166745930    0.0004298204    
0.3869178200    0.0156102520    0.0004180984    
0.3871594000    0.0158780670    0.0004266510    
0.3874009900    0.0157581340    0.0004262069    
0.3876425800    0.0164028150    0.0004380709    
0.3878841700    0.0157747800    0.0004314173    
0.3881257600    0.0155998010    0.0004316656    
0.3883673500    0.0158501200    0.0004382568    
0.3886089400    0.0157295460    0.0004391399    
0.3888505200    0.0163391720    0.0004495506    
0.3890921100    0.0161057180    0.0004487683    
0.3893337000    0.0164157670    0.0004581194    
0.3895752900    0.0164564850    0.0004603325    
0.3898168800    0.0156596600    0.0004308548    
0.3900584700    0.0168939420    0.0004392856    
0.3903000600    0.0155951520    0.0004207230    
0.3905416400    0.0157803810    0.0004190631    
0.3907832300    0.0162424940    0.0004242147    
0.3910248200    0.0156884430    0.0004154513    
0.3912664100    0.0166317200    0.0004258947    
0.3915080000    0.0157395570    0.0004123469    
0.3917495900    0.0160506490    0.0004182069    
0.3919911700    0.0157348480    0.0004147937    
0.3922327600    0.0156589510    0.0004067603    
0.3924743500    0.0160447570    0.0004133106    
0.3927159400    0.0162908490    0.0004141890    
0.3929575300    0.0157441540    0.0004099429    
0.3931991200    0.0158625040    0.0004095681    
0.3934407100    0.0154824610    0.0004039514    
0.3936822900    0.0158737410    0.0004104058    
0.3939238800    0.0161268880    0.0004141913    
0.3941654700    0.0160843370    0.0004136445    
0.3944070600    0.0156293670    0.0004086196    
0.3946486500    0.0160317940    0.0004149084    
0.3948902400    0.0161299040    0.0004131800    
0.3951318300    0.0159864990    0.0004109925    
0.3953734100    0.0170477260    0.0004251317    
0.3956150000    0.0158026480    0.0004103546    
0.3958565900    0.0156668480    0.0004073780    
0.3960981800    0.0160963960    0.0004145033    
0.3963397700    0.0159215210    0.0004133021    
0.3965813600    0.0157820470    0.0004114878    
0.3968229500    0.0155667130    0.0004100766    
0.3970645300    0.0164945680    0.0004232160    
0.3973061200    0.0152095380    0.0004044747    
0.3975477100    0.0159420730    0.0004128630    
0.3977893000    0.0159144880    0.0004140973    
0.3980308900    0.0152287470    0.0004045566    
0.3982724800    0.0158390640    0.0004131149    
0.3985140700    0.0156046480    0.0004102227    
0.3987556500    0.0161346440    0.0004178501    
0.3989972400    0.0161253680    0.0004171904    
0.3992388300    0.0147160370    0.0004009656    
0.3994804200    0.0158493610    0.0004159379    
0.3997220100    0.0150591760    0.0004077500    
0.3999636000    0.0162504790    0.0004191666    
0.4002051800    0.0159039390    0.0004166534    
0.4004467700    0.0159988220    0.0004157291    
0.4006883600    0.0157294710    0.0004150849    
0.4009299500    0.0155897350    0.0004134176    
0.4011715400    0.0151360820    0.0004078932    
0.4014131300    0.0155700800    0.0004140627    
0.4016547200    0.0157332330    0.0004189946    
0.4018963000    0.0157853710    0.0004180180    
0.4021378900    0.0157843970    0.0004215548    
0.4023794800    0.0159292770    0.0004199191    
0.4026210700    0.0160048640    0.0004214726    
0.4028626600    0.0157298370    0.0004165474    
0.4031042500    0.0159220540    0.0004207534    
0.4033458400    0.0165447040    0.0004289015    
0.4035874200    0.0161882630    0.0004274897    
0.4038290100    0.0158006210    0.0004206401    
0.4040706000    0.0161382120    0.0004258711    
0.4043121900    0.0166509140    0.0004341419    
0.4045537800    0.0154782720    0.0004197136    
0.4047953700    0.0155018080    0.0004225322    
0.4050369600    0.0161559270    0.0004264871    
0.4052785400    0.0158418700    0.0004238462    
0.4055201300    0.0161674500    0.0004279860    
0.4057617200    0.0158122700    0.0004259608    
0.4060033100    0.0163147360    0.0004299310    
0.4062449000    0.0156515280    0.0004245678    
0.4064864900    0.0160417660    0.0004290408    
0.4067280800    0.0158941800    0.0004286342    
0.4069696600    0.0164583990    0.0004379961    
0.4072112500    0.0153603690    0.0004247152    
0.4074528400    0.0142881520    0.0004105859    
0.4076944300    0.0151320120    0.0004201716    
0.4079360200    0.0159266580    0.0004296663    
0.4081776100    0.0159433590    0.0004316906    
0.4084191900    0.0164957770    0.0004399265    
0.4086607800    0.0153368170    0.0004226125    
0.4089023700    0.0162962490    0.0004393174    
0.4091439600    0.0159031010    0.0004346018    
0.4093855500    0.0157400910    0.0004333959    
0.4096271400    0.0153863960    0.0004297273    
0.4098687300    0.0155475690    0.0004385255    
0.4101103100    0.0156803910    0.0004301247    
0.4103519000    0.0164222700    0.0004441697    
0.4105934900    0.0148157800    0.0004210796    
0.4108350800    0.0165815020    0.0004478217    
0.4110766700    0.0161063810    0.0004411465    
0.4113182600    0.0164384820    0.0004473988    
0.4115598500    0.0158031060    0.0004401655    
0.4118014300    0.0156928870    0.0004403530    
0.4120430200    0.0149694280    0.0004283979    
0.4122846100    0.0154871280    0.0004396277    
0.4125262000    0.0152795370    0.0004410822    
0.4127677900    0.0160920260    0.0004446057    
0.4130093800    0.0169663380    0.0004585497    
0.4132509700    0.0154008720    0.0004375318    
0.4134925500    0.0151285730    0.0004369064    
0.4137341400    0.0159909900    0.0004478373    
0.4139757300    0.0163668040    0.0004560432    
0.4142173200    0.0165045560    0.0004556558    
0.4144589100    0.0152762780    0.0004428372    
0.4147005000    0.0155336120    0.0004456401    
0.4149420800    0.0156092080    0.0004504114    
0.4151836700    0.0159671680    0.0004534371    
0.4154252600    0.0158966400    0.0004494451    
0.4156668500    0.0156461490    0.0004425399    
0.4159084400    0.0154083270    0.0004391637    
0.4161500300    0.0157645380    0.0004428870    
0.4163916200    0.0168680540    0.0004585810    
0.4166332000    0.0161306530    0.0004460136    
0.4168747900    0.0159379660    0.0004420396    
0.4171163800    0.0156149810    0.0004416584    
0.4173579700    0.0155850400    0.0004381902    
0.4175995600    0.0162651470    0.0004546247    
0.4178411500    0.0159110660    0.0004423155    
0.4180827400    0.0150057720    0.0004310295    
0.4183243200    0.0153816400    0.0004376926    
0.4185659100    0.0157745440    0.0004445739    
0.4188075000    0.0153207090    0.0004379133    
0.4190490900    0.0155885810    0.0004448437    
0.4192906800    0.0154557400    0.0004424965    
0.4195322700    0.0157096330    0.0004497655    
0.4197738600    0.0159542910    0.0004532542    
0.4200154400    0.0160710170    0.0004591719    
0.4202570300    0.0164637810    0.0004654799    
0.4204986200    0.0160864180    0.0004570079    
0.4207402100    0.0157925960    0.0004558930    
0.4209818000    0.0159612990    0.0004564098    
0.4212233900    0.0155256180    0.0004527362    
0.4214649800    0.0163642620    0.0004660311    
0.4217065600    0.0163712510    0.0004673687    
0.4219481500    0.0160467170    0.0004641969    
0.4221897400    0.0161718050    0.0004680113    
0.4224313300    0.0162275270    0.0004724016    
0.4226729200    0.0160365720    0.0004706471    
0.4229145100    0.0161670360    0.0004738642    
0.4231560900    0.0158497210    0.0004673828    
0.4233976800    0.0163861240    0.0004760111    
0.4236392700    0.0157192480    0.0004680338    
0.4238808600    0.0155581940    0.0004671899    
0.4241224500    0.0158284220    0.0004714935    
0.4243640400    0.0161661350    0.0004802764    
0.4246056300    0.0162257040    0.0004822590    
0.4248472100    0.0161770920    0.0004840318    
0.4250888000    0.0145690830    0.0004609454    
0.4253303900    0.0161060330    0.0004921459    
0.4255719800    0.0161671330    0.0004861334    
0.4258135700    0.0155637570    0.0004778117    
0.4260551600    0.0155132010    0.0004812754    
0.4262967500    0.0159921010    0.0004866241    
0.4265383300    0.0162351960    0.0004947089    
0.4267799200    0.0152360380    0.0004815651    
0.4270215100    0.0159652400    0.0004917622    
0.4272631000    0.0154493350    0.0004887953    
0.4275046900    0.0157866370    0.0004962487    
0.4277462800    0.0160320260    0.0005054631    
0.4279878700    0.0157218300    0.0005037599    
0.4282294500    0.0153500880    0.0004921012    
0.4284710400    0.0158917660    0.0005022907    
0.4287126300    0.0166851330    0.0005176329    
0.4289542200    0.0161346160    0.0005109884    
0.4291958100    0.0152855050    0.0004996224    
0.4294374000    0.0155027850    0.0005078106    
0.4296789900    0.0159459610    0.0005133187    
0.4299205700    0.0158335830    0.0005169848    
0.4301621600    0.0143164330    0.0004966315    
0.4304037500    0.0152865910    0.0005153109    
0.4306453400    0.0158639720    0.0005308676    
0.4308869300    0.0153444310    0.0005152156    
0.4311285200    0.0158350910    0.0005266673    
0.4313701000    0.0163791510    0.0005394186    
0.4316116900    0.0156909370    0.0005313622    
0.4318532800    0.0156729170    0.0005325874    
0.4320948700    0.0152740450    0.0005292143    
0.4323364600    0.0166106220    0.0005567893    
0.4325780500    0.0153185600    0.0005379074    
0.4328196400    0.0155189860    0.0005459560    
0.4330612200    0.0154347260    0.0005530064    
0.4333028100    0.0157168810    0.0005567205    
0.4335444000    0.0166376850    0.0005710039    
0.4337859900    0.0146421850    0.0005386215    
0.4340275800    0.0149174750    0.0005480072    
0.4342691700    0.0153746690    0.0005617782    
0.4345107600    0.0153336830    0.0005652071    
0.4347523400    0.0160562250    0.0005812744    
0.4349939300    0.0159663770    0.0005845706    
0.4352355200    0.0156719310    0.0005877433    
0.4354771100    0.0153240680    0.0005863592    
0.4357187000    0.0160752270    0.0006133082    
0.4359602900    0.0154956740    0.0005933600    
0.4362018800    0.0168380920    0.0006236330    
0.4364434600    0.0156129730    0.0006049904    
0.4366850500    0.0155693210    0.0006116207    
0.4369266400    0.0161112040    0.0006319334    
0.4371682300    0.0158398370    0.0006290803    
0.4374098200    0.0157096330    0.0006360645    
0.4376514100    0.0161065080    0.0006521334    
0.4378930000    0.0157181620    0.0006532245    
0.4381345800    0.0152415660    0.0006546813    
0.4383761700    0.0153485440    0.0006698654    
0.4386177600    0.0159599180    0.0006714388    
0.4388593500    0.0153937200    0.0006692922    
0.4391009400    0.0150383130    0.0006725338    
0.4393425300    0.0160326940    0.0007037571    
0.4395841100    0.0166261270    0.0007312163    
0.4398257000    0.0157785860    0.0007293654    
0.4400672900    0.0156335270    0.0007411003    
0.4403088800    0.0151098900    0.0007498913    
0.4405504700    0.0146920020    0.0007648351    
0.4407920600    0.0160761120    0.0008323895    
0.4410336500    0.0152783790    0.0008347470    
0.4412752300    0.0159416030    0.0008557901    
0.4415168200    0.0168580100    0.0009252035    
0.4417584100    0.0171281900    0.0012661522    
0.4420000000    0.0175154860    0.0019461651    