# Diamond Light Source Ltd.
# Data extracted from: /dls/b21/data/2017/mx13440-2/processed/b21-369037_00199.dat
q(1/A)          Column          Error           
0.0040000000    0.8083057300    0.0210393580    
0.0042415885    0.8511685200    0.0203062470    
0.0044831771    0.6898162900    0.0170182410    
0.0047247656    0.5652253100    0.0149157250    
0.0049663541    0.4237003100    0.0121754970    
0.0052079426    0.3634186600    0.0116030650    
0.0054495312    0.2991443100    0.0097055231    
0.0056911197    0.2659060600    0.0086271317    
0.0059327082    0.2020886000    0.0075209590    
0.0061742967    0.1675979300    0.0065636416    
0.0064158853    0.1506427800    0.0061602413    
0.0066574738    0.1354021600    0.0055185802    
0.0068990623    0.1122149000    0.0050693525    
0.0071406509    0.0981127060    0.0046562230    
0.0073822394    0.0970476810    0.0044764757    
0.0076238279    0.0822646860    0.0040236973    
0.0078654164    0.0660250610    0.0036624114    
0.0081070050    0.0730176810    0.0036508841    
0.0083485935    0.0670627930    0.0033785747    
0.0085901820    0.0581465800    0.0031674461    
0.0088317705    0.0544716640    0.0029850288    
0.0090733591    0.0570029380    0.0030339603    
0.0093149476    0.0499323590    0.0027362764    
0.0095565361    0.0511319350    0.0027689495    
0.0097981247    0.0454339480    0.0026101121    
0.0100397130    0.0408655620    0.0023914762    
0.0102813020    0.0332463940    0.0022066407    
0.0105228900    0.0397145400    0.0022592813    
0.0107644790    0.0381802610    0.0022381665    
0.0110060670    0.0340453980    0.0020605212    
0.0112476560    0.0326002470    0.0020064065    
0.0114892440    0.0352675400    0.0020568447    
0.0117308330    0.0306570940    0.0019086273    
0.0119724210    0.0268088770    0.0017600890    
0.0122140100    0.0310917180    0.0018783194    
0.0124555980    0.0315956170    0.0018364579    
0.0126971870    0.0283683560    0.0017941724    
0.0129387760    0.0309809900    0.0017739663    
0.0131803640    0.0233017680    0.0015639122    
0.0134219530    0.0290966970    0.0016855264    
0.0136635410    0.0267655440    0.0016228995    
0.0139051300    0.0302096400    0.0017241552    
0.0141467180    0.0257550800    0.0015559213    
0.0143883070    0.0233656580    0.0014603536    
0.0146298950    0.0237307460    0.0014717184    
0.0148714840    0.0240797280    0.0014933613    
0.0151130720    0.0259160240    0.0015324466    
0.0153546610    0.0247712480    0.0014422378    
0.0155962490    0.0230490000    0.0014053223    
0.0158378380    0.0243732070    0.0014119020    
0.0160794260    0.0265815180    0.0014744773    
0.0163210150    0.0239393680    0.0013685226    
0.0165626030    0.0210467580    0.0013077819    
0.0168041920    0.0207411750    0.0012507399    
0.0170457800    0.0206872370    0.0012566601    
0.0172873690    0.0235318060    0.0013322262    
0.0175289580    0.0225825540    0.0012973338    
0.0177705460    0.0259828200    0.0013675169    
0.0180121350    0.0236430440    0.0012898338    
0.0182537230    0.0203043020    0.0011821622    
0.0184953120    0.0203993150    0.0011817006    
0.0187369000    0.0234797480    0.0012677872    
0.0189784890    0.0211007930    0.0011704614    
0.0192200770    0.0208362560    0.0011815157    
0.0194616660    0.0204200580    0.0011397365    
0.0197032540    0.0193777690    0.0011187760    
0.0199448430    0.0227365830    0.0012118639    
0.0201864310    0.0202928310    0.0011361804    
0.0204280200    0.0206664850    0.0011241086    
0.0206696080    0.0210916050    0.0011194262    
0.0209111970    0.0191725370    0.0010906875    
0.0211527850    0.0209925830    0.0011064063    
0.0213943740    0.0195084570    0.0010690568    
0.0216359620    0.0182132840    0.0010377982    
0.0218775510    0.0217346470    0.0011284066    
0.0221191400    0.0193734250    0.0010460666    
0.0223607280    0.0184474650    0.0010139644    
0.0226023170    0.0210517170    0.0011157388    
0.0228439050    0.0195149940    0.0010271049    
0.0230854940    0.0204004850    0.0010479025    
0.0233270820    0.0206888610    0.0010530353    
0.0235686710    0.0182418310    0.0009951735    
0.0238102590    0.0202465660    0.0010265416    
0.0240518480    0.0184049260    0.0009727306    
0.0242934360    0.0198988520    0.0010262049    
0.0245350250    0.0195127780    0.0010036290    
0.0247766130    0.0176949630    0.0009499154    
0.0250182020    0.0174359890    0.0009526298    
0.0252597900    0.0203809880    0.0010053200    
0.0255013790    0.0174775460    0.0009237170    
0.0257429670    0.0193589190    0.0009740529    
0.0259845560    0.0195398650    0.0009673674    
0.0262261450    0.0182635480    0.0009406205    
0.0264677330    0.0182777530    0.0009303131    
0.0267093220    0.0192198760    0.0009468954    
0.0269509100    0.0201906200    0.0009759504    
0.0271924990    0.0196602130    0.0009559123    
0.0274340870    0.0189403230    0.0009434847    
0.0276756760    0.0193253020    0.0009374149    
0.0279172640    0.0208415580    0.0009717426    
0.0281588530    0.0182524990    0.0008981467    
0.0284004410    0.0201978640    0.0009531961    
0.0286420300    0.0196507890    0.0009222572    
0.0288836180    0.0194457610    0.0009270403    
0.0291252070    0.0193810320    0.0009066064    
0.0293667950    0.0178943680    0.0008815922    
0.0296083840    0.0190417570    0.0008986361    
0.0298499720    0.0173348930    0.0008603163    
0.0300915610    0.0192113950    0.0009026300    
0.0303331490    0.0205199030    0.0009251087    
0.0305747380    0.0201528800    0.0009048910    
0.0308163270    0.0182432320    0.0008609514    
0.0310579150    0.0180112260    0.0008596289    
0.0312995040    0.0187722140    0.0008705406    
0.0315410920    0.0183535160    0.0008566688    
0.0317826810    0.0204230690    0.0009008229    
0.0320242690    0.0201996750    0.0008875228    
0.0322658580    0.0182515140    0.0008556442    
0.0325074460    0.0184476360    0.0008455460    
0.0327490350    0.0188355470    0.0008517729    
0.0329906230    0.0185539240    0.0008364755    
0.0332322120    0.0183589680    0.0008370969    
0.0334738000    0.0186518170    0.0008324714    
0.0337153890    0.0179671820    0.0008158477    
0.0339569770    0.0193949180    0.0008488925    
0.0341985660    0.0203093930    0.0008699588    
0.0344401540    0.0181855060    0.0008124685    
0.0346817430    0.0186901710    0.0008308795    
0.0349233310    0.0192594750    0.0008397530    
0.0351649200    0.0171821650    0.0007785982    
0.0354065090    0.0179834480    0.0008010464    
0.0356480970    0.0191535640    0.0008152298    
0.0358896860    0.0177756920    0.0007941593    
0.0361312740    0.0188070540    0.0008056057    
0.0363728630    0.0178808760    0.0007833754    
0.0366144510    0.0174453600    0.0007801802    
0.0368560400    0.0179452730    0.0007794928    
0.0370976280    0.0168981620    0.0007657288    
0.0373392170    0.0188592830    0.0008012542    
0.0375808050    0.0180602860    0.0007757557    
0.0378223940    0.0181602510    0.0007778997    
0.0380639820    0.0179024750    0.0007754423    
0.0383055710    0.0171493260    0.0007442174    
0.0385471590    0.0173148130    0.0007506923    
0.0387887480    0.0182045060    0.0007727382    
0.0390303360    0.0192618970    0.0007857092    
0.0392719250    0.0192769460    0.0007850179    
0.0395135140    0.0189252930    0.0007778248    
0.0397551020    0.0174476620    0.0007614784    
0.0399966910    0.0174613130    0.0007333062    
0.0402382790    0.0185026440    0.0007604540    
0.0404798680    0.0183851920    0.0007524558    
0.0407214560    0.0181865920    0.0007558090    
0.0409630450    0.0181935720    0.0007439905    
0.0412046330    0.0184775800    0.0007543440    
0.0414462220    0.0169858260    0.0007171421    
0.0416878100    0.0181835040    0.0007411043    
0.0419293990    0.0187727930    0.0007521161    
0.0421709870    0.0178611480    0.0007310081    
0.0424125760    0.0184251450    0.0007460123    
0.0426541640    0.0167843030    0.0007011743    
0.0428957530    0.0167940670    0.0007021952    
0.0431373410    0.0176923540    0.0007198917    
0.0433789300    0.0174199920    0.0007093969    
0.0436205180    0.0184044570    0.0007275000    
0.0438621070    0.0184888810    0.0007308372    
0.0441036960    0.0178580740    0.0007166198    
0.0443452840    0.0166148040    0.0006857664    
0.0445868730    0.0188355470    0.0007376570    
0.0448284610    0.0195273290    0.0007417819    
0.0450700500    0.0182002680    0.0007405584    
0.0453116380    0.0174097150    0.0007260353    
0.0455532270    0.0186850020    0.0007738537    
0.0457948150    0.0182219890    0.0007632351    
0.0460364040    0.0170618290    0.0007404203    
0.0462779920    0.0170702850    0.0007522066    
0.0465195810    0.0187938870    0.0007892691    
0.0467611690    0.0189100300    0.0007948478    
0.0470027580    0.0193443590    0.0008039241    
0.0472443460    0.0175015520    0.0007803556    
0.0474859350    0.0175522890    0.0007719488    
0.0477275230    0.0182204120    0.0007929417    
0.0479691120    0.0166787230    0.0007596950    
0.0482107000    0.0190168110    0.0008191120    
0.0484522890    0.0170964530    0.0007723390    
0.0486938780    0.0179380450    0.0007966565    
0.0489354660    0.0178970670    0.0007979908    
0.0491770550    0.0197306020    0.0008475019    
0.0494186430    0.0173888570    0.0007799968    
0.0496602320    0.0184800850    0.0007816243    
0.0499018200    0.0201464540    0.0008045719    
0.0501434090    0.0192198760    0.0007731368    
0.0503849970    0.0187255880    0.0007557032    
0.0506265860    0.0174353680    0.0007239642    
0.0508681740    0.0178958050    0.0007299851    
0.0511097630    0.0178461540    0.0007255493    
0.0513513510    0.0177986780    0.0007113782    
0.0515929400    0.0187905640    0.0007427623    
0.0518345280    0.0175996510    0.0007073897    
0.0520761170    0.0184133560    0.0007318652    
0.0523177050    0.0166480310    0.0006751668    
0.0525592940    0.0185094880    0.0007254440    
0.0528008830    0.0174773370    0.0006865746    
0.0530424710    0.0198434200    0.0007339354    
0.0532840600    0.0189873220    0.0007140917    
0.0535256480    0.0173222380    0.0006820625    
0.0537672370    0.0187744990    0.0007040987    
0.0540088250    0.0160957870    0.0006533078    
0.0542504140    0.0181044320    0.0006958098    
0.0544920020    0.0182490850    0.0006927258    
0.0547335910    0.0173383190    0.0006703381    
0.0549751790    0.0180964640    0.0006820361    
0.0552167680    0.0190349930    0.0007002135    
0.0554583560    0.0180620190    0.0006745384    
0.0556999450    0.0165019230    0.0006428237    
0.0559415330    0.0180807090    0.0006776032    
0.0561831220    0.0175242440    0.0006604698    
0.0564247100    0.0179901080    0.0006672162    
0.0566662990    0.0180462560    0.0006656462    
0.0569078870    0.0179042110    0.0006695795    
0.0571494760    0.0176288600    0.0006579032    
0.0573910650    0.0190242810    0.0006730307    
0.0576326530    0.0174790450    0.0006500527    
0.0578742420    0.0189535330    0.0006756205    
0.0581158300    0.0177472010    0.0006476046    
0.0583574190    0.0185754930    0.0006613051    
0.0585990070    0.0174051930    0.0006437543    
0.0588405960    0.0169126690    0.0006333844    
0.0590821840    0.0179736870    0.0006468872    
0.0593237730    0.0181909710    0.0006525975    
0.0595653610    0.0186102790    0.0006625435    
0.0598069500    0.0188030340    0.0006514865    
0.0600485380    0.0180034220    0.0006409388    
0.0602901270    0.0176474860    0.0006351469    
0.0605317150    0.0184297550    0.0006455662    
0.0607733040    0.0177727250    0.0006311279    
0.0610148920    0.0183949400    0.0006455358    
0.0612564810    0.0175798850    0.0006282539    
0.0614980690    0.0189593860    0.0006461341    
0.0617396580    0.0188127320    0.0006581742    
0.0619812470    0.0182727410    0.0006480674    
0.0622228350    0.0183146110    0.0006447048    
0.0624644240    0.0178753900    0.0006323858    
0.0627060120    0.0183021980    0.0006450677    
0.0629476010    0.0175232420    0.0006352170    
0.0631891890    0.0183704050    0.0006462686    
0.0634307780    0.0187243330    0.0006495399    
0.0636723660    0.0181735790    0.0006393443    
0.0639139550    0.0188036770    0.0006491750    
0.0641555430    0.0181691910    0.0006314230    
0.0643971320    0.0193519550    0.0006579862    
0.0646387200    0.0167796880    0.0006015810    
0.0648803090    0.0188713820    0.0006435088    
0.0651218970    0.0185663050    0.0006258700    
0.0653634860    0.0188719040    0.0006358106    
0.0656050740    0.0176252450    0.0006128898    
0.0658466630    0.0183553240    0.0006223038    
0.0660882520    0.0184524810    0.0006223867    
0.0663298400    0.0174610550    0.0006064475    
0.0665714290    0.0172667470    0.0006000610    
0.0668130170    0.0189982880    0.0006315245    
0.0670546060    0.0174719160    0.0006021220    
0.0672961940    0.0192226200    0.0006289834    
0.0675377830    0.0175163200    0.0005955727    
0.0677793710    0.0170060440    0.0005906443    
0.0680209600    0.0188833130    0.0006149253    
0.0682625480    0.0191340040    0.0006194863    
0.0685041370    0.0179566310    0.0005982221    
0.0687457250    0.0189854880    0.0006235652    
0.0689873140    0.0177013170    0.0005930164    
0.0692289020    0.0174033150    0.0005880035    
0.0694704910    0.0182090000    0.0006009866    
0.0697120790    0.0192382740    0.0006158021    
0.0699536680    0.0187639870    0.0006110395    
0.0701952560    0.0190522590    0.0006152295    
0.0704368450    0.0179536570    0.0005991213    
0.0706784340    0.0180984600    0.0006073446    
0.0709200220    0.0187030900    0.0006119838    
0.0711616110    0.0184534800    0.0006074037    
0.0714031990    0.0175728240    0.0005974939    
0.0716447880    0.0202062160    0.0006438236    
0.0718863760    0.0183244290    0.0006047963    
0.0721279650    0.0175123200    0.0005856996    
0.0723695530    0.0186801700    0.0006016478    
0.0726111420    0.0186578940    0.0006050237    
0.0728527300    0.0190362400    0.0006022800    
0.0730943190    0.0182944570    0.0005944900    
0.0733359070    0.0180917900    0.0005875940    
0.0735774960    0.0192683070    0.0006087090    
0.0738190840    0.0189780480    0.0005977523    
0.0740606730    0.0190446230    0.0006001470    
0.0743022610    0.0180125840    0.0005840980    
0.0745438500    0.0176638040    0.0005758236    
0.0747854380    0.0184244400    0.0005820502    
0.0750270270    0.0178094350    0.0005769042    
0.0752686160    0.0183555990    0.0005784340    
0.0755102040    0.0174948350    0.0005655277    
0.0757517930    0.0190590560    0.0005924221    
0.0759933810    0.0185365110    0.0005750693    
0.0762349700    0.0192411670    0.0005935128    
0.0764765580    0.0182554620    0.0005727248    
0.0767181470    0.0173614340    0.0005577296    
0.0769597350    0.0188051210    0.0005759669    
0.0772013240    0.0191480470    0.0005799776    
0.0774429120    0.0180060690    0.0005596916    
0.0776845010    0.0179788540    0.0005569653    
0.0779260890    0.0187273640    0.0005719779    
0.0781676780    0.0185400980    0.0005652049    
0.0784092660    0.0182877700    0.0005625009    
0.0786508550    0.0185188630    0.0005614355    
0.0788924430    0.0183034510    0.0005635166    
0.0791340320    0.0187221900    0.0005660411    
0.0793756210    0.0182566650    0.0005604847    
0.0796172090    0.0180418190    0.0005515545    
0.0798587980    0.0188159990    0.0005686175    
0.0801003860    0.0181725990    0.0005584304    
0.0803419750    0.0182343530    0.0005515441    
0.0805835630    0.0181389480    0.0005545238    
0.0808251520    0.0181409730    0.0005538099    
0.0810667400    0.0185129230    0.0005594586    
0.0813083290    0.0183072940    0.0005497413    
0.0815499170    0.0181369120    0.0005552405    
0.0817915060    0.0180295820    0.0005498971    
0.0820330940    0.0200017990    0.0005731198    
0.0822746830    0.0189015790    0.0005585928    
0.0825162710    0.0191550510    0.0005597639    
0.0827578600    0.0186051920    0.0005534711    
0.0829994480    0.0178744490    0.0005355377    
0.0832410370    0.0181461310    0.0005458872    
0.0834826250    0.0182434910    0.0005410379    
0.0837242140    0.0198843460    0.0005637689    
0.0839658030    0.0178329850    0.0005352573    
0.0842073910    0.0184862450    0.0005432433    
0.0844489800    0.0192322540    0.0005506178    
0.0846905680    0.0183264480    0.0005335035    
0.0849321570    0.0183294640    0.0005395688    
0.0851737450    0.0190405060    0.0005431284    
0.0854153340    0.0187443120    0.0005422325    
0.0856569220    0.0185993260    0.0005364694    
0.0858985110    0.0176053230    0.0005274744    
0.0861400990    0.0189861670    0.0005420196    
0.0863816880    0.0179424230    0.0005288633    
0.0866232760    0.0187744990    0.0005453925    
0.0868648650    0.0179826170    0.0005268536    
0.0871064530    0.0181245460    0.0005305566    
0.0873480420    0.0189238970    0.0005378365    
0.0875896300    0.0184325120    0.0005321008    
0.0878312190    0.0185255720    0.0005327930    
0.0880728080    0.0177586590    0.0005200689    
0.0883143960    0.0183609040    0.0005284945    
0.0885559850    0.0172997270    0.0005148637    
0.0887975730    0.0183014860    0.0005270025    
0.0890391620    0.0193719260    0.0005425224    
0.0892807500    0.0179505440    0.0005203603    
0.0895223390    0.0192311080    0.0005373160    
0.0897639270    0.0192934190    0.0005346920    
0.0900055160    0.0189975440    0.0005318291    
0.0902471040    0.0187657180    0.0005307747    
0.0904886930    0.0189670700    0.0005289075    
0.0907302810    0.0179294540    0.0005097793    
0.0909718700    0.0189008310    0.0005326820    
0.0912134580    0.0187988950    0.0005225949    
0.0914550470    0.0177083000    0.0005137699    
0.0916966350    0.0181887300    0.0005140439    
0.0919382240    0.0194272830    0.0005331053    
0.0921798120    0.0179688810    0.0005094609    
0.0924214010    0.0191533250    0.0005259839    
0.0926629900    0.0188076410    0.0005182525    
0.0929045780    0.0184851360    0.0005191143    
0.0931461670    0.0180811690    0.0005075697    
0.0933877550    0.0178996920    0.0005058752    
0.0936293440    0.0192247870    0.0005263609    
0.0938709320    0.0185920650    0.0005164462    
0.0941125210    0.0184273460    0.0005101026    
0.0943541090    0.0184414670    0.0005102980    
0.0945956980    0.0190845960    0.0005199950    
0.0948372860    0.0191177450    0.0005178318    
0.0950788750    0.0182726140    0.0005048531    
0.0953204630    0.0189776700    0.0005165068    
0.0955620520    0.0183679270    0.0005072929    
0.0958036400    0.0184771730    0.0005062714    
0.0960452290    0.0189210690    0.0005123166    
0.0962868170    0.0181935720    0.0005045989    
0.0965284060    0.0189488120    0.0005126921    
0.0967699940    0.0182968400    0.0005037948    
0.0970115830    0.0195523160    0.0005154277    
0.0972531720    0.0184078290    0.0005017415    
0.0974947600    0.0193641230    0.0005140515    
0.0977363490    0.0196517670    0.0005159028    
0.0979779370    0.0201556090    0.0005244519    
0.0982195260    0.0193441420    0.0005140648    
0.0984611140    0.0199530790    0.0005190064    
0.0987027030    0.0213217900    0.0005370881    
0.0989442910    0.0197330280    0.0005169684    
0.0991858800    0.0197680160    0.0005157654    
0.0994274680    0.0205611680    0.0005237771    
0.0996690570    0.0199791480    0.0005127918    
0.0999106450    0.0205112250    0.0005236956    
0.1001522300    0.0197290800    0.0005095725    
0.1003938200    0.0214522100    0.0005333138    
0.1006354100    0.0220224910    0.0005380951    
0.1008770000    0.0213094530    0.0005304208    
0.1011185900    0.0203852510    0.0005187910    
0.1013601800    0.0215659100    0.0005341632    
0.1016017700    0.0201006710    0.0005122125    
0.1018433500    0.0217249360    0.0005444863    
0.1020849400    0.0214741500    0.0005488181    
0.1023265300    0.0203609060    0.0005386181    
0.1025681200    0.0215379670    0.0005511695    
0.1028097100    0.0218061370    0.0005628444    
0.1030513000    0.0221775310    0.0005695916    
0.1032928800    0.0216136660    0.0005676027    
0.1035344700    0.0223469440    0.0005694528    
0.1037760600    0.0235247040    0.0005942780    
0.1040176500    0.0221027680    0.0005784559    
0.1042592400    0.0222820920    0.0005825508    
0.1045008300    0.0216095700    0.0005702547    
0.1047424200    0.0220805200    0.0005816709    
0.1049840000    0.0215547930    0.0005775217    
0.1052255900    0.0202089290    0.0005609265    
0.1054671800    0.0218230590    0.0005793279    
0.1057087700    0.0196571640    0.0005535582    
0.1059503600    0.0182965280    0.0005360505    
0.1061919500    0.0198423050    0.0005578878    
0.1064335400    0.0189828670    0.0005322532    
0.1066751200    0.0197185510    0.0005343016    
0.1069167100    0.0194619240    0.0005292946    
0.1071583000    0.0192580070    0.0005197279    
0.1073998900    0.0191162550    0.0005160904    
0.1076414800    0.0186883470    0.0005139906    
0.1078830700    0.0191886410    0.0005133884    
0.1081246600    0.0188238130    0.0005115620    
0.1083662400    0.0184391260    0.0005000010    
0.1086078300    0.0191219570    0.0005147458    
0.1088494200    0.0185625740    0.0005005954    
0.1090910100    0.0187993280    0.0005024332    
0.1093326000    0.0194779290    0.0005087165    
0.1095741900    0.0185126540    0.0004972640    
0.1098157700    0.0178458780    0.0004833815    
0.1100573600    0.0187471740    0.0004990825    
0.1102989500    0.0183516510    0.0004894209    
0.1105405400    0.0187498970    0.0004944467    
0.1107821300    0.0190051980    0.0005001368    
0.1110237200    0.0193708200    0.0004999858    
0.1112653100    0.0186034690    0.0004950814    
0.1115068900    0.0186117170    0.0004880949    
0.1117484800    0.0181978260    0.0004819031    
0.1119900700    0.0195832320    0.0004978967    
0.1122316600    0.0190718050    0.0004930898    
0.1124732500    0.0185718170    0.0004838971    
0.1127148400    0.0187863700    0.0004861978    
0.1129564300    0.0193621740    0.0004953275    
0.1131980100    0.0186298720    0.0004834445    
0.1134396000    0.0194417800    0.0004951010    
0.1136811900    0.0195958660    0.0004958199    
0.1139227800    0.0185323850    0.0004802684    
0.1141643700    0.0184579380    0.0004757896    
0.1144059600    0.0188933250    0.0004816029    
0.1146475500    0.0184652000    0.0004786880    
0.1148891300    0.0179798150    0.0004664185    
0.1151307200    0.0186152090    0.0004796842    
0.1153723100    0.0196239390    0.0004868100    
0.1156139000    0.0180585320    0.0004708430    
0.1158554900    0.0183284480    0.0004693435    
0.1160970800    0.0191692740    0.0004848710    
0.1163386700    0.0187123550    0.0004751410    
0.1165802500    0.0184116600    0.0004708572    
0.1168218400    0.0194399240    0.0004806212    
0.1170634300    0.0177385350    0.0004595414    
0.1173050200    0.0179833800    0.0004640196    
0.1175466100    0.0187504640    0.0004724673    
0.1177882000    0.0182747410    0.0004640292    
0.1180297800    0.0187518020    0.0004702669    
0.1182713700    0.0174482270    0.0004555502    
0.1185129600    0.0180406850    0.0004606174    
0.1187545500    0.0177860880    0.0004565040    
0.1189961400    0.0184555740    0.0004641535    
0.1192377300    0.0179524110    0.0004552580    
0.1194793200    0.0183752270    0.0004599560    
0.1197209000    0.0183113710    0.0004593661    
0.1199624900    0.0179345940    0.0004537859    
0.1202040800    0.0185142140    0.0004577345    
0.1204456700    0.0177240690    0.0004529767    
0.1206872600    0.0182476900    0.0004546321    
0.1209288500    0.0185945260    0.0004622701    
0.1211704400    0.0185690490    0.0004596525    
0.1214120200    0.0185939690    0.0004583077    
0.1216536100    0.0179711510    0.0004495598    
0.1218952000    0.0184371260    0.0004529309    
0.1221367900    0.0186111670    0.0004583142    
0.1223783800    0.0183754710    0.0004523728    
0.1226199700    0.0192466290    0.0004646180    
0.1228615600    0.0184398850    0.0004543718    
0.1231031400    0.0182618710    0.0004517719    
0.1233447300    0.0193846410    0.0004652463    
0.1235863200    0.0184539450    0.0004559658    
0.1238279100    0.0176976840    0.0004416149    
0.1240695000    0.0193701800    0.0004608031    
0.1243110900    0.0183018820    0.0004477211    
0.1245526800    0.0178363560    0.0004431478    
0.1247942600    0.0190017210    0.0004538392    
0.1250358500    0.0181826390    0.0004458726    
0.1252774400    0.0178972210    0.0004414024    
0.1255190300    0.0182380970    0.0004444352    
0.1257606200    0.0194390590    0.0004606205    
0.1260022100    0.0185991380    0.0004501695    
0.1262437900    0.0187093690    0.0004499473    
0.1264853800    0.0180028940    0.0004408028    
0.1267269700    0.0192725800    0.0004537552    
0.1269685600    0.0179630930    0.0004382546    
0.1272101500    0.0191071710    0.0004519955    
0.1274517400    0.0182104340    0.0004442891    
0.1276933300    0.0196351680    0.0004545470    
0.1279349100    0.0178212490    0.0004381980    
0.1281765000    0.0183032440    0.0004431375    
0.1284180900    0.0189622980    0.0004485684    
0.1286596800    0.0188292800    0.0004483162    
0.1289012700    0.0186176650    0.0004442863    
0.1291428600    0.0184940580    0.0004437438    
0.1293844500    0.0188618890    0.0004445790    
0.1296260300    0.0184121350    0.0004412704    
0.1298676200    0.0184544370    0.0004417770    
0.1301092100    0.0186368070    0.0004417347    
0.1303508000    0.0185859890    0.0004400361    
0.1305923900    0.0189092690    0.0004483186    
0.1308339800    0.0186819900    0.0004443058    
0.1310755700    0.0193439150    0.0004502239    
0.1313171500    0.0186793990    0.0004415058    
0.1315587400    0.0186018580    0.0004400419    
0.1318003300    0.0190660820    0.0004467931    
0.1320419200    0.0184762200    0.0004362163    
0.1322835100    0.0180055100    0.0004323952    
0.1325251000    0.0181566830    0.0004340277    
0.1327666900    0.0186298410    0.0004387441    
0.1330082700    0.0178652220    0.0004296461    
0.1332498600    0.0192095100    0.0004462503    
0.1334914500    0.0182494130    0.0004371195    
0.1337330400    0.0183884830    0.0004330600    
0.1339746300    0.0186319850    0.0004369806    
0.1342162200    0.0182789080    0.0004326444    
0.1344578000    0.0183676520    0.0004351107    
0.1346993900    0.0185725810    0.0004348704    
0.1349409800    0.0186307030    0.0004380362    
0.1351825700    0.0182589800    0.0004304879    
0.1354241600    0.0186744050    0.0004360609    
0.1356657500    0.0177399240    0.0004255268    
0.1359073400    0.0179685490    0.0004308868    
0.1361489200    0.0178284840    0.0004252115    
0.1363905100    0.0181136970    0.0004282545    
0.1366321000    0.0186454610    0.0004343206    
0.1368736900    0.0182407850    0.0004295816    
0.1371152800    0.0188883150    0.0004350484    
0.1373568700    0.0175852870    0.0004214539    
0.1375984600    0.0182386810    0.0004302485    
0.1378400400    0.0185847590    0.0004336131    
0.1380816300    0.0186029670    0.0004315781    
0.1383232200    0.0194244630    0.0004433007    
0.1385648100    0.0194198270    0.0004434259    
0.1388064000    0.0181847010    0.0004260219    
0.1390479900    0.0184629190    0.0004274099    
0.1392895800    0.0191456400    0.0004395783    
0.1395311600    0.0187544760    0.0004312799    
0.1397727500    0.0186552990    0.0004301380    
0.1400143400    0.0184424220    0.0004275085    
0.1402559300    0.0186608230    0.0004343251    
0.1404975200    0.0187300680    0.0004304910    
0.1407391100    0.0187892710    0.0004315099    
0.1409806900    0.0190893450    0.0004380549    
0.1412222800    0.0178979020    0.0004199951    
0.1414638700    0.0186707010    0.0004298082    
0.1417054600    0.0177194940    0.0004154655    
0.1419470500    0.0183008860    0.0004268737    
0.1421886400    0.0188933250    0.0004295047    
0.1424302300    0.0186429850    0.0004278120    
0.1426718100    0.0184202530    0.0004260798    
0.1429134000    0.0187509750    0.0004290493    
0.1431549900    0.0182670000    0.0004244697    
0.1433965800    0.0186465470    0.0004290248    
0.1436381700    0.0191027640    0.0004313774    
0.1438797600    0.0190538090    0.0004304915    
0.1441213500    0.0182250100    0.0004216764    
0.1443629300    0.0182854320    0.0004217220    
0.1446045200    0.0184111290    0.0004234962    
0.1448461100    0.0188494890    0.0004285082    
0.1450877000    0.0190809590    0.0004284882    
0.1453292900    0.0190939530    0.0004322821    
0.1455708800    0.0181042880    0.0004186592    
0.1458124700    0.0188144800    0.0004306151    
0.1460540500    0.0182062950    0.0004168045    
0.1462956400    0.0179259250    0.0004164318    
0.1465372300    0.0182587400    0.0004189945    
0.1467788200    0.0181402780    0.0004171557    
0.1470204100    0.0181241310    0.0004174472    
0.1472620000    0.0184184740    0.0004203422    
0.1475035900    0.0192615320    0.0004292014    
0.1477451700    0.0179963980    0.0004166101    
0.1479867600    0.0185884400    0.0004208374    
0.1482283500    0.0187726780    0.0004256635    
0.1484699400    0.0177543660    0.0004122239    
0.1487115300    0.0181325850    0.0004178636    
0.1489531200    0.0181507520    0.0004130508    
0.1491947000    0.0176910230    0.0004108640    
0.1494362900    0.0182555160    0.0004153274    
0.1496778800    0.0186554940    0.0004212772    
0.1499194700    0.0186467250    0.0004205434    
0.1501610600    0.0183935020    0.0004184666    
0.1504026500    0.0186719370    0.0004194088    
0.1506442400    0.0189844580    0.0004267517    
0.1508858200    0.0186505540    0.0004213806    
0.1511274100    0.0186072760    0.0004177457    
0.1513690000    0.0185885180    0.0004175351    
0.1516105900    0.0177658580    0.0004094124    
0.1518521800    0.0180232070    0.0004117507    
0.1520937700    0.0185845190    0.0004170246    
0.1523353600    0.0187996080    0.0004197429    
0.1525769400    0.0180677740    0.0004128766    
0.1528185300    0.0185732590    0.0004181428    
0.1530601200    0.0180592450    0.0004113947    
0.1533017100    0.0179462910    0.0004122590    
0.1535433000    0.0185775070    0.0004154057    
0.1537848900    0.0188515560    0.0004183042    
0.1540264800    0.0180682280    0.0004104296    
0.1542680600    0.0184883680    0.0004148671    
0.1545096500    0.0187826760    0.0004161615    
0.1547512400    0.0188607420    0.0004190242    
0.1549928300    0.0183774190    0.0004133150    
0.1552344200    0.0175484390    0.0004034390    
0.1554760100    0.0186566360    0.0004161360    
0.1557176000    0.0185239680    0.0004161901    
0.1559591800    0.0191296650    0.0004210683    
0.1562007700    0.0187513390    0.0004144512    
0.1564423600    0.0185325390    0.0004114280    
0.1566839500    0.0187628980    0.0004180904    
0.1569255400    0.0185028720    0.0004122963    
0.1571671300    0.0186267040    0.0004138246    
0.1574087100    0.0187068930    0.0004124625    
0.1576503000    0.0188468130    0.0004187147    
0.1578918900    0.0184758930    0.0004094648    
0.1581334800    0.0183241380    0.0004101505    
0.1583750700    0.0187505080    0.0004156529    
0.1586166600    0.0185989460    0.0004236893    
0.1588582500    0.0183733250    0.0004206284    
0.1590998300    0.0185779440    0.0004278997    
0.1593414200    0.0191380440    0.0004372198    
0.1595830100    0.0187266640    0.0004349162    
0.1598246000    0.0194365840    0.0004421976    
0.1600661900    0.0191189780    0.0004428348    
0.1603077800    0.0194112340    0.0004484028    
0.1605493700    0.0194752980    0.0004498827    
0.1607909500    0.0189664340    0.0004450694    
0.1610325400    0.0187717060    0.0004455583    
0.1612741300    0.0182582550    0.0004396071    
0.1615157200    0.0181888280    0.0004406258    
0.1617573100    0.0192197180    0.0004535173    
0.1619989000    0.0187628010    0.0004517552    
0.1622404900    0.0183923040    0.0004451633    
0.1624820700    0.0185855800    0.0004519645    
0.1627236600    0.0185653160    0.0004505401    
0.1629652500    0.0186152410    0.0004505592    
0.1632068400    0.0184960730    0.0004426469    
0.1634484300    0.0177487420    0.0004268449    
0.1636900200    0.0188626040    0.0004394979    
0.1639316100    0.0190045220    0.0004383066    
0.1641731900    0.0178336030    0.0004242490    
0.1644147800    0.0179993190    0.0004228409    
0.1646563700    0.0178778780    0.0004229156    
0.1648979600    0.0184505130    0.0004260963    
0.1651395500    0.0188436580    0.0004326449    
0.1653811400    0.0183288320    0.0004241922    
0.1656227200    0.0181296580    0.0004240348    
0.1658643100    0.0179169260    0.0004182592    
0.1661059000    0.0185280250    0.0004248385    
0.1663474900    0.0186387240    0.0004231704    
0.1665890800    0.0181445040    0.0004173632    
0.1668306700    0.0186169790    0.0004248725    
0.1670722600    0.0182117060    0.0004181354    
0.1673138400    0.0178620820    0.0004139446    
0.1675554300    0.0178864410    0.0004121913    
0.1677970200    0.0180977160    0.0004165074    
0.1680386100    0.0184465720    0.0004209835    
0.1682802000    0.0186512850    0.0004207533    
0.1685217900    0.0182993730    0.0004153588    
0.1687633800    0.0192366690    0.0004253860    
0.1690049600    0.0176928410    0.0004105742    
0.1692465500    0.0187168390    0.0004169606    
0.1694881400    0.0181778830    0.0004136682    
0.1697297300    0.0181072730    0.0004116353    
0.1699713200    0.0176885740    0.0004088273    
0.1702129100    0.0178266920    0.0004066250    
0.1704545000    0.0187394930    0.0004179841    
0.1706960800    0.0178593620    0.0004097219    
0.1709376700    0.0177127790    0.0004033975    
0.1711792600    0.0182223640    0.0004106595    
0.1714208500    0.0176758770    0.0004022442    
0.1716624400    0.0183882060    0.0004128274    
0.1719040300    0.0179324930    0.0004041269    
0.1721456200    0.0178100340    0.0004043560    
0.1723872000    0.0173877350    0.0003995333    
0.1726287900    0.0179269030    0.0004052377    
0.1728703800    0.0192015430    0.0004203150    
0.1731119700    0.0176228410    0.0004006226    
0.1733535600    0.0181186350    0.0004063659    
0.1735951500    0.0176139490    0.0003983670    
0.1738367300    0.0183760730    0.0004083572    
0.1740783200    0.0186281080    0.0004092360    
0.1743199100    0.0184788790    0.0004080307    
0.1745615000    0.0183909380    0.0004061879    
0.1748030900    0.0183126790    0.0004044594    
0.1750446800    0.0182219890    0.0004079663    
0.1752862700    0.0180393890    0.0004005787    
0.1755278500    0.0178276880    0.0004038212    
0.1757694400    0.0178928270    0.0003997961    
0.1760110300    0.0189784910    0.0004124784    
0.1762526200    0.0183611190    0.0004035654    
0.1764942100    0.0187288810    0.0004080182    
0.1767358000    0.0185160800    0.0004054076    
0.1769773900    0.0176072530    0.0003944999    
0.1772189700    0.0182635480    0.0004024917    
0.1774605600    0.0181440150    0.0004023073    
0.1777021500    0.0180530320    0.0003996029    
0.1779437400    0.0176939600    0.0003957479    
0.1781853300    0.0187865830    0.0004087905    
0.1784269200    0.0180111120    0.0003966397    
0.1786685100    0.0178444270    0.0003957619    
0.1789100900    0.0179650030    0.0003957203    
0.1791516800    0.0184034980    0.0004012153    
0.1793932700    0.0184162870    0.0004014941    
0.1796348600    0.0178523710    0.0003935258    
0.1798764500    0.0183988720    0.0003995037    
0.1801180400    0.0183594680    0.0003992132    
0.1803596200    0.0179697690    0.0003975652    
0.1806012100    0.0189582510    0.0004051130    
0.1808428000    0.0183742780    0.0003986879    
0.1810843900    0.0175305980    0.0003882291    
0.1813259800    0.0178839560    0.0003927932    
0.1815675700    0.0178229180    0.0003914526    
0.1818091600    0.0177900340    0.0003908246    
0.1820507400    0.0177283440    0.0003904126    
0.1822923300    0.0173392170    0.0003853159    
0.1825339200    0.0176354930    0.0003897882    
0.1827755100    0.0176115530    0.0003879347    
0.1830171000    0.0180730080    0.0003960865    
0.1832586900    0.0180507850    0.0003919456    
0.1835002800    0.0184797270    0.0003969777    
0.1837418600    0.0186007010    0.0003972007    
0.1839834500    0.0181157160    0.0003934482    
0.1842250400    0.0177954700    0.0003891638    
0.1844666300    0.0171224740    0.0003813478    
0.1847082200    0.0181257170    0.0003920965    
0.1849498100    0.0177544560    0.0003884527    
0.1851914000    0.0186142830    0.0003997759    
0.1854329800    0.0183493880    0.0003949074    
0.1856745700    0.0177564040    0.0003888678    
0.1859161600    0.0176505640    0.0003849836    
0.1861577500    0.0174742260    0.0003830557    
0.1863993400    0.0180575610    0.0003904395    
0.1866409300    0.0177558780    0.0003853605    
0.1868825200    0.0178259780    0.0003893657    
0.1871241000    0.0180103810    0.0003882413    
0.1873656900    0.0184999780    0.0003955914    
0.1876072800    0.0182935370    0.0003903746    
0.1878488700    0.0179391170    0.0003900730    
0.1880904600    0.0178127420    0.0003877837    
0.1883320500    0.0179081290    0.0003858579    
0.1885736300    0.0182047020    0.0003898125    
0.1888152200    0.0188182520    0.0003961957    
0.1890568100    0.0178199360    0.0003865687    
0.1892984000    0.0182876100    0.0003895392    
0.1895399900    0.0178576170    0.0003862066    
0.1897815800    0.0180330190    0.0003880986    
0.1900231700    0.0176571570    0.0003840328    
0.1902647500    0.0182120350    0.0003889898    
0.1905063400    0.0176186250    0.0003850203    
0.1907479300    0.0178485520    0.0003854700    
0.1909895200    0.0185010050    0.0003909051    
0.1912311100    0.0179948260    0.0003860271    
0.1914727000    0.0173973970    0.0003791912    
0.1917142900    0.0172430170    0.0003786246    
0.1919558700    0.0184069950    0.0003878812    
0.1921974600    0.0183155090    0.0003902220    
0.1924390500    0.0176504530    0.0003837055    
0.1926806400    0.0173706040    0.0003791479    
0.1929222300    0.0178180950    0.0003846329    
0.1931638200    0.0174475320    0.0003775143    
0.1934054100    0.0180043250    0.0003867652    
0.1936469900    0.0184189470    0.0003881330    
0.1938885800    0.0180089920    0.0003857987    
0.1941301700    0.0181644540    0.0003856928    
0.1943717600    0.0173261180    0.0003785378    
0.1946133500    0.0183695260    0.0003862350    
0.1948549400    0.0177243260    0.0003819862    
0.1950965300    0.0178703990    0.0003831816    
0.1953381100    0.0174204250    0.0003780800    
0.1955797000    0.0189715840    0.0003953271    
0.1958212900    0.0170765030    0.0003729952    
0.1960628800    0.0168755910    0.0003709145    
0.1963044700    0.0176337700    0.0003785431    
0.1965460600    0.0184844860    0.0003907305    
0.1967876400    0.0179185250    0.0003807285    
0.1970292300    0.0177018540    0.0003787847    
0.1972708200    0.0176419490    0.0003798582    
0.1975124100    0.0182235230    0.0003858181    
0.1977540000    0.0177545830    0.0003806982    
0.1979955900    0.0175196360    0.0003779261    
0.1982371800    0.0177713550    0.0003814966    
0.1984787600    0.0170156030    0.0003691203    
0.1987203500    0.0177795710    0.0003794932    
0.1989619400    0.0174618280    0.0003763290    
0.1992035300    0.0182591040    0.0003840831    
0.1994451200    0.0179994210    0.0003815870    
0.1996867100    0.0176885680    0.0003775508    
0.1999283000    0.0175787610    0.0003771016    
0.2001698800    0.0177456940    0.0003793756    
0.2004114700    0.0182570210    0.0003859223    
0.2006530600    0.0180383690    0.0003805360    
0.2008946500    0.0180546970    0.0003815603    
0.2011362400    0.0182846330    0.0003814268    
0.2013778300    0.0179427940    0.0003809862    
0.2016194200    0.0186621410    0.0003857099    
0.2018610000    0.0184632920    0.0003852376    
0.2021025900    0.0177014190    0.0003775672    
0.2023441800    0.0185087280    0.0003850974    
0.2025857700    0.0180062580    0.0003801971    
0.2028273600    0.0183995410    0.0003859289    
0.2030689500    0.0179568980    0.0003799179    
0.2033105400    0.0186032700    0.0003844931    
0.2035521200    0.0187731390    0.0003878383    
0.2037937100    0.0183302390    0.0003826280    
0.2040353000    0.0181793100    0.0003818980    
0.2042768900    0.0186184700    0.0003851364    
0.2045184800    0.0179134960    0.0003762310    
0.2047600700    0.0182799840    0.0003828321    
0.2050016500    0.0177606900    0.0003777161    
0.2052432400    0.0188492290    0.0003887472    
0.2054848300    0.0180504410    0.0003788566    
0.2057264200    0.0183215320    0.0003841237    
0.2059680100    0.0179790050    0.0003764463    
0.2062096000    0.0183417240    0.0003815401    
0.2064511900    0.0177428840    0.0003745526    
0.2066927700    0.0181235530    0.0003802237    
0.2069343600    0.0177833570    0.0003761621    
0.2071759500    0.0188615180    0.0003872749    
0.2074175400    0.0181706300    0.0003798761    
0.2076591300    0.0179472730    0.0003769404    
0.2079007200    0.0181292270    0.0003818584    
0.2081423100    0.0176700730    0.0003734318    
0.2083838900    0.0182631510    0.0003804823    
0.2086254800    0.0177800820    0.0003760087    
0.2088670700    0.0185331130    0.0003830431    
0.2091086600    0.0179446730    0.0003782229    
0.2093502500    0.0174503320    0.0003714518    
0.2095918400    0.0185496650    0.0003850335    
0.2098334300    0.0183439620    0.0003821659    
0.2100750100    0.0188773000    0.0003889128    
0.2103166000    0.0180062580    0.0003801971    
0.2105581900    0.0183438020    0.0003808424    
0.2107997800    0.0180576200    0.0003800131    
0.2110413700    0.0187746480    0.0003854100    
0.2112829600    0.0177380640    0.0003772349    
0.2115245400    0.0177396550    0.0003744010    
0.2117661300    0.0178130210    0.0003775504    
0.2120077200    0.0179540090    0.0003772484    
0.2122493100    0.0181792280    0.0003829965    
0.2124909000    0.0180414140    0.0003790012    
0.2127324900    0.0182115030    0.0003833364    
0.2129740800    0.0179800290    0.0003778785    
0.2132156600    0.0177814860    0.0003757863    
0.2134572500    0.0183011580    0.0003826886    
0.2136988400    0.0189013170    0.0003886660    
0.2139404300    0.0178094120    0.0003753719    
0.2141820200    0.0175842820    0.0003746428    
0.2144236100    0.0172355930    0.0003719720    
0.2146652000    0.0179844920    0.0003794838    
0.2149067800    0.0188972930    0.0003872754    
0.2151483700    0.0175519810    0.0003788884    
0.2153899600    0.0181385980    0.0003900098    
0.2156315500    0.0177859770    0.0003899833    
0.2158731400    0.0187468650    0.0004018826    
0.2161147300    0.0177008990    0.0003954089    
0.2163563200    0.0183918110    0.0004040449    
0.2165979000    0.0177400840    0.0003997908    
0.2168394900    0.0179279070    0.0004021894    
0.2170810800    0.0183258330    0.0004112199    
0.2173226700    0.0173499790    0.0003998285    
0.2175642600    0.0179523850    0.0004089604    
0.2178058500    0.0179453740    0.0004104012    
0.2180474400    0.0178081550    0.0004108237    
0.2182890200    0.0176511030    0.0004122784    
0.2185306100    0.0176908070    0.0004100855    
0.2187722000    0.0169922940    0.0004070084    
0.2190137900    0.0178979170    0.0004169076    
0.2192553800    0.0178791510    0.0004205986    
0.2194969700    0.0175008770    0.0004135347    
0.2197385500    0.0176337700    0.0004125493    
0.2199801400    0.0181515770    0.0004141433    
0.2202217300    0.0174891850    0.0004026091    
0.2204633200    0.0176080650    0.0004020567    
0.2207049100    0.0174797240    0.0003979866    
0.2209465000    0.0170538310    0.0003931082    
0.2211880900    0.0171439430    0.0003921754    
0.2214296700    0.0174977950    0.0003956388    
0.2216712600    0.0174571470    0.0003946189    
0.2219128500    0.0178466530    0.0003978714    
0.2221544400    0.0170568470    0.0003908997    
0.2223960300    0.0172080050    0.0003906876    
0.2226376200    0.0175328620    0.0003974490    
0.2228792100    0.0174686700    0.0003937742    
0.2231207900    0.0169893470    0.0003883343    
0.2233623800    0.0175916970    0.0003926757    
0.2236039700    0.0177928720    0.0003965739    
0.2238455600    0.0167619720    0.0003830370    
0.2240871500    0.0176021490    0.0003932030    
0.2243287400    0.0178197910    0.0003935733    
0.2245703300    0.0173166790    0.0003905466    
0.2248119100    0.0171102730    0.0003876702    
0.2250535000    0.0171510140    0.0003879962    
0.2252950900    0.0166112660    0.0003833142    
0.2255366800    0.0176563400    0.0003914941    
0.2257782700    0.0178640490    0.0003947434    
0.2260198600    0.0178364770    0.0003930800    
0.2262614500    0.0176078000    0.0003904178    
0.2265030300    0.0165235660    0.0003776877    
0.2267446200    0.0173710730    0.0003887207    
0.2269862100    0.0175462530    0.0003880054    
0.2272278000    0.0177545490    0.0003913695    
0.2274693900    0.0171913400    0.0003839304    
0.2277109800    0.0175098220    0.0003909455    
0.2279525600    0.0182335580    0.0003952625    
0.2281941500    0.0172704530    0.0003856011    
0.2284357400    0.0169142700    0.0003810835    
0.2286773300    0.0174280230    0.0003881529    
0.2289189200    0.0170530940    0.0003816051    
0.2291605100    0.0175974870    0.0003899017    
0.2294021000    0.0174966760    0.0003871932    
0.2296436800    0.0167562680    0.0003823082    
0.2298852700    0.0174130060    0.0003860038    
0.2301268600    0.0167445700    0.0003824397    
0.2303684500    0.0171192430    0.0003844353    
0.2306100400    0.0170883960    0.0003846163    
0.2308516300    0.0184751980    0.0003990966    
0.2310932200    0.0176041540    0.0003915904    
0.2313348000    0.0168918400    0.0003817426    
0.2315763900    0.0173415740    0.0003871890    
0.2318179800    0.0174574500    0.0003903605    
0.2320595700    0.0169758580    0.0003833478    
0.2323011600    0.0176999710    0.0003926546    
0.2325427500    0.0171076490    0.0003860287    
0.2327843400    0.0168525830    0.0003846058    
0.2330259200    0.0172940950    0.0003861290    
0.2332675100    0.0171427420    0.0003849630    
0.2335091000    0.0165735500    0.0003798237    
0.2337506900    0.0172305750    0.0003852874    
0.2339922800    0.0164744560    0.0003789485    
0.2342338700    0.0167737980    0.0003817159    
0.2344754600    0.0175428650    0.0003915857    
0.2347170400    0.0169439110    0.0003827239    
0.2349586300    0.0172428740    0.0003870164    
0.2352002200    0.0174447480    0.0003925375    
0.2354418100    0.0166020350    0.0003806765    
0.2356834000    0.0172066550    0.0003872780    
0.2359249900    0.0169088590    0.0003815431    
0.2361665700    0.0173604870    0.0003899510    
0.2364081600    0.0175246200    0.0003896285    
0.2366497500    0.0172115830    0.0003882751    
0.2368913400    0.0170604550    0.0003849638    
0.2371329300    0.0169230710    0.0003858128    
0.2373745200    0.0167242370    0.0003820749    
0.2376161100    0.0174050770    0.0003897745    
0.2378576900    0.0172364780    0.0003892331    
0.2380992800    0.0172982360    0.0003877710    
0.2383408700    0.0166513000    0.0003815054    
0.2385824600    0.0179267700    0.0003942092    
0.2388240500    0.0170302330    0.0003859558    
0.2390656400    0.0176372710    0.0003929107    
0.2393072300    0.0173743730    0.0003888919    
0.2395488100    0.0171606730    0.0003870282    
0.2397904000    0.0167765000    0.0003838704    
0.2400319900    0.0170612450    0.0003876555    
0.2402735800    0.0162876540    0.0003792958    
0.2405151700    0.0171813510    0.0003888816    
0.2407567600    0.0172309900    0.0003867497    
0.2409983500    0.0162030560    0.0003771213    
0.2412399300    0.0165126180    0.0003791249    
0.2414815200    0.0173728690    0.0003913165    
0.2417231100    0.0165717240    0.0003788874    
0.2419647000    0.0170145770    0.0003873959    
0.2422062900    0.0169406630    0.0003860133    
0.2424478800    0.0171461440    0.0003884830    
0.2426894600    0.0169688810    0.0003883741    
0.2429310500    0.0167706770    0.0003835365    
0.2431726400    0.0183677810    0.0004011044    
0.2434142300    0.0170548440    0.0003850333    
0.2436558200    0.0163653450    0.0003810018    
0.2438974100    0.0167679350    0.0003821767    
0.2441390000    0.0175001680    0.0003921991    
0.2443805800    0.0167940670    0.0003844738    
0.2446221700    0.0168822710    0.0003858868    
0.2448637600    0.0172402150    0.0003909155    
0.2451053500    0.0171797340    0.0003880506    
0.2453469400    0.0167314020    0.0003870149    
0.2455885300    0.0172235600    0.0003885453    
0.2458301200    0.0171757500    0.0003904588    
0.2460717000    0.0167445700    0.0003824397    
0.2463132900    0.0167532190    0.0003829370    
0.2465548800    0.0164813170    0.0003819461    
0.2467964700    0.0166391080    0.0003820290    
0.2470380600    0.0176178820    0.0003943424    
0.2472796500    0.0170233970    0.0003874963    
0.2475212400    0.0166661180    0.0003857112    
0.2477628200    0.0165759230    0.0003854866    
0.2480044100    0.0166623140    0.0003825618    
0.2482460000    0.0169903690    0.0003864443    
0.2484875900    0.0166939620    0.0003839976    
0.2487291800    0.0172239290    0.0003900452    
0.2489707700    0.0162432490    0.0003778522    
0.2492123600    0.0164827360    0.0003829055    
0.2494539400    0.0164751920    0.0003820094    
0.2496955300    0.0167999930    0.0003864365    
0.2499371200    0.0170000210    0.0003873658    
0.2501787100    0.0168271500    0.0003896468    
0.2504203000    0.0168322350    0.0003850450    
0.2506618900    0.0176564180    0.0003921712    
0.2509034700    0.0166762960    0.0003837944    
0.2511450600    0.0171813510    0.0003888816    
0.2513866500    0.0171508230    0.0003894898    
0.2516282400    0.0161195130    0.0003749738    
0.2518698300    0.0175349810    0.0003932757    
0.2521114200    0.0171949010    0.0003884923    
0.2523530100    0.0170172050    0.0003871548    
0.2525945900    0.0181964940    0.0003993687    
0.2528361800    0.0171765590    0.0003908814    
0.2530777700    0.0167969780    0.0003830377    
0.2533193600    0.0166575060    0.0003810480    
0.2535609500    0.0166594800    0.0003823960    
0.2538025400    0.0169285600    0.0003853376    
0.2540441300    0.0174022080    0.0003906911    
0.2542857100    0.0166744430    0.0003820356    
0.2545273000    0.0167439440    0.0003848420    
0.2547688900    0.0172644400    0.0003877936    
0.2550104800    0.0169916090    0.0003876777    
0.2552520700    0.0169277770    0.0003884521    
0.2554936600    0.0163890740    0.0003784895    
0.2557352500    0.0169819720    0.0003867538    
0.2559768300    0.0174870260    0.0003908264    
0.2562184200    0.0165118140    0.0003816294    
0.2564600100    0.0174279150    0.0003898950    
0.2567016000    0.0167469590    0.0003846066    
0.2569431900    0.0171008480    0.0003871587    
0.2571847800    0.0167561900    0.0003827051    
0.2574263700    0.0161016180    0.0003756773    
0.2576679500    0.0168380760    0.0003849772    
0.2579095400    0.0169440140    0.0003865918    
0.2581511300    0.0170908430    0.0003862399    
0.2583927200    0.0166982500    0.0003813817    
0.2586343100    0.0176164570    0.0003905138    
0.2588759000    0.0165042110    0.0003807425    
0.2591174800    0.0165548920    0.0003783049    
0.2593590700    0.0171347990    0.0003852706    
0.2596006600    0.0173930240    0.0003895045    
0.2598422500    0.0169834520    0.0003852916    
0.2600838400    0.0164381120    0.0003793186    
0.2603254300    0.0167118000    0.0003837992    
0.2605670200    0.0164818770    0.0003798232    
0.2608086000    0.0164810450    0.0003768142    
0.2610501900    0.0159990470    0.0003731826    
0.2612917800    0.0175900360    0.0003922480    
0.2615333700    0.0163124120    0.0003768195    
0.2617749600    0.0161593400    0.0003756970    
0.2620165500    0.0165680600    0.0003794986    
0.2622581400    0.0173661920    0.0003909679    
0.2624997200    0.0163052580    0.0003772587    
0.2627413100    0.0170373730    0.0003894320    
0.2629829000    0.0167221250    0.0003799502    
0.2632244900    0.0170776710    0.0003870309    
0.2634660800    0.0166956190    0.0003808253    
0.2637076700    0.0167853380    0.0003827723    
0.2639492600    0.0167242370    0.0003820749    
0.2641908400    0.0172466190    0.0003886701    
0.2644324300    0.0172540580    0.0003894315    
0.2646740200    0.0167016650    0.0003803700    
0.2649156100    0.0170301040    0.0003882530    
0.2651572000    0.0164933380    0.0003800873    
0.2653987900    0.0169061850    0.0003868378    
0.2656403800    0.0168555510    0.0003847738    
0.2658819600    0.0166285650    0.0003805851    
0.2661235500    0.0169348970    0.0003860824    
0.2663651400    0.0172709070    0.0003881348    
0.2666067300    0.0172203420    0.0003883739    
0.2668483200    0.0169891430    0.0003852225    
0.2670899100    0.0169036190    0.0003874898    
0.2673314900    0.0169800220    0.0003847191    
0.2675730800    0.0174515590    0.0003928897    
0.2678146700    0.0172388250    0.0003915893    
0.2680562600    0.0165841410    0.0003808674    
0.2682978500    0.0170193530    0.0003865041    
0.2685394400    0.0166749390    0.0003812473    
0.2687810300    0.0164534880    0.0003806883    
0.2690226100    0.0169705720    0.0003838160    
0.2692642000    0.0170761450    0.0003900127    
0.2695057900    0.0169983030    0.0003857278    
0.2697473800    0.0169400510    0.0003852002    
0.2699889700    0.0162537510    0.0003794334    
0.2702305600    0.0165866590    0.0003839751    
0.2704721500    0.0169977920    0.0003880208    
0.2707137300    0.0163550250    0.0003777031    
0.2709553200    0.0160869480    0.0003770839    
0.2711969100    0.0166943810    0.0003831971    
0.2714385000    0.0171383510    0.0003873135    
0.2716800900    0.0178260550    0.0003965264    
0.2719216800    0.0168524220    0.0003940538    
0.2721632700    0.0170806120    0.0003994987    
0.2724048500    0.0164393980    0.0003969665    
0.2726464400    0.0158861000    0.0003974010    
0.2728880300    0.0164389350    0.0004045760    
0.2731296200    0.0167638620    0.0004108345    
0.2733712100    0.0176092130    0.0004244725    
0.2736128000    0.0165592580    0.0004172541    
0.2738543800    0.0171889770    0.0004226514    
0.2740959700    0.0171189310    0.0004258493    
0.2743375600    0.0167224200    0.0004239302    
0.2745791500    0.0172131960    0.0004319528    
0.2748207400    0.0165302860    0.0004262422    
0.2750623300    0.0171897380    0.0004346612    
0.2753039200    0.0167716150    0.0004339099    
0.2755455000    0.0169911630    0.0004353847    
0.2757870900    0.0158478680    0.0004267649    
0.2760286800    0.0171126530    0.0004412589    
0.2762702700    0.0168924390    0.0004465525    
0.2765118600    0.0165364220    0.0004242899    
0.2767534500    0.0166032250    0.0004235020    
0.2769950400    0.0167302920    0.0004216976    
0.2772366200    0.0175088560    0.0004269183    
0.2774782100    0.0164253490    0.0004140113    
0.2777198000    0.0162661930    0.0004130285    
0.2779613900    0.0171036510    0.0004224734    
0.2782029800    0.0164394510    0.0004061911    
0.2784445700    0.0177603380    0.0004257715    
0.2786861600    0.0164320670    0.0004083841    
0.2789277400    0.0161588300    0.0004004817    
0.2791693300    0.0164925160    0.0004049149    
0.2794109200    0.0166502130    0.0004087866    
0.2796525100    0.0164672560    0.0004058881    
0.2798941000    0.0167712490    0.0004049798    
0.2801356900    0.0166377040    0.0004074981    
0.2803772800    0.0166078420    0.0004107280    
0.2806188600    0.0170117920    0.0004072418    
0.2808604500    0.0170801830    0.0004058665    
0.2811020400    0.0162109390    0.0003969266    
0.2813436300    0.0171275940    0.0004098965    
0.2815852200    0.0169318810    0.0004034833    
0.2818268100    0.0165122220    0.0004005981    
0.2820683900    0.0165628060    0.0004022991    
0.2823099800    0.0173762000    0.0004117398    
0.2825515700    0.0166694530    0.0003997344    
0.2827931600    0.0175434510    0.0004150045    
0.2830347500    0.0164285560    0.0003992739    
0.2832763400    0.0161119280    0.0003934422    
0.2835179300    0.0167075980    0.0004006492    
0.2837595100    0.0169204110    0.0004055193    
0.2840011000    0.0168622560    0.0004052912    
0.2842426900    0.0160333040    0.0003912890    
0.2844842800    0.0161860060    0.0003952512    
0.2847258700    0.0165939840    0.0004008162    
0.2849674600    0.0161289230    0.0003962270    
0.2852090500    0.0166719980    0.0004008340    
0.2854506300    0.0161623450    0.0003963312    
0.2856922200    0.0166620580    0.0004011752    
0.2859338100    0.0170330590    0.0004062405    
0.2861754000    0.0164106410    0.0003966191    
0.2864169900    0.0163502690    0.0003957384    
0.2866585800    0.0168585110    0.0004036881    
0.2869001700    0.0162616350    0.0003955677    
0.2871417500    0.0165220590    0.0003982665    
0.2873833400    0.0170877370    0.0004067356    
0.2876249300    0.0164770750    0.0003998631    
0.2878665200    0.0165844680    0.0004036596    
0.2881081100    0.0166454750    0.0003973357    
0.2883497000    0.0173152840    0.0004075595    
0.2885912900    0.0172925210    0.0004071365    
0.2888328700    0.0167109280    0.0004003838    
0.2890744600    0.0166444610    0.0003986769    
0.2893160500    0.0166728330    0.0003994711    
0.2895576400    0.0158653630    0.0003917672    
0.2897992300    0.0173568200    0.0004057370    
0.2900408200    0.0162827500    0.0003938735    
0.2902824000    0.0163297150    0.0003974590    
0.2905239900    0.0169123800    0.0004027899    
0.2907655800    0.0167089620    0.0003974946    
0.2910071700    0.0165009270    0.0003950123    
0.2912487600    0.0166170210    0.0003969960    
0.2914903500    0.0168318060    0.0003985046    
0.2917319400    0.0161849070    0.0003894611    
0.2919735200    0.0163383890    0.0003924732    
0.2922151100    0.0159581200    0.0003871552    
0.2924567000    0.0164232400    0.0003934910    
0.2926982900    0.0158600150    0.0003868296    
0.2929398800    0.0167527490    0.0003996688    
0.2931814700    0.0168096400    0.0003963171    
0.2934230600    0.0162426200    0.0003907367    
0.2936646400    0.0168404080    0.0003950710    
0.2939062300    0.0167594460    0.0003977961    
0.2941478200    0.0163527720    0.0003904600    
0.2943894100    0.0164457590    0.0003934662    
0.2946310000    0.0167441220    0.0003959849    
0.2948725900    0.0168755910    0.0003984261    
0.2951141800    0.0161474200    0.0003890098    
0.2953557600    0.0160436530    0.0003903808    
0.2955973500    0.0165981360    0.0003935241    
0.2958389400    0.0165275930    0.0003919618    
0.2960805300    0.0160493190    0.0003865342    
0.2963221200    0.0165096310    0.0003913158    
0.2965637100    0.0162287040    0.0003878294    
0.2968053000    0.0163511460    0.0003884332    
0.2970468800    0.0158627820    0.0003837146    
0.2972884700    0.0169417070    0.0003953856    
0.2975300600    0.0168402040    0.0003941994    
0.2977716500    0.0158211260    0.0003834932    
0.2980132400    0.0170306030    0.0003987655    
0.2982548300    0.0163558270    0.0003877792    
0.2984964100    0.0164273840    0.0003880605    
0.2987380000    0.0170242490    0.0003959128    
0.2989795900    0.0168582360    0.0003931165    
0.2992211800    0.0170684800    0.0003951291    
0.2994627700    0.0165333850    0.0003900208    
0.2997043600    0.0165073840    0.0003907142    
0.2999459500    0.0155896500    0.0003795586    
0.3001875300    0.0168524220    0.0003940538    
0.3004291200    0.0162453430    0.0003909153    
0.3006707100    0.0160257110    0.0003828690    
0.3009123000    0.0168063790    0.0003939476    
0.3011538900    0.0161110110    0.0003830530    
0.3013954800    0.0164994340    0.0003897625    
0.3016370700    0.0162822770    0.0003869063    
0.3018786500    0.0166959990    0.0003917910    
0.3021202400    0.0162244650    0.0003860780    
0.3023618300    0.0159969970    0.0003850508    
0.3026034200    0.0168402040    0.0003941994    
0.3028450100    0.0166061650    0.0003917377    
0.3030866000    0.0160500650    0.0003855472    
0.3033281900    0.0162387400    0.0003855454    
0.3035697700    0.0158709450    0.0003821275    
0.3038113600    0.0164009360    0.0003887395    
0.3040529500    0.0163824470    0.0003871070    
0.3042945400    0.0160232220    0.0003827004    
0.3045361300    0.0151590820    0.0003745553    
0.3047777200    0.0163136240    0.0003869962    
0.3050193100    0.0164661530    0.0003890849    
0.3052608900    0.0169850480    0.0003961814    
0.3055024800    0.0161969860    0.0003917989    
0.3057440700    0.0162111920    0.0003842421    
0.3059856600    0.0155957970    0.0003776986    
0.3062272500    0.0159053300    0.0003824015    
0.3064688400    0.0157744710    0.0003818019    
0.3067104200    0.0165788360    0.0003882940    
0.3069520100    0.0163622720    0.0003877141    
0.3071936000    0.0160374110    0.0003846887    
0.3074351900    0.0164518970    0.0003900569    
0.3076767800    0.0168032140    0.0003920467    
0.3079183700    0.0161435920    0.0003882422    
0.3081599600    0.0173760700    0.0004027897    
0.3084015400    0.0158996000    0.0003809449    
0.3086431300    0.0160588710    0.0003825710    
0.3088847200    0.0165541510    0.0003908370    
0.3091263100    0.0163870680    0.0003878664    
0.3093679000    0.0159193760    0.0003828499    
0.3096094900    0.0161044410    0.0003831134    
0.3098510800    0.0156374590    0.0003814014    
0.3100926600    0.0162627260    0.0003870981    
0.3103342500    0.0162074420    0.0003864395    
0.3105758400    0.0164639160    0.0003922204    
0.3108174300    0.0156368030    0.0003784698    
0.3110590200    0.0165443750    0.0003911517    
0.3113006100    0.0162567290    0.0003847814    
0.3115422000    0.0165628710    0.0003913703    
0.3117837800    0.0166349390    0.0003907888    
0.3120253700    0.0157721400    0.0003816337    
0.3122669600    0.0165202500    0.0003883089    
0.3125085500    0.0163834760    0.0003895311    
0.3127501400    0.0163419190    0.0003883236    
0.3129917300    0.0161237940    0.0003874300    
0.3132333100    0.0157259150    0.0003816340    
0.3134749000    0.0158367800    0.0003824149    
0.3137164900    0.0162257090    0.0003856710    
0.3139580800    0.0160490210    0.0003834259    
0.3141996700    0.0162558740    0.0003861699    
0.3144412600    0.0160432370    0.0003840558    
0.3146828500    0.0164277740    0.0003894850    
0.3149244300    0.0170658250    0.0003953856    
0.3151660200    0.0160938000    0.0003859302    
0.3154076100    0.0162181640    0.0003881321    
0.3156492000    0.0156484490    0.0003828098    
0.3158907900    0.0159342400    0.0003817748    
0.3161323800    0.0165591210    0.0003893301    
0.3163739700    0.0161864270    0.0003850638    
0.3166155500    0.0160660360    0.0003855972    
0.3168571400    0.0169163830    0.0003939373    
0.3170987300    0.0165022900    0.0003899388    
0.3173403200    0.0164562200    0.0003893941    
0.3175819100    0.0165472770    0.0003913297    
0.3178235000    0.0161153010    0.0003853395    
0.3180650900    0.0159165330    0.0003847897    
0.3183066700    0.0161770910    0.0003869276    
0.3185482600    0.0160778490    0.0003858807    
0.3187898500    0.0166053010    0.0003894483    
0.3190314400    0.0160574850    0.0003845070    
0.3192730300    0.0158753540    0.0003819017    
0.3195146200    0.0163364380    0.0003879743    
0.3197562100    0.0165402600    0.0003895332    
0.3199977900    0.0166191290    0.0003911737    
0.3202393800    0.0166209320    0.0003926326    
0.3204809700    0.0162142130    0.0003883713    
0.3207225600    0.0163732870    0.0003898402    
0.3209641500    0.0161571780    0.0003871163    
0.3212057400    0.0159506970    0.0003823887    
0.3214473200    0.0162401810    0.0003861241    
0.3216889100    0.0160540510    0.0003837652    
0.3219305000    0.0154901220    0.0003784839    
0.3221720900    0.0160902160    0.0003851804    
0.3224136800    0.0155226200    0.0003768115    
0.3226552700    0.0168314700    0.0003967216    
0.3228968600    0.0158135930    0.0003818550    
0.3231384400    0.0164024140    0.0003926540    
0.3233800300    0.0166932290    0.0003911879    
0.3236216200    0.0160565720    0.0003839352    
0.3238632100    0.0155901030    0.0003790084    
0.3241048000    0.0161876830    0.0003866284    
0.3243463900    0.0167110190    0.0003926845    
0.3245879800    0.0157559550    0.0003810190    
0.3248295600    0.0164873820    0.0003894778    
0.3250711500    0.0163309720    0.0003876260    
0.3253127400    0.0165102580    0.0003908917    
0.3255543300    0.0160458770    0.0003857806    
0.3257959200    0.0160093850    0.0003874877    
0.3260375100    0.0161615390    0.0003849077    
0.3262791000    0.0162800250    0.0003877296    
0.3265206800    0.0161259820    0.0003850449    
0.3267622700    0.0166923410    0.0003928969    
0.3270038600    0.0163788290    0.0003887619    
0.3272454500    0.0165241840    0.0003899122    
0.3274870400    0.0169906320    0.0003956663    
0.3277286300    0.0157606810    0.0003824777    
0.3279702200    0.0169391630    0.0003960820    
0.3282118000    0.0159230310    0.0003868736    
0.3284533900    0.0165546780    0.0003904144    
0.3286949800    0.0161294110    0.0003990180    
0.3289365700    0.0159117700    0.0004017048    
0.3291781600    0.0154323860    0.0003989948    
0.3294197500    0.0161957870    0.0004135132    
0.3296613300    0.0163128000    0.0004192427    
0.3299029200    0.0164843990    0.0004219839    
0.3301445100    0.0160751680    0.0004227381    
0.3303861000    0.0157275380    0.0004209379    
0.3306276900    0.0163250230    0.0004321572    
0.3308692800    0.0161566560    0.0004301183    
0.3311108700    0.0156222070    0.0004264481    
0.3313524500    0.0167980350    0.0004471930    
0.3315940400    0.0167742810    0.0004462445    
0.3318356300    0.0159697930    0.0004410603    
0.3320772200    0.0163668920    0.0004469427    
0.3323188100    0.0165868350    0.0004541357    
0.3325604000    0.0157196430    0.0004414516    
0.3328019900    0.0162286380    0.0004532503    
0.3330435700    0.0167486100    0.0004556707    
0.3332851600    0.0158802960    0.0004379209    
0.3335267500    0.0166315680    0.0004342283    
0.3337683400    0.0163934880    0.0004311091    
0.3340099300    0.0166449190    0.0004314994    
0.3342515200    0.0160626180    0.0004198032    
0.3344931100    0.0162925370    0.0004184457    
0.3347346900    0.0168698130    0.0004272551    
0.3349762800    0.0160764630    0.0004149542    
0.3352178700    0.0157524090    0.0004091880    
0.3354594600    0.0168151120    0.0004206408    
0.3357010500    0.0161912570    0.0004138024    
0.3359426400    0.0162262200    0.0004156472    
0.3361842300    0.0164766180    0.0004107618    
0.3364258100    0.0161476180    0.0004059805    
0.3366674000    0.0160027950    0.0004046481    
0.3369089900    0.0163742150    0.0004078289    
0.3371505800    0.0161263510    0.0004039168    
0.3373921700    0.0161841130    0.0004056181    
0.3376337600    0.0160159370    0.0004031799    
0.3378753400    0.0166078420    0.0004107280    
0.3381169300    0.0159154630    0.0004001438    
0.3383585200    0.0165849980    0.0004129507    
0.3386001100    0.0159490400    0.0003989755    
0.3388417000    0.0157318720    0.0003976704    
0.3390832900    0.0170503140    0.0004099297    
0.3393248800    0.0164672560    0.0004058881    
0.3395664600    0.0160035230    0.0003993400    
0.3398080500    0.0165123980    0.0004051589    
0.3400496400    0.0160701850    0.0003982847    
0.3402912300    0.0163742150    0.0004014060    
0.3405328200    0.0160008290    0.0003991486    
0.3407744100    0.0166711670    0.0004075849    
0.3410160000    0.0154722500    0.0003931224    
0.3412575800    0.0167680090    0.0004047836    
0.3414991700    0.0167322760    0.0004040387    
0.3417407600    0.0169215920    0.0004074240    
0.3419823500    0.0160271850    0.0003936090    
0.3422239400    0.0164171100    0.0004000605    
0.3424655300    0.0160823430    0.0003968832    
0.3427071200    0.0163138650    0.0003984922    
0.3429487000    0.0155907740    0.0003900132    
0.3431902900    0.0165513400    0.0004035712    
0.3434318800    0.0163442260    0.0004042085    
0.3436734700    0.0157275730    0.0003893154    
0.3439150600    0.0164998830    0.0003978475    
0.3441566500    0.0162081520    0.0003967394    
0.3443982300    0.0164807930    0.0003996004    
0.3446398200    0.0159781350    0.0003924044    
0.3448814100    0.0162191930    0.0003964163    
0.3451230000    0.0163149760    0.0003980447    
0.3453645900    0.0166257380    0.0004018177    
0.3456061800    0.0164407100    0.0003980440    
0.3458477700    0.0165792590    0.0004023428    
0.3460893500    0.0169109630    0.0004058761    
0.3463309400    0.0168068570    0.0004015314    
0.3465725300    0.0153316260    0.0003836505    
0.3468141200    0.0164748250    0.0003992211    
0.3470557100    0.0162712570    0.0003956847    
0.3472973000    0.0161045180    0.0003945574    
0.3475388900    0.0162911360    0.0003944227    
0.3477804700    0.0168197850    0.0004027608    
0.3480220600    0.0162439160    0.0003959576    
0.3482636500    0.0165244370    0.0003989037    
0.3485052400    0.0162868410    0.0003998653    
0.3487468300    0.0154393970    0.0003851433    
0.3489884200    0.0161860500    0.0003941959    
0.3492300100    0.0161112520    0.0003917937    
0.3494715900    0.0158506880    0.0003912856    
0.3497131800    0.0160826690    0.0003914460    
0.3499547700    0.0159106760    0.0003915751    
0.3501963600    0.0157754730    0.0003881301    
0.3504379500    0.0167716660    0.0004012636    
0.3506795400    0.0160403220    0.0003928668    
0.3509211300    0.0164205790    0.0003982575    
0.3511627100    0.0159111860    0.0003921820    
0.3514043000    0.0158921160    0.0003891201    
0.3516458900    0.0160889970    0.0003924146    
0.3518874800    0.0165971620    0.0003976580    
0.3521290700    0.0157992630    0.0003881285    
0.3523706600    0.0160533400    0.0003921285    
0.3526122400    0.0155316430    0.0003854112    
0.3528538300    0.0164711040    0.0003975004    
0.3530954200    0.0160884340    0.0003934555    
0.3533370100    0.0161614140    0.0003935959    
0.3535786000    0.0158779680    0.0003926775    
0.3538201900    0.0154853970    0.0003836735    
0.3540617800    0.0165442690    0.0003986860    
0.3543033600    0.0164871670    0.0003955908    
0.3545449500    0.0155917640    0.0003857174    
0.3547865400    0.0162945440    0.0003931250    
0.3550281300    0.0162600590    0.0003949456    
0.3552697200    0.0165871650    0.0003979901    
0.3555113100    0.0154882160    0.0003851646    
0.3557529000    0.0156940750    0.0003880110    
0.3559944800    0.0165760850    0.0003963575    
0.3562360700    0.0162886900    0.0003978773    
0.3564776600    0.0162119060    0.0003922746    
0.3567192500    0.0158205440    0.0003879496    
0.3569608400    0.0159764610    0.0003889762    
0.3572024300    0.0158112320    0.0003884226    
0.3574440200    0.0158037610    0.0003873052    
0.3576856000    0.0162461570    0.0003940272    
0.3579271900    0.0162173650    0.0003926366    
0.3581687800    0.0166855120    0.0003997748    
0.3584103700    0.0164293920    0.0003953441    
0.3586519600    0.0155170990    0.0003874435    
0.3588935500    0.0158303160    0.0003886569    
0.3591351400    0.0168386640    0.0004011480    
0.3593767200    0.0163742150    0.0003937885    
0.3596183100    0.0159285550    0.0003878099    
0.3598599000    0.0164293920    0.0003953441    
0.3601014900    0.0158254230    0.0003883028    
0.3603430800    0.0161276360    0.0003918447    
0.3605846700    0.0161196440    0.0003913042    
0.3608262500    0.0157468250    0.0003877776    
0.3610678400    0.0166006310    0.0003973991    
0.3613094300    0.0161488820    0.0003943446    
0.3615510200    0.0166295430    0.0003972951    
0.3617926100    0.0159669910    0.0003888609    
0.3620342000    0.0158395700    0.0003881828    
0.3622757900    0.0155569760    0.0003842693    
0.3625173700    0.0161032920    0.0003912533    
0.3627589600    0.0164351920    0.0003957129    
0.3630005500    0.0161617600    0.0003915199    
0.3632421400    0.0167940670    0.0003989551    
0.3634837300    0.0165710800    0.0003979480    
0.3637253200    0.0152008650    0.0003815749    
0.3639669100    0.0161833150    0.0003940125    
0.3642084900    0.0171061190    0.0004021909    
0.3644500800    0.0157491870    0.0003867817    
0.3646916700    0.0164894120    0.0003962153    
0.3649332600    0.0163704500    0.0003925643    
0.3651748500    0.0164215670    0.0003943574    
0.3654164400    0.0164057280    0.0003958074    
0.3656580300    0.0155849700    0.0003851959    
0.3658996100    0.0162348960    0.0003922571    
0.3661412000    0.0163818260    0.0003947714    
0.3663827900    0.0156231400    0.0003893636    
0.3666243800    0.0162692520    0.0003904746    
0.3668659700    0.0156639400    0.0003851530    
0.3671075600    0.0160074370    0.0003894996    
0.3673491500    0.0159191130    0.0003876949    
0.3675907300    0.0158063670    0.0003880689    
0.3678323200    0.0156690150    0.0003843494    
0.3680739100    0.0169753660    0.0004024678    
0.3683155000    0.0159246450    0.0003886372    
0.3685570900    0.0162159410    0.0003920281    
0.3687986800    0.0162340510    0.0003947800    
0.3690402600    0.0159697000    0.0003912544    
0.3692818500    0.0164203770    0.0003933095    
0.3695234400    0.0167087700    0.0003979407    
0.3697650300    0.0154165760    0.0003813835    
0.3700066200    0.0159106680    0.0003887595    
0.3702482100    0.0163073280    0.0003919532    
0.3704898000    0.0165381750    0.0003959040    
0.3707313800    0.0155564090    0.0003848428    
0.3709729700    0.0157681130    0.0003864316    
0.3712145600    0.0155552650    0.0003859974    
0.3714561500    0.0158571550    0.0003900218    
0.3716977400    0.0164158220    0.0003939923    
0.3719393300    0.0163600630    0.0003928805    
0.3721809200    0.0157066130    0.0003853876    
0.3724225000    0.0163779980    0.0003935382    
0.3726640900    0.0162388910    0.0003920105    
0.3729056800    0.0157657300    0.0003862572    
0.3731472700    0.0149902130    0.0003759319    
0.3733888600    0.0156493050    0.0003858443    
0.3736304500    0.0159282620    0.0003900052    
0.3738720400    0.0164836580    0.0003978034    
0.3741136200    0.0162010740    0.0003925875    
0.3743552100    0.0161306440    0.0003909957    
0.3745968000    0.0159656600    0.0003876805    
0.3748383900    0.0155058500    0.0003827730    
0.3750799800    0.0159619280    0.0003885073    
0.3753215700    0.0156306220    0.0003850327    
0.3755631500    0.0160418590    0.0003891867    
0.3758047400    0.0161306440    0.0003909957    
0.3760463300    0.0158941580    0.0003887043    
0.3762879200    0.0170101900    0.0004027279    
0.3765295100    0.0162560420    0.0003951979    
0.3767711000    0.0159499540    0.0003882158    
0.3770126900    0.0160109730    0.0003886662    
0.3772542700    0.0159852070    0.0003884989    
0.3774958600    0.0159280050    0.0003872230    
0.3777374500    0.0167720190    0.0003980945    
0.3779790400    0.0160341540    0.0003902652    
0.3782206300    0.0156970150    0.0003858496    
0.3784622200    0.0154113590    0.0003816049    
0.3787038100    0.0157468180    0.0003871908    
0.3789453900    0.0159187130    0.0003898882    
0.3791869800    0.0162995610    0.0003949741    
0.3794285700    0.0164544110    0.0003940117    
0.3796701600    0.0162660910    0.0003927816    
0.3799117500    0.0156384540    0.0003838308    
0.3801533400    0.0158392840    0.0003875942    
0.3803949300    0.0160818180    0.0003882188    
0.3806365100    0.0164006520    0.0003935149    
0.3808781000    0.0159166240    0.0003875194    
0.3811196900    0.0156799800    0.0003869536    
0.3813612800    0.0162862070    0.0003925812    
0.3816028700    0.0159232160    0.0003896481    
0.3818444600    0.0159461370    0.0003890459    
0.3820860500    0.0160187640    0.0003876012    
0.3823276300    0.0158124330    0.0003850968    
0.3825692200    0.0162062740    0.0003888511    
0.3828108100    0.0160281630    0.0003861367    
0.3830524000    0.0165721050    0.0003942388    
0.3832939900    0.0158496340    0.0003849766    
0.3835355800    0.0162423690    0.0003897171    
0.3837771600    0.0154535200    0.0003792917    
0.3840187500    0.0160426540    0.0003881792    
0.3842603400    0.0154898870    0.0003821461    
0.3845019300    0.0162719400    0.0003872077    
0.3847435200    0.0163316750    0.0003886292    
0.3849851100    0.0153769900    0.0003782116    
0.3852267000    0.0161035430    0.0003966823    
0.3854682800    0.0157444380    0.0003999091    
0.3857098700    0.0161705250    0.0004099391    
0.3859514600    0.0156435460    0.0004075997    
0.3861930500    0.0158948960    0.0004133078    
0.3864346400    0.0162052500    0.0004216630    
0.3866762300    0.0155886620    0.0004164758    
0.3869178200    0.0166103820    0.0004322046    
0.3871594000    0.0155659810    0.0004233389    
0.3874009900    0.0164969290    0.0004370143    
0.3876425800    0.0158149350    0.0004310671    
0.3878841700    0.0157118530    0.0004314750    
0.3881257600    0.0165301600    0.0004452998    
0.3883673500    0.0164168090    0.0004469745    
0.3886089400    0.0153288950    0.0004344364    
0.3888505200    0.0163593090    0.0004507877    
0.3890921100    0.0160866400    0.0004494597    
0.3893337000    0.0159081410    0.0004519431    
0.3895752900    0.0162552430    0.0004584857    
0.3898168800    0.0160718270    0.0004374197    
0.3900584700    0.0164269830    0.0004340965    
0.3903000600    0.0170524370    0.0004408803    
0.3905416400    0.0166077970    0.0004308267    
0.3907832300    0.0163452850    0.0004264633    
0.3910248200    0.0158770220    0.0004188328    
0.3912664100    0.0161003990    0.0004199310    
0.3915080000    0.0166855780    0.0004254643    
0.3917495900    0.0166663970    0.0004270628    
0.3919911700    0.0155055940    0.0004126398    
0.3922327600    0.0152908070    0.0004028083    
0.3924743500    0.0153007060    0.0004044750    
0.3927159400    0.0166565840    0.0004197065    
0.3929575300    0.0157685570    0.0004111361    
0.3931991200    0.0153355600    0.0004035674    
0.3934407100    0.0154110260    0.0004038786    
0.3936822900    0.0156964850    0.0004089790    
0.3939238800    0.0160462390    0.0004140362    
0.3941654700    0.0163881030    0.0004184235    
0.3944070600    0.0161789520    0.0004166292    
0.3946486500    0.0160571700    0.0004161229    
0.3948902400    0.0163795300    0.0004172536    
0.3951318300    0.0161503180    0.0004139747    
0.3953734100    0.0165562810    0.0004198533    
0.3956150000    0.0157310610    0.0004102980    
0.3958565900    0.0165635740    0.0004197684    
0.3960981800    0.0161437430    0.0004159985    
0.3963397700    0.0165390670    0.0004221403    
0.3965813600    0.0158710400    0.0004135271    
0.3968229500    0.0161322850    0.0004183506    
0.3970645300    0.0162815210    0.0004213714    
0.3973061200    0.0159118740    0.0004145911    
0.3975477100    0.0167940670    0.0004246562    
0.3977893000    0.0162422000    0.0004192321    
0.3980308900    0.0160061700    0.0004156395    
0.3982724800    0.0158634680    0.0004143155    
0.3985140700    0.0151514830    0.0004050851    
0.3987556500    0.0154754640    0.0004100990    
0.3989972400    0.0166603790    0.0004249599    
0.3992388300    0.0153823700    0.0004108178    
0.3994804200    0.0159061300    0.0004175715    
0.3997220100    0.0160659790    0.0004220588    
0.3999636000    0.0164827970    0.0004230532    
0.4002051800    0.0161692220    0.0004210107    
0.4004467700    0.0157634230    0.0004135402    
0.4006883600    0.0158406920    0.0004174389    
0.4009299500    0.0155902960    0.0004143074    
0.4011715400    0.0159293420    0.0004193384    
0.4014131300    0.0160568380    0.0004213827    
0.4016547200    0.0154194630    0.0004156809    
0.4018963000    0.0166087840    0.0004296972    
0.4021378900    0.0154900390    0.0004184969    
0.4023794800    0.0154192660    0.0004140239    
0.4026210700    0.0159840870    0.0004220980    
0.4028626600    0.0164949640    0.0004274684    
0.4031042500    0.0162469200    0.0004259313    
0.4033458400    0.0164367460    0.0004284123    
0.4035874200    0.0161667460    0.0004281174    
0.4038290100    0.0157669300    0.0004210882    
0.4040706000    0.0157670100    0.0004218433    
0.4043121900    0.0164265070    0.0004321269    
0.4045537800    0.0156015660    0.0004222813    
0.4047953700    0.0162388910    0.0004333839    
0.4050369600    0.0152299870    0.0004149691    
0.4052785400    0.0165700950    0.0004344037    
0.4055201300    0.0161455150    0.0004286084    
0.4057617200    0.0160181290    0.0004296397    
0.4060033100    0.0158041730    0.0004240535    
0.4062449000    0.0153020320    0.0004206968    
0.4064864900    0.0164675580    0.0004356253    
0.4067280800    0.0156138390    0.0004257440    
0.4069696600    0.0163531440    0.0004375252    
0.4072112500    0.0161572130    0.0004365220    
0.4074528400    0.0165294380    0.0004425588    
0.4076944300    0.0158996850    0.0004316171    
0.4079360200    0.0162741030    0.0004352547    
0.4081776100    0.0165045140    0.0004401595    
0.4084191900    0.0164720100    0.0004405478    
0.4086607800    0.0158233790    0.0004301801    
0.4089023700    0.0158901370    0.0004347348    
0.4091439600    0.0156609440    0.0004322008    
0.4093855500    0.0151721850    0.0004264138    
0.4096271400    0.0158137430    0.0004365839    
0.4098687300    0.0153904210    0.0004372349    
0.4101103100    0.0160080790    0.0004355234    
0.4103519000    0.0153463020    0.0004302890    
0.4105934900    0.0161530720    0.0004406112    
0.4108350800    0.0154620400    0.0004333638    
0.4110766700    0.0155563540    0.0004344740    
0.4113182600    0.0162030130    0.0004451310    
0.4115598500    0.0162030730    0.0004466522    
0.4118014300    0.0164548760    0.0004518797    
0.4120430200    0.0158583270    0.0004418750    
0.4122846100    0.0146760090    0.0004288738    
0.4125262000    0.0161504360    0.0004544463    
0.4127677900    0.0164692060    0.0004507462    
0.4130093800    0.0149852200    0.0004318669    
0.4132509700    0.0155415860    0.0004404642    
0.4134925500    0.0152439100    0.0004395047    
0.4137341400    0.0155429090    0.0004424607    
0.4139757300    0.0154413530    0.0004439077    
0.4142173200    0.0162339840    0.0004528700    
0.4144589100    0.0163213580    0.0004587113    
0.4147005000    0.0160236970    0.0004535816    
0.4149420800    0.0155323360    0.0004502599    
0.4151836700    0.0159319480    0.0004539035    
0.4154252600    0.0160539030    0.0004526268    
0.4156668500    0.0158261450    0.0004460282    
0.4159084400    0.0160775530    0.0004495569    
0.4161500300    0.0154945260    0.0004400150    
0.4163916200    0.0159635450    0.0004470687    
0.4166332000    0.0151468610    0.0004331212    
0.4168747900    0.0164123830    0.0004495278    
0.4171163800    0.0158197100    0.0004454931    
0.4173579700    0.0160351990    0.0004454222    
0.4175995600    0.0162198020    0.0004549595    
0.4178411500    0.0158926200    0.0004430026    
0.4180827400    0.0159154040    0.0004448491    
0.4183243200    0.0164855360    0.0004540936    
0.4185659100    0.0159300360    0.0004477132    
0.4188075000    0.0160021310    0.0004485012    
0.4190490900    0.0168153140    0.0004630017    
0.4192906800    0.0161197600    0.0004528666    
0.4195322700    0.0164621510    0.0004613945    
0.4197738600    0.0162164470    0.0004579383    
0.4200154400    0.0152701280    0.0004485398    
0.4202570300    0.0164019700    0.0004655969    
0.4204986200    0.0165854450    0.0004650328    
0.4207402100    0.0163358870    0.0004646581    
0.4209818000    0.0159770820    0.0004576101    
0.4212233900    0.0158173590    0.0004579455    
0.4214649800    0.0163009080    0.0004661209    
0.4217065600    0.0167226030    0.0004733655    
0.4219481500    0.0148476450    0.0004474700    
0.4221897400    0.0151255420    0.0004535849    
0.4224313300    0.0154682190    0.0004622015    
0.4226729200    0.0159941290    0.0004710271    
0.4229145100    0.0156921300    0.0004678489    
0.4231560900    0.0160697070    0.0004716196    
0.4233976800    0.0158451190    0.0004690862    
0.4236392700    0.0151846350    0.0004609879    
0.4238808600    0.0166672660    0.0004845873    
0.4241224500    0.0150074640    0.0004600833    
0.4243640400    0.0158053380    0.0004759003    
0.4246056300    0.0152010300    0.0004677793    
0.4248472100    0.0157371650    0.0004784239    
0.4250888000    0.0167550110    0.0004953723    
0.4253303900    0.0153291170    0.0004811540    
0.4255719800    0.0158398580    0.0004822148    
0.4258135700    0.0163226540    0.0004903666    
0.4260551600    0.0154745330    0.0004817012    
0.4262967500    0.0155102230    0.0004802594    
0.4265383300    0.0152145770    0.0004799288    
0.4267799200    0.0159278680    0.0004934280    
0.4270215100    0.0153641370    0.0004834455    
0.4272631000    0.0154998260    0.0004906384    
0.4275046900    0.0154154490    0.0004914266    
0.4277462800    0.0160205150    0.0005063601    
0.4279878700    0.0160970160    0.0005108233    
0.4282294500    0.0159702070    0.0005030142    
0.4284710400    0.0157205220    0.0005006434    
0.4287126300    0.0159339350    0.0005069260    
0.4289542200    0.0158460150    0.0005074786    
0.4291958100    0.0166792640    0.0005230177    
0.4294374000    0.0163207590    0.0005221473    
0.4296789900    0.0163957880    0.0005216195    
0.4299205700    0.0159690550    0.0005202999    
0.4301621600    0.0158655490    0.0005239266    
0.4304037500    0.0157706060    0.0005245225    
0.4306453400    0.0158068800    0.0005310425    
0.4308869300    0.0160006920    0.0005272407    
0.4311285200    0.0156212970    0.0005242164    
0.4313701000    0.0149683660    0.0005167654    
0.4316116900    0.0158122040    0.0005345501    
0.4318532800    0.0159761740    0.0005388630    
0.4320948700    0.0157996810    0.0005393922    
0.4323364600    0.0154632870    0.0005383625    
0.4325780500    0.0158961910    0.0005491248    
0.4328196400    0.0160289470    0.0005560380    
0.4330612200    0.0163961030    0.0005711853    
0.4333028100    0.0159226760    0.0005615495    
0.4335444000    0.0173582420    0.0005844824    
0.4337859900    0.0148440450    0.0005434791    
0.4340275800    0.0157292740    0.0005639218    
0.4342691700    0.0158938940    0.0005724046    
0.4345107600    0.0148552170    0.0005575064    
0.4347523400    0.0161037070    0.0005833757    
0.4349939300    0.0158841490    0.0005843079    
0.4352355200    0.0166907640    0.0006078418    
0.4354771100    0.0170569430    0.0006199452    
0.4357187000    0.0159794290    0.0006127831    
0.4359602900    0.0164746140    0.0006131217    
0.4362018800    0.0157966290    0.0006053281    
0.4364434600    0.0174218820    0.0006404411    
0.4366850500    0.0167216790    0.0006352040    
0.4369266400    0.0163294090    0.0006375563    
0.4371682300    0.0151548050    0.0006166403    
0.4374098200    0.0163716290    0.0006507138    
0.4376514100    0.0161488210    0.0006543833    
0.4378930000    0.0145312300    0.0006294174    
0.4381345800    0.0151372530    0.0006538297    
0.4383761700    0.0160307000    0.0006860506    
0.4386177600    0.0154607540    0.0006622659    
0.4388593500    0.0152257110    0.0006670505    
0.4391009400    0.0159785280    0.0006947186    
0.4393425300    0.0164734900    0.0007148886    
0.4395841100    0.0160512520    0.0007199971    
0.4398257000    0.0144916540    0.0007004806    
0.4400672900    0.0154180820    0.0007375469    
0.4403088800    0.0144269500    0.0007343125    
0.4405504700    0.0149547170    0.0007732900    
0.4407920600    0.0138940600    0.0007754908    
0.4410336500    0.0161223040    0.0008593217    
0.4412752300    0.0175322670    0.0008993863    
0.4415168200    0.0159101680    0.0009007359    
0.4417584100    0.0168253990    0.0012575894    
0.4420000000    0.0167216790    0.0019056121    