# Diamond Light Source Ltd.
# Data extracted from: /dls/b21/data/2017/mx13440-2/processed/b21-369037_00203.dat
q(1/A)          Column          Error           
0.0040000000    0.8431514800    0.0215134470    
0.0042415885    0.8648340900    0.0204927780    
0.0044831771    0.6842920800    0.0169699770    
0.0047247656    0.5665610200    0.0149509730    
0.0049663541    0.4713451000    0.0128569920    
0.0052079426    0.3880427700    0.0120038750    
0.0054495312    0.2812288900    0.0094215224    
0.0056911197    0.2648510500    0.0086201676    
0.0059327082    0.2014439200    0.0075178202    
0.0061742967    0.1757237700    0.0067288111    
0.0064158853    0.1618565400    0.0063929490    
0.0066574738    0.1253513400    0.0053160811    
0.0068990623    0.1223507800    0.0052996006    
0.0071406509    0.1007810200    0.0047246873    
0.0073822394    0.0904469300    0.0043266634    
0.0076238279    0.0838399830    0.0040668365    
0.0078654164    0.0718828430    0.0038259377    
0.0081070050    0.0724583300    0.0036411681    
0.0083485935    0.0634678000    0.0032906522    
0.0085901820    0.0615700300    0.0032632051    
0.0088317705    0.0557481450    0.0030233676    
0.0090733591    0.0501775340    0.0028498924    
0.0093149476    0.0497497540    0.0027344938    
0.0095565361    0.0521545760    0.0027998043    
0.0097981247    0.0452407130    0.0026076313    
0.0100397130    0.0422246650    0.0024337892    
0.0102813020    0.0412524830    0.0024609168    
0.0105228900    0.0369741370    0.0021825143    
0.0107644790    0.0390595690    0.0022664661    
0.0110060670    0.0372509300    0.0021578884    
0.0112476560    0.0351528380    0.0020859372    
0.0114892440    0.0334270250    0.0020048197    
0.0117308330    0.0363275580    0.0020801099    
0.0119724210    0.0335902880    0.0019724896    
0.0122140100    0.0309377090    0.0018758742    
0.0124555980    0.0269625370    0.0016984802    
0.0126971870    0.0268430120    0.0017473313    
0.0129387760    0.0264724350    0.0016417507    
0.0131803640    0.0266183730    0.0016734828    
0.0134219530    0.0265229490    0.0016111544    
0.0136635410    0.0260397120    0.0016026335    
0.0139051300    0.0272233360    0.0016386522    
0.0141467180    0.0280771930    0.0016264681    
0.0143883070    0.0232378990    0.0014580755    
0.0146298950    0.0268974100    0.0015686888    
0.0148714840    0.0266431280    0.0015726941    
0.0151130720    0.0270672220    0.0015679621    
0.0153546610    0.0239039300    0.0014184373    
0.0155962490    0.0231893540    0.0014112592    
0.0158378380    0.0224632230    0.0013570529    
0.0160794260    0.0230371010    0.0013742782    
0.0163210150    0.0239175220    0.0013695134    
0.0165626030    0.0225626600    0.0013556588    
0.0168041920    0.0226046060    0.0013072581    
0.0170457800    0.0224960160    0.0013119943    
0.0172873690    0.0214705960    0.0012740455    
0.0175289580    0.0233829800    0.0013216842    
0.0177705460    0.0259720770    0.0013688486    
0.0180121350    0.0229935910    0.0012734972    
0.0182537230    0.0201453120    0.0011789152    
0.0184953120    0.0211336800    0.0012042032    
0.0187369000    0.0205847530    0.0011884613    
0.0189784890    0.0201744730    0.0011458330    
0.0192200770    0.0199453120    0.0011573444    
0.0194616660    0.0192567940    0.0011081040    
0.0197032540    0.0202652490    0.0011454596    
0.0199448430    0.0185818740    0.0010968533    
0.0201864310    0.0181090380    0.0010745737    
0.0204280200    0.0182638050    0.0010579938    
0.0206696080    0.0215583210    0.0011330802    
0.0209111970    0.0185337140    0.0010736292    
0.0211527850    0.0202823350    0.0010888128    
0.0213943740    0.0186737220    0.0010471703    
0.0216359620    0.0205680020    0.0011041482    
0.0218775510    0.0189673340    0.0010553707    
0.0221191400    0.0199853640    0.0010637136    
0.0223607280    0.0174296390    0.0009867590    
0.0226023170    0.0177821340    0.0010266520    
0.0228439050    0.0201029700    0.0010436942    
0.0230854940    0.0193156530    0.0010208640    
0.0233270820    0.0185887620    0.0009993380    
0.0235686710    0.0218222040    0.0010897489    
0.0238102590    0.0188858020    0.0009926157    
0.0240518480    0.0180361640    0.0009640735    
0.0242934360    0.0197867330    0.0010245182    
0.0245350250    0.0209042100    0.0010400233    
0.0247766130    0.0195257910    0.0009990264    
0.0250182020    0.0193553380    0.0010048791    
0.0252597900    0.0189876790    0.0009714941    
0.0255013790    0.0184486190    0.0009501522    
0.0257429670    0.0196502960    0.0009825148    
0.0259845560    0.0195380350    0.0009684644    
0.0262261450    0.0183552660    0.0009440930    
0.0264677330    0.0201720260    0.0009784870    
0.0267093220    0.0197329000    0.0009605825    
0.0269509100    0.0177794700    0.0009169062    
0.0271924990    0.0194271450    0.0009513514    
0.0274340870    0.0193619570    0.0009550549    
0.0276756760    0.0199634950    0.0009538927    
0.0279172640    0.0193467060    0.0009373510    
0.0281588530    0.0207763960    0.0009593648    
0.0284004410    0.0173598080    0.0008847377    
0.0286420300    0.0188728940    0.0009048860    
0.0288836180    0.0184728290    0.0009046183    
0.0291252070    0.0195543600    0.0009117267    
0.0293667950    0.0190685790    0.0009111320    
0.0296083840    0.0194268320    0.0009087489    
0.0298499720    0.0187025850    0.0008946660    
0.0300915610    0.0181940570    0.0008794429    
0.0303331490    0.0188543610    0.0008878172    
0.0305747380    0.0198339630    0.0008987626    
0.0308163270    0.0184899780    0.0008677777    
0.0310579150    0.0183827880    0.0008694760    
0.0312995040    0.0163886300    0.0008143576    
0.0315410920    0.0180361640    0.0008502330    
0.0317826810    0.0186392660    0.0008616004    
0.0320242690    0.0190747790    0.0008634747    
0.0322658580    0.0185761010    0.0008642384    
0.0325074460    0.0170927340    0.0008148641    
0.0327490350    0.0177989920    0.0008289817    
0.0329906230    0.0193537760    0.0008553242    
0.0332322120    0.0175989240    0.0008205541    
0.0334738000    0.0204835500    0.0008734215    
0.0337153890    0.0188637060    0.0008369416    
0.0339569770    0.0188448660    0.0008377565    
0.0341985660    0.0175932650    0.0008106548    
0.0344401540    0.0182648650    0.0008152008    
0.0346817430    0.0189935090    0.0008385839    
0.0349233310    0.0193416890    0.0008425372    
0.0351649200    0.0178239740    0.0007939429    
0.0354065090    0.0177398200    0.0007965414    
0.0356480970    0.0197205340    0.0008281846    
0.0358896860    0.0198092970    0.0008393469    
0.0361312740    0.0191973970    0.0008148841    
0.0363728630    0.0172007020    0.0007692388    
0.0366144510    0.0185707540    0.0008059021    
0.0368560400    0.0182252530    0.0007864777    
0.0370976280    0.0192683870    0.0008186353    
0.0373392170    0.0195863000    0.0008175164    
0.0375808050    0.0188377720    0.0007932133    
0.0378223940    0.0189379730    0.0007953201    
0.0380639820    0.0180457840    0.0007794591    
0.0383055710    0.0180962850    0.0007653913    
0.0385471590    0.0180082010    0.0007664800    
0.0387887480    0.0186091880    0.0007822025    
0.0390303360    0.0175726400    0.0007513518    
0.0392719250    0.0182650500    0.0007650388    
0.0395135140    0.0188738850    0.0007776849    
0.0397551020    0.0181218240    0.0007769668    
0.0399966910    0.0178112640    0.0007414926    
0.0402382790    0.0176378470    0.0007433466    
0.0404798680    0.0181508200    0.0007485272    
0.0407214560    0.0168127640    0.0007275594    
0.0409630450    0.0195478910    0.0007720953    
0.0412046330    0.0161752200    0.0007066178    
0.0414462220    0.0191807670    0.0007629699    
0.0416878100    0.0181961980    0.0007422384    
0.0419293990    0.0186963400    0.0007514693    
0.0421709870    0.0180533010    0.0007357976    
0.0424125760    0.0179237090    0.0007366599    
0.0426541640    0.0183213880    0.0007334425    
0.0428957530    0.0175400650    0.0007184691    
0.0431373410    0.0196426410    0.0007594284    
0.0433789300    0.0187642300    0.0007371286    
0.0436205180    0.0181597000    0.0007234998    
0.0438621070    0.0187063160    0.0007359901    
0.0441036960    0.0180732250    0.0007217751    
0.0443452840    0.0174484690    0.0007035902    
0.0445868730    0.0173453300    0.0007087110    
0.0448284610    0.0179917800    0.0007128603    
0.0450700500    0.0176694000    0.0007305398    
0.0453116380    0.0190290210    0.0007599459    
0.0455532270    0.0182472750    0.0007656386    
0.0457948150    0.0191302360    0.0007829485    
0.0460364040    0.0179073350    0.0007594401    
0.0462779920    0.0182402580    0.0007784752    
0.0465195810    0.0180409110    0.0007742096    
0.0467611690    0.0176151610    0.0007680575    
0.0470027580    0.0182179610    0.0007810886    
0.0472443460    0.0183799480    0.0008006431    
0.0474859350    0.0182063170    0.0007871277    
0.0477275230    0.0187131380    0.0008045406    
0.0479691120    0.0189379730    0.0008104704    
0.0482107000    0.0176471490    0.0007899949    
0.0484522890    0.0193401640    0.0008224274    
0.0486938780    0.0185124000    0.0008102658    
0.0489354660    0.0186526550    0.0008156237    
0.0491770550    0.0192663770    0.0008384614    
0.0494186430    0.0173598080    0.0007802654    
0.0496602320    0.0186563060    0.0007862695    
0.0499018200    0.0189701800    0.0007816526    
0.0501434090    0.0183612610    0.0007565626    
0.0503849970    0.0188004090    0.0007581057    
0.0506265860    0.0184407940    0.0007454249    
0.0508681740    0.0184753430    0.0007425867    
0.0511097630    0.0184205420    0.0007380034    
0.0513513510    0.0181827340    0.0007198613    
0.0515929400    0.0187466800    0.0007427705    
0.0518345280    0.0182682320    0.0007215518    
0.0520761170    0.0178153980    0.0007207339    
0.0523177050    0.0183616000    0.0007099005    
0.0525592940    0.0180402360    0.0007170350    
0.0528008830    0.0184918960    0.0007070553    
0.0530424710    0.0177679540    0.0006953138    
0.0532840600    0.0191129500    0.0007172962    
0.0535256480    0.0182784410    0.0007014622    
0.0537672370    0.0178395440    0.0006871535    
0.0540088250    0.0186323070    0.0007037325    
0.0542504140    0.0181472150    0.0006974541    
0.0544920020    0.0179232030    0.0006873235    
0.0547335910    0.0175611380    0.0006754284    
0.0549751790    0.0180103990    0.0006812158    
0.0552167680    0.0190283380    0.0007009178    
0.0554583560    0.0184834610    0.0006831684    
0.0556999450    0.0182979220    0.0006777008    
0.0559415330    0.0189379730    0.0006942998    
0.0561831220    0.0175656560    0.0006620306    
0.0564247100    0.0183798790    0.0006752017    
0.0566662990    0.0173259690    0.0006529970    
0.0569078870    0.0185740220    0.0006827946    
0.0571494760    0.0178427940    0.0006626647    
0.0573910650    0.0181861820    0.0006588158    
0.0576326530    0.0182715690    0.0006654113    
0.0578742420    0.0180809960    0.0006606652    
0.0581158300    0.0175285800    0.0006443634    
0.0583574190    0.0185013960    0.0006607642    
0.0585990070    0.0178997850    0.0006536077    
0.0588405960    0.0193778380    0.0006787760    
0.0590821840    0.0179928240    0.0006479957    
0.0593237730    0.0188206370    0.0006645798    
0.0595653610    0.0173538980    0.0006405440    
0.0598069500    0.0187795910    0.0006518491    
0.0600485380    0.0176342720    0.0006350828    
0.0602901270    0.0173454870    0.0006304325    
0.0605317150    0.0197426380    0.0006689538    
0.0607733040    0.0185560680    0.0006456482    
0.0610148920    0.0192104610    0.0006604693    
0.0612564810    0.0187916900    0.0006503132    
0.0614980690    0.0173929170    0.0006195970    
0.0617396580    0.0186263790    0.0006556796    
0.0619812470    0.0182928840    0.0006491901    
0.0622228350    0.0170157400    0.0006221571    
0.0624644240    0.0172897300    0.0006226744    
0.0627060120    0.0174566630    0.0006307349    
0.0629476010    0.0181878400    0.0006479150    
0.0631891890    0.0181175550    0.0006425635    
0.0634307780    0.0187685810    0.0006510749    
0.0636723660    0.0183968880    0.0006440199    
0.0639139550    0.0186908580    0.0006479889    
0.0641555430    0.0184540760    0.0006371054    
0.0643971320    0.0186800840    0.0006472266    
0.0646387200    0.0183542680    0.0006299168    
0.0648803090    0.0178382070    0.0006263841    
0.0651218970    0.0178277060    0.0006140188    
0.0653634860    0.0183367670    0.0006274713    
0.0656050740    0.0180086980    0.0006202525    
0.0658466630    0.0179545940    0.0006162001    
0.0660882520    0.0178016940    0.0006120349    
0.0663298400    0.0177345560    0.0006119003    
0.0665714290    0.0178301220    0.0006104918    
0.0668130170    0.0183067070    0.0006206555    
0.0670546060    0.0180955920    0.0006134980    
0.0672961940    0.0182159370    0.0006130151    
0.0675377830    0.0190800580    0.0006223229    
0.0677793710    0.0182182890    0.0006120554    
0.0680209600    0.0184462080    0.0006084842    
0.0682625480    0.0184152690    0.0006084576    
0.0685041370    0.0177992970    0.0005962989    
0.0687457250    0.0186403030    0.0006186002    
0.0689873140    0.0180020270    0.0005987385    
0.0692289020    0.0183405600    0.0006043420    
0.0694704910    0.0186297960    0.0006086089    
0.0697120790    0.0185724510    0.0006057666    
0.0699536680    0.0186687120    0.0006102059    
0.0701952560    0.0182609050    0.0006030282    
0.0704368450    0.0181964860    0.0006038716    
0.0706784340    0.0173240570    0.0005949106    
0.0709200220    0.0183057030    0.0006061624    
0.0711616110    0.0185572090    0.0006098277    
0.0714031990    0.0178587120    0.0006030459    
0.0716447880    0.0187734730    0.0006213113    
0.0718863760    0.0183077070    0.0006052341    
0.0721279650    0.0196546510    0.0006212241    
0.0723695530    0.0174229350    0.0005817349    
0.0726111420    0.0186429890    0.0006054961    
0.0728527300    0.0187183190    0.0005979348    
0.0730943190    0.0183570530    0.0005962094    
0.0733359070    0.0179623800    0.0005861801    
0.0735774960    0.0181187730    0.0005909692    
0.0738190840    0.0169847290    0.0005661576    
0.0740606730    0.0189569300    0.0005994707    
0.0743022610    0.0192512320    0.0006045602    
0.0745438500    0.0189097490    0.0005964894    
0.0747854380    0.0194632600    0.0005989404    
0.0750270270    0.0186195300    0.0005905756    
0.0752686160    0.0186182290    0.0005832453    
0.0755102040    0.0183424390    0.0005797490    
0.0757517930    0.0182181080    0.0005798888    
0.0759933810    0.0184193690    0.0005739263    
0.0762349700    0.0184792040    0.0005823291    
0.0764765580    0.0181004870    0.0005709620    
0.0767181470    0.0186416460    0.0005786095    
0.0769597350    0.0189379730    0.0005786804    
0.0772013240    0.0178902650    0.0005612675    
0.0774429120    0.0191123550    0.0005773098    
0.0776845010    0.0197162460    0.0005839448    
0.0779260890    0.0175633720    0.0005545714    
0.0781676780    0.0177376180    0.0005534904    
0.0784092660    0.0187298630    0.0005699316    
0.0786508550    0.0182896460    0.0005586090    
0.0788924430    0.0178076070    0.0005564877    
0.0791340320    0.0186120470    0.0005650401    
0.0793756210    0.0182135690    0.0005604839    
0.0796172090    0.0190985360    0.0005681472    
0.0798587980    0.0180681520    0.0005578610    
0.0801003860    0.0193851910    0.0005774417    
0.0803419750    0.0182774430    0.0005528475    
0.0805835630    0.0182327900    0.0005566129    
0.0808251520    0.0175907080    0.0005459899    
0.0810667400    0.0185736180    0.0005610367    
0.0813083290    0.0183671030    0.0005512888    
0.0815499170    0.0185205360    0.0005617445    
0.0817915060    0.0180553770    0.0005509402    
0.0820330940    0.0185840690    0.0005530875    
0.0822746830    0.0189793400    0.0005604016    
0.0825162710    0.0179869750    0.0005430687    
0.0827578600    0.0186161510    0.0005542878    
0.0829994480    0.0182705200    0.0005420779    
0.0832410370    0.0189955850    0.0005591776    
0.0834826250    0.0181740200    0.0005406445    
0.0837242140    0.0182650500    0.0005409641    
0.0839658030    0.0174403270    0.0005299567    
0.0842073910    0.0185459320    0.0005447622    
0.0844489800    0.0176817620    0.0005285797    
0.0846905680    0.0179027280    0.0005279227    
0.0849321570    0.0185319880    0.0005431822    
0.0851737450    0.0178276280    0.0005261658    
0.0854153340    0.0179238600    0.0005308589    
0.0856569220    0.0190310340    0.0005433005    
0.0858985110    0.0181221590    0.0005357928    
0.0861400990    0.0183020540    0.0005327934    
0.0863816880    0.0184535860    0.0005369772    
0.0866232760    0.0185647720    0.0005429782    
0.0868648650    0.0187523060    0.0005386459    
0.0871064530    0.0194750550    0.0005506175    
0.0873480420    0.0176049600    0.0005193678    
0.0875896300    0.0187840050    0.0005377845    
0.0878312190    0.0186307870    0.0005349347    
0.0880728080    0.0193272660    0.0005431923    
0.0883143960    0.0192124360    0.0005412491    
0.0885559850    0.0175095610    0.0005185884    
0.0887975730    0.0187098040    0.0005334782    
0.0890391620    0.0196766070    0.0005474178    
0.0892807500    0.0182802470    0.0005257374    
0.0895223390    0.0192916020    0.0005387959    
0.0897639270    0.0183141340    0.0005215607    
0.0900055160    0.0176843950    0.0005137254    
0.0902471040    0.0186144400    0.0005292552    
0.0904886930    0.0189675400    0.0005295387    
0.0907302810    0.0193520370    0.0005302425    
0.0909718700    0.0188251120    0.0005322417    
0.0912134580    0.0182608360    0.0005156700    
0.0914550470    0.0187063840    0.0005286737    
0.0916966350    0.0197170430    0.0005358367    
0.0919382240    0.0182414540    0.0005171890    
0.0921798120    0.0184167440    0.0005163799    
0.0924214010    0.0179534300    0.0005098431    
0.0926629900    0.0193674050    0.0005265293    
0.0929045780    0.0187772340    0.0005238175    
0.0931461670    0.0188522800    0.0005188919    
0.0933877550    0.0195613570    0.0005294594    
0.0936293440    0.0195446810    0.0005313488    
0.0938709320    0.0188229360    0.0005202565    
0.0941125210    0.0190512040    0.0005192780    
0.0943541090    0.0191219740    0.0005202416    
0.0945956980    0.0192859140    0.0005233477    
0.0948372860    0.0195565850    0.0005243599    
0.0950788750    0.0187492220    0.0005119987    
0.0953204630    0.0187407020    0.0005138780    
0.0955620520    0.0183551580    0.0005077154    
0.0958036400    0.0181176050    0.0005019132    
0.0960452290    0.0190909230    0.0005152187    
0.0962868170    0.0194850700    0.0005228184    
0.0965284060    0.0193551090    0.0005187714    
0.0967699940    0.0186181680    0.0005087995    
0.0970115830    0.0189992610    0.0005086858    
0.0972531720    0.0192327000    0.0005134657    
0.0974947600    0.0195056330    0.0005165356    
0.0977363490    0.0193588170    0.0005126477    
0.0979779370    0.0196013830    0.0005178019    
0.0982195260    0.0196774160    0.0005190865    
0.0984611140    0.0203385300    0.0005246142    
0.0987027030    0.0192973400    0.0005115581    
0.0989442910    0.0204312900    0.0005266566    
0.0991858800    0.0193426300    0.0005107883    
0.0994274680    0.0201817800    0.0005195351    
0.0996690570    0.0204749100    0.0005197280    
0.0999106450    0.0206937220    0.0005266414    
0.1001522300    0.0202374430    0.0005167054    
0.1003938200    0.0218617300    0.0005390159    
0.1006354100    0.0208225450    0.0005238480    
0.1008770000    0.0206054670    0.0005222015    
0.1011185900    0.0193085270    0.0005055004    
0.1013601800    0.0210333510    0.0005281495    
0.1016017700    0.0206060840    0.0005192245    
0.1018433500    0.0215027040    0.0005423340    
0.1020849400    0.0211312350    0.0005450613    
0.1023265300    0.0211945340    0.0005501827    
0.1025681200    0.0224654260    0.0005635763    
0.1028097100    0.0218722300    0.0005643624    
0.1030513000    0.0218046960    0.0005654505    
0.1032928800    0.0217992130    0.0005707070    
0.1035344700    0.0230106550    0.0005785298    
0.1037760600    0.0219099630    0.0005741971    
0.1040176500    0.0217756340    0.0005748372    
0.1042592400    0.0225484770    0.0005867147    
0.1045008300    0.0214947120    0.0005694088    
0.1047424200    0.0215797660    0.0005757164    
0.1049840000    0.0211559330    0.0005728290    
0.1052255900    0.0207560800    0.0005691405    
0.1054671800    0.0202868310    0.0005592246    
0.1057087700    0.0190942270    0.0005462186    
0.1059503600    0.0197565720    0.0005576860    
0.1061919500    0.0190873380    0.0005478177    
0.1064335400    0.0186088770    0.0005276063    
0.1066751200    0.0190395560    0.0005256418    
0.1069167100    0.0186133220    0.0005182377    
0.1071583000    0.0193316350    0.0005213354    
0.1073998900    0.0184212290    0.0005072198    
0.1076414800    0.0183782650    0.0005103105    
0.1078830700    0.0189861610    0.0005112756    
0.1081246600    0.0178231550    0.0004983670    
0.1083662400    0.0181973060    0.0004972981    
0.1086078300    0.0176532180    0.0004951663    
0.1088494200    0.0193642290    0.0005118944    
0.1090910100    0.0189918120    0.0005055952    
0.1093326000    0.0194040970    0.0005083510    
0.1095741900    0.0186367320    0.0004995169    
0.1098157700    0.0196335460    0.0005076133    
0.1100573600    0.0188580660    0.0005011474    
0.1102989500    0.0187744320    0.0004956109    
0.1105405400    0.0189118330    0.0004971637    
0.1107821300    0.0197757030    0.0005107767    
0.1110237200    0.0185498990    0.0004898544    
0.1112653100    0.0187134640    0.0004971292    
0.1115068900    0.0186941910    0.0004897528    
0.1117484800    0.0194304500    0.0004985445    
0.1119900700    0.0182210580    0.0004808353    
0.1122316600    0.0193724470    0.0004975479    
0.1124732500    0.0189569300    0.0004894658    
0.1127148400    0.0189064410    0.0004883250    
0.1129564300    0.0182520900    0.0004814866    
0.1131980100    0.0182966470    0.0004796672    
0.1134396000    0.0181354630    0.0004787433    
0.1136811900    0.0186110220    0.0004837705    
0.1139227800    0.0185761800    0.0004814033    
0.1141643700    0.0187228380    0.0004797575    
0.1144059600    0.0193317450    0.0004877339    
0.1146475500    0.0183844490    0.0004782042    
0.1148891300    0.0189197810    0.0004790202    
0.1151307200    0.0187335390    0.0004817746    
0.1153723100    0.0182056320    0.0004694419    
0.1156139000    0.0183350090    0.0004749939    
0.1158554900    0.0197330780    0.0004875710    
0.1160970800    0.0184523840    0.0004762798    
0.1163386700    0.0179826090    0.0004663341    
0.1165802500    0.0186603610    0.0004745864    
0.1168218400    0.0187831340    0.0004729903    
0.1170634300    0.0189141060    0.0004750849    
0.1173050200    0.0185299300    0.0004715743    
0.1175466100    0.0186515760    0.0004717762    
0.1177882000    0.0186958600    0.0004698995    
0.1180297800    0.0187133650    0.0004703395    
0.1182713700    0.0183955250    0.0004683055    
0.1185129600    0.0185430630    0.0004675382    
0.1187545500    0.0181569650    0.0004617836    
0.1189961400    0.0189321220    0.0004706630    
0.1192377300    0.0177286730    0.0004529465    
0.1194793200    0.0184532710    0.0004614760    
0.1197209000    0.0184123990    0.0004611755    
0.1199624900    0.0189667450    0.0004672122    
0.1202040800    0.0186714000    0.0004602163    
0.1204456700    0.0176151000    0.0004521153    
0.1206872600    0.0189493260    0.0004638372    
0.1209288500    0.0183965590    0.0004603457    
0.1211704400    0.0185673110    0.0004601737    
0.1214120200    0.0188530490    0.0004620346    
0.1216536100    0.0189267000    0.0004619017    
0.1218952000    0.0185922260    0.0004553691    
0.1221367900    0.0183610090    0.0004557611    
0.1223783800    0.0193565840    0.0004648407    
0.1226199700    0.0186737740    0.0004581918    
0.1228615600    0.0190558090    0.0004624434    
0.1231031400    0.0187643330    0.0004584856    
0.1233447300    0.0190946700    0.0004622987    
0.1235863200    0.0185088470    0.0004571828    
0.1238279100    0.0184906190    0.0004519327    
0.1240695000    0.0178776220    0.0004432166    
0.1243110900    0.0192673290    0.0004599207    
0.1245526800    0.0185517090    0.0004524807    
0.1247942600    0.0189922980    0.0004542624    
0.1250358500    0.0184447960    0.0004496057    
0.1252774400    0.0186051530    0.0004505791    
0.1255190300    0.0187045730    0.0004506145    
0.1257606200    0.0191130200    0.0004572807    
0.1260022100    0.0178348960    0.0004413443    
0.1262437900    0.0188620470    0.0004523130    
0.1264853800    0.0186620980    0.0004493305    
0.1267269700    0.0182579830    0.0004421714    
0.1269685600    0.0187236210    0.0004479643    
0.1272101500    0.0188736670    0.0004497556    
0.1274517400    0.0184381750    0.0004475865    
0.1276933300    0.0184053260    0.0004406013    
0.1279349100    0.0187597710    0.0004501193    
0.1281765000    0.0180453820    0.0004405245    
0.1284180900    0.0192411080    0.0004523877    
0.1286596800    0.0189807700    0.0004506476    
0.1289012700    0.0177795890    0.0004346841    
0.1291428600    0.0181962490    0.0004406763    
0.1293844500    0.0188119300    0.0004445141    
0.1296260300    0.0180104200    0.0004369454    
0.1298676200    0.0180634230    0.0004375879    
0.1301092100    0.0183974870    0.0004394076    
0.1303508000    0.0174603200    0.0004270061    
0.1305923900    0.0179844150    0.0004377338    
0.1308339800    0.0174975000    0.0004304979    
0.1310755700    0.0186123610    0.0004421500    
0.1313171500    0.0195603470    0.0004523304    
0.1315587400    0.0175711000    0.0004281815    
0.1318003300    0.0185339210    0.0004410339    
0.1320419200    0.0194489730    0.0004480807    
0.1322835100    0.0187141930    0.0004413430    
0.1325251000    0.0180539930    0.0004333097    
0.1327666900    0.0182181540    0.0004343816    
0.1330082700    0.0192124360    0.0004460777    
0.1332498600    0.0180599160    0.0004332024    
0.1334914500    0.0186913430    0.0004429029    
0.1337330400    0.0180230210    0.0004292412    
0.1339746300    0.0186246510    0.0004374105    
0.1342162200    0.0182810460    0.0004331807    
0.1344578000    0.0186073590    0.0004384579    
0.1346993900    0.0179428490    0.0004279391    
0.1349409800    0.0186644070    0.0004389499    
0.1351825700    0.0185055990    0.0004338971    
0.1354241600    0.0194738090    0.0004458222    
0.1356657500    0.0189891290    0.0004407741    
0.1359073400    0.0192952930    0.0004470385    
0.1361489200    0.0187448320    0.0004365169    
0.1363905100    0.0184000770    0.0004321363    
0.1366321000    0.0185171290    0.0004333345    
0.1368736900    0.0173712170    0.0004197122    
0.1371152800    0.0191539190    0.0004386138    
0.1373568700    0.0181938180    0.0004291902    
0.1375984600    0.0183123020    0.0004316251    
0.1378400400    0.0185272700    0.0004334531    
0.1380816300    0.0186168200    0.0004322486    
0.1383232200    0.0180912150    0.0004283219    
0.1385648100    0.0180651620    0.0004281854    
0.1388064000    0.0184777790    0.0004299484    
0.1390479900    0.0189627670    0.0004336684    
0.1392895800    0.0187052950    0.0004350069    
0.1395311600    0.0185005600    0.0004288562    
0.1397727500    0.0181526180    0.0004248043    
0.1400143400    0.0186250710    0.0004301276    
0.1402559300    0.0183806750    0.0004315616    
0.1404975200    0.0180900040    0.0004235710    
0.1407391100    0.0188436060    0.0004326437    
0.1409806900    0.0187314130    0.0004344411    
0.1412222800    0.0187206350    0.0004300471    
0.1414638700    0.0181990990    0.0004248463    
0.1417054600    0.0188256830    0.0004287432    
0.1419470500    0.0185138020    0.0004298567    
0.1421886400    0.0194371130    0.0004361563    
0.1424302300    0.0187460840    0.0004294999    
0.1426718100    0.0185724510    0.0004283416    
0.1429134000    0.0180277300    0.0004211902    
0.1431549900    0.0184584680    0.0004271924    
0.1433965800    0.0187301890    0.0004304938    
0.1436381700    0.0181909990    0.0004214540    
0.1438797600    0.0187478620    0.0004275256    
0.1441213500    0.0190015390    0.0004310746    
0.1443629300    0.0181629050    0.0004208031    
0.1446045200    0.0191674350    0.0004326173    
0.1448461100    0.0175563160    0.0004140364    
0.1450877000    0.0180940340    0.0004177524    
0.1453292900    0.0178539810    0.0004185038    
0.1455708800    0.0187293300    0.0004263277    
0.1458124700    0.0181278980    0.0004231842    
0.1460540500    0.0190240540    0.0004265655    
0.1462956400    0.0189573660    0.0004287505    
0.1465372300    0.0192656530    0.0004309008    
0.1467788200    0.0182889180    0.0004193559    
0.1470204100    0.0184850030    0.0004220805    
0.1472620000    0.0192312490    0.0004300238    
0.1475035900    0.0187989700    0.0004245172    
0.1477451700    0.0184932830    0.0004228210    
0.1479867600    0.0184031640    0.0004192293    
0.1482283500    0.0185074540    0.0004231450    
0.1484699400    0.0181321010    0.0004170780    
0.1487115300    0.0185422250    0.0004230563    
0.1489531200    0.0190321910    0.0004234607    
0.1491947000    0.0185553870    0.0004212784    
0.1494362900    0.0185354400    0.0004189937    
0.1496778800    0.0188140080    0.0004235628    
0.1499194700    0.0176830470    0.0004100158    
0.1501610600    0.0187805140    0.0004233455    
0.1504026500    0.0184799860    0.0004177402    
0.1506442400    0.0187120050    0.0004241788    
0.1508858200    0.0184942260    0.0004201064    
0.1511274100    0.0186418470    0.0004186273    
0.1513690000    0.0189520740    0.0004220962    
0.1516105900    0.0181293850    0.0004140683    
0.1518521800    0.0187918250    0.0004209353    
0.1520937700    0.0189848720    0.0004219902    
0.1523353600    0.0183649490    0.0004153520    
0.1525769400    0.0190467300    0.0004244150    
0.1528185300    0.0189757170    0.0004231479    
0.1530601200    0.0182710100    0.0004142884    
0.1533017100    0.0189000020    0.0004235710    
0.1535433000    0.0186679620    0.0004169075    
0.1537848900    0.0188402820    0.0004186729    
0.1540264800    0.0185688390    0.0004165679    
0.1542680600    0.0187280170    0.0004180403    
0.1545096500    0.0178935650    0.0004066719    
0.1547512400    0.0190359520    0.0004214631    
0.1549928300    0.0190544420    0.0004213564    
0.1552344200    0.0184359350    0.0004140033    
0.1554760100    0.0187286360    0.0004174306    
0.1557176000    0.0190832530    0.0004229252    
0.1559591800    0.0188311360    0.0004182632    
0.1562007700    0.0193190280    0.0004211748    
0.1564423600    0.0180361640    0.0004063601    
0.1566839500    0.0187698840    0.0004186620    
0.1569255400    0.0184360910    0.0004120376    
0.1571671300    0.0184679790    0.0004125442    
0.1574087100    0.0188149100    0.0004141401    
0.1576503000    0.0188727010    0.0004194970    
0.1578918900    0.0192381420    0.0004183193    
0.1581334800    0.0185146750    0.0004127643    
0.1583750700    0.0186562810    0.0004150968    
0.1586166600    0.0194555620    0.0004338482    
0.1588582500    0.0191020630    0.0004293954    
0.1590998300    0.0187008780    0.0004298201    
0.1593414200    0.0188829060    0.0004348085    
0.1595830100    0.0184266830    0.0004319281    
0.1598246000    0.0186757860    0.0004339687    
0.1600661900    0.0191641590    0.0004438813    
0.1603077800    0.0195194020    0.0004501814    
0.1605493700    0.0180212830    0.0004332740    
0.1607909500    0.0188751600    0.0004445215    
0.1610325400    0.0193460960    0.0004528578    
0.1612741300    0.0183862780    0.0004416666    
0.1615157200    0.0187346840    0.0004477167    
0.1617573100    0.0190398760    0.0004519235    
0.1619989000    0.0184909620    0.0004490003    
0.1622404900    0.0177229620    0.0004375040    
0.1624820700    0.0186405180    0.0004531665    
0.1627236600    0.0189598920    0.0004558404    
0.1629652500    0.0188013350    0.0004533404    
0.1632068400    0.0180300970    0.0004375515    
0.1634484300    0.0183051630    0.0004339959    
0.1636900200    0.0182810460    0.0004331807    
0.1639316100    0.0180462970    0.0004276182    
0.1641731900    0.0181893560    0.0004289656    
0.1644147800    0.0182609050    0.0004264053    
0.1646563700    0.0188126220    0.0004343431    
0.1648979600    0.0183362980    0.0004252771    
0.1651395500    0.0181513800    0.0004251247    
0.1653811400    0.0179490060    0.0004202696    
0.1656227200    0.0182222070    0.0004256178    
0.1658643100    0.0183703230    0.0004240183    
0.1661059000    0.0183277000    0.0004230346    
0.1663474900    0.0181723640    0.0004183362    
0.1665890800    0.0189187270    0.0004266779    
0.1668306700    0.0178251180    0.0004162294    
0.1670722600    0.0181585130    0.0004180174    
0.1673138400    0.0190773990    0.0004283003    
0.1675554300    0.0178811020    0.0004126164    
0.1677970200    0.0183902990    0.0004203566    
0.1680386100    0.0176619590    0.0004124195    
0.1682802000    0.0186002190    0.0004206730    
0.1685217900    0.0181725160    0.0004144054    
0.1687633800    0.0191124080    0.0004245106    
0.1690049600    0.0182026100    0.0004169387    
0.1692465500    0.0189938370    0.0004205306    
0.1694881400    0.0187964330    0.0004211442    
0.1697297300    0.0184595990    0.0004161115    
0.1699713200    0.0182891850    0.0004162011    
0.1702129100    0.0182685890    0.0004121200    
0.1704545000    0.0189333000    0.0004206361    
0.1706960800    0.0185422540    0.0004179747    
0.1709376700    0.0180585290    0.0004077966    
0.1711792600    0.0176346250    0.0004044596    
0.1714208500    0.0188737450    0.0004161414    
0.1716624400    0.0178278000    0.0004069680    
0.1719040300    0.0187964740    0.0004142364    
0.1721456200    0.0185882920    0.0004135841    
0.1723872000    0.0189287710    0.0004173546    
0.1726287900    0.0173816160    0.0003994982    
0.1728703800    0.0184722470    0.0004127426    
0.1731119700    0.0181300620    0.0004068269    
0.1733535600    0.0186913130    0.0004132254    
0.1735951500    0.0178994100    0.0004020563    
0.1738367300    0.0181557130    0.0004063807    
0.1740783200    0.0180503260    0.0004033152    
0.1743199100    0.0181071220    0.0004043824    
0.1745615000    0.0180297410    0.0004026543    
0.1748030900    0.0179261570    0.0004006408    
0.1750446800    0.0184481580    0.0004109751    
0.1752862700    0.0177610370    0.0003979455    
0.1755278500    0.0183557600    0.0004102422    
0.1757694400    0.0185887620    0.0004079780    
0.1760110300    0.0182775020    0.0004052671    
0.1762526200    0.0184400730    0.0004049098    
0.1764942100    0.0175168450    0.0003950610    
0.1767358000    0.0190669840    0.0004118802    
0.1769773900    0.0179057980    0.0003983002    
0.1772189700    0.0183511620    0.0004039324    
0.1774605600    0.0175073420    0.0003956525    
0.1777021500    0.0180602300    0.0004001545    
0.1779437400    0.0180108150    0.0003997471    
0.1781853300    0.0181979290    0.0004028102    
0.1784269200    0.0178610560    0.0003954504    
0.1786685100    0.0186872260    0.0004054783    
0.1789100900    0.0180686170    0.0003973284    
0.1791516800    0.0181313550    0.0003987081    
0.1793932700    0.0181615030    0.0003991780    
0.1796348600    0.0177380460    0.0003927269    
0.1798764500    0.0183206190    0.0003991240    
0.1801180400    0.0178546840    0.0003941518    
0.1803596200    0.0184442450    0.0004032553    
0.1806012100    0.0180832690    0.0003961212    
0.1808428000    0.0182356030    0.0003976495    
0.1810843900    0.0183476420    0.0003976422    
0.1813259800    0.0181337570    0.0003959940    
0.1815675700    0.0180632490    0.0003945484    
0.1818091600    0.0178062560    0.0003914645    
0.1820507400    0.0184079680    0.0003982953    
0.1822923300    0.0183243020    0.0003965779    
0.1825339200    0.0182902990    0.0003974274    
0.1827755100    0.0186381860    0.0003995528    
0.1830171000    0.0182723380    0.0003987351    
0.1832586900    0.0183237680    0.0003953645    
0.1835002800    0.0182755070    0.0003952443    
0.1837418600    0.0182790760    0.0003942167    
0.1839834500    0.0180900040    0.0003936332    
0.1842250400    0.0187247070    0.0003996665    
0.1844666300    0.0185931820    0.0003978574    
0.1847082200    0.0175649170    0.0003864390    
0.1849498100    0.0178134510    0.0003895570    
0.1851914000    0.0173329140    0.0003862263    
0.1854329800    0.0179667950    0.0003912302    
0.1856745700    0.0183276210    0.0003955397    
0.1859161600    0.0173724340    0.0003823894    
0.1861577500    0.0185002950    0.0003946070    
0.1863993400    0.0188448910    0.0003993314    
0.1866409300    0.0185188060    0.0003940171    
0.1868825200    0.0172713630    0.0003837133    
0.1871241000    0.0177509410    0.0003858900    
0.1873656900    0.0176279580    0.0003866115    
0.1876072800    0.0184620180    0.0003926312    
0.1878488700    0.0177094490    0.0003880256    
0.1880904600    0.0181002340    0.0003913621    
0.1883320500    0.0177337760    0.0003844283    
0.1885736300    0.0183397550    0.0003917178    
0.1888152200    0.0186871390    0.0003952793    
0.1890568100    0.0182150850    0.0003912927    
0.1892984000    0.0178650700    0.0003854674    
0.1895399900    0.0181677280    0.0003900055    
0.1897815800    0.0179416780    0.0003875716    
0.1900231700    0.0172049220    0.0003795306    
0.1902647500    0.0183216970    0.0003906199    
0.1905063400    0.0183012250    0.0003928713    
0.1907479300    0.0175319150    0.0003824867    
0.1909895200    0.0181804540    0.0003879614    
0.1912311100    0.0185851940    0.0003927716    
0.1914727000    0.0176621860    0.0003825171    
0.1917142900    0.0177087750    0.0003841573    
0.1919558700    0.0180408460    0.0003844574    
0.1921974600    0.0178087780    0.0003852404    
0.1924390500    0.0176838020    0.0003845214    
0.1926806400    0.0180006140    0.0003864181    
0.1929222300    0.0181348460    0.0003884948    
0.1931638200    0.0179963960    0.0003838590    
0.1934054100    0.0179885760    0.0003870525    
0.1936469900    0.0186100420    0.0003906020    
0.1938885800    0.0183912070    0.0003903316    
0.1941301700    0.0183305130    0.0003879093    
0.1943717600    0.0180634020    0.0003869643    
0.1946133500    0.0179815090    0.0003825853    
0.1948549400    0.0181540480    0.0003870456    
0.1950965300    0.0182585280    0.0003877778    
0.1953381100    0.0181607140    0.0003864857    
0.1955797000    0.0182484930    0.0003881780    
0.1958212900    0.0177048400    0.0003802440    
0.1960628800    0.0184844420    0.0003886512    
0.1963044700    0.0175369700    0.0003779484    
0.1965460600    0.0180397130    0.0003864568    
0.1967876400    0.0181473700    0.0003836045    
0.1970292300    0.0186373700    0.0003891239    
0.1972708200    0.0175852600    0.0003796952    
0.1975124100    0.0178899570    0.0003827221    
0.1977540000    0.0184265780    0.0003882938    
0.1979955900    0.0182883210    0.0003865839    
0.1982371800    0.0175752920    0.0003798343    
0.1984787600    0.0182115960    0.0003823233    
0.1987203500    0.0175617730    0.0003776070    
0.1989619400    0.0178607970    0.0003810534    
0.1992035300    0.0184804160    0.0003868601    
0.1994451200    0.0174094740    0.0003757246    
0.1996867100    0.0184654320    0.0003862081    
0.1999283000    0.0174500180    0.0003761618    
0.2001698800    0.0177063340    0.0003794021    
0.2004114700    0.0183655810    0.0003875251    
0.2006530600    0.0177430340    0.0003778536    
0.2008946500    0.0181216110    0.0003827181    
0.2011362400    0.0182799890    0.0003818287    
0.2013778300    0.0176932800    0.0003787747    
0.2016194200    0.0177313760    0.0003764123    
0.2018610000    0.0184666380    0.0003857274    
0.2021025900    0.0179450610    0.0003806056    
0.2023441800    0.0183034940    0.0003834086    
0.2025857700    0.0182258370    0.0003829600    
0.2028273600    0.0182482860    0.0003847932    
0.2030689500    0.0180879590    0.0003817521    
0.2033105400    0.0179303370    0.0003779207    
0.2035521200    0.0183838080    0.0003842488    
0.2037937100    0.0182454620    0.0003821930    
0.2040353000    0.0179649390    0.0003800880    
0.2042768900    0.0179916730    0.0003790452    
0.2045184800    0.0180508740    0.0003781169    
0.2047600700    0.0185240940    0.0003858349    
0.2050016500    0.0187125210    0.0003881631    
0.2052432400    0.0183231820    0.0003837368    
0.2054848300    0.0179336860    0.0003780753    
0.2057264200    0.0178159020    0.0003792335    
0.2059680100    0.0185982430    0.0003833264    
0.2062096000    0.0177724980    0.0003760165    
0.2064511900    0.0183713000    0.0003815779    
0.2066927700    0.0174707500    0.0003737540    
0.2069343600    0.0180167950    0.0003790700    
0.2071759500    0.0182604780    0.0003815044    
0.2074175400    0.0179667950    0.0003781855    
0.2076591300    0.0177516220    0.0003753229    
0.2079007200    0.0182365660    0.0003834394    
0.2081423100    0.0187243870    0.0003848650    
0.2083838900    0.0179408190    0.0003775551    
0.2086254800    0.0185235050    0.0003842423    
0.2088670700    0.0179658790    0.0003775811    
0.2091086600    0.0182347910    0.0003817183    
0.2093502500    0.0182603430    0.0003804238    
0.2095918400    0.0182810720    0.0003826871    
0.2098334300    0.0185229810    0.0003844796    
0.2100750100    0.0179822400    0.0003800290    
0.2103166000    0.0183787250    0.0003845628    
0.2105581900    0.0180384290    0.0003781051    
0.2107997800    0.0190141250    0.0003904083    
0.2110413700    0.0186445450    0.0003845258    
0.2112829600    0.0176674000    0.0003769273    
0.2115245400    0.0176944500    0.0003743652    
0.2117661300    0.0180957500    0.0003809843    
0.2120077200    0.0183380910    0.0003817124    
0.2122493100    0.0186751140    0.0003886434    
0.2124909000    0.0179324170    0.0003783008    
0.2127324900    0.0178744050    0.0003802204    
0.2129740800    0.0184683050    0.0003834273    
0.2132156600    0.0189061310    0.0003879456    
0.2134572500    0.0189379730    0.0003897494    
0.2136988400    0.0180086980    0.0003798255    
0.2139404300    0.0179308020    0.0003770939    
0.2141820200    0.0181858940    0.0003814476    
0.2144236100    0.0186603610    0.0003874982    
0.2146652000    0.0181152800    0.0003813110    
0.2149067800    0.0180748050    0.0003792010    
0.2151483700    0.0181427420    0.0003856668    
0.2153899600    0.0178284240    0.0003871173    
0.2156315500    0.0178622920    0.0003912806    
0.2158731400    0.0186098180    0.0004008838    
0.2161147300    0.0177515830    0.0003964422    
0.2163563200    0.0185776310    0.0004065604    
0.2165979000    0.0174749530    0.0003972606    
0.2168394900    0.0184315130    0.0004082807    
0.2170810800    0.0178049320    0.0004058120    
0.2173226700    0.0182960860    0.0004110702    
0.2175642600    0.0176959850    0.0004065090    
0.2178058500    0.0175362050    0.0004061745    
0.2180474400    0.0176887410    0.0004099275    
0.2182890200    0.0179534300    0.0004162852    
0.2185306100    0.0176659130    0.0004102808    
0.2187722000    0.0175210450    0.0004137803    
0.2190137900    0.0174535000    0.0004121852    
0.2192553800    0.0187049050    0.0004307097    
0.2194969700    0.0180319670    0.0004202582    
0.2197385500    0.0175496720    0.0004120504    
0.2199801400    0.0176735470    0.0004091362    
0.2202217300    0.0181994060    0.0004111876    
0.2204633200    0.0174564310    0.0004007945    
0.2207049100    0.0177481050    0.0004015038    
0.2209465000    0.0168670580    0.0003914113    
0.2211880900    0.0170945330    0.0003920723    
0.2214296700    0.0176736480    0.0003980915    
0.2216712600    0.0181332430    0.0004026628    
0.2219128500    0.0169285920    0.0003879604    
0.2221544400    0.0176628700    0.0003982530    
0.2223960300    0.0175509660    0.0003950276    
0.2226376200    0.0178271620    0.0004012441    
0.2228792100    0.0175277450    0.0003949053    
0.2231207900    0.0169672130    0.0003885395    
0.2233623800    0.0176596270    0.0003938977    
0.2236039700    0.0174362250    0.0003930429    
0.2238455600    0.0175034770    0.0003918798    
0.2240871500    0.0178374400    0.0003962897    
0.2243287400    0.0171648520    0.0003867292    
0.2245703300    0.0174900340    0.0003929601    
0.2248119100    0.0173532050    0.0003908736    
0.2250535000    0.0175786620    0.0003932675    
0.2252950900    0.0173154780    0.0003918171    
0.2255366800    0.0165060120    0.0003789732    
0.2257782700    0.0181073600    0.0003978919    
0.2260198600    0.0174531520    0.0003892923    
0.2262614500    0.0177275040    0.0003922053    
0.2265030300    0.0172981530    0.0003868952    
0.2267446200    0.0169674470    0.0003846317    
0.2269862100    0.0164696720    0.0003763575    
0.2272278000    0.0172949520    0.0003867269    
0.2274693900    0.0173436940    0.0003860833    
0.2277109800    0.0171924770    0.0003878441    
0.2279525600    0.0168766970    0.0003807204    
0.2281941500    0.0174493420    0.0003880507    
0.2284357400    0.0168509660    0.0003808189    
0.2286773300    0.0170619390    0.0003845081    
0.2289189200    0.0172132260    0.0003838453    
0.2291605100    0.0168424130    0.0003818955    
0.2294021000    0.0173490720    0.0003860118    
0.2296436800    0.0173292070    0.0003892484    
0.2298852700    0.0165621490    0.0003768995    
0.2301268600    0.0177647460    0.0003943828    
0.2303684500    0.0173154600    0.0003870887    
0.2306100400    0.0176580870    0.0003914366    
0.2308516300    0.0168942440    0.0003820897    
0.2310932200    0.0174100130    0.0003898850    
0.2313348000    0.0181683470    0.0003963715    
0.2315763900    0.0174778730    0.0003891667    
0.2318179800    0.0172624720    0.0003886328    
0.2320595700    0.0168250760    0.0003820922    
0.2323011600    0.0171655390    0.0003871379    
0.2325427500    0.0167639040    0.0003825820    
0.2327843400    0.0171915440    0.0003889131    
0.2330259200    0.0166954890    0.0003798355    
0.2332675100    0.0174172160    0.0003884908    
0.2335091000    0.0170227990    0.0003853917    
0.2337506900    0.0176253540    0.0003901363    
0.2339922800    0.0173783750    0.0003896653    
0.2342338700    0.0177799270    0.0003934614    
0.2344754600    0.0178208820    0.0003951425    
0.2347170400    0.0164380390    0.0003774126    
0.2349586300    0.0177015630    0.0003925933    
0.2352002200    0.0171406800    0.0003895609    
0.2354418100    0.0172887200    0.0003889281    
0.2356834000    0.0168541400    0.0003837430    
0.2359249900    0.0175960480    0.0003896786    
0.2361665700    0.0172259170    0.0003888954    
0.2364081600    0.0167932320    0.0003818617    
0.2366497500    0.0166376720    0.0003821976    
0.2368913400    0.0177886340    0.0003935577    
0.2371329300    0.0176507550    0.0003944857    
0.2373745200    0.0168949990    0.0003844741    
0.2376161100    0.0175861980    0.0003922599    
0.2378576900    0.0169952780    0.0003869565    
0.2380992800    0.0175569430    0.0003911212    
0.2383408700    0.0176456520    0.0003931950    
0.2385824600    0.0168482350    0.0003826181    
0.2388240500    0.0168775910    0.0003846760    
0.2390656400    0.0178807450    0.0003960806    
0.2393072300    0.0170402490    0.0003855892    
0.2395488100    0.0169124980    0.0003846731    
0.2397904000    0.0174676610    0.0003921606    
0.2400319900    0.0171545370    0.0003891729    
0.2402735800    0.0164943630    0.0003821458    
0.2405151700    0.0171160810    0.0003886006    
0.2407567600    0.0168105510    0.0003824533    
0.2409983500    0.0167252430    0.0003836025    
0.2412399300    0.0177731630    0.0003937941    
0.2414815200    0.0167777980    0.0003850104    
0.2417231100    0.0167932320    0.0003818617    
0.2419647000    0.0172934990    0.0003910195    
0.2422062900    0.0172187430    0.0003896281    
0.2424478800    0.0170807900    0.0003881998    
0.2426894600    0.0166080360    0.0003846762    
0.2429310500    0.0175488360    0.0003927969    
0.2431726400    0.0170942200    0.0003874060    
0.2434142300    0.0169121720    0.0003838721    
0.2436558200    0.0169730470    0.0003884694    
0.2438974100    0.0169647210    0.0003848667    
0.2441390000    0.0166781030    0.0003833287    
0.2443805800    0.0168602220    0.0003856852    
0.2446221700    0.0173819110    0.0003920178    
0.2448637600    0.0167834060    0.0003861572    
0.2451053500    0.0177826290    0.0003952671    
0.2453469400    0.0169414320    0.0003898963    
0.2455885300    0.0169128260    0.0003854791    
0.2458301200    0.0170117000    0.0003890485    
0.2460717000    0.0172131550    0.0003882118    
0.2463132900    0.0166524310    0.0003822342    
0.2465548800    0.0172566680    0.0003912885    
0.2467964700    0.0175136680    0.0003924031    
0.2470380600    0.0173852450    0.0003921927    
0.2472796500    0.0176648320    0.0003951953    
0.2475212400    0.0163028520    0.0003819350    
0.2477628200    0.0170284500    0.0003911745    
0.2480044100    0.0170362520    0.0003872876    
0.2482460000    0.0170128980    0.0003871571    
0.2484875900    0.0165032170    0.0003822484    
0.2487291800    0.0176099240    0.0003948572    
0.2489707700    0.0166428610    0.0003829235    
0.2492123600    0.0170566580    0.0003899747    
0.2494539400    0.0174730100    0.0003938721    
0.2496955300    0.0170178910    0.0003893938    
0.2499371200    0.0174825670    0.0003932889    
0.2501787100    0.0174366820    0.0003971095    
0.2504203000    0.0178961630    0.0003974963    
0.2506618900    0.0173052380    0.0003887100    
0.2509034700    0.0172026560    0.0003902646    
0.2511450600    0.0164896670    0.0003814233    
0.2513866500    0.0165441280    0.0003829906    
0.2516282400    0.0171281110    0.0003869833    
0.2518698300    0.0171608800    0.0003895173    
0.2521114200    0.0165316840    0.0003813763    
0.2523530100    0.0169161560    0.0003864595    
0.2525945900    0.0170006850    0.0003864790    
0.2528361800    0.0168961670    0.0003881357    
0.2530777700    0.0174758180    0.0003911625    
0.2533193600    0.0174832220    0.0003908390    
0.2535609500    0.0171123610    0.0003880164    
0.2538025400    0.0174345400    0.0003915157    
0.2540441300    0.0172762840    0.0003897347    
0.2542857100    0.0168015830    0.0003839422    
0.2545273000    0.0167037170    0.0003848333    
0.2547688900    0.0173750880    0.0003894937    
0.2550104800    0.0161717520    0.0003786558    
0.2552520700    0.0175843030    0.0003963808    
0.2554936600    0.0169447320    0.0003853066    
0.2557352500    0.0172428250    0.0003901731    
0.2559768300    0.0170555570    0.0003864305    
0.2562184200    0.0175322130    0.0003937090    
0.2564600100    0.0166559730    0.0003816124    
0.2567016000    0.0164412410    0.0003815300    
0.2569431900    0.0163066000    0.0003785075    
0.2571847800    0.0166468420    0.0003819047    
0.2574263700    0.0171324740    0.0003879741    
0.2576679500    0.0171513710    0.0003890010    
0.2579095400    0.0171608800    0.0003895173    
0.2581511300    0.0172799700    0.0003888297    
0.2583927200    0.0175147870    0.0003910564    
0.2586343100    0.0176060240    0.0003908591    
0.2588759000    0.0170890770    0.0003878875    
0.2591174800    0.0166460060    0.0003797925    
0.2593590700    0.0171318750    0.0003856926    
0.2596006600    0.0172942340    0.0003888554    
0.2598422500    0.0169009250    0.0003848082    
0.2600838400    0.0166173360    0.0003818312    
0.2603254300    0.0176524700    0.0003949187    
0.2605670200    0.0169595090    0.0003857424    
0.2608086000    0.0163904570    0.0003762209    
0.2610501900    0.0167348680    0.0003821184    
0.2612917800    0.0174562520    0.0003912149    
0.2615333700    0.0164294870    0.0003786159    
0.2617749600    0.0167666290    0.0003831434    
0.2620165500    0.0168163270    0.0003827829    
0.2622581400    0.0169396260    0.0003865923    
0.2624997200    0.0166150200    0.0003812750    
0.2627413100    0.0168634950    0.0003878972    
0.2629829000    0.0166924150    0.0003800608    
0.2632244900    0.0165289640    0.0003812121    
0.2634660800    0.0165261020    0.0003793345    
0.2637076700    0.0172187250    0.0003881400    
0.2639492600    0.0171837280    0.0003877454    
0.2641908400    0.0164620760    0.0003801754    
0.2644324300    0.0167133450    0.0003837335    
0.2646740200    0.0168192820    0.0003821577    
0.2649156100    0.0173187740    0.0003919920    
0.2651572000    0.0166552310    0.0003823992    
0.2653987900    0.0159169470    0.0003757929    
0.2656403800    0.0165960380    0.0003822511    
0.2658819600    0.0169909150    0.0003851637    
0.2661235500    0.0168778670    0.0003858869    
0.2663651400    0.0172592600    0.0003884621    
0.2666067300    0.0169713030    0.0003860106    
0.2668483200    0.0167316070    0.0003827431    
0.2670899100    0.0164716730    0.0003829586    
0.2673314900    0.0175793310    0.0003919118    
0.2675730800    0.0172002190    0.0003905109    
0.2678146700    0.0170209930    0.0003895668    
0.2680562600    0.0165268880    0.0003806584    
0.2682978500    0.0173939010    0.0003911953    
0.2685394400    0.0168628780    0.0003838425    
0.2687810300    0.0166248030    0.0003831169    
0.2690226100    0.0173413180    0.0003884440    
0.2692642000    0.0165807710    0.0003847678    
0.2695057900    0.0166612050    0.0003823349    
0.2697473800    0.0164971950    0.0003805807    
0.2699889700    0.0163187970    0.0003806408    
0.2702305600    0.0166971350    0.0003857067    
0.2704721500    0.0169491750    0.0003879231    
0.2707137300    0.0167259200    0.0003824129    
0.2709553200    0.0170729700    0.0003889271    
0.2711969100    0.0167602820    0.0003844061    
0.2714385000    0.0167577150    0.0003834406    
0.2716800900    0.0171431970    0.0003893166    
0.2719216800    0.0174279220    0.0004011988    
0.2721632700    0.0163155040    0.0003909097    
0.2724048500    0.0169682700    0.0004037776    
0.2726464400    0.0172788450    0.0004149446    
0.2728880300    0.0164578220    0.0004052864    
0.2731296200    0.0169144910    0.0004131635    
0.2733712100    0.0172713490    0.0004208770    
0.2736128000    0.0165667740    0.0004178416    
0.2738543800    0.0164483270    0.0004139336    
0.2740959700    0.0170638200    0.0004256654    
0.2743375600    0.0172143800    0.0004306287    
0.2745791500    0.0165585030    0.0004241589    
0.2748207400    0.0165252820    0.0004266809    
0.2750623300    0.0176930680    0.0004414997    
0.2753039200    0.0172613490    0.0004407193    
0.2755455000    0.0175680870    0.0004432374    
0.2757870900    0.0174750030    0.0004486673    
0.2760286800    0.0170504480    0.0004409763    
0.2762702700    0.0169441900    0.0004477642    
0.2765118600    0.0168483030    0.0004287780    
0.2767534500    0.0165991490    0.0004239501    
0.2769950400    0.0173238500    0.0004296197    
0.2772366200    0.0164650800    0.0004144865    
0.2774782100    0.0158888600    0.0004076748    
0.2777198000    0.0169458850    0.0004220673    
0.2779613900    0.0165792250    0.0004164373    
0.2782029800    0.0169511200    0.0004129509    
0.2784445700    0.0171577420    0.0004189803    
0.2786861600    0.0167862770    0.0004132496    
0.2789277400    0.0165054360    0.0004052321    
0.2791693300    0.0166112080    0.0004068491    
0.2794109200    0.0162871600    0.0004047827    
0.2796525100    0.0165262270    0.0004070944    
0.2798941000    0.0168304860    0.0004061734    
0.2801356900    0.0166770210    0.0004084611    
0.2803772800    0.0167998140    0.0004135828    
0.2806188600    0.0168467830    0.0004057405    
0.2808604500    0.0167435270    0.0004023213    
0.2811020400    0.0172526490    0.0004099647    
0.2813436300    0.0169615800    0.0004083869    
0.2815852200    0.0165381990    0.0003992359    
0.2818268100    0.0161420890    0.0003965505    
0.2820683900    0.0173169570    0.0004118418    
0.2823099800    0.0172314530    0.0004105055    
0.2825515700    0.0168337530    0.0004021739    
0.2827931600    0.0169649600    0.0004085867    
0.2830347500    0.0167786350    0.0004039821    
0.2832763400    0.0165352140    0.0003990476    
0.2835179300    0.0162751960    0.0003958976    
0.2837595100    0.0158206110    0.0003925819    
0.2840011000    0.0172145630    0.0004099868    
0.2842426900    0.0175069760    0.0004093589    
0.2844842800    0.0165918890    0.0004006487    
0.2847258700    0.0167593540    0.0004032841    
0.2849674600    0.0168987990    0.0004060522    
0.2852090500    0.0167500360    0.0004022455    
0.2854506300    0.0165415010    0.0004014265    
0.2856922200    0.0168853910    0.0004043318    
0.2859338100    0.0168013810    0.0004039447    
0.2861754000    0.0169682700    0.0004037776    
0.2864169900    0.0163024980    0.0003956264    
0.2866585800    0.0171696530    0.0004078774    
0.2869001700    0.0165701230    0.0003997736    
0.2871417500    0.0165803490    0.0003994395    
0.2873833400    0.0168466930    0.0004043336    
0.2876249300    0.0170996180    0.0004078279    
0.2878665200    0.0167122930    0.0004056908    
0.2881081100    0.0171506540    0.0004037964    
0.2883497000    0.0164523340    0.0003977430    
0.2885912900    0.0170931780    0.0004052610    
0.2888328700    0.0167408020    0.0004012147    
0.2890744600    0.0163870660    0.0003960494    
0.2893160500    0.0164148280    0.0003968362    
0.2895576400    0.0165719380    0.0004008688    
0.2897992300    0.0160478400    0.0003905983    
0.2900408200    0.0168464870    0.0004011068    
0.2902824000    0.0166979970    0.0004023906    
0.2905239900    0.0166157990    0.0003997140    
0.2907655800    0.0165967920    0.0003966259    
0.2910071700    0.0162745240    0.0003927563    
0.2912487600    0.0170555840    0.0004026757    
0.2914903500    0.0162852380    0.0003924439    
0.2917319400    0.0167773900    0.0003969938    
0.2919735200    0.0161123970    0.0003902096    
0.2922151100    0.0158169500    0.0003858941    
0.2924567000    0.0167455530    0.0003978026    
0.2926982900    0.0168148390    0.0003987740    
0.2929398800    0.0167732230    0.0004003852    
0.2931814700    0.0162499420    0.0003901235    
0.2934230600    0.0159512380    0.0003876733    
0.2936646400    0.0166200800    0.0003929415    
0.2939062300    0.0161081610    0.0003904507    
0.2941478200    0.0160923710    0.0003877961    
0.2943894100    0.0163430840    0.0003926992    
0.2946310000    0.0158919390    0.0003862322    
0.2948725900    0.0160102950    0.0003885353    
0.2951141800    0.0166458770    0.0003954347    
0.2953557600    0.0165957200    0.0003975094    
0.2955973500    0.0168150490    0.0003965549    
0.2958389400    0.0160075950    0.0003862020    
0.2960805300    0.0163951800    0.0003911383    
0.2963221200    0.0173574840    0.0004017118    
0.2965637100    0.0164714380    0.0003911805    
0.2968053000    0.0167320110    0.0003933950    
0.2970468800    0.0166445750    0.0003935207    
0.2972884700    0.0166395180    0.0003923062    
0.2975300600    0.0157145860    0.0003812468    
0.2977716500    0.0168089070    0.0003957502    
0.2980132400    0.0163689220    0.0003914039    
0.2982548300    0.0161733050    0.0003860648    
0.2984964100    0.0157035400    0.0003798626    
0.2987380000    0.0166860890    0.0003924238    
0.2989795900    0.0164937700    0.0003893030    
0.2992211800    0.0161461000    0.0003847583    
0.2994627700    0.0164710100    0.0003897441    
0.2997043600    0.0170191470    0.0003971929    
0.2999459500    0.0158302740    0.0003829283    
0.3001875300    0.0165874660    0.0003914055    
0.3004291200    0.0166891770    0.0003966873    
0.3006707100    0.0165220170    0.0003892115    
0.3009123000    0.0167165100    0.0003933569    
0.3011538900    0.0166876910    0.0003903086    
0.3013954800    0.0159108500    0.0003831993    
0.3016370700    0.0168829030    0.0003944431    
0.3018786500    0.0161825210    0.0003861748    
0.3021202400    0.0163917290    0.0003885212    
0.3023618300    0.0160905410    0.0003866310    
0.3026034200    0.0169077480    0.0003954555    
0.3028450100    0.0164972020    0.0003909114    
0.3030866000    0.0165335930    0.0003917737    
0.3033281900    0.0160752560    0.0003840527    
0.3035697700    0.0170612370    0.0003966657    
0.3038113600    0.0167444740    0.0003932535    
0.3040529500    0.0156876650    0.0003792567    
0.3042945400    0.0161435450    0.0003845882    
0.3045361300    0.0166791450    0.0003933498    
0.3047777200    0.0169595160    0.0003950488    
0.3050193100    0.0168091790    0.0003935810    
0.3052608900    0.0155894390    0.0003800042    
0.3055024800    0.0164632590    0.0003954727    
0.3057440700    0.0163407910    0.0003862305    
0.3059856600    0.0166412110    0.0003906129    
0.3062272500    0.0162654610    0.0003871631    
0.3064688400    0.0163675220    0.0003893719    
0.3067104200    0.0168367920    0.0003917652    
0.3069520100    0.0159220790    0.0003829149    
0.3071936000    0.0155018520    0.0003786575    
0.3074351900    0.0156935820    0.0003814113    
0.3076767800    0.0163203060    0.0003868283    
0.3079183700    0.0167526420    0.0003959650    
0.3081599600    0.0157980220    0.0003845178    
0.3084015400    0.0162665290    0.0003857705    
0.3086431300    0.0161881750    0.0003845617    
0.3088847200    0.0167597590    0.0003937211    
0.3091263100    0.0162969630    0.0003872553    
0.3093679000    0.0163723020    0.0003887165    
0.3096094900    0.0157679410    0.0003795374    
0.3098510800    0.0160660400    0.0003870492    
0.3100926600    0.0155161150    0.0003785545    
0.3103342500    0.0168460680    0.0003944447    
0.3105758400    0.0169523890    0.0003984663    
0.3108174300    0.0163715900    0.0003877173    
0.3110590200    0.0167039780    0.0003934980    
0.3113006100    0.0156469920    0.0003779423    
0.3115422000    0.0163517300    0.0003893269    
0.3117837800    0.0162693570    0.0003869272    
0.3120253700    0.0161241190    0.0003863242    
0.3122669600    0.0165135460    0.0003886886    
0.3125085500    0.0158651940    0.0003837729    
0.3127501400    0.0162140490    0.0003872581    
0.3129917300    0.0163018670    0.0003900236    
0.3132333100    0.0164314760    0.0003905620    
0.3134749000    0.0165499000    0.0003913917    
0.3137164900    0.0158689370    0.0003818578    
0.3139580800    0.0158849420    0.0003819114    
0.3141996700    0.0161287710    0.0003851115    
0.3144412600    0.0159797780    0.0003837481    
0.3146828500    0.0166887410    0.0003930300    
0.3149244300    0.0170326980    0.0003954681    
0.3151660200    0.0168461220    0.0003953138    
0.3154076100    0.0162471790    0.0003889379    
0.3156492000    0.0166428880    0.0003952522    
0.3158907900    0.0165220170    0.0003892115    
0.3161323800    0.0165799010    0.0003900344    
0.3163739700    0.0157104830    0.0003798084    
0.3166155500    0.0164843390    0.0003910460    
0.3168571400    0.0161655530    0.0003855504    
0.3170987300    0.0164119860    0.0003893296    
0.3173403200    0.0168645390    0.0003946609    
0.3175819100    0.0162060440    0.0003877310    
0.3178235000    0.0169938400    0.0003961709    
0.3180650900    0.0160194180    0.0003864872    
0.3183066700    0.0162617030    0.0003883963    
0.3185482600    0.0159301770    0.0003845581    
0.3187898500    0.0162874800    0.0003861588    
0.3190314400    0.0164922790    0.0003901381    
0.3192730300    0.0162720140    0.0003870999    
0.3195146200    0.0168091250    0.0003940120    
0.3197562100    0.0157885400    0.0003810279    
0.3199977900    0.0163907600    0.0003889355    
0.3202393800    0.0159350440    0.0003849000    
0.3204809700    0.0166814540    0.0003943926    
0.3207225600    0.0160212180    0.0003860815    
0.3209641500    0.0153028490    0.0003771876    
0.3212057400    0.0160159570    0.0003836226    
0.3214473200    0.0159748890    0.0003834096    
0.3216889100    0.0161287710    0.0003851115    
0.3219305000    0.0154154910    0.0003780169    
0.3221720900    0.0161189970    0.0003859800    
0.3224136800    0.0157793520    0.0003803634    
0.3226552700    0.0163182430    0.0003910876    
0.3228968600    0.0162114220    0.0003870850    
0.3231384400    0.0166861440    0.0003965032    
0.3233800300    0.0161997310    0.0003858173    
0.3236216200    0.0166282390    0.0003911715    
0.3238632100    0.0168553040    0.0003945528    
0.3241048000    0.0164018020    0.0003896366    
0.3243463900    0.0163250410    0.0003885813    
0.3245879800    0.0165874660    0.0003914055    
0.3248295600    0.0159268950    0.0003832525    
0.3250711500    0.0159545620    0.0003835852    
0.3253127400    0.0165121680    0.0003913759    
0.3255543300    0.0162418450    0.0003885876    
0.3257959200    0.0162446350    0.0003907852    
0.3260375100    0.0173023790    0.0003987316    
0.3262791000    0.0162629610    0.0003879839    
0.3265206800    0.0158691920    0.0003824179    
0.3267622700    0.0174640920    0.0004023515    
0.3270038600    0.0161030580    0.0003859304    
0.3272454500    0.0160098960    0.0003842498    
0.3274870400    0.0167167670    0.0003929280    
0.3277286300    0.0161607760    0.0003877594    
0.3279702200    0.0163943430    0.0003901204    
0.3282118000    0.0155743630    0.0003830662    
0.3284533900    0.0163261570    0.0003881683    
0.3286949800    0.0153561830    0.0003897960    
0.3289365700    0.0159087100    0.0004021405    
0.3291781600    0.0163477670    0.0004111426    
0.3294197500    0.0161917290    0.0004139496    
0.3296613300    0.0162757480    0.0004192609    
0.3299029200    0.0161660340    0.0004183826    
0.3301445100    0.0157119990    0.0004184291    
0.3303861000    0.0164874420    0.0004314961    
0.3306276900    0.0167878850    0.0004387584    
0.3308692800    0.0159652850    0.0004280683    
0.3311108700    0.0161492020    0.0004340932    
0.3313524500    0.0165990670    0.0004450616    
0.3315940400    0.0155525800    0.0004301943    
0.3318356300    0.0158365900    0.0004397357    
0.3320772200    0.0167603500    0.0004528171    
0.3323188100    0.0161025740    0.0004479856    
0.3325604000    0.0164775270    0.0004525018    
0.3328019900    0.0166349630    0.0004594312    
0.3330435700    0.0159804680    0.0004456244    
0.3332851600    0.0172614570    0.0004571068    
0.3335267500    0.0166481430    0.0004349577    
0.3337683400    0.0164776840    0.0004327252    
0.3340099300    0.0163478770    0.0004281368    
0.3342515200    0.0165294850    0.0004263633    
0.3344931100    0.0159755480    0.0004148444    
0.3347346900    0.0171049160    0.0004307300    
0.3349762800    0.0163828490    0.0004193843    
0.3352178700    0.0170255300    0.0004259045    
0.3354594600    0.0162220010    0.0004136435    
0.3357010500    0.0158478980    0.0004098747    
0.3359426400    0.0168835570    0.0004244834    
0.3361842300    0.0156943960    0.0004013663    
0.3364258100    0.0170145050    0.0004172278    
0.3366674000    0.0161021480    0.0004063816    
0.3369089900    0.0167387240    0.0004128302    
0.3371505800    0.0163774170    0.0004075296    
0.3373921700    0.0165688150    0.0004108953    
0.3376337600    0.0162063880    0.0004060489    
0.3378753400    0.0165350900    0.0004103114    
0.3381169300    0.0164169430    0.0004068788    
0.3383585200    0.0163149990    0.0004100592    
0.3386001100    0.0160867720    0.0004011676    
0.3388417000    0.0169076450    0.0004127500    
0.3390832900    0.0164879900    0.0004035892    
0.3393248800    0.0166465630    0.0004085738    
0.3395664600    0.0168404120    0.0004101323    
0.3398080500    0.0163919840    0.0004041556    
0.3400496400    0.0162071050    0.0004004502    
0.3402912300    0.0158506890    0.0003954032    
0.3405328200    0.0159388370    0.0003988450    
0.3407744100    0.0162910510    0.0004033872    
0.3410160000    0.0169805980    0.0004123254    
0.3412575800    0.0162493390    0.0003989445    
0.3414991700    0.0165664480    0.0004025063    
0.3417407600    0.0163716120    0.0004012216    
0.3419823500    0.0161619540    0.0003957271    
0.3422239400    0.0159673100    0.0003950079    
0.3424655300    0.0162479760    0.0003993928    
0.3427071200    0.0161572810    0.0003970435    
0.3429487000    0.0162926220    0.0003991659    
0.3431902900    0.0160380960    0.0003977338    
0.3434318800    0.0165632110    0.0004073879    
0.3436734700    0.0156874610    0.0003892778    
0.3439150600    0.0168754210    0.0004028247    
0.3441566500    0.0162269860    0.0003974386    
0.3443982300    0.0163837740    0.0003988930    
0.3446398200    0.0158709970    0.0003915484    
0.3448814100    0.0159078970    0.0003930573    
0.3451230000    0.0162075170    0.0003972001    
0.3453645900    0.0161977830    0.0003970808    
0.3456061800    0.0168176540    0.0004030566    
0.3458477700    0.0168239660    0.0004057798    
0.3460893500    0.0158670820    0.0003936139    
0.3463309400    0.0166638770    0.0004002919    
0.3465725300    0.0165033650    0.0003985111    
0.3468141200    0.0164555760    0.0003994590    
0.3470557100    0.0159431980    0.0003921381    
0.3472973000    0.0159003390    0.0003925112    
0.3475388900    0.0164444970    0.0003967428    
0.3477804700    0.0159121510    0.0003922058    
0.3480220600    0.0163597000    0.0003978355    
0.3482636500    0.0158395580    0.0003910108    
0.3485052400    0.0155971350    0.0003917691    
0.3487468300    0.0162077840    0.0003950769    
0.3489884200    0.0162339230    0.0003952446    
0.3492300100    0.0160442730    0.0003914402    
0.3494715900    0.0161979690    0.0003960159    
0.3497131800    0.0161493250    0.0003927196    
0.3499547700    0.0164022840    0.0003980480    
0.3501963600    0.0161860560    0.0003936128    
0.3504379500    0.0160799550    0.0003933658    
0.3506795400    0.0158563930    0.0003910691    
0.3509211300    0.0163819270    0.0003982583    
0.3511627100    0.0159875440    0.0003935861    
0.3514043000    0.0165790820    0.0003979107    
0.3516458900    0.0167122330    0.0004004151    
0.3518874800    0.0168178370    0.0004007656    
0.3521290700    0.0167923380    0.0004006132    
0.3523706600    0.0167729470    0.0004012942    
0.3526122400    0.0158367660    0.0003896381    
0.3528538300    0.0164523340    0.0003977430    
0.3530954200    0.0160010680    0.0003928491    
0.3533370100    0.0166704120    0.0004002180    
0.3535786000    0.0162951250    0.0003982722    
0.3538201900    0.0157506760    0.0003874028    
0.3540617800    0.0158610940    0.0003908286    
0.3543033600    0.0159172210    0.0003891520    
0.3545449500    0.0157338210    0.0003879281    
0.3547865400    0.0166087540    0.0003973659    
0.3550281300    0.0167311870    0.0004010995    
0.3552697200    0.0160999090    0.0003925640    
0.3555113100    0.0166385330    0.0003996831    
0.3557529000    0.0167215710    0.0004009842    
0.3559944800    0.0170427500    0.0004023727    
0.3562360700    0.0159959630    0.0003947515    
0.3564776600    0.0161741040    0.0003922796    
0.3567192500    0.0162488950    0.0003936308    
0.3569608400    0.0168305890    0.0003997099    
0.3572024300    0.0163459570    0.0003954024    
0.3574440200    0.0157554800    0.0003871698    
0.3576856000    0.0156235880    0.0003868600    
0.3579271900    0.0164367310    0.0003957500    
0.3581687800    0.0160336700    0.0003923510    
0.3584103700    0.0156767510    0.0003866385    
0.3586519600    0.0167367850    0.0004028577    
0.3588935500    0.0165850730    0.0003982840    
0.3591351400    0.0159301210    0.0003906366    
0.3593767200    0.0168116040    0.0003994844    
0.3596183100    0.0163069100    0.0003928521    
0.3598599000    0.0158102510    0.0003882813    
0.3601014900    0.0157386680    0.0003876943    
0.3603430800    0.0158317440    0.0003886920    
0.3605846700    0.0162053440    0.0003928063    
0.3608262500    0.0162147720    0.0003939618    
0.3610678400    0.0162584310    0.0003937463    
0.3613094300    0.0162160010    0.0003956299    
0.3615510200    0.0165832130    0.0003972098    
0.3617926100    0.0169350090    0.0004009480    
0.3620342000    0.0162679660    0.0003938617    
0.3622757900    0.0158601360    0.0003884536    
0.3625173700    0.0157792620    0.0003877542    
0.3627589600    0.0154712640    0.0003843866    
0.3630005500    0.0160288260    0.0003903669    
0.3632421400    0.0159027670    0.0003886825    
0.3634837300    0.0157672750    0.0003886348    
0.3637253200    0.0164273110    0.0003971380    
0.3639669100    0.0161350180    0.0003938887    
0.3642084900    0.0160849550    0.0003904621    
0.3644500800    0.0157387980    0.0003871107    
0.3646916700    0.0165951800    0.0003979534    
0.3649332600    0.0155976430    0.0003836388    
0.3651748500    0.0167356620    0.0003985811    
0.3654164400    0.0169039470    0.0004022470    
0.3656580300    0.0156504280    0.0003864598    
0.3658996100    0.0168812530    0.0004004617    
0.3661412000    0.0154002140    0.0003832132    
0.3663827900    0.0170996180    0.0004078279    
0.3666243800    0.0152086200    0.0003779779    
0.3668659700    0.0159382740    0.0003889698    
0.3671075600    0.0161497640    0.0003916893    
0.3673491500    0.0162311960    0.0003919390    
0.3675907300    0.0158150690    0.0003886341    
0.3678323200    0.0160840470    0.0003898662    
0.3680739100    0.0157338210    0.0003879281    
0.3683155000    0.0162094600    0.0003925603    
0.3685570900    0.0153612750    0.0003820078    
0.3687986800    0.0160510870    0.0003930126    
0.3690402600    0.0159209640    0.0003911183    
0.3692818500    0.0163553070    0.0003929929    
0.3695234400    0.0163017610    0.0003935282    
0.3697650300    0.0159636940    0.0003885502    
0.3700066200    0.0161482160    0.0003921133    
0.3702482100    0.0165819400    0.0003957064    
0.3704898000    0.0164252590    0.0003950161    
0.3707313800    0.0158794590    0.0003892773    
0.3709729700    0.0164224020    0.0003948332    
0.3712145600    0.0158896550    0.0003905849    
0.3714561500    0.0159138590    0.0003911799    
0.3716977400    0.0164261800    0.0003945820    
0.3719393300    0.0156705220    0.0003849659    
0.3721809200    0.0157911220    0.0003868793    
0.3724225000    0.0166631410    0.0003974179    
0.3726640900    0.0162013810    0.0003920199    
0.3729056800    0.0157935010    0.0003870538    
0.3731472700    0.0152051890    0.0003790651    
0.3733888600    0.0163251810    0.0003945537    
0.3736304500    0.0160329060    0.0003917462    
0.3738720400    0.0161184470    0.0003938364    
0.3741136200    0.0159246800    0.0003896839    
0.3743552100    0.0161972630    0.0003922649    
0.3745968000    0.0161166200    0.0003899690    
0.3748383900    0.0165464560    0.0003958754    
0.3750799800    0.0154309410    0.0003824417    
0.3753215700    0.0155724900    0.0003847699    
0.3755631500    0.0159472680    0.0003884958    
0.3758047400    0.0163397610    0.0003939866    
0.3760463300    0.0158936040    0.0003891566    
0.3762879200    0.0169739290    0.0004027735    
0.3765295100    0.0159573970    0.0003920133    
0.3767711000    0.0171905080    0.0004035064    
0.3770126900    0.0162757810    0.0003923299    
0.3772542700    0.0165813730    0.0003961443    
0.3774958600    0.0163147760    0.0003923590    
0.3777374500    0.0159213460    0.0003883255    
0.3779790400    0.0161101310    0.0003916507    
0.3782206300    0.0154584050    0.0003833579    
0.3784622200    0.0164233280    0.0003943997    
0.3787038100    0.0166333520    0.0003984108    
0.3789453900    0.0162817750    0.0003947750    
0.3791869800    0.0170767940    0.0004047588    
0.3794285700    0.0167486390    0.0003979882    
0.3796701600    0.0159717840    0.0003896716    
0.3799117500    0.0159775870    0.0003884284    
0.3801533400    0.0159432630    0.0003893236    
0.3803949300    0.0164673940    0.0003933090    
0.3806365100    0.0162690530    0.0003923958    
0.3808781000    0.0166635250    0.0003969757    
0.3811196900    0.0166646500    0.0003993897    
0.3813612800    0.0159168130    0.0003885618    
0.3816028700    0.0153205000    0.0003826539    
0.3818444600    0.0162882740    0.0003936617    
0.3820860500    0.0166676720    0.0003958408    
0.3823276300    0.0152763490    0.0003789596    
0.3825692200    0.0161978120    0.0003892086    
0.3828108100    0.0156371150    0.0003818476    
0.3830524000    0.0160284160    0.0003881757    
0.3832939900    0.0165431930    0.0003937739    
0.3835355800    0.0158495980    0.0003854308    
0.3837771600    0.0160032630    0.0003864350    
0.3840187500    0.0157510460    0.0003850893    
0.3842603400    0.0168589540    0.0003991473    
0.3845019300    0.0163103920    0.0003881227    
0.3847435200    0.0157121210    0.0003816366    
0.3849851100    0.0167653740    0.0003953834    
0.3852267000    0.0166705090    0.0004040816    
0.3854682800    0.0166063620    0.0004111947    
0.3857098700    0.0163962430    0.0004132777    
0.3859514600    0.0163192310    0.0004168009    
0.3861930500    0.0161909970    0.0004176323    
0.3864346400    0.0156276770    0.0004145695    
0.3866762300    0.0159824000    0.0004222007    
0.3869178200    0.0161085490    0.0004261282    
0.3871594000    0.0156258470    0.0004246530    
0.3874009900    0.0158280600    0.0004285688    
0.3876425800    0.0156992020    0.0004299941    
0.3878841700    0.0159627690    0.0004354202    
0.3881257600    0.0156794390    0.0004342019    
0.3883673500    0.0162604300    0.0004453659    
0.3886089400    0.0172039970    0.0004607846    
0.3888505200    0.0160617910    0.0004471973    
0.3890921100    0.0156337400    0.0004436108    
0.3893337000    0.0156754680    0.0004491557    
0.3895752900    0.0157103510    0.0004512680    
0.3898168800    0.0164797360    0.0004434589    
0.3900584700    0.0152929590    0.0004193394    
0.3903000600    0.0160758540    0.0004285752    
0.3905416400    0.0165462200    0.0004305351    
0.3907832300    0.0166627390    0.0004310931    
0.3910248200    0.0164793590    0.0004272075    
0.3912664100    0.0157541980    0.0004158822    
0.3915080000    0.0158550470    0.0004152300    
0.3917495900    0.0163657430    0.0004236930    
0.3919911700    0.0155752580    0.0004140540    
0.3922327600    0.0161672110    0.0004146802    
0.3924743500    0.0167408680    0.0004235820    
0.3927159400    0.0163249250    0.0004159976    
0.3929575300    0.0164827520    0.0004208400    
0.3931991200    0.0165427820    0.0004196460    
0.3934407100    0.0164341290    0.0004175620    
0.3936822900    0.0162035560    0.0004160232    
0.3939238800    0.0160306160    0.0004143233    
0.3941654700    0.0156772360    0.0004097311    
0.3944070600    0.0165828240    0.0004222954    
0.3946486500    0.0162140180    0.0004186441    
0.3948902400    0.0158215970    0.0004105699    
0.3951318300    0.0160289380    0.0004129031    
0.3953734100    0.0154001100    0.0004054064    
0.3956150000    0.0156716950    0.0004100066    
0.3958565900    0.0164747570    0.0004191358    
0.3960981800    0.0160636990    0.0004154559    
0.3963397700    0.0163405490    0.0004200947    
0.3965813600    0.0161137470    0.0004171691    
0.3968229500    0.0163009020    0.0004210278    
0.3970645300    0.0153689980    0.0004098764    
0.3973061200    0.0154622210    0.0004091738    
0.3975477100    0.0157897160    0.0004122487    
0.3977893000    0.0158575690    0.0004147276    
0.3980308900    0.0158059860    0.0004135200    
0.3982724800    0.0161612710    0.0004186802    
0.3985140700    0.0160666090    0.0004176316    
0.3987556500    0.0159368730    0.0004166592    
0.3989972400    0.0153742000    0.0004087091    
0.3992388300    0.0169144030    0.0004312991    
0.3994804200    0.0157239560    0.0004156636    
0.3997220100    0.0157260750    0.0004180634    
0.3999636000    0.0164237940    0.0004227940    
0.4002051800    0.0161744680    0.0004215762    
0.4004467700    0.0158659210    0.0004153724    
0.4006883600    0.0165617670    0.0004273382    
0.4009299500    0.0163886300    0.0004252844    
0.4011715400    0.0152588160    0.0004109024    
0.4014131300    0.0161502060    0.0004231051    
0.4016547200    0.0155457620    0.0004178727    
0.4018963000    0.0160128670    0.0004224163    
0.4021378900    0.0159119770    0.0004246593    
0.4023794800    0.0155782790    0.0004166447    
0.4026210700    0.0156308100    0.0004179003    
0.4028626600    0.0160009490    0.0004215157    
0.4031042500    0.0160166900    0.0004234020    
0.4033458400    0.0160726530    0.0004241411    
0.4035874200    0.0167731460    0.0004365876    
0.4038290100    0.0162776380    0.0004283589    
0.4040706000    0.0158155830    0.0004229915    
0.4043121900    0.0165109040    0.0004337472    
0.4045537800    0.0154093000    0.0004201668    
0.4047953700    0.0158367130    0.0004284890    
0.4050369600    0.0158213110    0.0004234477    
0.4052785400    0.0155476300    0.0004212847    
0.4055201300    0.0162520990    0.0004305286    
0.4057617200    0.0158827160    0.0004283250    
0.4060033100    0.0165258190    0.0004341390    
0.4062449000    0.0159062740    0.0004294290    
0.4064864900    0.0159173690    0.0004287920    
0.4067280800    0.0162558200    0.0004349213    
0.4069696600    0.0156173740    0.0004280741    
0.4072112500    0.0153442500    0.0004259007    
0.4074528400    0.0161052940    0.0004373597    
0.4076944300    0.0160312140    0.0004339104    
0.4079360200    0.0164059090    0.0004375298    
0.4081776100    0.0156257390    0.0004287869    
0.4084191900    0.0160857620    0.0004358661    
0.4086607800    0.0160483350    0.0004337388    
0.4089023700    0.0159276870    0.0004357621    
0.4091439600    0.0156381740    0.0004323965    
0.4093855500    0.0163492430    0.0004431682    
0.4096271400    0.0154040930    0.0004314009    
0.4098687300    0.0156135550    0.0004409131    
0.4101103100    0.0162359410    0.0004391301    
0.4103519000    0.0160839740    0.0004410294    
0.4105934900    0.0162394320    0.0004423091    
0.4108350800    0.0161681950    0.0004436725    
0.4110766700    0.0164080440    0.0004467359    
0.4113182600    0.0158490610    0.0004407621    
0.4115598500    0.0160439000    0.0004449777    
0.4118014300    0.0157598760    0.0004427560    
0.4120430200    0.0160685830    0.0004453199    
0.4122846100    0.0154016280    0.0004398670    
0.4125262000    0.0154708180    0.0004453071    
0.4127677900    0.0163721030    0.0004499461    
0.4130093800    0.0161184850    0.0004484283    
0.4132509700    0.0164041510    0.0004530565    
0.4134925500    0.0158133980    0.0004481677    
0.4137341400    0.0155543880    0.0004431468    
0.4139757300    0.0165267550    0.0004597866    
0.4142173200    0.0156011920    0.0004444802    
0.4144589100    0.0154424270    0.0004467161    
0.4147005000    0.0158685150    0.0004519129    
0.4149420800    0.0155690410    0.0004513240    
0.4151836700    0.0162806940    0.0004593864    
0.4154252600    0.0157720500    0.0004491657    
0.4156668500    0.0165061510    0.0004560476    
0.4159084400    0.0160903470    0.0004502668    
0.4161500300    0.0159569950    0.0004470606    
0.4163916200    0.0164279700    0.0004540609    
0.4166332000    0.0157288830    0.0004418853    
0.4168747900    0.0162413630    0.0004477077    
0.4171163800    0.0163349450    0.0004532242    
0.4173579700    0.0158746590    0.0004437102    
0.4175995600    0.0148766380    0.0004362294    
0.4178411500    0.0161653540    0.0004473152    
0.4180827400    0.0159654770    0.0004460745    
0.4183243200    0.0155214900    0.0004411366    
0.4185659100    0.0157784910    0.0004461047    
0.4188075000    0.0159139450    0.0004477918    
0.4190490900    0.0162288970    0.0004553938    
0.4192906800    0.0150228500    0.0004377032    
0.4195322700    0.0170195470    0.0004696947    
0.4197738600    0.0147641010    0.0004374668    
0.4200154400    0.0160721850    0.0004607121    
0.4202570300    0.0165732100    0.0004685738    
0.4204986200    0.0157620390    0.0004538776    
0.4207402100    0.0161360270    0.0004623522    
0.4209818000    0.0160148380    0.0004586915    
0.4212233900    0.0148712920    0.0004445634    
0.4214649800    0.0157248630    0.0004583515    
0.4217065600    0.0163457540    0.0004685540    
0.4219481500    0.0165318630    0.0004727250    
0.4221897400    0.0158839010    0.0004653655    
0.4224313300    0.0157954870    0.0004676169    
0.4226729200    0.0152115580    0.0004599017    
0.4229145100    0.0159668990    0.0004724845    
0.4231560900    0.0154972270    0.0004636897    
0.4233976800    0.0153675280    0.0004625082    
0.4236392700    0.0152626030    0.0004627156    
0.4238808600    0.0161700060    0.0004778674    
0.4241224500    0.0160608710    0.0004765187    
0.4243640400    0.0157852350    0.0004761592    
0.4246056300    0.0155399590    0.0004735240    
0.4248472100    0.0159201430    0.0004817654    
0.4250888000    0.0156054770    0.0004786416    
0.4253303900    0.0163190520    0.0004970334    
0.4255719800    0.0155094200    0.0004777220    
0.4258135700    0.0155343060    0.0004789432    
0.4260551600    0.0162325480    0.0004939407    
0.4262967500    0.0163816070    0.0004941487    
0.4265383300    0.0158878660    0.0004910122    
0.4267799200    0.0156437460    0.0004895847    
0.4270215100    0.0160713550    0.0004950308    
0.4272631000    0.0158322390    0.0004964572    
0.4275046900    0.0162998470    0.0005059235    
0.4277462800    0.0151439610    0.0004928939    
0.4279878700    0.0161838020    0.0005128034    
0.4282294500    0.0153568300    0.0004938423    
0.4284710400    0.0160773000    0.0005068905    
0.4287126300    0.0163595630    0.0005142585    
0.4289542200    0.0161604030    0.0005130933    
0.4291958100    0.0153542240    0.0005024056    
0.4294374000    0.0153881490    0.0005076082    
0.4296789900    0.0164345340    0.0005228522    
0.4299205700    0.0156159680    0.0005151233    
0.4301621600    0.0152613700    0.0005144607    
0.4304037500    0.0163149850    0.0005341286    
0.4306453400    0.0157011710    0.0005298889    
0.4308869300    0.0147150220    0.0005062122    
0.4311285200    0.0165927670    0.0005409088    
0.4313701000    0.0154150450    0.0005250385    
0.4316116900    0.0155054090    0.0005299640    
0.4318532800    0.0160503650    0.0005407505    
0.4320948700    0.0158370180    0.0005406669    
0.4323364600    0.0164392120    0.0005557468    
0.4325780500    0.0159527700    0.0005507508    
0.4328196400    0.0155061300    0.0005475405    
0.4330612200    0.0166941370    0.0005770338    
0.4333028100    0.0157617930    0.0005593651    
0.4335444000    0.0167285430    0.0005744605    
0.4337859900    0.0155173700    0.0005563247    
0.4340275800    0.0150571580    0.0005523935    
0.4342691700    0.0161174240    0.0005770963    
0.4345107600    0.0161067140    0.0005812010    
0.4347523400    0.0162264960    0.0005862871    
0.4349939300    0.0162879490    0.0005923870    
0.4352355200    0.0145779120    0.0005687385    
0.4354771100    0.0165100270    0.0006106454    
0.4357187000    0.0167473860    0.0006280761    
0.4359602900    0.0159188760    0.0006034034    
0.4362018800    0.0171127660    0.0006307849    
0.4364434600    0.0165427030    0.0006248093    
0.4366850500    0.0154551270    0.0006113954    
0.4369266400    0.0162681930    0.0006371116    
0.4371682300    0.0155930190    0.0006262307    
0.4374098200    0.0162029200    0.0006481168    
0.4376514100    0.0161338240    0.0006548517    
0.4378930000    0.0165058230    0.0006716124    
0.4381345800    0.0161921080    0.0006770260    
0.4383761700    0.0159508640    0.0006851483    
0.4386177600    0.0174877680    0.0007051748    
0.4388593500    0.0163748290    0.0006925815    
0.4391009400    0.0151079910    0.0006763266    
0.4393425300    0.0149886750    0.0006827154    
0.4395841100    0.0156035950    0.0007107243    
0.4398257000    0.0153064980    0.0007207548    
0.4400672900    0.0161618180    0.0007560180    
0.4403088800    0.0169336570    0.0007964922    
0.4405504700    0.0160321460    0.0008016073    
0.4407920600    0.0168771390    0.0008557049    
0.4410336500    0.0138648920    0.0007978349    
0.4412752300    0.0145676710    0.0008207953    
0.4415168200    0.0181456960    0.0009630735    
0.4417584100    0.0180900040    0.0013055336    
0.4420000000    0.0189379730    0.0020303638    