# Diamond Light Source Ltd.
# Data extracted from: /dls/b21/data/2017/mx13440-2/processed/b21-369037_00225.dat
q(1/A)          Column          Error           
0.0040000000    0.7980565400    0.0209797060    
0.0042415885    0.8518514300    0.0203864560    
0.0044831771    0.6934506500    0.0171235430    
0.0047247656    0.5553683500    0.0148375450    
0.0049663541    0.4830898600    0.0130469560    
0.0052079426    0.3701056500    0.0117508660    
0.0054495312    0.2822428700    0.0094608025    
0.0056911197    0.2686416500    0.0087021568    
0.0059327082    0.2001422600    0.0075112052    
0.0061742967    0.1931237600    0.0070707633    
0.0064158853    0.1542504900    0.0062556833    
0.0066574738    0.1343258600    0.0055161020    
0.0068990623    0.1150882100    0.0051520557    
0.0071406509    0.1021482200    0.0047678705    
0.0073822394    0.0950340700    0.0044455063    
0.0076238279    0.0860206500    0.0041291233    
0.0078654164    0.0707908900    0.0038057418    
0.0081070050    0.0722497630    0.0036445184    
0.0083485935    0.0586256070    0.0031701098    
0.0085901820    0.0662056540    0.0033918184    
0.0088317705    0.0586478690    0.0031083309    
0.0090733591    0.0559444240    0.0030163212    
0.0093149476    0.0508913040    0.0027722260    
0.0095565361    0.0511933300    0.0027804400    
0.0097981247    0.0422835760    0.0025269270    
0.0100397130    0.0432701930    0.0024695604    
0.0102813020    0.0402677310    0.0024371140    
0.0105228900    0.0339131540    0.0020951616    
0.0107644790    0.0367338570    0.0022031503    
0.0110060670    0.0321522640    0.0020095165    
0.0112476560    0.0319614090    0.0019936979    
0.0114892440    0.0310482260    0.0019367351    
0.0117308330    0.0350634560    0.0020484290    
0.0119724210    0.0317708710    0.0019228606    
0.0122140100    0.0333697410    0.0019528164    
0.0124555980    0.0314976810    0.0018401142    
0.0126971870    0.0261701050    0.0017293692    
0.0129387760    0.0308942900    0.0017777666    
0.0131803640    0.0248416010    0.0016204874    
0.0134219530    0.0250751440    0.0015702664    
0.0136635410    0.0279468010    0.0016642078    
0.0139051300    0.0263611670    0.0016163069    
0.0141467180    0.0247074930    0.0015293554    
0.0143883070    0.0277600870    0.0015974135    
0.0146298950    0.0243590170    0.0014963625    
0.0148714840    0.0250903280    0.0015297843    
0.0151130720    0.0237274740    0.0014715155    
0.0153546610    0.0230868330    0.0013972787    
0.0155962490    0.0253701460    0.0014796169    
0.0158378380    0.0233108810    0.0013856880    
0.0160794260    0.0254525160    0.0014479431    
0.0163210150    0.0260004600    0.0014312782    
0.0165626030    0.0205416340    0.0012965764    
0.0168041920    0.0224837220    0.0013068398    
0.0170457800    0.0226793730    0.0013204441    
0.0172873690    0.0227115970    0.0013134456    
0.0175289580    0.0241691920    0.0013468964    
0.0177705460    0.0247177710    0.0013385423    
0.0180121350    0.0253701460    0.0013408539    
0.0182537230    0.0229440390    0.0012611184    
0.0184953120    0.0225435810    0.0012466629    
0.0187369000    0.0210958280    0.0012059682    
0.0189784890    0.0188314480    0.0011096537    
0.0192200770    0.0211867710    0.0011956386    
0.0194616660    0.0199245340    0.0011298166    
0.0197032540    0.0195154970    0.0011267277    
0.0199448430    0.0212718910    0.0011763383    
0.0201864310    0.0185150810    0.0010891224    
0.0204280200    0.0209365280    0.0011354427    
0.0206696080    0.0198054680    0.0010886069    
0.0209111970    0.0209959830    0.0011454248    
0.0211527850    0.0229623310    0.0011612550    
0.0213943740    0.0191161100    0.0010620061    
0.0216359620    0.0198315930    0.0010867646    
0.0218775510    0.0215941240    0.0011287429    
0.0221191400    0.0213314010    0.0011015488    
0.0223607280    0.0219462990    0.0011098720    
0.0226023170    0.0189978320    0.0010636744    
0.0228439050    0.0207969860    0.0010640664    
0.0230854940    0.0205454810    0.0010553505    
0.0233270820    0.0199182630    0.0010369034    
0.0235686710    0.0208866290    0.0010686529    
0.0238102590    0.0202332150    0.0010298435    
0.0240518480    0.0205032200    0.0010303256    
0.0242934360    0.0188677130    0.0010028077    
0.0245350250    0.0213150810    0.0010526768    
0.0247766130    0.0195154970    0.0010011239    
0.0250182020    0.0197090390    0.0010164161    
0.0252597900    0.0184782560    0.0009606388    
0.0255013790    0.0190276090    0.0009672277    
0.0257429670    0.0186574220    0.0009596343    
0.0259845560    0.0188587970    0.0009537303    
0.0262261450    0.0183933560    0.0009473060    
0.0264677330    0.0181215330    0.0009296150    
0.0267093220    0.0200612080    0.0009708299    
0.0269509100    0.0200015570    0.0009748162    
0.0271924990    0.0198467560    0.0009638437    
0.0274340870    0.0193589360    0.0009572378    
0.0276756760    0.0184551780    0.0009193179    
0.0279172640    0.0192557580    0.0009373556    
0.0281588530    0.0190053550    0.0009197336    
0.0284004410    0.0166718100    0.0008690782    
0.0286420300    0.0204443270    0.0009440313    
0.0288836180    0.0193169180    0.0009272417    
0.0291252070    0.0181093300    0.0008794668    
0.0293667950    0.0185027100    0.0008996325    
0.0296083840    0.0186218580    0.0008918252    
0.0298499720    0.0185761070    0.0008937434    
0.0300915610    0.0182374620    0.0008825726    
0.0303331490    0.0212537980    0.0009448466    
0.0305747380    0.0201733580    0.0009085623    
0.0308163270    0.0206234730    0.0009186425    
0.0310579150    0.0176847270    0.0008548235    
0.0312995040    0.0187023510    0.0008720016    
0.0315410920    0.0203363870    0.0009049573    
0.0317826810    0.0188875530    0.0008693701    
0.0320242690    0.0168872490    0.0008143755    
0.0322658580    0.0183812360    0.0008617256    
0.0325074460    0.0195154970    0.0008727595    
0.0327490350    0.0180771990    0.0008374101    
0.0329906230    0.0194074020    0.0008585329    
0.0332322120    0.0194888850    0.0008655318    
0.0334738000    0.0184476130    0.0008308387    
0.0337153890    0.0185799010    0.0008325853    
0.0339569770    0.0191211570    0.0008458702    
0.0341985660    0.0189150200    0.0008425420    
0.0344401540    0.0194845640    0.0008439702    
0.0346817430    0.0189346100    0.0008392618    
0.0349233310    0.0188432330    0.0008335756    
0.0351649200    0.0174819490    0.0007881471    
0.0354065090    0.0184346810    0.0008139110    
0.0356480970    0.0182413440    0.0007984020    
0.0358896860    0.0167228570    0.0007730143    
0.0361312740    0.0198095660    0.0008297314    
0.0363728630    0.0183190430    0.0007957284    
0.0366144510    0.0186235140    0.0008089538    
0.0368560400    0.0191640080    0.0008083849    
0.0370976280    0.0189053010    0.0008128024    
0.0373392170    0.0185476340    0.0007974250    
0.0375808050    0.0199672440    0.0008185772    
0.0378223940    0.0187255840    0.0007927172    
0.0380639820    0.0181311970    0.0007831485    
0.0383055710    0.0191902380    0.0007900496    
0.0385471590    0.0177656580    0.0007631003    
0.0387887480    0.0181026560    0.0007733071    
0.0390303360    0.0162033250    0.0007231898    
0.0392719250    0.0186090660    0.0007740351    
0.0395135140    0.0192529790    0.0007873128    
0.0397551020    0.0181071880    0.0007784888    
0.0399966910    0.0188880420    0.0007653821    
0.0402382790    0.0192951600    0.0007793242    
0.0404798680    0.0177094780    0.0007411186    
0.0407214560    0.0179046170    0.0007525872    
0.0409630450    0.0187824870    0.0007586175    
0.0412046330    0.0179575970    0.0007462923    
0.0414462220    0.0181128200    0.0007431780    
0.0416878100    0.0185256820    0.0007506985    
0.0419293990    0.0183599740    0.0007464391    
0.0421709870    0.0183797970    0.0007441762    
0.0424125760    0.0184344220    0.0007488472    
0.0426541640    0.0180541040    0.0007297939    
0.0428957530    0.0173865330    0.0007170085    
0.0431373410    0.0178181020    0.0007250083    
0.0433789300    0.0188530440    0.0007406175    
0.0436205180    0.0183614980    0.0007292283    
0.0438621070    0.0180093120    0.0007238554    
0.0441036960    0.0180139620    0.0007222941    
0.0443452840    0.0164763420    0.0006853255    
0.0445868730    0.0179802180    0.0007232704    
0.0448284610    0.0179918040    0.0007145458    
0.0450700500    0.0182082390    0.0007433482    
0.0453116380    0.0189666230    0.0007604923    
0.0455532270    0.0179463120    0.0007610931    
0.0457948150    0.0197359130    0.0007971260    
0.0460364040    0.0185745710    0.0007752876    
0.0462779920    0.0185268830    0.0007864224    
0.0465195810    0.0179593930    0.0007742844    
0.0467611690    0.0183378370    0.0007855066    
0.0470027580    0.0181359530    0.0007811708    
0.0472443460    0.0193780260    0.0008240375    
0.0474859350    0.0182582990    0.0007901139    
0.0477275230    0.0185931890    0.0008038537    
0.0479691120    0.0188533640    0.0008105694    
0.0482107000    0.0185123890    0.0008110425    
0.0484522890    0.0181667110    0.0007989710    
0.0486938780    0.0182793330    0.0008070523    
0.0489354660    0.0193859450    0.0008334669    
0.0491770550    0.0181843820    0.0008165028    
0.0494186430    0.0175476840    0.0007863305    
0.0496602320    0.0208088470    0.0008323539    
0.0499018200    0.0194482880    0.0007933122    
0.0501434090    0.0181349560    0.0007536631    
0.0503849970    0.0184901060    0.0007536005    
0.0506265860    0.0186491760    0.0007513967    
0.0508681740    0.0187127320    0.0007491088    
0.0511097630    0.0185671440    0.0007426858    
0.0513513510    0.0170088790    0.0006978827    
0.0515929400    0.0185397220    0.0007404052    
0.0518345280    0.0177247410    0.0007124175    
0.0520761170    0.0175481720    0.0007169989    
0.0523177050    0.0180072880    0.0007046796    
0.0525592940    0.0185837750    0.0007294770    
0.0528008830    0.0191226790    0.0007207131    
0.0530424710    0.0178247140    0.0006980697    
0.0532840600    0.0187165680    0.0007114972    
0.0535256480    0.0172560270    0.0006831726    
0.0537672370    0.0181101350    0.0006939819    
0.0540088250    0.0188540240    0.0007095806    
0.0542504140    0.0184754990    0.0007053978    
0.0544920020    0.0178756250    0.0006880331    
0.0547335910    0.0186882970    0.0006984144    
0.0549751790    0.0187428420    0.0006965722    
0.0552167680    0.0184958220    0.0006926740    
0.0554583560    0.0183933560    0.0006831121    
0.0556999450    0.0169218370    0.0006532603    
0.0559415330    0.0179023210    0.0006766441    
0.0561831220    0.0179997670    0.0006717453    
0.0564247100    0.0182176590    0.0006738045    
0.0566662990    0.0173832480    0.0006556216    
0.0569078870    0.0185106230    0.0006832396    
0.0571494760    0.0196581540    0.0006972029    
0.0573910650    0.0188957230    0.0006731323    
0.0576326530    0.0186745700    0.0006742996    
0.0578742420    0.0192337720    0.0006830113    
0.0581158300    0.0168975640    0.0006341543    
0.0583574190    0.0183755730    0.0006600701    
0.0585990070    0.0177686940    0.0006527493    
0.0588405960    0.0182034380    0.0006594410    
0.0590821840    0.0182655670    0.0006544318    
0.0593237730    0.0175657610    0.0006435597    
0.0595653610    0.0191226290    0.0006739841    
0.0598069500    0.0180046200    0.0006397663    
0.0600485380    0.0179705200    0.0006426245    
0.0602901270    0.0182333530    0.0006478940    
0.0605317150    0.0189934480    0.0006576893    
0.0607733040    0.0184858980    0.0006459496    
0.0610148920    0.0183659780    0.0006473157    
0.0612564810    0.0182927340    0.0006431383    
0.0614980690    0.0184066620    0.0006389046    
0.0617396580    0.0184130670    0.0006534553    
0.0619812470    0.0180322480    0.0006460723    
0.0622228350    0.0182390780    0.0006456563    
0.0624644240    0.0193543120    0.0006603606    
0.0627060120    0.0185467670    0.0006516670    
0.0629476010    0.0189696340    0.0006632577    
0.0631891890    0.0180888220    0.0006435714    
0.0634307780    0.0184716450    0.0006474308    
0.0636723660    0.0185972230    0.0006490476    
0.0639139550    0.0174250470    0.0006271411    
0.0641555430    0.0188950130    0.0006461958    
0.0643971320    0.0177545960    0.0006324813    
0.0646387200    0.0184845840    0.0006336434    
0.0648803090    0.0180331350    0.0006312860    
0.0651218970    0.0174021350    0.0006080798    
0.0653634860    0.0182509720    0.0006274813    
0.0656050740    0.0179436900    0.0006205955    
0.0658466630    0.0183795440    0.0006249233    
0.0660882520    0.0180339450    0.0006174705    
0.0663298400    0.0172033350    0.0006040908    
0.0665714290    0.0178725120    0.0006126618    
0.0668130170    0.0174842590    0.0006079873    
0.0670546060    0.0184111190    0.0006202864    
0.0672961940    0.0181985200    0.0006141703    
0.0675377830    0.0182934250    0.0006107997    
0.0677793710    0.0183871580    0.0006163389    
0.0680209600    0.0188158550    0.0006160034    
0.0682625480    0.0191892030    0.0006225799    
0.0685041370    0.0174821180    0.0005923590    
0.0687457250    0.0176972240    0.0006041733    
0.0689873140    0.0177671050    0.0005962250    
0.0692289020    0.0175470170    0.0005925207    
0.0694704910    0.0179588670    0.0005989617    
0.0697120790    0.0185412490    0.0006066882    
0.0699536680    0.0186769160    0.0006117827    
0.0701952560    0.0186674650    0.0006111454    
0.0704368450    0.0174570760    0.0005928734    
0.0706784340    0.0179397310    0.0006068205    
0.0709200220    0.0184528480    0.0006100323    
0.0711616110    0.0184436930    0.0006093968    
0.0714031990    0.0204802550    0.0006473189    
0.0716447880    0.0186557340    0.0006208240    
0.0718863760    0.0177108540    0.0005966938    
0.0721279650    0.0188007380    0.0006090156    
0.0723695530    0.0181298960    0.0005948226    
0.0726111420    0.0193635070    0.0006185445    
0.0728527300    0.0192674930    0.0006080767    
0.0730943190    0.0182882950    0.0005964984    
0.0733359070    0.0185855540    0.0005976711    
0.0735774960    0.0181464320    0.0005928181    
0.0738190840    0.0182027950    0.0005874927    
0.0740606730    0.0186657230    0.0005962546    
0.0743022610    0.0176446500    0.0005801525    
0.0745438500    0.0189236330    0.0005981188    
0.0747854380    0.0180183590    0.0005776421    
0.0750270270    0.0171267300    0.0005677456    
0.0752686160    0.0179353350    0.0005738022    
0.0755102040    0.0186317760    0.0005856849    
0.0757517930    0.0188977910    0.0005920031    
0.0759933810    0.0190276090    0.0005847042    
0.0762349700    0.0180135410    0.0005763042    
0.0764765580    0.0196881020    0.0005968833    
0.0767181470    0.0184592170    0.0005771324    
0.0769597350    0.0182458960    0.0005693509    
0.0772013240    0.0185941580    0.0005735551    
0.0774429120    0.0181866100    0.0005644859    
0.0776845010    0.0184541740    0.0005662815    
0.0779260890    0.0183854380    0.0005687427    
0.0781676780    0.0183595170    0.0005644408    
0.0784092660    0.0187313920    0.0005713021    
0.0786508550    0.0184619240    0.0005625603    
0.0788924430    0.0190450820    0.0005768589    
0.0791340320    0.0188380230    0.0005698037    
0.0793756210    0.0187676690    0.0005702905    
0.0796172090    0.0188662860    0.0005660169    
0.0798587980    0.0179113920    0.0005567486    
0.0801003860    0.0189757630    0.0005726616    
0.0803419750    0.0185823720    0.0005587578    
0.0805835630    0.0182337250    0.0005579429    
0.0808251520    0.0185934220    0.0005626625    
0.0810667400    0.0182869370    0.0005580059    
0.0813083290    0.0191522990    0.0005642800    
0.0815499170    0.0184712460    0.0005623225    
0.0817915060    0.0188164730    0.0005637618    
0.0820330940    0.0188043390    0.0005576707    
0.0822746830    0.0185870400    0.0005558906    
0.0825162710    0.0179403170    0.0005436460    
0.0827578600    0.0181073200    0.0005479524    
0.0829994480    0.0178722170    0.0005374040    
0.0832410370    0.0178451020    0.0005432607    
0.0834826250    0.0189872110    0.0005539139    
0.0837242140    0.0190437070    0.0005536804    
0.0839658030    0.0182509720    0.0005434148    
0.0842073910    0.0186658680    0.0005478127    
0.0844489800    0.0179559670    0.0005339216    
0.0846905680    0.0190041470    0.0005452055    
0.0849321570    0.0183477660    0.0005417532    
0.0851737450    0.0180056260    0.0005300359    
0.0854153340    0.0187195660    0.0005437967    
0.0856569220    0.0186847690    0.0005396077    
0.0858985110    0.0184944220    0.0005425474    
0.0861400990    0.0181237590    0.0005314451    
0.0863816880    0.0181484460    0.0005337778    
0.0866232760    0.0187962460    0.0005476442    
0.0868648650    0.0191053360    0.0005449777    
0.0871064530    0.0190667120    0.0005461023    
0.0873480420    0.0185195910    0.0005339475    
0.0875896300    0.0181922510    0.0005304968    
0.0878312190    0.0187498340    0.0005379096    
0.0880728080    0.0187131670    0.0005357564    
0.0883143960    0.0184914050    0.0005322507    
0.0885559850    0.0187189700    0.0005374667    
0.0887975730    0.0198376200    0.0005506203    
0.0890391620    0.0189128470    0.0005379571    
0.0892807500    0.0179565940    0.0005222942    
0.0895223390    0.0185664710    0.0005298222    
0.0897639270    0.0182366580    0.0005216866    
0.0900055160    0.0199422540    0.0005468251    
0.0902471040    0.0194131510    0.0005417682    
0.0904886930    0.0184483140    0.0005234749    
0.0907302810    0.0182174580    0.0005156802    
0.0909718700    0.0178407460    0.0005193642    
0.0912134580    0.0191373420    0.0005291487    
0.0914550470    0.0178942090    0.0005182919    
0.0916966350    0.0178205520    0.0005106196    
0.0919382240    0.0189907770    0.0005289520    
0.0921798120    0.0179365770    0.0005108084    
0.0924214010    0.0187221200    0.0005218741    
0.0926629900    0.0188550230    0.0005207457    
0.0929045780    0.0194974270    0.0005350302    
0.0931461670    0.0182527290    0.0005117811    
0.0933877550    0.0183580790    0.0005141291    
0.0936293440    0.0193323990    0.0005297045    
0.0938709320    0.0187386550    0.0005203175    
0.0941125210    0.0187289700    0.0005160847    
0.0943541090    0.0194115740    0.0005254053    
0.0945956980    0.0189063230    0.0005193966    
0.0948372860    0.0189428540    0.0005172863    
0.0950788750    0.0190205850    0.0005169095    
0.0953204630    0.0188860350    0.0005170861    
0.0955620520    0.0175107620    0.0004970719    
0.0958036400    0.0191114310    0.0005167139    
0.0960452290    0.0194886310    0.0005217882    
0.0962868170    0.0191403650    0.0005193981    
0.0965284060    0.0192930460    0.0005191633    
0.0967699940    0.0190834910    0.0005163361    
0.0970115830    0.0196502320    0.0005185498    
0.0972531720    0.0203153990    0.0005289679    
0.0974947600    0.0187046420    0.0005070144    
0.0977363490    0.0197368820    0.0005188529    
0.0979779370    0.0193505770    0.0005156946    
0.0982195260    0.0180370180    0.0004981537    
0.0984611140    0.0189392350    0.0005074425    
0.0987027030    0.0198519350    0.0005200835    
0.0989442910    0.0191776480    0.0005114494    
0.0991858800    0.0193122100    0.0005115929    
0.0994274680    0.0206401190    0.0005266433    
0.0996690570    0.0201741700    0.0005171165    
0.0999106450    0.0202530250    0.0005222350    
0.1001522300    0.0203597410    0.0005194893    
0.1003938200    0.0205765230    0.0005241682    
0.1006354100    0.0208548950    0.0005254940    
0.1008770000    0.0211683820    0.0005305375    
0.1011185900    0.0201312370    0.0005173775    
0.1013601800    0.0211329050    0.0005306493    
0.1016017700    0.0206641810    0.0005211850    
0.1018433500    0.0195704700    0.0005186164    
0.1020849400    0.0200588010    0.0005323053    
0.1023265300    0.0220697310    0.0005627544    
0.1025681200    0.0226427840    0.0005671340    
0.1028097100    0.0215953490    0.0005621045    
0.1030513000    0.0229539410    0.0005815319    
0.1032928800    0.0219924640    0.0005745860    
0.1035344700    0.0223450190    0.0005714484    
0.1037760600    0.0213030600    0.0005675270    
0.1040176500    0.0223513420    0.0005837631    
0.1042592400    0.0219036080    0.0005796309    
0.1045008300    0.0217480040    0.0005741078    
0.1047424200    0.0214349950    0.0005751383    
0.1049840000    0.0215833240    0.0005799539    
0.1052255900    0.0201487250    0.0005620772    
0.1054671800    0.0194380540    0.0005486949    
0.1057087700    0.0200794660    0.0005614575    
0.1059503600    0.0199133500    0.0005612178    
0.1061919500    0.0193672470    0.0005531242    
0.1064335400    0.0195386190    0.0005419038    
0.1066751200    0.0188234820    0.0005238861    
0.1069167100    0.0187304160    0.0005210941    
0.1071583000    0.0199034160    0.0005302396    
0.1073998900    0.0186627730    0.0005117412    
0.1076414800    0.0189493060    0.0005194028    
0.1078830700    0.0189238600    0.0005116426    
0.1081246600    0.0196856650    0.0005249977    
0.1083662400    0.0191709820    0.0005116357    
0.1086078300    0.0186159370    0.0005096910    
0.1088494200    0.0190344070    0.0005087159    
0.1090910100    0.0189870390    0.0005067266    
0.1093326000    0.0186395640    0.0004994134    
0.1095741900    0.0189670760    0.0005051157    
0.1098157700    0.0197132890    0.0005098454    
0.1100573600    0.0186529450    0.0004995926    
0.1102989500    0.0182191820    0.0004893812    
0.1105405400    0.0184235580    0.0004918636    
0.1107821300    0.0185305450    0.0004956038    
0.1110237200    0.0185207260    0.0004906260    
0.1112653100    0.0189347270    0.0005012415    
0.1115068900    0.0187311090    0.0004913949    
0.1117484800    0.0192910780    0.0004979275    
0.1119900700    0.0189574910    0.0004916153    
0.1122316600    0.0184498480    0.0004867034    
0.1124732500    0.0187292120    0.0004876671    
0.1127148400    0.0182102390    0.0004803826    
0.1129564300    0.0188617080    0.0004906184    
0.1131980100    0.0188759950    0.0004883538    
0.1134396000    0.0185768380    0.0004856793    
0.1136811900    0.0186233040    0.0004850740    
0.1139227800    0.0182755300    0.0004786204    
0.1141643700    0.0184779640    0.0004777364    
0.1144059600    0.0190647000    0.0004854984    
0.1146475500    0.0190838490    0.0004883672    
0.1148891300    0.0202278780    0.0004964737    
0.1151307200    0.0187226200    0.0004827727    
0.1153723100    0.0176836970    0.0004637574    
0.1156139000    0.0190523370    0.0004853409    
0.1158554900    0.0192333790    0.0004824959    
0.1160970800    0.0182432840    0.0004746929    
0.1163386700    0.0184929890    0.0004740234    
0.1165802500    0.0186759200    0.0004759065    
0.1168218400    0.0183095860    0.0004680937    
0.1170634300    0.0190036300    0.0004773335    
0.1173050200    0.0183885320    0.0004708821    
0.1175466100    0.0188957230    0.0004759764    
0.1177882000    0.0177163830    0.0004585062    
0.1180297800    0.0188494480    0.0004731624    
0.1182713700    0.0188060100    0.0004746209    
0.1185129600    0.0185597660    0.0004688544    
0.1187545500    0.0189273090    0.0004725923    
0.1189961400    0.0192098320    0.0004752231    
0.1192377300    0.0189287800    0.0004691324    
0.1194793200    0.0189116580    0.0004682768    
0.1197209000    0.0192307100    0.0004724263    
0.1199624900    0.0180042470    0.0004562792    
0.1202040800    0.0182696960    0.0004563148    
0.1204456700    0.0183164060    0.0004621172    
0.1206872600    0.0185256820    0.0004597071    
0.1209288500    0.0188424260    0.0004669922    
0.1211704400    0.0187354060    0.0004633447    
0.1214120200    0.0185554740    0.0004594572    
0.1216536100    0.0182347920    0.0004544519    
0.1218952000    0.0185681680    0.0004561501    
0.1221367900    0.0182092170    0.0004549462    
0.1223783800    0.0182368950    0.0004522626    
0.1226199700    0.0186604990    0.0004591116    
0.1228615600    0.0188077350    0.0004605094    
0.1231031400    0.0187518470    0.0004594165    
0.1233447300    0.0186002750    0.0004573531    
0.1235863200    0.0192772260    0.0004676790    
0.1238279100    0.0188777860    0.0004577190    
0.1240695000    0.0185363250    0.0004523747    
0.1243110900    0.0193916160    0.0004624924    
0.1245526800    0.0181072760    0.0004480846    
0.1247942600    0.0192131910    0.0004579765    
0.1250358500    0.0187082800    0.0004538760    
0.1252774400    0.0184081570    0.0004492468    
0.1255190300    0.0184222600    0.0004482580    
0.1257606200    0.0182911280    0.0004483982    
0.1260022100    0.0194116730    0.0004615291    
0.1262437900    0.0184827180    0.0004488001    
0.1264853800    0.0183917250    0.0004471181    
0.1267269700    0.0188178050    0.0004499602    
0.1269685600    0.0189091580    0.0004512424    
0.1272101500    0.0187799380    0.0004496980    
0.1274517400    0.0186236960    0.0004508960    
0.1276933300    0.0186725970    0.0004448379    
0.1279349100    0.0186749450    0.0004501621    
0.1281765000    0.0180767690    0.0004419497    
0.1284180900    0.0181993930    0.0004410111    
0.1286596800    0.0188878580    0.0004506059    
0.1289012700    0.0185044030    0.0004445041    
0.1291428600    0.0184539390    0.0004448347    
0.1293844500    0.0180778120    0.0004367845    
0.1296260300    0.0192779020    0.0004531276    
0.1298676200    0.0179998100    0.0004378492    
0.1301092100    0.0183685760    0.0004401000    
0.1303508000    0.0188964570    0.0004452701    
0.1305923900    0.0185940690    0.0004461435    
0.1308339800    0.0187509210    0.0004467038    
0.1310755700    0.0194814010    0.0004534238    
0.1313171500    0.0186124810    0.0004422776    
0.1315587400    0.0187445540    0.0004432935    
0.1318003300    0.0185689220    0.0004424936    
0.1320419200    0.0184000970    0.0004368610    
0.1322835100    0.0186877370    0.0004420735    
0.1325251000    0.0189962620    0.0004455241    
0.1327666900    0.0184708810    0.0004384181    
0.1330082700    0.0183147890    0.0004365617    
0.1332498600    0.0191685550    0.0004473558    
0.1334914500    0.0192964950    0.0004510793    
0.1337330400    0.0187554190    0.0004389109    
0.1339746300    0.0190018060    0.0004428615    
0.1342162200    0.0188729130    0.0004411775    
0.1344578000    0.0184878190    0.0004380803    
0.1346993900    0.0176586060    0.0004255395    
0.1349409800    0.0178192600    0.0004299105    
0.1351825700    0.0186034110    0.0004360707    
0.1354241600    0.0192173210    0.0004439234    
0.1356657500    0.0192846000    0.0004452400    
0.1359073400    0.0179401690    0.0004320738    
0.1361489200    0.0175773030    0.0004237033    
0.1363905100    0.0181710610    0.0004304537    
0.1366321000    0.0184621300    0.0004337133    
0.1368736900    0.0180138220    0.0004284151    
0.1371152800    0.0182253310    0.0004288610    
0.1373568700    0.0193480420    0.0004436411    
0.1375984600    0.0186851840    0.0004370280    
0.1378400400    0.0182379760    0.0004310723    
0.1380816300    0.0184427650    0.0004312401    
0.1383232200    0.0192976130    0.0004434183    
0.1385648100    0.0183750010    0.0004328625    
0.1388064000    0.0186255470    0.0004326845    
0.1390479900    0.0186638970    0.0004312543    
0.1392895800    0.0187836660    0.0004369476    
0.1395311600    0.0185981150    0.0004310018    
0.1397727500    0.0178789610    0.0004225866    
0.1400143400    0.0183938550    0.0004284598    
0.1402559300    0.0179993650    0.0004280712    
0.1404975200    0.0174482030    0.0004169727    
0.1407391100    0.0183439530    0.0004278782    
0.1409806900    0.0188909380    0.0004373184    
0.1412222800    0.0187794660    0.0004317404    
0.1414638700    0.0188332970    0.0004332070    
0.1417054600    0.0187087660    0.0004284201    
0.1419470500    0.0185914030    0.0004317748    
0.1421886400    0.0184966060    0.0004264790    
0.1424302300    0.0180043010    0.0004219114    
0.1426718100    0.0189184260    0.0004333348    
0.1429134000    0.0188743600    0.0004319856    
0.1431549900    0.0186650370    0.0004305915    
0.1433965800    0.0191170810    0.0004359452    
0.1436381700    0.0184340700    0.0004252632    
0.1438797600    0.0178668520    0.0004183460    
0.1441213500    0.0185019300    0.0004263751    
0.1443629300    0.0182096910    0.0004223407    
0.1446045200    0.0180122150    0.0004203691    
0.1448461100    0.0179827830    0.0004200255    
0.1450877000    0.0181021510    0.0004188338    
0.1453292900    0.0184313020    0.0004262214    
0.1455708800    0.0183597170    0.0004230979    
0.1458124700    0.0184122150    0.0004274980    
0.1460540500    0.0189987800    0.0004272897    
0.1462956400    0.0185404710    0.0004250122    
0.1465372300    0.0178462510    0.0004157041    
0.1467788200    0.0185493830    0.0004233298    
0.1470204100    0.0180689660    0.0004182900    
0.1472620000    0.0187039610    0.0004250900    
0.1475035900    0.0186856810    0.0004242365    
0.1477451700    0.0189790450    0.0004293506    
0.1479867600    0.0185958180    0.0004224141    
0.1482283500    0.0180993150    0.0004194424    
0.1484699400    0.0186709620    0.0004242305    
0.1487115300    0.0189597230    0.0004288038    
0.1489531200    0.0182418920    0.0004155555    
0.1491947000    0.0176726130    0.0004121069    
0.1494362900    0.0189467220    0.0004246180    
0.1496778800    0.0187689260    0.0004240550    
0.1499194700    0.0179768880    0.0004143856    
0.1501610600    0.0183995880    0.0004200206    
0.1504026500    0.0182353850    0.0004159472    
0.1506442400    0.0187329450    0.0004254193    
0.1508858200    0.0185817620    0.0004220948    
0.1511274100    0.0188528710    0.0004219852    
0.1513690000    0.0182294790    0.0004149498    
0.1516105900    0.0179396390    0.0004128694    
0.1518521800    0.0183881450    0.0004173738    
0.1520937700    0.0184244560    0.0004166979    
0.1523353600    0.0181498480    0.0004138885    
0.1525769400    0.0188613260    0.0004233426    
0.1528185300    0.0190655320    0.0004251507    
0.1530601200    0.0183008600    0.0004156068    
0.1533017100    0.0190752980    0.0004265366    
0.1535433000    0.0188218040    0.0004196114    
0.1537848900    0.0193501110    0.0004253028    
0.1540264800    0.0192482600    0.0004251229    
0.1542680600    0.0193323140    0.0004257351    
0.1545096500    0.0182847060    0.0004120644    
0.1547512400    0.0188166600    0.0004200189    
0.1549928300    0.0177965490    0.0004081734    
0.1552344200    0.0190369500    0.0004216919    
0.1554760100    0.0185555410    0.0004164793    
0.1557176000    0.0187403820    0.0004200992    
0.1559591800    0.0192656290    0.0004240610    
0.1562007700    0.0186447510    0.0004147376    
0.1564423600    0.0186734570    0.0004144544    
0.1566839500    0.0190369920    0.0004226271    
0.1569255400    0.0190322350    0.0004196359    
0.1571671300    0.0180924320    0.0004092933    
0.1574087100    0.0186200380    0.0004129637    
0.1576503000    0.0184654940    0.0004159275    
0.1578918900    0.0189544960    0.0004162056    
0.1581334800    0.0189074150    0.0004181051    
0.1583750700    0.0187909820    0.0004175774    
0.1586166600    0.0184589680    0.0004235893    
0.1588582500    0.0183099520    0.0004213919    
0.1590998300    0.0186802090    0.0004305979    
0.1593414200    0.0185699000    0.0004322089    
0.1595830100    0.0186054520    0.0004350442    
0.1598246000    0.0195949930    0.0004455710    
0.1600661900    0.0189243110    0.0004421375    
0.1603077800    0.0192675410    0.0004483249    
0.1605493700    0.0187031560    0.0004424382    
0.1607909500    0.0185016940    0.0004411422    
0.1610325400    0.0195335210    0.0004561218    
0.1612741300    0.0184839630    0.0004438851    
0.1615157200    0.0180063530    0.0004399652    
0.1617573100    0.0180845810    0.0004414815    
0.1619989000    0.0190385640    0.0004566772    
0.1622404900    0.0190330350    0.0004544575    
0.1624820700    0.0186069870    0.0004538290    
0.1627236600    0.0185541210    0.0004520021    
0.1629652500    0.0191758760    0.0004589159    
0.1632068400    0.0192569860    0.0004532624    
0.1634484300    0.0177301550    0.0004281347    
0.1636900200    0.0174290840    0.0004239662    
0.1639316100    0.0178670170    0.0004264945    
0.1641731900    0.0193223750    0.0004431691    
0.1644147800    0.0187775090    0.0004334169    
0.1646563700    0.0188512880    0.0004358170    
0.1648979600    0.0185420090    0.0004286668    
0.1651395500    0.0186374530    0.0004317975    
0.1653811400    0.0186271840    0.0004291477    
0.1656227200    0.0182884790    0.0004273989    
0.1658643100    0.0186539400    0.0004282890    
0.1661059000    0.0193170210    0.0004353287    
0.1663474900    0.0194581860    0.0004339067    
0.1665890800    0.0189309240    0.0004278243    
0.1668306700    0.0188371870    0.0004288940    
0.1670722600    0.0186021950    0.0004240935    
0.1673138400    0.0184237880    0.0004218942    
0.1675554300    0.0198503210    0.0004357712    
0.1677970200    0.0181491150    0.0004185781    
0.1680386100    0.0186550880    0.0004248580    
0.1682802000    0.0184492770    0.0004199530    
0.1685217900    0.0187997340    0.0004224926    
0.1687633800    0.0180944650    0.0004140274    
0.1690049600    0.0186437950    0.0004229586    
0.1692465500    0.0176524580    0.0004063677    
0.1694881400    0.0171694070    0.0004034559    
0.1697297300    0.0188485480    0.0004214664    
0.1699713200    0.0183186540    0.0004175209    
0.1702129100    0.0178880080    0.0004087687    
0.1704545000    0.0186003920    0.0004179072    
0.1706960800    0.0184596210    0.0004180281    
0.1709376700    0.0179959640    0.0004080518    
0.1711792600    0.0187899390    0.0004184852    
0.1714208500    0.0186865140    0.0004150509    
0.1716624400    0.0185282340    0.0004158663    
0.1719040300    0.0184543500    0.0004114194    
0.1721456200    0.0185468340    0.0004140991    
0.1723872000    0.0187317480    0.0004161583    
0.1726287900    0.0183587600    0.0004115445    
0.1728703800    0.0184762860    0.0004137634    
0.1731119700    0.0184818670    0.0004117260    
0.1733535600    0.0185686700    0.0004128410    
0.1735951500    0.0187281760    0.0004122310    
0.1738367300    0.0175196580    0.0004001424    
0.1740783200    0.0189053760    0.0004137329    
0.1743199100    0.0184831860    0.0004095258    
0.1745615000    0.0186842810    0.0004108669    
0.1748030900    0.0178310740    0.0004005214    
0.1750446800    0.0177259860    0.0004038030    
0.1752862700    0.0183646890    0.0004056081    
0.1755278500    0.0176135510    0.0004028125    
0.1757694400    0.0182449130    0.0004051425    
0.1760110300    0.0183730410    0.0004072854    
0.1762526200    0.0180360300    0.0004013958    
0.1764942100    0.0188261880    0.0004105280    
0.1767358000    0.0182722260    0.0004041579    
0.1769773900    0.0190676670    0.0004119911    
0.1772189700    0.0186524170    0.0004081971    
0.1774605600    0.0177159800    0.0003989438    
0.1777021500    0.0182971490    0.0004037227    
0.1779437400    0.0189429230    0.0004109297    
0.1781853300    0.0182392710    0.0004042207    
0.1784269200    0.0179895800    0.0003978088    
0.1786685100    0.0176618640    0.0003951289    
0.1789100900    0.0181629170    0.0003993056    
0.1791516800    0.0183228830    0.0004017558    
0.1793932700    0.0181240510    0.0003997088    
0.1796348600    0.0184073340    0.0004010131    
0.1798764500    0.0184859600    0.0004018687    
0.1801180400    0.0189270730    0.0004067752    
0.1803596200    0.0179911890    0.0003992132    
0.1806012100    0.0187006740    0.0004037789    
0.1808428000    0.0175029610    0.0003905005    
0.1810843900    0.0182786270    0.0003978318    
0.1813259800    0.0181153270    0.0003967283    
0.1815675700    0.0180967930    0.0003958480    
0.1818091600    0.0183315300    0.0003981354    
0.1820507400    0.0182526510    0.0003975490    
0.1822923300    0.0188077120    0.0004027246    
0.1825339200    0.0183161350    0.0003986481    
0.1827755100    0.0179088440    0.0003925830    
0.1830171000    0.0182364310    0.0003992847    
0.1832586900    0.0180333740    0.0003931462    
0.1835002800    0.0184564800    0.0003981353    
0.1837418600    0.0180922450    0.0003931239    
0.1839834500    0.0186059210    0.0004001505    
0.1842250400    0.0180419450    0.0003932396    
0.1844666300    0.0177916060    0.0003901068    
0.1847082200    0.0170671890    0.0003818249    
0.1849498100    0.0182315820    0.0003950341    
0.1851914000    0.0178127130    0.0003924610    
0.1854329800    0.0185482810    0.0003984504    
0.1856745700    0.0177453790    0.0003901261    
0.1859161600    0.0178182990    0.0003881807    
0.1861577500    0.0174377470    0.0003840131    
0.1863993400    0.0183729510    0.0003952315    
0.1866409300    0.0177978480    0.0003871843    
0.1868825200    0.0182438930    0.0003953008    
0.1871241000    0.0178939600    0.0003883573    
0.1873656900    0.0181288350    0.0003929923    
0.1876072800    0.0173916380    0.0003819802    
0.1878488700    0.0179811980    0.0003919156    
0.1880904600    0.0181518970    0.0003928467    
0.1883320500    0.0183787030    0.0003922813    
0.1885736300    0.0176111520    0.0003847652    
0.1888152200    0.0179439180    0.0003882546    
0.1890568100    0.0183857550    0.0003940508    
0.1892984000    0.0177240050    0.0003848500    
0.1895399900    0.0178163030    0.0003871280    
0.1897815800    0.0177069490    0.0003859381    
0.1900231700    0.0174209460    0.0003828086    
0.1902647500    0.0182410680    0.0003906808    
0.1905063400    0.0179302700    0.0003897885    
0.1907479300    0.0184281490    0.0003930682    
0.1909895200    0.0180502350    0.0003874833    
0.1912311100    0.0187065210    0.0003949830    
0.1914727000    0.0177707550    0.0003845979    
0.1917142900    0.0180940210    0.0003892313    
0.1919558700    0.0175829430    0.0003804442    
0.1921974600    0.0179516810    0.0003876972    
0.1924390500    0.0181707370    0.0003907008    
0.1926806400    0.0181024820    0.0003884259    
0.1929222300    0.0175099160    0.0003826447    
0.1931638200    0.0173165230    0.0003774285    
0.1934054100    0.0181992310    0.0003902325    
0.1936469900    0.0181544810    0.0003867034    
0.1938885800    0.0177124900    0.0003839669    
0.1941301700    0.0177821960    0.0003829667    
0.1943717600    0.0186902850    0.0003945522    
0.1946133500    0.0183201570    0.0003870840    
0.1948549400    0.0181487740    0.0003879041    
0.1950965300    0.0177822710    0.0003835915    
0.1953381100    0.0186516020    0.0003926001    
0.1955797000    0.0178370870    0.0003846845    
0.1958212900    0.0182153050    0.0003865983    
0.1960628800    0.0184816170    0.0003895402    
0.1963044700    0.0180046200    0.0003838598    
0.1965460600    0.0176010580    0.0003826317    
0.1967876400    0.0176711130    0.0003794322    
0.1970292300    0.0169297560    0.0003717460    
0.1972708200    0.0184098300    0.0003894135    
0.1975124100    0.0184106310    0.0003891693    
0.1977540000    0.0176916890    0.0003813715    
0.1979955900    0.0179725720    0.0003841381    
0.1982371800    0.0174770280    0.0003796663    
0.1984787600    0.0183219870    0.0003843868    
0.1987203500    0.0179467270    0.0003826255    
0.1989619400    0.0176757870    0.0003799707    
0.1992035300    0.0178355870    0.0003809492    
0.1994451200    0.0186487680    0.0003897869    
0.1996867100    0.0183174720    0.0003855669    
0.1999283000    0.0182332650    0.0003854201    
0.2001698800    0.0177493000    0.0003807601    
0.2004114700    0.0179513500    0.0003840355    
0.2006530600    0.0187648530    0.0003895001    
0.2008946500    0.0177688470    0.0003798705    
0.2011362400    0.0180620050    0.0003804425    
0.2013778300    0.0179969980    0.0003829149    
0.2016194200    0.0176145890    0.0003760574    
0.2018610000    0.0180278600    0.0003820182    
0.2021025900    0.0180624410    0.0003827510    
0.2023441800    0.0177526460    0.0003784877    
0.2025857700    0.0180210500    0.0003817026    
0.2028273600    0.0180493260    0.0003835943    
0.2030689500    0.0181330970    0.0003831316    
0.2033105400    0.0179831920    0.0003793720    
0.2035521200    0.0178414100    0.0003794327    
0.2037937100    0.0181950760    0.0003825671    
0.2040353000    0.0182034840    0.0003835075    
0.2042768900    0.0176676350    0.0003765041    
0.2045184800    0.0182158920    0.0003807392    
0.2047600700    0.0187409640    0.0003890043    
0.2050016500    0.0184613110    0.0003864602    
0.2052432400    0.0184502810    0.0003859756    
0.2054848300    0.0177623050    0.0003771539    
0.2057264200    0.0183138710    0.0003854057    
0.2059680100    0.0184084380    0.0003822668    
0.2062096000    0.0182163080    0.0003815823    
0.2064511900    0.0185856620    0.0003847048    
0.2066927700    0.0181157940    0.0003814908    
0.2069343600    0.0182142580    0.0003820426    
0.2071759500    0.0183709330    0.0003835610    
0.2074175400    0.0187396760    0.0003871470    
0.2076591300    0.0188083510    0.0003872458    
0.2079007200    0.0187035970    0.0003892362    
0.2081423100    0.0184315060    0.0003827458    
0.2083838900    0.0180656510    0.0003797619    
0.2086254800    0.0184510150    0.0003843962    
0.2088670700    0.0182103750    0.0003810402    
0.2091086600    0.0182970130    0.0003832728    
0.2093502500    0.0181715860    0.0003803952    
0.2095918400    0.0175305130    0.0003756347    
0.2098334300    0.0186748010    0.0003869646    
0.2100750100    0.0180350750    0.0003814865    
0.2103166000    0.0177219120    0.0003785213    
0.2105581900    0.0183626980    0.0003823903    
0.2107997800    0.0184114770    0.0003850796    
0.2110413700    0.0186849850    0.0003858525    
0.2112829600    0.0179772530    0.0003811170    
0.2115245400    0.0185262540    0.0003839690    
0.2117661300    0.0182458740    0.0003834656    
0.2120077200    0.0175467530    0.0003742682    
0.2122493100    0.0178127350    0.0003804612    
0.2124909000    0.0183781210    0.0003838785    
0.2127324900    0.0181134060    0.0003836587    
0.2129740800    0.0186916870    0.0003866510    
0.2132156600    0.0187636700    0.0003873948    
0.2134572500    0.0190356680    0.0003916771    
0.2136988400    0.0182227190    0.0003829790    
0.2139404300    0.0183264240    0.0003821324    
0.2141820200    0.0177414170    0.0003776479    
0.2144236100    0.0184091210    0.0003857905    
0.2146652000    0.0181768300    0.0003828611    
0.2149067800    0.0178726040    0.0003779653    
0.2151483700    0.0186322300    0.0003917586    
0.2153899600    0.0176932270    0.0003865583    
0.2156315500    0.0175937570    0.0003892462    
0.2158731400    0.0179256910    0.0003943763    
0.2161147300    0.0176932750    0.0003967262    
0.2163563200    0.0175749490    0.0003963714    
0.2165979000    0.0177663610    0.0004015061    
0.2168394900    0.0178826810    0.0004031068    
0.2170810800    0.0183817390    0.0004133077    
0.2173226700    0.0176403240    0.0004045903    
0.2175642600    0.0181362760    0.0004125078    
0.2178058500    0.0182808720    0.0004156892    
0.2180474400    0.0177056510    0.0004110929    
0.2182890200    0.0173498440    0.0004101950    
0.2185306100    0.0178452650    0.0004133330    
0.2187722000    0.0176137930    0.0004158547    
0.2190137900    0.0181913920    0.0004218028    
0.2192553800    0.0177870030    0.0004210015    
0.2194969700    0.0177630380    0.0004180985    
0.2197385500    0.0179826700    0.0004180886    
0.2199801400    0.0184518800    0.0004190364    
0.2202217300    0.0179028470    0.0004087877    
0.2204633200    0.0180475670    0.0004084875    
0.2207049100    0.0178868650    0.0004040231    
0.2209465000    0.0173575600    0.0003980003    
0.2211880900    0.0175097370    0.0003977432    
0.2214296700    0.0178564020    0.0004010903    
0.2216712600    0.0175991910    0.0003976266    
0.2219128500    0.0175715060    0.0003961930    
0.2221544400    0.0171871010    0.0003937813    
0.2223960300    0.0170265840    0.0003900013    
0.2226376200    0.0171312000    0.0003942637    
0.2228792100    0.0176732830    0.0003974787    
0.2231207900    0.0178610120    0.0003995842    
0.2233623800    0.0169928780    0.0003873036    
0.2236039700    0.0170825650    0.0003899560    
0.2238455600    0.0181681270    0.0004001946    
0.2240871500    0.0173822650    0.0003921255    
0.2243287400    0.0172460960    0.0003885596    
0.2245703300    0.0181139290    0.0004008527    
0.2248119100    0.0174972620    0.0003934205    
0.2250535000    0.0181215330    0.0004002377    
0.2252950900    0.0177092170    0.0003971835    
0.2255366800    0.0169338290    0.0003847604    
0.2257782700    0.0172355350    0.0003891126    
0.2260198600    0.0178411100    0.0003945256    
0.2262614500    0.0178288480    0.0003942545    
0.2265030300    0.0174843600    0.0003898915    
0.2267446200    0.0174069340    0.0003905021    
0.2269862100    0.0176536810    0.0003905720    
0.2272278000    0.0171248480    0.0003857300    
0.2274693900    0.0174430550    0.0003881029    
0.2277109800    0.0167903600    0.0003841876    
0.2279525600    0.0172931200    0.0003862998    
0.2281941500    0.0174192150    0.0003886320    
0.2284357400    0.0178473010    0.0003928418    
0.2286773300    0.0173081160    0.0003881875    
0.2289189200    0.0171312980    0.0003838359    
0.2291605100    0.0171222380    0.0003859651    
0.2294021000    0.0172586030    0.0003859141    
0.2296436800    0.0166469620    0.0003824110    
0.2298852700    0.0163820130    0.0003757303    
0.2301268600    0.0170395190    0.0003871618    
0.2303684500    0.0171887520    0.0003865814    
0.2306100400    0.0171313870    0.0003864660    
0.2308516300    0.0168092410    0.0003820282    
0.2310932200    0.0174397820    0.0003911406    
0.2313348000    0.0176027110    0.0003910748    
0.2315763900    0.0176737800    0.0003922667    
0.2318179800    0.0172738520    0.0003896798    
0.2320595700    0.0175062720    0.0003906716    
0.2323011600    0.0170976540    0.0003872849    
0.2325427500    0.0171064260    0.0003873843    
0.2327843400    0.0168132460    0.0003855195    
0.2330259200    0.0172259990    0.0003867351    
0.2332675100    0.0175518920    0.0003909117    
0.2335091000    0.0171121370    0.0003873150    
0.2337506900    0.0170927450    0.0003851046    
0.2339922800    0.0174781870    0.0003917065    
0.2342338700    0.0167617930    0.0003829329    
0.2344754600    0.0172802210    0.0003900220    
0.2347170400    0.0169337450    0.0003839664    
0.2349586300    0.0172342020    0.0003882917    
0.2352002200    0.0172573920    0.0003918089    
0.2354418100    0.0180474390    0.0003983099    
0.2356834000    0.0175747510    0.0003927870    
0.2359249900    0.0172284620    0.0003864983    
0.2361665700    0.0167958130    0.0003849174    
0.2364081600    0.0175357610    0.0003911349    
0.2366497500    0.0171222020    0.0003886394    
0.2368913400    0.0174266660    0.0003904538    
0.2371329300    0.0168130360    0.0003859207    
0.2373745200    0.0173617590    0.0003906701    
0.2376161100    0.0175727380    0.0003930366    
0.2378576900    0.0170580150    0.0003885864    
0.2380992800    0.0166332910    0.0003815939    
0.2383408700    0.0176235360    0.0003938774    
0.2385824600    0.0174517970    0.0003903316    
0.2388240500    0.0175917290    0.0003936584    
0.2390656400    0.0173923900    0.0003915577    
0.2393072300    0.0164809520    0.0003801048    
0.2395488100    0.0165178460    0.0003810571    
0.2397904000    0.0180103270    0.0003991468    
0.2400319900    0.0170405770    0.0003887949    
0.2402735800    0.0171061680    0.0003900884    
0.2405151700    0.0174187060    0.0003929476    
0.2407567600    0.0166191060    0.0003811682    
0.2409983500    0.0174673900    0.0003929475    
0.2412399300    0.0169455740    0.0003854254    
0.2414815200    0.0168838410    0.0003871382    
0.2417231100    0.0170210300    0.0003853516    
0.2419647000    0.0174730660    0.0003939734    
0.2422062900    0.0167864620    0.0003856156    
0.2424478800    0.0174630280    0.0003934472    
0.2426894600    0.0180025980    0.0004014479    
0.2429310500    0.0174817260    0.0003929718    
0.2431726400    0.0166017430    0.0003826872    
0.2434142300    0.0174737100    0.0003911153    
0.2436558200    0.0173928430    0.0003941737    
0.2438974100    0.0176941850    0.0003939831    
0.2441390000    0.0173058740    0.0003913994    
0.2443805800    0.0163815620    0.0003810696    
0.2446221700    0.0174819490    0.0003940736    
0.2448637600    0.0169878210    0.0003894200    
0.2451053500    0.0170723250    0.0003882080    
0.2453469400    0.0172109480    0.0003939144    
0.2455885300    0.0178667970    0.0003971380    
0.2458301200    0.0171816140    0.0003919108    
0.2460717000    0.0174353780    0.0003916332    
0.2463132900    0.0177802580    0.0003958997    
0.2465548800    0.0169193730    0.0003883615    
0.2467964700    0.0164128590    0.0003807688    
0.2470380600    0.0163385870    0.0003811025    
0.2472796500    0.0180415850    0.0004003315    
0.2475212400    0.0171711480    0.0003929005    
0.2477628200    0.0178764730    0.0004017438    
0.2480044100    0.0167188200    0.0003845694    
0.2482460000    0.0169694940    0.0003875769    
0.2484875900    0.0169549430    0.0003883603    
0.2487291800    0.0170172120    0.0003890728    
0.2489707700    0.0168455640    0.0003861590    
0.2492123600    0.0179346860    0.0004008314    
0.2494539400    0.0174129830    0.0003941244    
0.2496955300    0.0179309820    0.0004006486    
0.2499371200    0.0172364090    0.0003914334    
0.2501787100    0.0169467480    0.0003924162    
0.2504203000    0.0164639830    0.0003821606    
0.2506618900    0.0173432840    0.0003900569    
0.2509034700    0.0173018700    0.0003923135    
0.2511450600    0.0174541640    0.0003933473    
0.2513866500    0.0165778940    0.0003842874    
0.2516282400    0.0171037650    0.0003876223    
0.2518698300    0.0170022620    0.0003886295    
0.2521114200    0.0169104840    0.0003866327    
0.2523530100    0.0166857500    0.0003847258    
0.2525945900    0.0172753570    0.0003905095    
0.2528361800    0.0174240580    0.0003950841    
0.2530777700    0.0169163630    0.0003857601    
0.2533193600    0.0169778070    0.0003860587    
0.2535609500    0.0165922520    0.0003829774    
0.2538025400    0.0168810410    0.0003861614    
0.2540441300    0.0167485360    0.0003846429    
0.2542857100    0.0165549460    0.0003820146    
0.2545273000    0.0169164000    0.0003881910    
0.2547688900    0.0164397140    0.0003797602    
0.2550104800    0.0172370900    0.0003918533    
0.2552520700    0.0168954760    0.0003894580    
0.2554936600    0.0175883240    0.0003934837    
0.2557352500    0.0170405770    0.0003887949    
0.2559768300    0.0177080800    0.0003946841    
0.2562184200    0.0171976900    0.0003908566    
0.2564600100    0.0166206080    0.0003821082    
0.2567016000    0.0175865280    0.0003955276    
0.2569431900    0.0161895780    0.0003780383    
0.2571847800    0.0172274030    0.0003894255    
0.2574263700    0.0168692930    0.0003858927    
0.2576679500    0.0172148230    0.0003906411    
0.2579095400    0.0165136910    0.0003830050    
0.2581511300    0.0173090150    0.0003900762    
0.2583927200    0.0171327440    0.0003876821    
0.2586343100    0.0164077710    0.0003782159    
0.2588759000    0.0165419010    0.0003825292    
0.2591174800    0.0170208080    0.0003849522    
0.2593590700    0.0168465440    0.0003833714    
0.2596006600    0.0172091810    0.0003888150    
0.2598422500    0.0171217670    0.0003882297    
0.2600838400    0.0166430980    0.0003830303    
0.2603254300    0.0169903630    0.0003883575    
0.2605670200    0.0165725760    0.0003822180    
0.2608086000    0.0166849490    0.0003804830    
0.2610501900    0.0168491430    0.0003843272    
0.2612917800    0.0168429580    0.0003851895    
0.2615333700    0.0168754420    0.0003846270    
0.2617749600    0.0169691440    0.0003863615    
0.2620165500    0.0180777610    0.0003978182    
0.2622581400    0.0173389260    0.0003920467    
0.2624997200    0.0170101290    0.0003866937    
0.2627413100    0.0180101140    0.0004018153    
0.2629829000    0.0169105320    0.0003834400    
0.2632244900    0.0169958780    0.0003874727    
0.2634660800    0.0176803670    0.0003932857    
0.2637076700    0.0175639470    0.0003929383    
0.2639492600    0.0172035260    0.0003888858    
0.2641908400    0.0167252420    0.0003841079    
0.2644324300    0.0170757190    0.0003887880    
0.2646740200    0.0160962580    0.0003747371    
0.2649156100    0.0159655410    0.0003772557    
0.2651572000    0.0164164960    0.0003805461    
0.2653987900    0.0166876010    0.0003856923    
0.2656403800    0.0173468810    0.0003917262    
0.2658819600    0.0168081600    0.0003839922    
0.2661235500    0.0168602440    0.0003865971    
0.2663651400    0.0169895640    0.0003863261    
0.2666067300    0.0171663090    0.0003891397    
0.2668483200    0.0173298150    0.0003904459    
0.2670899100    0.0171132190    0.0003912679    
0.2673314900    0.0163720840    0.0003791094    
0.2675730800    0.0168629510    0.0003875773    
0.2678146700    0.0177107270    0.0003983209    
0.2680562600    0.0169750940    0.0003866975    
0.2682978500    0.0171403180    0.0003892512    
0.2685394400    0.0168636850    0.0003847590    
0.2687810300    0.0171026720    0.0003895027    
0.2690226100    0.0164704870    0.0003794600    
0.2692642000    0.0170898610    0.0003915534    
0.2695057900    0.0168899230    0.0003858602    
0.2697473800    0.0166370290    0.0003830936    
0.2699889700    0.0164584810    0.0003831701    
0.2702305600    0.0166776930    0.0003863933    
0.2704721500    0.0167439390    0.0003864786    
0.2707137300    0.0165854690    0.0003817040    
0.2709553200    0.0172427970    0.0003917806    
0.2711969100    0.0173091010    0.0003915725    
0.2714385000    0.0171455640    0.0003887693    
0.2716800900    0.0163715610    0.0003813532    
0.2719216800    0.0166474180    0.0003930390    
0.2721632700    0.0172114230    0.0004024481    
0.2724048500    0.0171354680    0.0004067212    
0.2726464400    0.0167799390    0.0004098768    
0.2728880300    0.0167162190    0.0004094211    
0.2731296200    0.0184141430    0.0004321093    
0.2733712100    0.0174355350    0.0004238724    
0.2736128000    0.0162851770    0.0004152545    
0.2738543800    0.0162645240    0.0004125873    
0.2740959700    0.0160883850    0.0004142970    
0.2743375600    0.0168737450    0.0004273546    
0.2745791500    0.0175102040    0.0004372089    
0.2748207400    0.0169798440    0.0004335319    
0.2750623300    0.0164596020    0.0004268387    
0.2753039200    0.0157715480    0.0004222671    
0.2755455000    0.0167074430    0.0004332659    
0.2757870900    0.0167128150    0.0004398109    
0.2760286800    0.0170509380    0.0004420250    
0.2762702700    0.0171076100    0.0004509817    
0.2765118600    0.0170486500    0.0004323394    
0.2767534500    0.0179179370    0.0004415107    
0.2769950400    0.0172880950    0.0004301906    
0.2772366200    0.0163543090    0.0004140663    
0.2774782100    0.0168363600    0.0004206462    
0.2777198000    0.0167620400    0.0004207639    
0.2779613900    0.0166471880    0.0004182763    
0.2782029800    0.0167786620    0.0004118161    
0.2784445700    0.0165707760    0.0004127246    
0.2786861600    0.0165897450    0.0004117944    
0.2789277400    0.0176431470    0.0004199559    
0.2791693300    0.0168600340    0.0004108539    
0.2794109200    0.0171829670    0.0004167482    
0.2796525100    0.0177429810    0.0004228116    
0.2798941000    0.0170086340    0.0004092826    
0.2801356900    0.0162634290    0.0004043178    
0.2803772800    0.0168179510    0.0004147842    
0.2806188600    0.0169363400    0.0004077791    
0.2808604500    0.0168130640    0.0004041088    
0.2811020400    0.0173636720    0.0004122539    
0.2813436300    0.0162317560    0.0004004485    
0.2815852200    0.0169553910    0.0004051956    
0.2818268100    0.0163750980    0.0004003464    
0.2820683900    0.0178024020    0.0004185615    
0.2823099800    0.0173719670    0.0004131501    
0.2825515700    0.0167975850    0.0004026913    
0.2827931600    0.0167486460    0.0004069331    
0.2830347500    0.0164378220    0.0004008033    
0.2832763400    0.0166521820    0.0004014031    
0.2835179300    0.0165263950    0.0003998842    
0.2837595100    0.0169232180    0.0004069916    
0.2840011000    0.0170507790    0.0004089962    
0.2842426900    0.0164165420    0.0003973424    
0.2844842800    0.0162427250    0.0003973477    
0.2847258700    0.0167606770    0.0004042533    
0.2849674600    0.0174591300    0.0004137049    
0.2852090500    0.0172466520    0.0004091298    
0.2854506300    0.0163946740    0.0004005856    
0.2856922200    0.0158271580    0.0003923821    
0.2859338100    0.0170955750    0.0004084291    
0.2861754000    0.0166141630    0.0004004866    
0.2864169900    0.0172189010    0.0004075551    
0.2866585800    0.0166668030    0.0004028102    
0.2869001700    0.0162415450    0.0003967257    
0.2871417500    0.0173549590    0.0004096296    
0.2873833400    0.0168289280    0.0004050756    
0.2876249300    0.0167603240    0.0004047160    
0.2878665200    0.0169101320    0.0004090496    
0.2881081100    0.0163052860    0.0003946496    
0.2883497000    0.0178827650    0.0004156535    
0.2885912900    0.0165369330    0.0003995547    
0.2888328700    0.0164142720    0.0003982217    
0.2890744600    0.0164165420    0.0003973424    
0.2893160500    0.0165792750    0.0003997618    
0.2895576400    0.0166990900    0.0004033550    
0.2897992300    0.0166109500    0.0003983315    
0.2900408200    0.0167918890    0.0004014029    
0.2902824000    0.0167770320    0.0004042952    
0.2905239900    0.0158539260    0.0003913655    
0.2907655800    0.0159610980    0.0003898753    
0.2910071700    0.0164658340    0.0003959918    
0.2912487600    0.0172413830    0.0004058200    
0.2914903500    0.0164668400    0.0003955587    
0.2917319400    0.0168945540    0.0003993192    
0.2919735200    0.0164260300    0.0003949204    
0.2922151100    0.0167242420    0.0003977455    
0.2924567000    0.0169482450    0.0004011489    
0.2926982900    0.0167614000    0.0003990809    
0.2929398800    0.0159307610    0.0003911230    
0.2931814700    0.0163833170    0.0003926472    
0.2934230600    0.0167083240    0.0003977045    
0.2936646400    0.0167454160    0.0003953527    
0.2939062300    0.0162129300    0.0003926443    
0.2941478200    0.0166286190    0.0003951363    
0.2943894100    0.0167996630    0.0003990880    
0.2946310000    0.0166556420    0.0003963383    
0.2948725900    0.0164271220    0.0003944909    
0.2951141800    0.0167907330    0.0003980904    
0.2953557600    0.0173630520    0.0004075564    
0.2955973500    0.0164624060    0.0003933021    
0.2958389400    0.0164110200    0.0003919626    
0.2960805300    0.0161165120    0.0003887166    
0.2963221200    0.0166830190    0.0003947607    
0.2965637100    0.0160453570    0.0003870004    
0.2968053000    0.0157053280    0.0003820355    
0.2970468800    0.0161437880    0.0003884716    
0.2972884700    0.0164301900    0.0003907522    
0.2975300600    0.0166718100    0.0003936149    
0.2977716500    0.0164110200    0.0003919626    
0.2980132400    0.0163899790    0.0003925814    
0.2982548300    0.0162591150    0.0003880026    
0.2984964100    0.0169041980    0.0003950485    
0.2987380000    0.0168392490    0.0003951525    
0.2989795900    0.0165072130    0.0003903822    
0.2992211800    0.0163330680    0.0003878943    
0.2994627700    0.0166416300    0.0003926835    
0.2997043600    0.0162801080    0.0003893916    
0.2999459500    0.0164263780    0.0003909934    
0.3001875300    0.0167123750    0.0003938051    
0.3004291200    0.0163797540    0.0003939217    
0.3006707100    0.0165633700    0.0003906195    
0.3009123000    0.0163678360    0.0003901530    
0.3011538900    0.0168033650    0.0003925848    
0.3013954800    0.0164961580    0.0003911063    
0.3016370700    0.0156294910    0.0003804159    
0.3018786500    0.0163331890    0.0003888854    
0.3021202400    0.0161547320    0.0003866140    
0.3023618300    0.0166800770    0.0003945807    
0.3026034200    0.0163651380    0.0003899779    
0.3028450100    0.0157749070    0.0003831616    
0.3030866000    0.0162853950    0.0003897411    
0.3033281900    0.0166307210    0.0003915550    
0.3035697700    0.0161227370    0.0003865130    
0.3038113600    0.0164247100    0.0003904012    
0.3040529500    0.0169594910    0.0003952628    
0.3042945400    0.0163396260    0.0003878314    
0.3045361300    0.0156955640    0.0003824775    
0.3047777200    0.0163556080    0.0003888685    
0.3050193100    0.0164535580    0.0003903158    
0.3052608900    0.0163705380    0.0003903283    
0.3055024800    0.0169325200    0.0004020174    
0.3057440700    0.0163539300    0.0003872991    
0.3059856600    0.0164712490    0.0003895317    
0.3062272500    0.0164350400    0.0003900961    
0.3064688400    0.0165473660    0.0003924307    
0.3067104200    0.0160372290    0.0003832536    
0.3069520100    0.0163675370    0.0003891521    
0.3071936000    0.0161978620    0.0003879797    
0.3074351900    0.0171183290    0.0003992902    
0.3076767800    0.0160935530    0.0003850397    
0.3079183700    0.0168225320    0.0003977280    
0.3081599600    0.0163335590    0.0003919051    
0.3084015400    0.0160493750    0.0003840926    
0.3086431300    0.0168889540    0.0003937258    
0.3088847200    0.0163372590    0.0003896456    
0.3091263100    0.0161799400    0.0003867745    
0.3093679000    0.0156708870    0.0003811977    
0.3096094900    0.0167604510    0.0003922250    
0.3098510800    0.0164137720    0.0003921402    
0.3100926600    0.0163411950    0.0003894073    
0.3103342500    0.0158308220    0.0003832781    
0.3105758400    0.0160257260    0.0003883384    
0.3108174300    0.0167811980    0.0003934655    
0.3110590200    0.0162614810    0.0003891688    
0.3113006100    0.0160329050    0.0003834789    
0.3115422000    0.0169879390    0.0003977666    
0.3117837800    0.0164665560    0.0003901852    
0.3120253700    0.0160423390    0.0003862541    
0.3122669600    0.0164997870    0.0003894450    
0.3125085500    0.0159775950    0.0003860404    
0.3127501400    0.0167740340    0.0003948198    
0.3129917300    0.0166884180    0.0003955534    
0.3132333100    0.0158190320    0.0003841201    
0.3134749000    0.0163864360    0.0003903746    
0.3137164900    0.0162948720    0.0003878632    
0.3139580800    0.0163568250    0.0003884585    
0.3141996700    0.0164453240    0.0003897916    
0.3144412600    0.0161017090    0.0003861199    
0.3146828500    0.0158005420    0.0003833322    
0.3149244300    0.0163106970    0.0003879104    
0.3151660200    0.0164971190    0.0003921222    
0.3154076100    0.0158750510    0.0003853667    
0.3156492000    0.0168725620    0.0003989109    
0.3158907900    0.0161580380    0.0003858103    
0.3161323800    0.0168335340    0.0003939353    
0.3163739700    0.0170579630    0.0003966968    
0.3166155500    0.0164784780    0.0003919006    
0.3168571400    0.0159279430    0.0003836110    
0.3170987300    0.0162205610    0.0003879673    
0.3173403200    0.0162762380    0.0003886326    
0.3175819100    0.0166555660    0.0003940008    
0.3178235000    0.0164247100    0.0003904012    
0.3180650900    0.0160671340    0.0003879773    
0.3183066700    0.0165996430    0.0003933388    
0.3185482600    0.0160895230    0.0003873902    
0.3187898500    0.0155458830    0.0003781569    
0.3190314400    0.0160696130    0.0003860168    
0.3192730300    0.0169226830    0.0003956966    
0.3195146200    0.0161463250    0.0003870785    
0.3197562100    0.0159002260    0.0003832771    
0.3199977900    0.0166167040    0.0003925327    
0.3202393800    0.0157302380    0.0003833224    
0.3204809700    0.0170976790    0.0004002264    
0.3207225600    0.0163213980    0.0003906027    
0.3209641500    0.0162346510    0.0003894199    
0.3212057400    0.0163318000    0.0003883025    
0.3214473200    0.0158008670    0.0003822169    
0.3216889100    0.0162420670    0.0003873752    
0.3219305000    0.0162521670    0.0003890573    
0.3221720900    0.0160374240    0.0003859121    
0.3224136800    0.0158264020    0.0003818305    
0.3226552700    0.0169699340    0.0003997632    
0.3228968600    0.0159631330    0.0003850173    
0.3231384400    0.0165947260    0.0003963502    
0.3233800300    0.0166364640    0.0003919076    
0.3236216200    0.0156344450    0.0003801987    
0.3238632100    0.0170185980    0.0003973966    
0.3241048000    0.0161911380    0.0003880413    
0.3243463900    0.0159283630    0.0003847386    
0.3245879800    0.0157937040    0.0003828285    
0.3248295600    0.0158447590    0.0003831665    
0.3250711500    0.0167157570    0.0003935571    
0.3253127400    0.0168699350    0.0003965283    
0.3255543300    0.0168231340    0.0003964150    
0.3257959200    0.0154903350    0.0003825065    
0.3260375100    0.0164702840    0.0003899453    
0.3262791000    0.0165724340    0.0003925839    
0.3265206800    0.0167961480    0.0003943583    
0.3267622700    0.0161031500    0.0003872696    
0.3270038600    0.0164023100    0.0003904206    
0.3272454500    0.0173736390    0.0004012270    
0.3274870400    0.0163411950    0.0003894073    
0.3277286300    0.0166766180    0.0003948304    
0.3279702200    0.0165745400    0.0003931857    
0.3282118000    0.0165189940    0.0003954448    
0.3284533900    0.0164034310    0.0003900055    
0.3286949800    0.0164130530    0.0004039390    
0.3289365700    0.0162189180    0.0004070021    
0.3291781600    0.0161550270    0.0004096779    
0.3294197500    0.0167681140    0.0004222487    
0.3296613300    0.0164938500    0.0004230583    
0.3299029200    0.0162207920    0.0004200812    
0.3301445100    0.0169059660    0.0004350624    
0.3303861000    0.0160775920    0.0004271064    
0.3306276900    0.0167636520    0.0004394780    
0.3308692800    0.0162945530    0.0004334823    
0.3311108700    0.0160849540    0.0004342529    
0.3313524500    0.0169893650    0.0004513279    
0.3315940400    0.0167380790    0.0004473440    
0.3318356300    0.0157765990    0.0004399395    
0.3320772200    0.0163480110    0.0004482694    
0.3323188100    0.0163541020    0.0004525381    
0.3325604000    0.0160810770    0.0004480817    
0.3328019900    0.0167646940    0.0004623094    
0.3330435700    0.0165180620    0.0004541289    
0.3332851600    0.0166012700    0.0004493399    
0.3335267500    0.0160875500    0.0004285825    
0.3337683400    0.0165328400    0.0004344734    
0.3340099300    0.0160985520    0.0004258638    
0.3342515200    0.0163314790    0.0004248037    
0.3344931100    0.0166680990    0.0004247425    
0.3347346900    0.0157037710    0.0004136871    
0.3349762800    0.0166114050    0.0004232978    
0.3352178700    0.0158108460    0.0004114005    
0.3354594600    0.0160656390    0.0004126182    
0.3357010500    0.0161678760    0.0004149704    
0.3359426400    0.0160627550    0.0004150153    
0.3361842300    0.0164184030    0.0004114901    
0.3364258100    0.0168791650    0.0004165474    
0.3366674000    0.0163638470    0.0004106390    
0.3369089900    0.0170327790    0.0004174250    
0.3371505800    0.0164039900    0.0004088242    
0.3373921700    0.0156438990    0.0004002058    
0.3376337600    0.0165181930    0.0004109054    
0.3378753400    0.0158972610    0.0004032708    
0.3381169300    0.0159576600    0.0004020952    
0.3383585200    0.0162783140    0.0004105662    
0.3386001100    0.0159518310    0.0004004258    
0.3388417000    0.0165118550    0.0004088546    
0.3390832900    0.0163575900    0.0004029403    
0.3393248800    0.0163122580    0.0004054065    
0.3395664600    0.0160068760    0.0004007986    
0.3398080500    0.0163894750    0.0004050799    
0.3400496400    0.0166417020    0.0004067429    
0.3402912300    0.0161734680    0.0004003530    
0.3405328200    0.0153023090    0.0003917236    
0.3407744100    0.0163882310    0.0004055449    
0.3410160000    0.0170307920    0.0004139104    
0.3412575800    0.0166805260    0.0004051585    
0.3414991700    0.0166252080    0.0004041726    
0.3417407600    0.0161033250    0.0003988612    
0.3419823500    0.0159755980    0.0003943691    
0.3422239400    0.0166516130    0.0004043369    
0.3424655300    0.0166701190    0.0004055042    
0.3427071200    0.0161651350    0.0003980788    
0.3429487000    0.0160847900    0.0003975494    
0.3431902900    0.0168374520    0.0004084884    
0.3434318800    0.0166718100    0.0004096874    
0.3436734700    0.0157423020    0.0003908794    
0.3439150600    0.0168200390    0.0004031138    
0.3441566500    0.0164700560    0.0004013507    
0.3443982300    0.0165979300    0.0004024406    
0.3446398200    0.0158878840    0.0003926826    
0.3448814100    0.0160124650    0.0003952792    
0.3451230000    0.0166656620    0.0004037270    
0.3453645900    0.0163429120    0.0003997986    
0.3456061800    0.0169263710    0.0004053131    
0.3458477700    0.0169527640    0.0004082929    
0.3460893500    0.0159519940    0.0003955986    
0.3463309400    0.0163949490    0.0003979873    
0.3465725300    0.0153052370    0.0003846800    
0.3468141200    0.0160268390    0.0003951527    
0.3470557100    0.0167648400    0.0004030662    
0.3472973000    0.0164623620    0.0004003320    
0.3475388900    0.0163396050    0.0003964102    
0.3477804700    0.0158320590    0.0003921422    
0.3480220600    0.0164857350    0.0004003090    
0.3482636500    0.0167776580    0.0004033743    
0.3485052400    0.0160565540    0.0003984367    
0.3487468300    0.0169521340    0.0004050022    
0.3489884200    0.0159723630    0.0003929743    
0.3492300100    0.0166479590    0.0003996789    
0.3494715900    0.0157298790    0.0003911744    
0.3497131800    0.0165711960    0.0003987564    
0.3499547700    0.0169263710    0.0004053131    
0.3501963600    0.0167339100    0.0004011648    
0.3504379500    0.0166491580    0.0004012136    
0.3506795400    0.0161640190    0.0003957777    
0.3509211300    0.0162065420    0.0003970570    
0.3511627100    0.0156932750    0.0003908689    
0.3514043000    0.0167247220    0.0004005993    
0.3516458900    0.0168588090    0.0004031178    
0.3518874800    0.0159666880    0.0003914156    
0.3521290700    0.0154410270    0.0003850642    
0.3523706600    0.0161481460    0.0003946798    
0.3526122400    0.0158057740    0.0003901768    
0.3528538300    0.0158539260    0.0003913655    
0.3530954200    0.0162221630    0.0003964889    
0.3533370100    0.0162569730    0.0003961582    
0.3535786000    0.0161766460    0.0003977597    
0.3538201900    0.0157965060    0.0003888831    
0.3540617800    0.0162844990    0.0003969468    
0.3543033600    0.0161359480    0.0003927428    
0.3545449500    0.0160004900    0.0003921265    
0.3547865400    0.0165440860    0.0003975290    
0.3550281300    0.0152935800    0.0003843870    
0.3552697200    0.0166858240    0.0004005880    
0.3555113100    0.0158298130    0.0003907703    
0.3557529000    0.0162017270    0.0003956351    
0.3559944800    0.0155962450    0.0003858282    
0.3562360700    0.0160814620    0.0003967407    
0.3564776600    0.0164322840    0.0003963328    
0.3567192500    0.0161246050    0.0003930493    
0.3569608400    0.0162235410    0.0003933630    
0.3572024300    0.0161638580    0.0003941232    
0.3574440200    0.0158682900    0.0003894719    
0.3576856000    0.0160440190    0.0003929573    
0.3579271900    0.0160071260    0.0003914671    
0.3581687800    0.0159745100    0.0003925522    
0.3584103700    0.0159808920    0.0003912938    
0.3586519600    0.0159488970    0.0003941906    
0.3588935500    0.0158082920    0.0003897642    
0.3591351400    0.0162172590    0.0003950731    
0.3593767200    0.0156322060    0.0003861276    
0.3596183100    0.0157279690    0.0003867274    
0.3598599000    0.0160479580    0.0003921140    
0.3601014900    0.0154389430    0.0003848926    
0.3603430800    0.0164532010    0.0003971840    
0.3605846700    0.0158802570    0.0003897656    
0.3608262500    0.0165608000    0.0003990844    
0.3610678400    0.0162299950    0.0003943317    
0.3613094300    0.0161957730    0.0003963177    
0.3615510200    0.0160021190    0.0003911108    
0.3617926100    0.0163856810    0.0003953237    
0.3620342000    0.0162970610    0.0003951456    
0.3622757900    0.0164227240    0.0003962175    
0.3625173700    0.0162081720    0.0003939178    
0.3627589600    0.0158611390    0.0003901198    
0.3630005500    0.0160378290    0.0003913995    
0.3632421400    0.0165984510    0.0003980318    
0.3634837300    0.0164386220    0.0003977603    
0.3637253200    0.0167269330    0.0004016907    
0.3639669100    0.0153805300    0.0003854782    
0.3642084900    0.0157611080    0.0003874251    
0.3644500800    0.0155741320    0.0003859905    
0.3646916700    0.0163381440    0.0003957928    
0.3649332600    0.0155956240    0.0003845208    
0.3651748500    0.0161281640    0.0003922050    
0.3654164400    0.0161472610    0.0003940701    
0.3656580300    0.0165011420    0.0003977622    
0.3658996100    0.0162071130    0.0003933117    
0.3661412000    0.0158946650    0.0003902368    
0.3663827900    0.0160273650    0.0003957676    
0.3666243800    0.0164415160    0.0003939288    
0.3668659700    0.0167385740    0.0003995581    
0.3671075600    0.0164648240    0.0003964264    
0.3673491500    0.0162890030    0.0003935644    
0.3675907300    0.0168686520    0.0004023194    
0.3678323200    0.0164450200    0.0003951486    
0.3680739100    0.0167212320    0.0004008609    
0.3683155000    0.0163434940    0.0003951117    
0.3685570900    0.0157394170    0.0003875951    
0.3687986800    0.0162527500    0.0003964085    
0.3690402600    0.0158611680    0.0003913059    
0.3692818500    0.0159962850    0.0003895743    
0.3695234400    0.0158635000    0.0003891199    
0.3697650300    0.0165808630    0.0003969259    
0.3700066200    0.0160237530    0.0003915226    
0.3702482100    0.0160342360    0.0003900362    
0.3704898000    0.0165984510    0.0003980318    
0.3707313800    0.0161751460    0.0003938136    
0.3709729700    0.0163666050    0.0003950936    
0.3712145600    0.0164278930    0.0003980838    
0.3714561500    0.0164625770    0.0003988072    
0.3716977400    0.0168086740    0.0004000931    
0.3719393300    0.0161247710    0.0003914287    
0.3721809200    0.0166372540    0.0003980478    
0.3724225000    0.0160563310    0.0003910367    
0.3726640900    0.0162685340    0.0003937601    
0.3729056800    0.0160779250    0.0003914465    
0.3731472700    0.0153436210    0.0003816868    
0.3733888600    0.0154826870    0.0003851462    
0.3736304500    0.0159356830    0.0003914799    
0.3738720400    0.0155566180    0.0003878262    
0.3741136200    0.0166323920    0.0003991902    
0.3743552100    0.0166270860    0.0003983750    
0.3745968000    0.0161455000    0.0003912408    
0.3748383900    0.0164534820    0.0003956948    
0.3750799800    0.0157896780    0.0003877761    
0.3753215700    0.0161237970    0.0003924471    
0.3755631500    0.0161083310    0.0003913757    
0.3758047400    0.0155867000    0.0003857102    
0.3760463300    0.0161985990    0.0003938014    
0.3762879200    0.0165645350    0.0003988271    
0.3765295100    0.0158103810    0.0003911256    
0.3767711000    0.0162726740    0.0003935146    
0.3770126900    0.0171224730    0.0004033565    
0.3772542700    0.0158040410    0.0003876615    
0.3774958600    0.0158421200    0.0003875476    
0.3777374500    0.0167009020    0.0003986588    
0.3779790400    0.0156889290    0.0003874105    
0.3782206300    0.0158467890    0.0003890613    
0.3784622200    0.0167199350    0.0003988859    
0.3787038100    0.0163285560    0.0003956767    
0.3789453900    0.0163396050    0.0003964102    
0.3791869800    0.0160780410    0.0003936725    
0.3794285700    0.0164003260    0.0003947591    
0.3796701600    0.0162766300    0.0003943026    
0.3799117500    0.0165370840    0.0003961049    
0.3801533400    0.0158754450    0.0003894130    
0.3803949300    0.0164132010    0.0003935895    
0.3806365100    0.0160988220    0.0003912601    
0.3808781000    0.0157161880    0.0003864377    
0.3811196900    0.0161087920    0.0003936004    
0.3813612800    0.0167164670    0.0003991441    
0.3816028700    0.0158731460    0.0003904151    
0.3818444600    0.0168911260    0.0004018281    
0.3820860500    0.0155470070    0.0003832056    
0.3823276300    0.0160570540    0.0003894408    
0.3825692200    0.0159268140    0.0003868513    
0.3828108100    0.0157111280    0.0003836550    
0.3830524000    0.0156414600    0.0003843679    
0.3832939900    0.0161977170    0.0003905616    
0.3835355800    0.0165084880    0.0003942905    
0.3837771600    0.0163884020    0.0003919818    
0.3840187500    0.0158823540    0.0003876052    
0.3842603400    0.0163215870    0.0003936629    
0.3845019300    0.0167773310    0.0003945696    
0.3847435200    0.0156467860    0.0003817425    
0.3849851100    0.0158610250    0.0003854808    
0.3852267000    0.0163754550    0.0004014364    
0.3854682800    0.0165110540    0.0004109822    
0.3857098700    0.0154795570    0.0004025079    
0.3859514600    0.0164071680    0.0004189102    
0.3861930500    0.0159537520    0.0004155412    
0.3864346400    0.0168397660    0.0004313637    
0.3866762300    0.0161925180    0.0004259714    
0.3869178200    0.0161847940    0.0004281452    
0.3871594000    0.0164187050    0.0004363222    
0.3874009900    0.0163926580    0.0004371764    
0.3876425800    0.0159510060    0.0004344533    
0.3878841700    0.0158473910    0.0004348693    
0.3881257600    0.0156207610    0.0004344131    
0.3883673500    0.0163986740    0.0004483123    
0.3886089400    0.0163182360    0.0004498267    
0.3888505200    0.0164880930    0.0004541640    
0.3890921100    0.0157836200    0.0004467858    
0.3893337000    0.0157367320    0.0004510963    
0.3895752900    0.0155893550    0.0004505895    
0.3898168800    0.0159702430    0.0004375820    
0.3900584700    0.0156426130    0.0004251087    
0.3903000600    0.0169440430    0.0004410358    
0.3905416400    0.0166470480    0.0004328657    
0.3907832300    0.0161813120    0.0004258240    
0.3910248200    0.0157450680    0.0004185683    
0.3912664100    0.0164354420    0.0004257829    
0.3915080000    0.0150778640    0.0004058825    
0.3917495900    0.0164432050    0.0004256984    
0.3919911700    0.0166885570    0.0004296098    
0.3922327600    0.0166070790    0.0004212770    
0.3924743500    0.0164216770    0.0004205161    
0.3927159400    0.0160294160    0.0004131897    
0.3929575300    0.0163232600    0.0004197889    
0.3931991200    0.0157547320    0.0004104967    
0.3934407100    0.0160109070    0.0004131245    
0.3936822900    0.0160012210    0.0004143948    
0.3939238800    0.0162678800    0.0004183647    
0.3941654700    0.0158052350    0.0004123728    
0.3944070600    0.0156888640    0.0004117259    
0.3946486500    0.0169206710    0.0004286806    
0.3948902400    0.0160463500    0.0004144531    
0.3951318300    0.0167139460    0.0004226303    
0.3953734100    0.0164809440    0.0004203830    
0.3956150000    0.0153039960    0.0004061259    
0.3958565900    0.0160491880    0.0004146648    
0.3960981800    0.0154703910    0.0004086751    
0.3963397700    0.0155280920    0.0004104859    
0.3965813600    0.0156257530    0.0004117747    
0.3968229500    0.0164545390    0.0004240072    
0.3970645300    0.0160348110    0.0004196502    
0.3973061200    0.0159270550    0.0004162603    
0.3975477100    0.0163835340    0.0004209217    
0.3977893000    0.0160742980    0.0004185391    
0.3980308900    0.0166742950    0.0004257305    
0.3982724800    0.0164884150    0.0004238961    
0.3985140700    0.0155318520    0.0004115933    
0.3987556500    0.0157167940    0.0004147503    
0.3989972400    0.0155779680    0.0004123812    
0.3992388300    0.0160220870    0.0004207606    
0.3994804200    0.0161627040    0.0004224190    
0.3997220100    0.0161131690    0.0004241777    
0.3999636000    0.0157141810    0.0004145371    
0.4002051800    0.0165932680    0.0004280085    
0.4004467700    0.0164873170    0.0004244293    
0.4006883600    0.0159643580    0.0004205518    
0.4009299500    0.0163996700    0.0004264332    
0.4011715400    0.0153755090    0.0004134456    
0.4014131300    0.0158368510    0.0004199708    
0.4016547200    0.0164657660    0.0004310765    
0.4018963000    0.0158423460    0.0004211543    
0.4021378900    0.0156912300    0.0004227001    
0.4023794800    0.0159990900    0.0004232327    
0.4026210700    0.0153567960    0.0004152002    
0.4028626600    0.0163221300    0.0004267315    
0.4031042500    0.0164973420    0.0004307239    
0.4033458400    0.0161824640    0.0004265935    
0.4035874200    0.0160532970    0.0004281260    
0.4038290100    0.0162640760    0.0004291925    
0.4040706000    0.0164246690    0.0004320785    
0.4043121900    0.0167378850    0.0004377507    
0.4045537800    0.0161959140    0.0004317759    
0.4047953700    0.0151894720    0.0004206335    
0.4050369600    0.0162264170    0.0004298483    
0.4052785400    0.0159423610    0.0004276074    
0.4055201300    0.0158821240    0.0004266060    
0.4057617200    0.0160507370    0.0004316024    
0.4060033100    0.0158019110    0.0004255273    
0.4062449000    0.0157252970    0.0004279884    
0.4064864900    0.0162596400    0.0004344021    
0.4067280800    0.0161457010    0.0004344703    
0.4069696600    0.0157148720    0.0004304233    
0.4072112500    0.0153812450    0.0004274217    
0.4074528400    0.0147733960    0.0004198750    
0.4076944300    0.0165200950    0.0004415181    
0.4079360200    0.0158270320    0.0004307572    
0.4081776100    0.0157115210    0.0004309786    
0.4084191900    0.0168501440    0.0004471564    
0.4086607800    0.0163127450    0.0004383310    
0.4089023700    0.0152723960    0.0004277127    
0.4091439600    0.0160605520    0.0004392328    
0.4093855500    0.0157628020    0.0004361761    
0.4096271400    0.0153070590    0.0004310565    
0.4098687300    0.0160127150    0.0004475690    
0.4101103100    0.0162411890    0.0004402393    
0.4103519000    0.0156740840    0.0004364026    
0.4105934900    0.0163647120    0.0004450615    
0.4108350800    0.0154863090    0.0004352423    
0.4110766700    0.0161313070    0.0004439996    
0.4113182600    0.0162319670    0.0004471090    
0.4115598500    0.0165166340    0.0004525530    
0.4118014300    0.0153095710    0.0004374163    
0.4120430200    0.0158594410    0.0004434581    
0.4122846100    0.0149317820    0.0004341295    
0.4125262000    0.0166129380    0.0004625424    
0.4127677900    0.0152568750    0.0004353779    
0.4130093800    0.0162825190    0.0004517696    
0.4132509700    0.0152874610    0.0004383980    
0.4134925500    0.0158499600    0.0004497461    
0.4137341400    0.0164271690    0.0004564864    
0.4139757300    0.0171833260    0.0004699390    
0.4142173200    0.0156623120    0.0004464027    
0.4144589100    0.0162296220    0.0004590430    
0.4147005000    0.0168617070    0.0004669418    
0.4149420800    0.0151432160    0.0004461613    
0.4151836700    0.0157847110    0.0004534040    
0.4154252600    0.0167206480    0.0004635691    
0.4156668500    0.0167741730    0.0004608220    
0.4159084400    0.0167994930    0.0004611696    
0.4161500300    0.0159192630    0.0004475872    
0.4163916200    0.0167957430    0.0004602005    
0.4166332000    0.0159530070    0.0004460744    
0.4168747900    0.0159214400    0.0004443241    
0.4171163800    0.0167154890    0.0004595568    
0.4173579700    0.0151772290    0.0004348794    
0.4175995600    0.0165278660    0.0004608890    
0.4178411500    0.0152842690    0.0004359822    
0.4180827400    0.0155276310    0.0004409551    
0.4183243200    0.0156201490    0.0004435824    
0.4185659100    0.0167275690    0.0004604112    
0.4188075000    0.0160019280    0.0004500894    
0.4190490900    0.0154069710    0.0004447609    
0.4192906800    0.0163112100    0.0004571640    
0.4195322700    0.0162926350    0.0004606411    
0.4197738600    0.0164098480    0.0004622951    
0.4200154400    0.0157501900    0.0004571518    
0.4202570300    0.0160659840    0.0004624382    
0.4204986200    0.0159942220    0.0004582890    
0.4207402100    0.0154270720    0.0004531498    
0.4209818000    0.0156682430    0.0004547733    
0.4212233900    0.0157428430    0.0004584862    
0.4214649800    0.0155576710    0.0004569860    
0.4217065600    0.0159642990    0.0004641491    
0.4219481500    0.0162162490    0.0004692975    
0.4221897400    0.0163974430    0.0004739462    
0.4224313300    0.0166769760    0.0004816236    
0.4226729200    0.0158703110    0.0004708649    
0.4229145100    0.0161689020    0.0004765877    
0.4231560900    0.0168809050    0.0004850915    
0.4233976800    0.0155101940    0.0004657485    
0.4236392700    0.0156731120    0.0004700054    
0.4238808600    0.0155796530    0.0004701718    
0.4241224500    0.0160658650    0.0004777193    
0.4243640400    0.0163650430    0.0004859713    
0.4246056300    0.0161209150    0.0004834341    
0.4248472100    0.0158783130    0.0004822694    
0.4250888000    0.0156940900    0.0004811332    
0.4253303900    0.0156053770    0.0004871925    
0.4255719800    0.0153314920    0.0004760966    
0.4258135700    0.0162903040    0.0004916183    
0.4260551600    0.0156147210    0.0004855947    
0.4262967500    0.0151262380    0.0004759598    
0.4265383300    0.0162222570    0.0004973252    
0.4267799200    0.0155946340    0.0004899711    
0.4270215100    0.0153354560    0.0004847074    
0.4272631000    0.0154379370    0.0004913950    
0.4275046900    0.0157616760    0.0004986774    
0.4277462800    0.0161827360    0.0005107226    
0.4279878700    0.0167338480    0.0005226776    
0.4282294500    0.0160837150    0.0005065894    
0.4284710400    0.0166672220    0.0005173263    
0.4287126300    0.0157873120    0.0005063783    
0.4289542200    0.0163023650    0.0005165602    
0.4291958100    0.0160545450    0.0005149498    
0.4294374000    0.0157638110    0.0005149813    
0.4296789900    0.0151585780    0.0005033323    
0.4299205700    0.0157923180    0.0005192482    
0.4301621600    0.0160654360    0.0005290870    
0.4304037500    0.0149866580    0.0005131334    
0.4306453400    0.0159731300    0.0005357216    
0.4308869300    0.0160969200    0.0005306997    
0.4311285200    0.0152008280    0.0005189477    
0.4313701000    0.0157395520    0.0005317902    
0.4316116900    0.0160519860    0.0005404985    
0.4318532800    0.0161995520    0.0005445420    
0.4320948700    0.0164683400    0.0005526413    
0.4323364600    0.0157053280    0.0005444843    
0.4325780500    0.0160091730    0.0005530277    
0.4328196400    0.0161428720    0.0005599900    
0.4330612200    0.0157511330    0.0005618243    
0.4333028100    0.0149787570    0.0005465826    
0.4335444000    0.0151031650    0.0005471299    
0.4337859900    0.0158713710    0.0005639646    
0.4340275800    0.0152709540    0.0005576164    
0.4342691700    0.0160068600    0.0005764730    
0.4345107600    0.0149397290    0.0005610733    
0.4347523400    0.0161968800    0.0005871364    
0.4349939300    0.0163001020    0.0005940087    
0.4352355200    0.0159622360    0.0005965368    
0.4354771100    0.0153627810    0.0005904396    
0.4357187000    0.0156196790    0.0006079952    
0.4359602900    0.0159023010    0.0006045148    
0.4362018800    0.0162359590    0.0006158650    
0.4364434600    0.0170003690    0.0006348904    
0.4366850500    0.0157469870    0.0006186001    
0.4369266400    0.0169468560    0.0006518022    
0.4371682300    0.0165765100    0.0006472040    
0.4374098200    0.0162275160    0.0006501417    
0.4376514100    0.0165840640    0.0006654955    
0.4378930000    0.0157327850    0.0006572465    
0.4381345800    0.0151310730    0.0006560152    
0.4383761700    0.0161446380    0.0006909267    
0.4386177600    0.0156563510    0.0006688062    
0.4388593500    0.0160697210    0.0006877206    
0.4391009400    0.0161225150    0.0007003173    
0.4393425300    0.0166218200    0.0007206473    
0.4395841100    0.0169459560    0.0007424158    
0.4398257000    0.0150379490    0.0007160928    
0.4400672900    0.0144972260    0.0007177196    
0.4403088800    0.0167879600    0.0007949329    
0.4405504700    0.0157455980    0.0007962891    
0.4407920600    0.0159544220    0.0008339510    
0.4410336500    0.0154988530    0.0008455317    
0.4412752300    0.0156588630    0.0008529926    
0.4415168200    0.0185397220    0.0009757748    
0.4417584100    0.0179862970    0.0013048632    
0.4420000000    0.0172779440    0.0019439206    