# Diamond Light Source Ltd.
# Data extracted from: /dls/b21/data/2017/mx13440-2/processed/b21-369037_00272.dat
q(1/A)          Column          Error           
0.0040000000    0.8348682600    0.0212675090    
0.0042415885    0.8818355900    0.0205578980    
0.0044831771    0.6998771300    0.0170499000    
0.0047247656    0.5350321800    0.0144339950    
0.0049663541    0.4309332500    0.0122130830    
0.0052079426    0.3668582700    0.0115952810    
0.0054495312    0.2834813900    0.0093973165    
0.0056911197    0.2744127500    0.0087170084    
0.0059327082    0.2029712900    0.0074969156    
0.0061742967    0.1790274900    0.0067473525    
0.0064158853    0.1654783700    0.0064218060    
0.0066574738    0.1352878200    0.0054866456    
0.0068990623    0.1169042100    0.0051464210    
0.0071406509    0.1016532400    0.0047140564    
0.0073822394    0.0900848800    0.0042897562    
0.0076238279    0.0858621510    0.0040886739    
0.0078654164    0.0739604050    0.0038554526    
0.0081070050    0.0715136990    0.0035936986    
0.0083485935    0.0651662000    0.0033125841    
0.0085901820    0.0638398550    0.0033010803    
0.0088317705    0.0550213630    0.0029839523    
0.0090733591    0.0522391740    0.0028888329    
0.0093149476    0.0534030870    0.0028145898    
0.0095565361    0.0446509150    0.0025736359    
0.0097981247    0.0452442820    0.0025906801    
0.0100397130    0.0416741870    0.0024020602    
0.0102813020    0.0391208660    0.0023808201    
0.0105228900    0.0383993630    0.0022096350    
0.0107644790    0.0377715590    0.0022142080    
0.0110060670    0.0299797530    0.0019232020    
0.0112476560    0.0323734400    0.0019886846    
0.0114892440    0.0316858320    0.0019391414    
0.0117308330    0.0326800020    0.0019600163    
0.0119724210    0.0321235080    0.0019163278    
0.0122140100    0.0284014620    0.0017855846    
0.0124555980    0.0271390270    0.0016928860    
0.0126971870    0.0270543570    0.0017427243    
0.0129387760    0.0277351520    0.0016694600    
0.0131803640    0.0302172470    0.0017713664    
0.0134219530    0.0284954460    0.0016590690    
0.0136635410    0.0272578260    0.0016289667    
0.0139051300    0.0267710790    0.0016143568    
0.0141467180    0.0254793830    0.0015392658    
0.0143883070    0.0237476050    0.0014643400    
0.0146298950    0.0275399980    0.0015769357    
0.0148714840    0.0259292930    0.0015413365    
0.0151130720    0.0257282500    0.0015186906    
0.0153546610    0.0246722260    0.0014316278    
0.0155962490    0.0255995750    0.0014730900    
0.0158378380    0.0227367690    0.0013563619    
0.0160794260    0.0248405270    0.0014177238    
0.0163210150    0.0241474830    0.0013670820    
0.0165626030    0.0244390900    0.0014016780    
0.0168041920    0.0213399160    0.0012618557    
0.0170457800    0.0212209840    0.0012659378    
0.0172873690    0.0215637620    0.0012684566    
0.0175289580    0.0236679950    0.0013210187    
0.0177705460    0.0268439520    0.0013825339    
0.0180121350    0.0251302800    0.0013226463    
0.0182537230    0.0221296950    0.0012275346    
0.0184953120    0.0209936050    0.0011923566    
0.0187369000    0.0205872770    0.0011807613    
0.0189784890    0.0224806810    0.0012016429    
0.0192200770    0.0225353450    0.0012221507    
0.0194616660    0.0192574770    0.0011008767    
0.0197032540    0.0202566580    0.0011377273    
0.0199448430    0.0208317680    0.0011537649    
0.0201864310    0.0208937330    0.0011466926    
0.0204280200    0.0211711270    0.0011316443    
0.0206696080    0.0194551810    0.0010693535    
0.0209111970    0.0205632580    0.0011234908    
0.0211527850    0.0193256540    0.0010558733    
0.0213943740    0.0203428500    0.0010858210    
0.0216359620    0.0200073540    0.0010818738    
0.0218775510    0.0219076850    0.0011268097    
0.0221191400    0.0202277160    0.0010631452    
0.0223607280    0.0188013520    0.0010181503    
0.0226023170    0.0188373330    0.0010497635    
0.0228439050    0.0190921770    0.0010104651    
0.0230854940    0.0176260620    0.0009688160    
0.0233270820    0.0198311040    0.0010254420    
0.0235686710    0.0209469010    0.0010606875    
0.0238102590    0.0196694020    0.0010063741    
0.0240518480    0.0208017740    0.0010285815    
0.0242934360    0.0201570480    0.0010272983    
0.0245350250    0.0188442860    0.0009809943    
0.0247766130    0.0188172010    0.0009743177    
0.0250182020    0.0185366090    0.0009769651    
0.0252597900    0.0210949200    0.0010172874    
0.0255013790    0.0179183230    0.0009302730    
0.0257429670    0.0194426030    0.0009709172    
0.0259845560    0.0205151780    0.0009858965    
0.0262261450    0.0193141170    0.0009621047    
0.0264677330    0.0181757880    0.0009227358    
0.0267093220    0.0193371920    0.0009446836    
0.0269509100    0.0182010520    0.0009216461    
0.0271924990    0.0196336810    0.0009501404    
0.0274340870    0.0193885090    0.0009494594    
0.0276756760    0.0187135730    0.0009175084    
0.0279172640    0.0187359030    0.0009164030    
0.0281588530    0.0190189940    0.0009118910    
0.0284004410    0.0201596650    0.0009471837    
0.0286420300    0.0199542810    0.0009243642    
0.0288836180    0.0184506100    0.0008981617    
0.0291252070    0.0189637900    0.0008919816    
0.0293667950    0.0189059210    0.0009013044    
0.0296083840    0.0207259120    0.0009325029    
0.0298499720    0.0204017900    0.0009283136    
0.0300915610    0.0171177570    0.0008474553    
0.0303331490    0.0188561230    0.0008820522    
0.0305747380    0.0194548020    0.0008843092    
0.0308163270    0.0190528430    0.0008751261    
0.0310579150    0.0187925520    0.0008733640    
0.0312995040    0.0185313280    0.0008602953    
0.0315410920    0.0186317440    0.0008585054    
0.0317826810    0.0187107350    0.0008576051    
0.0320242690    0.0187103700    0.0008495941    
0.0322658580    0.0186117130    0.0008594091    
0.0325074460    0.0174833490    0.0008187328    
0.0327490350    0.0190149830    0.0008512276    
0.0329906230    0.0185045430    0.0008308785    
0.0332322120    0.0189176390    0.0008451778    
0.0334738000    0.0191505470    0.0008390007    
0.0337153890    0.0187643790    0.0008292762    
0.0339569770    0.0188564880    0.0008325343    
0.0341985660    0.0181749560    0.0008185589    
0.0344401540    0.0177394690    0.0007981365    
0.0346817430    0.0162610570    0.0007708480    
0.0349233310    0.0197415480    0.0008456350    
0.0351649200    0.0194415160    0.0008237635    
0.0354065090    0.0194500200    0.0008285987    
0.0356480970    0.0186739170    0.0008006376    
0.0358896860    0.0170589020    0.0007738075    
0.0361312740    0.0186740110    0.0007984431    
0.0363728630    0.0184024810    0.0007904542    
0.0366144510    0.0177418570    0.0007825597    
0.0368560400    0.0179541560    0.0007755014    
0.0370976280    0.0170948730    0.0007660396    
0.0373392170    0.0174786860    0.0007672292    
0.0375808050    0.0176691700    0.0007631919    
0.0378223940    0.0193503780    0.0007986756    
0.0380639820    0.0188073810    0.0007905332    
0.0383055710    0.0162628380    0.0007208376    
0.0385471590    0.0195121360    0.0007926263    
0.0387887480    0.0184639320    0.0007740483    
0.0390303360    0.0176289070    0.0007476322    
0.0392719250    0.0178687990    0.0007517460    
0.0395135140    0.0178687990    0.0007517460    
0.0397551020    0.0182801070    0.0007752492    
0.0399966910    0.0186149150    0.0007530788    
0.0402382790    0.0173769850    0.0007330039    
0.0404798680    0.0188586450    0.0007579929    
0.0407214560    0.0178986910    0.0007457788    
0.0409630450    0.0188415720    0.0007530607    
0.0412046330    0.0172743970    0.0007254565    
0.0414462220    0.0167740470    0.0007088328    
0.0416878100    0.0192438940    0.0007583157    
0.0419293990    0.0180054430    0.0007326311    
0.0421709870    0.0184099000    0.0007381698    
0.0424125760    0.0185267300    0.0007440514    
0.0426541640    0.0170393110    0.0007026893    
0.0428957530    0.0173404430    0.0007096971    
0.0431373410    0.0189229080    0.0007405106    
0.0433789300    0.0182623860    0.0007224488    
0.0436205180    0.0181220980    0.0007180237    
0.0438621070    0.0165190280    0.0006871010    
0.0441036960    0.0188333260    0.0007319780    
0.0443452840    0.0187890860    0.0007253446    
0.0445868730    0.0190626160    0.0007381074    
0.0448284610    0.0180359870    0.0007090678    
0.0450700500    0.0182737360    0.0007380692    
0.0453116380    0.0184814050    0.0007440333    
0.0455532270    0.0188020540    0.0007721078    
0.0457948150    0.0182483140    0.0007596872    
0.0460364040    0.0178646040    0.0007535728    
0.0462779920    0.0175761740    0.0007591751    
0.0465195810    0.0177401310    0.0007627078    
0.0467611690    0.0177821420    0.0007666426    
0.0470027580    0.0171210960    0.0007522578    
0.0472443460    0.0178649550    0.0007841845    
0.0474859350    0.0185399400    0.0007891122    
0.0477275230    0.0200054300    0.0008264167    
0.0479691120    0.0182118220    0.0007895826    
0.0482107000    0.0180802610    0.0007944011    
0.0484522890    0.0179834770    0.0007878704    
0.0486938780    0.0178160300    0.0007896816    
0.0489354660    0.0175646880    0.0007863034    
0.0491770550    0.0190152030    0.0008275305    
0.0494186430    0.0176873000    0.0007824401    
0.0496602320    0.0178898010    0.0007649126    
0.0499018200    0.0174195780    0.0007441275    
0.0501434090    0.0187372310    0.0007592709    
0.0503849970    0.0180423990    0.0007378086    
0.0506265860    0.0159402050    0.0006885120    
0.0508681740    0.0192065950    0.0007521883    
0.0511097630    0.0181220310    0.0007272121    
0.0513513510    0.0178050470    0.0007076871    
0.0515929400    0.0176889950    0.0007167942    
0.0518345280    0.0175800230    0.0007032009    
0.0520761170    0.0186479140    0.0007325593    
0.0523177050    0.0190432310    0.0007182291    
0.0525592940    0.0176081510    0.0007037633    
0.0528008830    0.0180640420    0.0006942575    
0.0530424710    0.0177780100    0.0006909620    
0.0532840600    0.0180667160    0.0006928269    
0.0535256480    0.0172165180    0.0006763287    
0.0537672370    0.0183384190    0.0006921390    
0.0540088250    0.0175499410    0.0006785199    
0.0542504140    0.0177254410    0.0006847935    
0.0544920020    0.0169091190    0.0006632302    
0.0547335910    0.0169219660    0.0006586866    
0.0549751790    0.0180298990    0.0006771271    
0.0552167680    0.0164104370    0.0006466618    
0.0554583560    0.0185415520    0.0006797663    
0.0556999450    0.0174896000    0.0006582298    
0.0559415330    0.0176108160    0.0006651514    
0.0561831220    0.0178045470    0.0006621582    
0.0564247100    0.0182626670    0.0006686437    
0.0566662990    0.0191890240    0.0006827148    
0.0569078870    0.0177125550    0.0006624120    
0.0571494760    0.0170758020    0.0006440261    
0.0573910650    0.0175722070    0.0006433642    
0.0576326530    0.0171723550    0.0006408666    
0.0578742420    0.0176784980    0.0006489981    
0.0581158300    0.0187027700    0.0006612428    
0.0583574190    0.0170257690    0.0006297208    
0.0585990070    0.0179962010    0.0006510797    
0.0588405960    0.0179753520    0.0006494759    
0.0590821840    0.0181498110    0.0006465602    
0.0593237730    0.0183668240    0.0006522250    
0.0595653610    0.0185044030    0.0006571106    
0.0598069500    0.0177308460    0.0006292442    
0.0600485380    0.0180364410    0.0006380834    
0.0602901270    0.0179787160    0.0006376394    
0.0605317150    0.0182324720    0.0006386557    
0.0607733040    0.0179372290    0.0006306394    
0.0610148920    0.0190944850    0.0006541663    
0.0612564810    0.0180358380    0.0006329338    
0.0614980690    0.0176889950    0.0006207620    
0.0617396580    0.0177684860    0.0006362139    
0.0619812470    0.0191231130    0.0006594177    
0.0622228350    0.0176246220    0.0006290498    
0.0624644240    0.0176397760    0.0006248329    
0.0627060120    0.0184211730    0.0006436879    
0.0629476010    0.0181557480    0.0006431096    
0.0631891890    0.0185336350    0.0006456498    
0.0634307780    0.0178105820    0.0006300931    
0.0636723660    0.0185130700    0.0006418252    
0.0639139550    0.0187132530    0.0006441367    
0.0641555430    0.0178878630    0.0006231532    
0.0643971320    0.0164003440    0.0006024817    
0.0646387200    0.0191178180    0.0006386815    
0.0648803090    0.0180398230    0.0006257945    
0.0651218970    0.0175744160    0.0006056544    
0.0653634860    0.0181189050    0.0006196535    
0.0656050740    0.0184696970    0.0006240332    
0.0658466630    0.0183675610    0.0006191703    
0.0660882520    0.0183587950    0.0006174731    
0.0663298400    0.0170032570    0.0005952331    
0.0665714290    0.0179690190    0.0006088570    
0.0668130170    0.0180680440    0.0006125641    
0.0670546060    0.0190913840    0.0006260311    
0.0672961940    0.0181006220    0.0006070754    
0.0675377830    0.0178697150    0.0005983223    
0.0677793710    0.0172501830    0.0005916764    
0.0680209600    0.0186415550    0.0006076973    
0.0682625480    0.0178775620    0.0005955879    
0.0685041370    0.0192431380    0.0006159578    
0.0687457250    0.0186809500    0.0006152243    
0.0689873140    0.0178656070    0.0005925648    
0.0692289020    0.0175904490    0.0005879839    
0.0694704910    0.0168955590    0.0005757991    
0.0697120790    0.0177453140    0.0005882514    
0.0699536680    0.0180709970    0.0005964318    
0.0701952560    0.0182193810    0.0005984030    
0.0704368450    0.0179988180    0.0005966550    
0.0706784340    0.0187112430    0.0006142267    
0.0709200220    0.0184830720    0.0006051086    
0.0711616110    0.0186713020    0.0006076991    
0.0714031990    0.0185101990    0.0006099318    
0.0716447880    0.0181431340    0.0006067972    
0.0718863760    0.0177333230    0.0005917687    
0.0721279650    0.0182938100    0.0005954128    
0.0723695530    0.0179626080    0.0005868128    
0.0726111420    0.0190016280    0.0006072947    
0.0728527300    0.0179653050    0.0005819533    
0.0730943190    0.0187866380    0.0005992007    
0.0733359070    0.0186155610    0.0005928402    
0.0735774960    0.0188337610    0.0005985762    
0.0738190840    0.0178063510    0.0005758985    
0.0740606730    0.0190465670    0.0005969567    
0.0743022610    0.0182882150    0.0005853915    
0.0745438500    0.0165090620    0.0005536962    
0.0747854380    0.0181726420    0.0005749569    
0.0750270270    0.0173045020    0.0005656153    
0.0752686160    0.0176361570    0.0005639421    
0.0755102040    0.0187724640    0.0005826699    
0.0757517930    0.0179988180    0.0005726187    
0.0759933810    0.0191676240    0.0005816388    
0.0762349700    0.0178941740    0.0005692895    
0.0764765580    0.0185577630    0.0005743484    
0.0767181470    0.0178491400    0.0005624741    
0.0769597350    0.0182547810    0.0005644309    
0.0772013240    0.0199336770    0.0005885803    
0.0774429120    0.0190697210    0.0005728942    
0.0776845010    0.0182984820    0.0005588789    
0.0779260890    0.0187861350    0.0005698003    
0.0781676780    0.0181029890    0.0005555051    
0.0784092660    0.0179037270    0.0005535765    
0.0786508550    0.0184890150    0.0005579722    
0.0788924430    0.0177127590    0.0005513741    
0.0791340320    0.0184371260    0.0005587008    
0.0793756210    0.0178399380    0.0005510775    
0.0796172090    0.0181155850    0.0005497148    
0.0798587980    0.0179515970    0.0005524222    
0.0801003860    0.0180289990    0.0005532346    
0.0803419750    0.0176265550    0.0005393638    
0.0805835630    0.0185652990    0.0005579922    
0.0808251520    0.0185990890    0.0005577496    
0.0810667400    0.0183983790    0.0005547320    
0.0813083290    0.0177846980    0.0005389302    
0.0815499170    0.0179763970    0.0005498115    
0.0817915060    0.0185666390    0.0005550323    
0.0820330940    0.0197876890    0.0005669848    
0.0822746830    0.0188952210    0.0005555016    
0.0825162710    0.0188852740    0.0005528252    
0.0827578600    0.0173635660    0.0005318147    
0.0829994480    0.0178259730    0.0005319409    
0.0832410370    0.0183417900    0.0005458770    
0.0834826250    0.0184132940    0.0005406329    
0.0837242140    0.0183748190    0.0005390388    
0.0839658030    0.0188341240    0.0005471246    
0.0842073910    0.0178777380    0.0005313606    
0.0844489800    0.0176383910    0.0005244785    
0.0846905680    0.0188216800    0.0005377623    
0.0849321570    0.0186989370    0.0005420551    
0.0851737450    0.0191585490    0.0005418856    
0.0854153340    0.0177057060    0.0005241679    
0.0856569220    0.0191350130    0.0005412199    
0.0858985110    0.0191835680    0.0005476551    
0.0861400990    0.0179409880    0.0005240619    
0.0863816880    0.0178583100    0.0005247906    
0.0866232760    0.0186048740    0.0005400095    
0.0868648650    0.0185231050    0.0005318429    
0.0871064530    0.0177768850    0.0005226236    
0.0873480420    0.0177232580    0.0005177019    
0.0875896300    0.0181744160    0.0005255268    
0.0878312190    0.0179331290    0.0005213912    
0.0880728080    0.0193465110    0.0005399085    
0.0883143960    0.0172313100    0.0005092319    
0.0885559850    0.0184182180    0.0005283959    
0.0887975730    0.0183607960    0.0005250229    
0.0890391620    0.0181574790    0.0005224228    
0.0892807500    0.0189820790    0.0005322311    
0.0895223390    0.0182826540    0.0005210870    
0.0897639270    0.0188230180    0.0005252992    
0.0900055160    0.0178073410    0.0005121367    
0.0902471040    0.0185648400    0.0005250930    
0.0904886930    0.0184722150    0.0005191611    
0.0907302810    0.0182680760    0.0005118092    
0.0909718700    0.0182678020    0.0005208753    
0.0912134580    0.0176347220    0.0005034384    
0.0914550470    0.0181970760    0.0005180170    
0.0916966350    0.0180946330    0.0005099609    
0.0919382240    0.0179602250    0.0005098306    
0.0921798120    0.0194484410    0.0005271761    
0.0924214010    0.0179765900    0.0005068355    
0.0926629900    0.0181542240    0.0005064378    
0.0929045780    0.0183449490    0.0005143668    
0.0931461670    0.0182963970    0.0005078415    
0.0933877550    0.0178212350    0.0005020564    
0.0936293440    0.0191473080    0.0005224801    
0.0938709320    0.0175273230    0.0004987491    
0.0941125210    0.0188866520    0.0005136492    
0.0943541090    0.0178808540    0.0004997851    
0.0945956980    0.0180112770    0.0005024501    
0.0948372860    0.0188298410    0.0005111599    
0.0950788750    0.0189739650    0.0005116898    
0.0953204630    0.0183573110    0.0005052684    
0.0955620520    0.0184623800    0.0005058661    
0.0958036400    0.0178814080    0.0004953698    
0.0960452290    0.0197614950    0.0005207611    
0.0962868170    0.0191202830    0.0005145143    
0.0965284060    0.0192400110    0.0005138440    
0.0967699940    0.0193360740    0.0005151252    
0.0970115830    0.0174745810    0.0004846577    
0.0972531720    0.0192660870    0.0005105503    
0.0974947600    0.0189543350    0.0005058538    
0.0977363490    0.0205534890    0.0005247747    
0.0979779370    0.0194808440    0.0005128314    
0.0982195260    0.0199614790    0.0005194006    
0.0984611140    0.0186844030    0.0004995401    
0.0987027030    0.0189520730    0.0005036457    
0.0989442910    0.0191198360    0.0005061418    
0.0991858800    0.0194099680    0.0005083304    
0.0994274680    0.0183082830    0.0004915972    
0.0996690570    0.0197131980    0.0005066338    
0.0999106450    0.0199080510    0.0005131691    
0.1001522300    0.0198173630    0.0005079706    
0.1003938200    0.0207766120    0.0005220320    
0.1006354100    0.0210453500    0.0005231990    
0.1008770000    0.0204282670    0.0005165509    
0.1011185900    0.0198796820    0.0005095680    
0.1013601800    0.0210863660    0.0005253563    
0.1016017700    0.0207635630    0.0005177962    
0.1018433500    0.0206283650    0.0005277195    
0.1020849400    0.0206892360    0.0005358036    
0.1023265300    0.0220176980    0.0005570977    
0.1025681200    0.0212097370    0.0005440183    
0.1028097100    0.0213140120    0.0005534707    
0.1030513000    0.0216506830    0.0005597651    
0.1032928800    0.0208071910    0.0005539237    
0.1035344700    0.0228542240    0.0005727894    
0.1037760600    0.0212530280    0.0005618249    
0.1040176500    0.0220908200    0.0005751960    
0.1042592400    0.0209737880    0.0005621565    
0.1045008300    0.0224054770    0.0005775451    
0.1047424200    0.0218896350    0.0005760430    
0.1049840000    0.0215536780    0.0005744075    
0.1052255900    0.0209475640    0.0005680206    
0.1054671800    0.0201440700    0.0005536091    
0.1057087700    0.0195546950    0.0005491505    
0.1059503600    0.0193902480    0.0005488783    
0.1061919500    0.0184350380    0.0005348547    
0.1064335400    0.0187649000    0.0005263486    
0.1066751200    0.0184046270    0.0005134232    
0.1069167100    0.0186127560    0.0005148407    
0.1071583000    0.0183164260    0.0005041430    
0.1073998900    0.0188840560    0.0005101936    
0.1076414800    0.0182085950    0.0005046275    
0.1078830700    0.0196354860    0.0005165445    
0.1081246600    0.0181134310    0.0004991233    
0.1083662400    0.0189258090    0.0005038380    
0.1086078300    0.0191503040    0.0005123627    
0.1088494200    0.0181902480    0.0004928901    
0.1090910100    0.0189567680    0.0005018250    
0.1093326000    0.0184413400    0.0004923383    
0.1095741900    0.0184730510    0.0004940661    
0.1098157700    0.0184579280    0.0004889624    
0.1100573600    0.0183098980    0.0004905806    
0.1102989500    0.0189816150    0.0004950790    
0.1105405400    0.0180719140    0.0004828198    
0.1107821300    0.0182028080    0.0004868384    
0.1110237200    0.0181165600    0.0004809329    
0.1112653100    0.0184173620    0.0004899552    
0.1115068900    0.0190329910    0.0004909390    
0.1117484800    0.0191266380    0.0004913968    
0.1119900700    0.0189227620    0.0004868019    
0.1122316600    0.0184892870    0.0004828955    
0.1124732500    0.0183106480    0.0004779040    
0.1127148400    0.0187097530    0.0004826014    
0.1129564300    0.0187788320    0.0004851909    
0.1131980100    0.0193985120    0.0004906693    
0.1134396000    0.0179863450    0.0004736530    
0.1136811900    0.0184552700    0.0004785914    
0.1139227800    0.0177306690    0.0004672442    
0.1141643700    0.0187820790    0.0004773734    
0.1144059600    0.0186425010    0.0004758280    
0.1146475500    0.0178624120    0.0004682832    
0.1148891300    0.0176676500    0.0004598705    
0.1151307200    0.0184770840    0.0004753365    
0.1153723100    0.0189121000    0.0004753345    
0.1156139000    0.0192740380    0.0004838205    
0.1158554900    0.0181322500    0.0004643194    
0.1160970800    0.0176051660    0.0004621750    
0.1163386700    0.0176168800    0.0004585491    
0.1165802500    0.0181669200    0.0004652072    
0.1168218400    0.0185500160    0.0004669719    
0.1170634300    0.0183613070    0.0004650295    
0.1173050200    0.0179922380    0.0004616430    
0.1175466100    0.0185026390    0.0004668158    
0.1177882000    0.0185337190    0.0004647977    
0.1180297800    0.0185277380    0.0004649402    
0.1182713700    0.0181792380    0.0004624997    
0.1185129600    0.0180802610    0.0004586477    
0.1187545500    0.0179202550    0.0004557634    
0.1189961400    0.0182580160    0.0004591849    
0.1192377300    0.0177145530    0.0004498050    
0.1194793200    0.0184177190    0.0004580162    
0.1197209000    0.0184915720    0.0004591435    
0.1199624900    0.0177880470    0.0004495028    
0.1202040800    0.0183384190    0.0004531113    
0.1204456700    0.0181413430    0.0004558184    
0.1206872600    0.0184109380    0.0004542105    
0.1209288500    0.0180430320    0.0004529195    
0.1211704400    0.0188317840    0.0004604087    
0.1214120200    0.0187637210    0.0004579242    
0.1216536100    0.0186020750    0.0004549286    
0.1218952000    0.0182397650    0.0004480825    
0.1221367900    0.0179653220    0.0004478752    
0.1223783800    0.0179474040    0.0004446733    
0.1226199700    0.0176536120    0.0004425868    
0.1228615600    0.0181317330    0.0004481413    
0.1231031400    0.0181769510    0.0004483015    
0.1233447300    0.0188125950    0.0004558704    
0.1235863200    0.0177771460    0.0004451247    
0.1238279100    0.0189799770    0.0004548794    
0.1240695000    0.0187073480    0.0004504200    
0.1243110900    0.0181384750    0.0004433258    
0.1245526800    0.0180157620    0.0004429808    
0.1247942600    0.0186052920    0.0004466700    
0.1250358500    0.0182259670    0.0004440078    
0.1252774400    0.0180933540    0.0004414326    
0.1255190300    0.0183964380    0.0004439648    
0.1257606200    0.0174817210    0.0004344710    
0.1260022100    0.0184754970    0.0004462628    
0.1262437900    0.0187767210    0.0004483374    
0.1264853800    0.0178528920    0.0004366067    
0.1267269700    0.0181996270    0.0004385771    
0.1269685600    0.0180458310    0.0004369054    
0.1272101500    0.0185535680    0.0004430091    
0.1274517400    0.0183693750    0.0004438290    
0.1276933300    0.0190606340    0.0004454441    
0.1279349100    0.0187710250    0.0004473097    
0.1281765000    0.0187335360    0.0004459102    
0.1284180900    0.0184653810    0.0004402763    
0.1286596800    0.0187227600    0.0004446471    
0.1289012700    0.0179568630    0.0004339889    
0.1291428600    0.0184330180    0.0004406334    
0.1293844500    0.0189087800    0.0004427424    
0.1296260300    0.0185812250    0.0004409130    
0.1298676200    0.0189892590    0.0004457278    
0.1301092100    0.0179504810    0.0004311981    
0.1303508000    0.0188096070    0.0004402996    
0.1305923900    0.0186647920    0.0004430207    
0.1308339800    0.0182311210    0.0004365562    
0.1310755700    0.0184422810    0.0004372468    
0.1313171500    0.0182316750    0.0004338416    
0.1315587400    0.0185880990    0.0004375185    
0.1318003300    0.0173807890    0.0004243005    
0.1320419200    0.0176976870    0.0004246358    
0.1322835100    0.0176997700    0.0004264077    
0.1325251000    0.0188039870    0.0004393263    
0.1327666900    0.0180930890    0.0004300571    
0.1330082700    0.0184406390    0.0004341679    
0.1332498600    0.0181013760    0.0004308630    
0.1334914500    0.0186755430    0.0004398204    
0.1337330400    0.0191703390    0.0004397977    
0.1339746300    0.0184730940    0.0004327783    
0.1342162200    0.0185188590    0.0004331379    
0.1344578000    0.0187828530    0.0004376397    
0.1346993900    0.0185047240    0.0004317457    
0.1349409800    0.0175244800    0.0004225527    
0.1351825700    0.0183045070    0.0004287111    
0.1354241600    0.0191594910    0.0004393177    
0.1356657500    0.0189940150    0.0004379478    
0.1359073400    0.0185019720    0.0004348893    
0.1361489200    0.0181794080    0.0004270716    
0.1363905100    0.0181201310    0.0004260318    
0.1366321000    0.0185759810    0.0004311841    
0.1368736900    0.0181356030    0.0004260425    
0.1371152800    0.0179426440    0.0004217423    
0.1373568700    0.0185062180    0.0004300284    
0.1375984600    0.0177924230    0.0004226717    
0.1378400400    0.0178253360    0.0004223824    
0.1380816300    0.0179085710    0.0004211742    
0.1383232200    0.0182557060    0.0004274509    
0.1385648100    0.0176593650    0.0004205803    
0.1388064000    0.0182763810    0.0004248024    
0.1390479900    0.0183533780    0.0004238531    
0.1392895800    0.0182916980    0.0004273575    
0.1395311600    0.0181808780    0.0004223545    
0.1397727500    0.0181220080    0.0004216702    
0.1400143400    0.0184410820    0.0004251988    
0.1402559300    0.0180710450    0.0004251128    
0.1404975200    0.0185295710    0.0004258828    
0.1407391100    0.0186273550    0.0004273408    
0.1409806900    0.0179899790    0.0004229717    
0.1412222800    0.0190420870    0.0004308870    
0.1414638700    0.0191658210    0.0004331328    
0.1417054600    0.0181562240    0.0004182973    
0.1419470500    0.0182527390    0.0004240239    
0.1421886400    0.0182370850    0.0004197150    
0.1424302300    0.0186085270    0.0004251227    
0.1426718100    0.0183108240    0.0004225325    
0.1429134000    0.0187930580    0.0004272253    
0.1431549900    0.0178958190    0.0004178803    
0.1433965800    0.0184469440    0.0004244323    
0.1436381700    0.0189271890    0.0004270860    
0.1438797600    0.0189460680    0.0004269689    
0.1441213500    0.0174797560    0.0004107486    
0.1443629300    0.0180030950    0.0004162079    
0.1446045200    0.0191681150    0.0004297957    
0.1448461100    0.0177707410    0.0004138330    
0.1450877000    0.0184388200    0.0004189559    
0.1453292900    0.0180085000    0.0004175621    
0.1455708800    0.0174220220    0.0004084907    
0.1458124700    0.0183985750    0.0004235437    
0.1460540500    0.0188893190    0.0004222725    
0.1462956400    0.0182125580    0.0004174953    
0.1465372300    0.0175401280    0.0004084626    
0.1467788200    0.0187148060    0.0004214362    
0.1470204100    0.0185293770    0.0004198231    
0.1472620000    0.0180504880    0.0004138888    
0.1475035900    0.0188188100    0.0004219634    
0.1477451700    0.0182331060    0.0004170905    
0.1479867600    0.0181538180    0.0004136565    
0.1482283500    0.0187435970    0.0004230511    
0.1484699400    0.0181987120    0.0004151107    
0.1487115300    0.0185005500    0.0004198170    
0.1489531200    0.0179099610    0.0004080999    
0.1491947000    0.0175016480    0.0004064659    
0.1494362900    0.0186583630    0.0004176315    
0.1496778800    0.0190298920    0.0004232001    
0.1499194700    0.0186066330    0.0004178366    
0.1501610600    0.0184226520    0.0004165506    
0.1504026500    0.0176053110    0.0004050678    
0.1506442400    0.0185060200    0.0004190788    
0.1508858200    0.0186392790    0.0004189925    
0.1511274100    0.0182689190    0.0004117087    
0.1513690000    0.0188720070    0.0004184491    
0.1516105900    0.0177343590    0.0004068541    
0.1518521800    0.0181466800    0.0004109414    
0.1520937700    0.0183022620    0.0004116247    
0.1523353600    0.0185334670    0.0004145246    
0.1525769400    0.0183597280    0.0004139654    
0.1528185300    0.0188866520    0.0004193928    
0.1530601200    0.0182645980    0.0004115068    
0.1533017100    0.0193094320    0.0004253344    
0.1535433000    0.0178364740    0.0004048519    
0.1537848900    0.0177590520    0.0004038234    
0.1540264800    0.0179117090    0.0004064549    
0.1542680600    0.0187969920    0.0004160704    
0.1545096500    0.0191198170    0.0004176265    
0.1547512400    0.0186588470    0.0004145387    
0.1549928300    0.0187600510    0.0004153545    
0.1552344200    0.0188287170    0.0004156541    
0.1554760100    0.0181722660    0.0004084945    
0.1557176000    0.0183904320    0.0004124618    
0.1559591800    0.0187690170    0.0004148419    
0.1562007700    0.0179343750    0.0004031469    
0.1564423600    0.0185510220    0.0004094241    
0.1566839500    0.0184606680    0.0004124838    
0.1569255400    0.0187774240    0.0004131149    
0.1571671300    0.0178543020    0.0004029793    
0.1574087100    0.0184436650    0.0004073524    
0.1576503000    0.0184426020    0.0004119774    
0.1578918900    0.0174611680    0.0003959255    
0.1581334800    0.0183187120    0.0004078890    
0.1583750700    0.0186318310    0.0004121118    
0.1586166600    0.0189441140    0.0004253079    
0.1588582500    0.0188435050    0.0004236903    
0.1590998300    0.0187398310    0.0004274536    
0.1593414200    0.0189628250    0.0004328780    
0.1595830100    0.0189558830    0.0004352215    
0.1598246000    0.0186512700    0.0004308475    
0.1600661900    0.0193810880    0.0004434672    
0.1603077800    0.0188857790    0.0004399185    
0.1605493700    0.0180639320    0.0004309495    
0.1607909500    0.0184327740    0.0004364086    
0.1610325400    0.0180790300    0.0004349139    
0.1612741300    0.0181989340    0.0004365370    
0.1615157200    0.0183637230    0.0004403631    
0.1617573100    0.0186540270    0.0004443955    
0.1619989000    0.0185727140    0.0004470488    
0.1622404900    0.0181634450    0.0004400109    
0.1624820700    0.0185823480    0.0004494999    
0.1627236600    0.0176310540    0.0004367013    
0.1629652500    0.0189014560    0.0004515733    
0.1632068400    0.0186020010    0.0004415303    
0.1634484300    0.0182594740    0.0004306192    
0.1636900200    0.0179718030    0.0004266923    
0.1639316100    0.0190010980    0.0004359151    
0.1641731900    0.0190405400    0.0004360175    
0.1644147800    0.0185633290    0.0004271101    
0.1646563700    0.0184782880    0.0004276511    
0.1648979600    0.0184477070    0.0004237774    
0.1651395500    0.0176887200    0.0004169271    
0.1653811400    0.0180452210    0.0004186387    
0.1656227200    0.0182299360    0.0004229240    
0.1658643100    0.0187780160    0.0004258940    
0.1661059000    0.0176743710    0.0004127093    
0.1663474900    0.0178689200    0.0004121159    
0.1665890800    0.0179407780    0.0004127863    
0.1668306700    0.0173241420    0.0004076551    
0.1670722600    0.0180262550    0.0004137685    
0.1673138400    0.0172248340    0.0004043121    
0.1675554300    0.0183433830    0.0004151830    
0.1677970200    0.0184065890    0.0004177924    
0.1680386100    0.0186197950    0.0004206856    
0.1682802000    0.0181417570    0.0004127393    
0.1685217900    0.0171894520    0.0004004049    
0.1687633800    0.0184444720    0.0004142995    
0.1690049600    0.0182575000    0.0004148361    
0.1692465500    0.0187002700    0.0004145393    
0.1694881400    0.0175828400    0.0004046579    
0.1697297300    0.0185614740    0.0004145293    
0.1699713200    0.0181348820    0.0004117313    
0.1702129100    0.0179294900    0.0004056072    
0.1704545000    0.0180500590    0.0004080217    
0.1706960800    0.0185608940    0.0004154499    
0.1709376700    0.0173141300    0.0003966918    
0.1711792600    0.0174871240    0.0004001305    
0.1714208500    0.0172240480    0.0003949390    
0.1716624400    0.0173111410    0.0003984049    
0.1719040300    0.0185153870    0.0004084387    
0.1721456200    0.0177102070    0.0004010572    
0.1723872000    0.0182642190    0.0004072819    
0.1726287900    0.0180340610    0.0004042658    
0.1728703800    0.0181222020    0.0004061396    
0.1731119700    0.0174972660    0.0003970503    
0.1733535600    0.0180418970    0.0004033283    
0.1735951500    0.0175056190    0.0003950088    
0.1738367300    0.0184307340    0.0004067693    
0.1740783200    0.0183931260    0.0004044644    
0.1743199100    0.0186286880    0.0004074826    
0.1745615000    0.0182561980    0.0004025253    
0.1748030900    0.0177896670    0.0003965025    
0.1750446800    0.0179365700    0.0004025864    
0.1752862700    0.0173974890    0.0003912760    
0.1755278500    0.0180893100    0.0004045904    
0.1757694400    0.0177189680    0.0003957138    
0.1760110300    0.0183318920    0.0004032154    
0.1762526200    0.0184366010    0.0004022239    
0.1764942100    0.0179480100    0.0003972783    
0.1767358000    0.0180456520    0.0003980766    
0.1769773900    0.0179696700    0.0003964005    
0.1772189700    0.0176556120    0.0003936124    
0.1774605600    0.0178968420    0.0003974133    
0.1777021500    0.0182273040    0.0003993722    
0.1779437400    0.0181087630    0.0003982112    
0.1781853300    0.0177318870    0.0003950185    
0.1784269200    0.0184404840    0.0003991858    
0.1786685100    0.0178183960    0.0003933507    
0.1789100900    0.0177726950    0.0003914843    
0.1791516800    0.0178949790    0.0003935101    
0.1793932700    0.0176216580    0.0003906291    
0.1796348600    0.0175926150    0.0003885559    
0.1798764500    0.0174896340    0.0003874170    
0.1801180400    0.0180770620    0.0003940051    
0.1803596200    0.0182908060    0.0003989482    
0.1806012100    0.0182671590    0.0003955265    
0.1808428000    0.0172704210    0.0003844522    
0.1810843900    0.0175810980    0.0003867014    
0.1813259800    0.0181363220    0.0003934321    
0.1815675700    0.0178022440    0.0003891259    
0.1818091600    0.0182536390    0.0003937597    
0.1820507400    0.0184401650    0.0003960364    
0.1822923300    0.0179244620    0.0003896622    
0.1825339200    0.0174040980    0.0003851445    
0.1827755100    0.0175498340    0.0003851761    
0.1830171000    0.0176047390    0.0003888237    
0.1832586900    0.0181690770    0.0003911174    
0.1835002800    0.0164511880    0.0003725460    
0.1837418600    0.0174366170    0.0003825071    
0.1839834500    0.0182768500    0.0003930733    
0.1842250400    0.0177733650    0.0003868348    
0.1844666300    0.0175525590    0.0003840354    
0.1847082200    0.0178813430    0.0003873543    
0.1849498100    0.0175728110    0.0003843865    
0.1851914000    0.0178968900    0.0003898929    
0.1854329800    0.0187835690    0.0003974079    
0.1856745700    0.0170776740    0.0003793166    
0.1859161600    0.0182840300    0.0003897283    
0.1861577500    0.0187575380    0.0003947425    
0.1863993400    0.0173631620    0.0003808041    
0.1866409300    0.0180291560    0.0003862307    
0.1868825200    0.0180221900    0.0003894017    
0.1871241000    0.0176437180    0.0003822068    
0.1873656900    0.0176575690    0.0003844056    
0.1876072800    0.0177763050    0.0003827511    
0.1878488700    0.0183931980    0.0003928592    
0.1880904600    0.0181064620    0.0003888696    
0.1883320500    0.0181441250    0.0003863076    
0.1885736300    0.0181667230    0.0003873158    
0.1888152200    0.0180226580    0.0003856493    
0.1890568100    0.0176291820    0.0003824306    
0.1892984000    0.0176075400    0.0003801763    
0.1895399900    0.0177325640    0.0003827866    
0.1897815800    0.0166005220    0.0003703666    
0.1900231700    0.0177986680    0.0003834994    
0.1902647500    0.0172855510    0.0003769325    
0.1905063400    0.0181874910    0.0003890873    
0.1907479300    0.0181928160    0.0003870812    
0.1909895200    0.0172815890    0.0003757755    
0.1912311100    0.0177612370    0.0003814552    
0.1914727000    0.0182904410    0.0003867151    
0.1917142900    0.0175272570    0.0003796840    
0.1919558700    0.0174094300    0.0003751997    
0.1921974600    0.0176424060    0.0003809291    
0.1924390500    0.0183692470    0.0003893398    
0.1926806400    0.0181916690    0.0003859229    
0.1929222300    0.0175862900    0.0003800720    
0.1931638200    0.0171961170    0.0003727731    
0.1934054100    0.0182307900    0.0003871014    
0.1936469900    0.0178576690    0.0003801225    
0.1938885800    0.0176690400    0.0003800892    
0.1941301700    0.0174352860    0.0003758443    
0.1943717600    0.0179915460    0.0003836683    
0.1946133500    0.0174016250    0.0003739044    
0.1948549400    0.0178440770    0.0003812176    
0.1950965300    0.0181261620    0.0003838428    
0.1953381100    0.0176885400    0.0003789338    
0.1955797000    0.0179616920    0.0003825969    
0.1958212900    0.0181107620    0.0003820632    
0.1960628800    0.0183967010    0.0003851920    
0.1963044700    0.0177826540    0.0003780977    
0.1965460600    0.0176737950    0.0003800157    
0.1967876400    0.0170784700    0.0003697020    
0.1970292300    0.0172958650    0.0003724065    
0.1972708200    0.0171618100    0.0003726428    
0.1975124100    0.0176082420    0.0003772136    
0.1977540000    0.0177664190    0.0003787813    
0.1979955900    0.0185338090    0.0003866248    
0.1982371800    0.0176945470    0.0003786284    
0.1984787600    0.0179741730    0.0003773390    
0.1987203500    0.0175571950    0.0003750887    
0.1989619400    0.0180532010    0.0003805949    
0.1992035300    0.0177918940    0.0003771027    
0.1994451200    0.0185910430    0.0003857262    
0.1996867100    0.0173078850    0.0003714617    
0.1999283000    0.0181508760    0.0003811326    
0.2001698800    0.0182457680    0.0003826193    
0.2004114700    0.0179970250    0.0003811082    
0.2006530600    0.0177261490    0.0003752039    
0.2008946500    0.0183640070    0.0003827496    
0.2011362400    0.0176480950    0.0003727177    
0.2013778300    0.0180228270    0.0003797858    
0.2016194200    0.0174686680    0.0003711701    
0.2018610000    0.0184962580    0.0003835120    
0.2021025900    0.0179819990    0.0003785055    
0.2023441800    0.0177398800    0.0003749908    
0.2025857700    0.0178532180    0.0003765463    
0.2028273600    0.0185068920    0.0003849759    
0.2030689500    0.0179634760    0.0003779482    
0.2033105400    0.0181525570    0.0003777686    
0.2035521200    0.0175020800    0.0003724690    
0.2037937100    0.0182209390    0.0003794382    
0.2040353000    0.0183101160    0.0003812126    
0.2042768900    0.0176704210    0.0003731892    
0.2045184800    0.0179953440    0.0003750658    
0.2047600700    0.0181715530    0.0003796466    
0.2050016500    0.0182857890    0.0003812022    
0.2052432400    0.0178146260    0.0003758996    
0.2054848300    0.0185337480    0.0003818349    
0.2057264200    0.0176075400    0.0003745437    
0.2059680100    0.0179736920    0.0003743707    
0.2062096000    0.0177449450    0.0003732677    
0.2064511900    0.0182256610    0.0003775768    
0.2066927700    0.0183320160    0.0003803519    
0.2069343600    0.0175221500    0.0003713854    
0.2071759500    0.0177942860    0.0003741401    
0.2074175400    0.0173711560    0.0003694318    
0.2076591300    0.0181859160    0.0003774019    
0.2079007200    0.0176725800    0.0003749952    
0.2081423100    0.0188706520    0.0003838385    
0.2083838900    0.0172442570    0.0003677324    
0.2086254800    0.0180302850    0.0003766130    
0.2088670700    0.0172774040    0.0003678542    
0.2091086600    0.0182652080    0.0003795381    
0.2093502500    0.0178736640    0.0003739129    
0.2095918400    0.0187148000    0.0003846680    
0.2098334300    0.0182972520    0.0003796307    
0.2100750100    0.0182947470    0.0003808101    
0.2103166000    0.0181550070    0.0003797155    
0.2105581900    0.0179831740    0.0003750566    
0.2107997800    0.0179513490    0.0003768598    
0.2110413700    0.0181118760    0.0003765146    
0.2112829600    0.0181672540    0.0003797226    
0.2115245400    0.0173074250    0.0003678270    
0.2117661300    0.0172819270    0.0003698838    
0.2120077200    0.0184440620    0.0003803102    
0.2122493100    0.0177451510    0.0003763656    
0.2124909000    0.0177852760    0.0003742817    
0.2127324900    0.0185992810    0.0003853170    
0.2129740800    0.0184946630    0.0003811915    
0.2132156600    0.0174575790    0.0003703497    
0.2134572500    0.0185248320    0.0003829538    
0.2136988400    0.0180980890    0.0003782769    
0.2139404300    0.0173526490    0.0003685386    
0.2141820200    0.0177277040    0.0003741488    
0.2144236100    0.0178055670    0.0003760434    
0.2146652000    0.0186237470    0.0003840969    
0.2149067800    0.0184358990    0.0003804655    
0.2151483700    0.0178172120    0.0003796917    
0.2153899600    0.0179776170    0.0003861915    
0.2156315500    0.0182131230    0.0003925206    
0.2158731400    0.0183331120    0.0003952901    
0.2161147300    0.0179570690    0.0003961225    
0.2163563200    0.0181861540    0.0003996233    
0.2165979000    0.0178888880    0.0003993095    
0.2168394900    0.0180394810    0.0004012739    
0.2170810800    0.0178466730    0.0004036304    
0.2173226700    0.0175197550    0.0003996238    
0.2175642600    0.0182026060    0.0004095906    
0.2178058500    0.0180875430    0.0004098124    
0.2180474400    0.0183301040    0.0004145640    
0.2182890200    0.0175383690    0.0004087543    
0.2185306100    0.0173039440    0.0004034003    
0.2187722000    0.0167043090    0.0004013789    
0.2190137900    0.0179080820    0.0004147880    
0.2192553800    0.0175311470    0.0004142500    
0.2194969700    0.0178838890    0.0004157920    
0.2197385500    0.0170535220    0.0004035277    
0.2199801400    0.0172468330    0.0004015237    
0.2202217300    0.0171919430    0.0003970309    
0.2204633200    0.0182551370    0.0004071806    
0.2207049100    0.0174270790    0.0003952542    
0.2209465000    0.0171133200    0.0003916799    
0.2211880900    0.0171201780    0.0003898003    
0.2214296700    0.0172662400    0.0003909031    
0.2216712600    0.0169790550    0.0003870891    
0.2219128500    0.0170325760    0.0003866051    
0.2221544400    0.0170692370    0.0003889430    
0.2223960300    0.0172080790    0.0003885918    
0.2226376200    0.0172293080    0.0003918789    
0.2228792100    0.0175187720    0.0003922222    
0.2231207900    0.0166142940    0.0003819630    
0.2233623800    0.0170565320    0.0003845817    
0.2236039700    0.0168503920    0.0003838567    
0.2238455600    0.0180719410    0.0003955884    
0.2240871500    0.0172312470    0.0003869504    
0.2243287400    0.0171216660    0.0003837164    
0.2245703300    0.0179852630    0.0003958785    
0.2248119100    0.0175527580    0.0003905437    
0.2250535000    0.0175839430    0.0003907543    
0.2252950900    0.0174922610    0.0003912367    
0.2255366800    0.0175102750    0.0003877791    
0.2257782700    0.0172327280    0.0003856248    
0.2260198600    0.0171056380    0.0003828768    
0.2262614500    0.0176933660    0.0003892650    
0.2265030300    0.0175082090    0.0003866916    
0.2267446200    0.0168753260    0.0003810776    
0.2269862100    0.0174517990    0.0003848829    
0.2272278000    0.0167622290    0.0003782344    
0.2274693900    0.0172617880    0.0003826516    
0.2277109800    0.0170719640    0.0003839549    
0.2279525600    0.0170635580    0.0003803187    
0.2281941500    0.0181587530    0.0003932714    
0.2284357400    0.0167671860    0.0003773867    
0.2286773300    0.0176605270    0.0003886365    
0.2289189200    0.0169043400    0.0003778981    
0.2291605100    0.0171954520    0.0003833537    
0.2294021000    0.0169957440    0.0003795622    
0.2296436800    0.0169565900    0.0003825227    
0.2298852700    0.0174128410    0.0003839304    
0.2301268600    0.0173603240    0.0003873182    
0.2303684500    0.0167310150    0.0003780116    
0.2306100400    0.0165714730    0.0003767217    
0.2308516300    0.0174842410    0.0003861623    
0.2310932200    0.0167694060    0.0003801424    
0.2313348000    0.0172572440    0.0003837787    
0.2315763900    0.0168395050    0.0003794953    
0.2318179800    0.0168042700    0.0003809327    
0.2320595700    0.0173336760    0.0003852879    
0.2323011600    0.0165625900    0.0003777910    
0.2325427500    0.0168038760    0.0003805329    
0.2327843400    0.0168111180    0.0003820709    
0.2330259200    0.0166398800    0.0003767225    
0.2332675100    0.0167197720    0.0003781438    
0.2335091000    0.0175672910    0.0003889463    
0.2337506900    0.0177705900    0.0003891785    
0.2339922800    0.0167206480    0.0003797206    
0.2342338700    0.0174278210    0.0003869984    
0.2344754600    0.0172426620    0.0003861373    
0.2347170400    0.0167368770    0.0003783372    
0.2349586300    0.0167145520    0.0003789963    
0.2352002200    0.0170046020    0.0003854740    
0.2354418100    0.0171324110    0.0003846340    
0.2356834000    0.0179451620    0.0003933792    
0.2359249900    0.0160720300    0.0003699856    
0.2361665700    0.0173739530    0.0003880087    
0.2364081600    0.0168571090    0.0003800852    
0.2366497500    0.0174346100    0.0003886854    
0.2368913400    0.0173332920    0.0003859474    
0.2371329300    0.0170899820    0.0003856300    
0.2373745200    0.0165106700    0.0003775902    
0.2376161100    0.0161566240    0.0003735199    
0.2378576900    0.0170345790    0.0003848701    
0.2380992800    0.0166572910    0.0003784771    
0.2383408700    0.0171821310    0.0003854589    
0.2385824600    0.0168515590    0.0003801533    
0.2388240500    0.0170209980    0.0003837804    
0.2390656400    0.0169981890    0.0003836565    
0.2393072300    0.0171539430    0.0003843433    
0.2395488100    0.0170028820    0.0003831772    
0.2397904000    0.0167185680    0.0003811505    
0.2400319900    0.0164516360    0.0003786240    
0.2402735800    0.0174764660    0.0003907857    
0.2405151700    0.0168232790    0.0003827428    
0.2407567600    0.0173299340    0.0003857770    
0.2409983500    0.0165158820    0.0003787011    
0.2412399300    0.0170506060    0.0003831839    
0.2414815200    0.0174397770    0.0003899653    
0.2417231100    0.0169170990    0.0003807609    
0.2419647000    0.0168237180    0.0003831497    
0.2422062900    0.0172379100    0.0003872954    
0.2424478800    0.0165881710    0.0003800590    
0.2426894600    0.0164442820    0.0003802718    
0.2429310500    0.0160531560    0.0003732283    
0.2431726400    0.0170186750    0.0003840210    
0.2434142300    0.0172936570    0.0003856389    
0.2436558200    0.0164797410    0.0003802792    
0.2438974100    0.0176052920    0.0003895014    
0.2441390000    0.0163128480    0.0003766287    
0.2443805800    0.0174241100    0.0003895176    
0.2446221700    0.0164572260    0.0003789534    
0.2448637600    0.0165558340    0.0003810220    
0.2451053500    0.0161547130    0.0003742767    
0.2453469400    0.0166320060    0.0003837928    
0.2455885300    0.0170045040    0.0003839946    
0.2458301200    0.0163332910    0.0003787191    
0.2460717000    0.0174121720    0.0003878961    
0.2463132900    0.0162534900    0.0003751582    
0.2465548800    0.0174257440    0.0003906293    
0.2467964700    0.0168948620    0.0003828879    
0.2470380600    0.0170712740    0.0003860936    
0.2472796500    0.0168498960    0.0003834476    
0.2475212400    0.0160814820    0.0003768522    
0.2477628200    0.0159461750    0.0003760639    
0.2480044100    0.0162840930    0.0003761653    
0.2482460000    0.0166258880    0.0003802252    
0.2484875900    0.0174240370    0.0003901990    
0.2487291800    0.0169434340    0.0003847800    
0.2489707700    0.0167737120    0.0003819118    
0.2492123600    0.0162270960    0.0003778856    
0.2494539400    0.0173591330    0.0003900190    
0.2496955300    0.0163035820    0.0003786415    
0.2499371200    0.0171935240    0.0003874735    
0.2501787100    0.0170576190    0.0003902007    
0.2504203000    0.0176018570    0.0003916362    
0.2506618900    0.0168728150    0.0003813126    
0.2509034700    0.0165502130    0.0003802889    
0.2511450600    0.0162746930    0.0003764508    
0.2513866500    0.0168534740    0.0003840266    
0.2516282400    0.0166114170    0.0003786093    
0.2518698300    0.0161081860    0.0003749133    
0.2521114200    0.0169240030    0.0003833515    
0.2523530100    0.0164516360    0.0003786240    
0.2525945900    0.0170218470    0.0003841904    
0.2528361800    0.0171070910    0.0003879967    
0.2530777700    0.0163665770    0.0003760693    
0.2533193600    0.0164533250    0.0003766730    
0.2535609500    0.0165679820    0.0003792979    
0.2538025400    0.0170163460    0.0003842621    
0.2540441300    0.0164957030    0.0003783378    
0.2542857100    0.0167297510    0.0003806150    
0.2545273000    0.0169234780    0.0003848233    
0.2547688900    0.0166315290    0.0003785764    
0.2550104800    0.0168272230    0.0003837274    
0.2552520700    0.0165525630    0.0003820614    
0.2554936600    0.0168189460    0.0003813634    
0.2557352500    0.0168263290    0.0003829114    
0.2559768300    0.0165048380    0.0003776544    
0.2562184200    0.0163874180    0.0003781488    
0.2564600100    0.0163180210    0.0003752509    
0.2567016000    0.0169696490    0.0003850776    
0.2569431900    0.0166489790    0.0003799592    
0.2571847800    0.0168621820    0.0003818532    
0.2574263700    0.0169438050    0.0003833087    
0.2576679500    0.0168929400    0.0003835344    
0.2579095400    0.0162914320    0.0003770397    
0.2581511300    0.0166488350    0.0003791668    
0.2583927200    0.0162954510    0.0003747319    
0.2586343100    0.0168455240    0.0003798239    
0.2588759000    0.0174919320    0.0003898665    
0.2591174800    0.0163862320    0.0003743530    
0.2593590700    0.0175855560    0.0003882106    
0.2596006600    0.0171032880    0.0003841738    
0.2598422500    0.0168535350    0.0003817553    
0.2600838400    0.0163314240    0.0003760566    
0.2603254300    0.0164108300    0.0003782864    
0.2605670200    0.0162275120    0.0003748583    
0.2608086000    0.0170120370    0.0003807817    
0.2610501900    0.0165425320    0.0003774316    
0.2612917800    0.0171767570    0.0003855324    
0.2615333700    0.0164908630    0.0003768417    
0.2617749600    0.0167554350    0.0003805106    
0.2620165500    0.0167690850    0.0003797450    
0.2622581400    0.0167710320    0.0003821481    
0.2624997200    0.0170805990    0.0003840519    
0.2627413100    0.0162297580    0.0003780501    
0.2629829000    0.0173630190    0.0003850850    
0.2632244900    0.0164262840    0.0003775409    
0.2634660800    0.0170411090    0.0003826806    
0.2637076700    0.0163293290    0.0003755109    
0.2639492600    0.0167610940    0.0003804430    
0.2641908400    0.0161434780    0.0003740164    
0.2644324300    0.0162606750    0.0003760259    
0.2646740200    0.0165485910    0.0003765909    
0.2649156100    0.0172768810    0.0003889572    
0.2651572000    0.0170186750    0.0003840210    
0.2653987900    0.0166989410    0.0003823962    
0.2656403800    0.0167011890    0.0003809524    
0.2658819600    0.0163471550    0.0003753259    
0.2661235500    0.0163791860    0.0003776573    
0.2663651400    0.0171205470    0.0003843676    
0.2666067300    0.0170100100    0.0003839233    
0.2668483200    0.0166430980    0.0003792329    
0.2670899100    0.0165293480    0.0003811196    
0.2673314900    0.0168413750    0.0003810890    
0.2675730800    0.0162846910    0.0003774908    
0.2678146700    0.0170894910    0.0003877971    
0.2680562600    0.0169258120    0.0003827058    
0.2682978500    0.0167590180    0.0003814784    
0.2685394400    0.0169276080    0.0003820634    
0.2687810300    0.0168176160    0.0003828122    
0.2690226100    0.0167287960    0.0003790271    
0.2692642000    0.0163734220    0.0003798539    
0.2695057900    0.0166864550    0.0003801222    
0.2697473800    0.0167933770    0.0003814707    
0.2699889700    0.0165091400    0.0003803505    
0.2702305600    0.0173148610    0.0003902080    
0.2704721500    0.0159395570    0.0003737317    
0.2707137300    0.0160764000    0.0003724624    
0.2709553200    0.0170252790    0.0003858436    
0.2711969100    0.0169072480    0.0003835629    
0.2714385000    0.0165825430    0.0003789368    
0.2716800900    0.0171640310    0.0003870055    
0.2719216800    0.0158242940    0.0003797952    
0.2721632700    0.0169994550    0.0003964096    
0.2724048500    0.0168418870    0.0003996403    
0.2726464400    0.0166700240    0.0004049034    
0.2728880300    0.0164205700    0.0004021800    
0.2731296200    0.0167139000    0.0004080203    
0.2733712100    0.0177142650    0.0004234519    
0.2736128000    0.0171412910    0.0004222454    
0.2738543800    0.0177760610    0.0004275019    
0.2740959700    0.0162335200    0.0004124649    
0.2743375600    0.0166816300    0.0004211405    
0.2745791500    0.0173291950    0.0004310798    
0.2748207400    0.0167121530    0.0004262805    
0.2750623300    0.0168861250    0.0004284935    
0.2753039200    0.0165143410    0.0004282583    
0.2755455000    0.0168865390    0.0004317128    
0.2757870900    0.0162353180    0.0004296321    
0.2760286800    0.0168506760    0.0004355183    
0.2762702700    0.0168167170    0.0004431594    
0.2765118600    0.0168763600    0.0004263284    
0.2767534500    0.0168743370    0.0004246544    
0.2769950400    0.0169928470    0.0004227129    
0.2772366200    0.0172905370    0.0004219715    
0.2774782100    0.0167450610    0.0004157778    
0.2777198000    0.0165589590    0.0004144924    
0.2779613900    0.0163734070    0.0004111379    
0.2782029800    0.0168393480    0.0004088955    
0.2784445700    0.0164998520    0.0004081822    
0.2786861600    0.0166276820    0.0004086030    
0.2789277400    0.0175864070    0.0004155558    
0.2791693300    0.0164831630    0.0004026276    
0.2794109200    0.0167698460    0.0004080508    
0.2796525100    0.0162118030    0.0004005663    
0.2798941000    0.0161370200    0.0003951166    
0.2801356900    0.0166669540    0.0004056673    
0.2803772800    0.0159276140    0.0004000701    
0.2806188600    0.0173312030    0.0004088412    
0.2808604500    0.0165538670    0.0003974200    
0.2811020400    0.0166239090    0.0003997934    
0.2813436300    0.0166628170    0.0004021270    
0.2815852200    0.0167125840    0.0003987106    
0.2818268100    0.0163739250    0.0003967761    
0.2820683900    0.0169558600    0.0004048601    
0.2823099800    0.0174121920    0.0004099540    
0.2825515700    0.0167091240    0.0003980620    
0.2827931600    0.0163067420    0.0003979622    
0.2830347500    0.0164350950    0.0003972101    
0.2832763400    0.0168709220    0.0004004420    
0.2835179300    0.0170610170    0.0004026917    
0.2837595100    0.0163835400    0.0003968926    
0.2840011000    0.0169515910    0.0004041825    
0.2842426900    0.0157577570    0.0003858303    
0.2844842800    0.0163755830    0.0003954255    
0.2847258700    0.0161098630    0.0003928067    
0.2849674600    0.0159755290    0.0003922221    
0.2852090500    0.0164649300    0.0003961993    
0.2854506300    0.0158354990    0.0003901979    
0.2856922200    0.0166939250    0.0003994036    
0.2859338100    0.0162468620    0.0003946250    
0.2861754000    0.0162160060    0.0003921442    
0.2864169900    0.0164026670    0.0003942448    
0.2866585800    0.0164198440    0.0003962633    
0.2869001700    0.0165254470    0.0003966234    
0.2871417500    0.0169435400    0.0004011500    
0.2873833400    0.0162918410    0.0003950190    
0.2876249300    0.0162238960    0.0003946497    
0.2878665200    0.0164555380    0.0003999296    
0.2881081100    0.0161013520    0.0003886903    
0.2883497000    0.0157728230    0.0003868957    
0.2885912900    0.0160358280    0.0003899596    
0.2888328700    0.0157443530    0.0003865464    
0.2890744600    0.0168441730    0.0003989092    
0.2893160500    0.0166079810    0.0003965537    
0.2895576400    0.0168248440    0.0004012745    
0.2897992300    0.0158573930    0.0003857344    
0.2900408200    0.0163629430    0.0003927232    
0.2902824000    0.0163750330    0.0003958742    
0.2905239900    0.0163896910    0.0003943888    
0.2907655800    0.0160530000    0.0003875231    
0.2910071700    0.0164552610    0.0003923484    
0.2912487600    0.0158855420    0.0003860767    
0.2914903500    0.0165862920    0.0003934645    
0.2917319400    0.0164659520    0.0003907198    
0.2919735200    0.0162754170    0.0003896139    
0.2922151100    0.0161868570    0.0003878274    
0.2924567000    0.0169282990    0.0003973516    
0.2926982900    0.0156155690    0.0003817771    
0.2929398800    0.0165168220    0.0003947148    
0.2931814700    0.0156128760    0.0003798989    
0.2934230600    0.0164593100    0.0003912235    
0.2936646400    0.0167701670    0.0003921304    
0.2939062300    0.0166360890    0.0003942024    
0.2941478200    0.0154490800    0.0003774811    
0.2943894100    0.0164280350    0.0003911437    
0.2946310000    0.0159348990    0.0003842245    
0.2948725900    0.0162482580    0.0003888523    
0.2951141800    0.0163546950    0.0003893975    
0.2953557600    0.0163417740    0.0003918767    
0.2955973500    0.0161250950    0.0003857943    
0.2958389400    0.0161299660    0.0003851400    
0.2960805300    0.0165406160    0.0003903000    
0.2963221200    0.0166081770    0.0003903756    
0.2965637100    0.0161925180    0.0003853178    
0.2968053000    0.0167420960    0.0003909401    
0.2970468800    0.0162990260    0.0003868677    
0.2972884700    0.0160483120    0.0003827542    
0.2975300600    0.0166781950    0.0003901933    
0.2977716500    0.0163874570    0.0003882019    
0.2980132400    0.0167744020    0.0003936308    
0.2982548300    0.0162444140    0.0003843822    
0.2984964100    0.0164147770    0.0003858297    
0.2987380000    0.0160950970    0.0003828912    
0.2989795900    0.0159069170    0.0003798142    
0.2992211800    0.0161075400    0.0003817853    
0.2994627700    0.0163290960    0.0003855236    
0.2997043600    0.0154981350    0.0003765501    
0.2999459500    0.0160810030    0.0003834248    
0.3001875300    0.0161615630    0.0003838212    
0.3004291200    0.0165646620    0.0003926201    
0.3006707100    0.0164785560    0.0003861572    
0.3009123000    0.0164803080    0.0003880137    
0.3011538900    0.0166142940    0.0003869024    
0.3013954800    0.0166598370    0.0003895506    
0.3016370700    0.0161443640    0.0003831967    
0.3018786500    0.0158260240    0.0003793999    
0.3021202400    0.0157145040    0.0003779229    
0.3023618300    0.0165867870    0.0003899806    
0.3026034200    0.0153362710    0.0003741667    
0.3028450100    0.0155781860    0.0003773828    
0.3030866000    0.0164371560    0.0003880748    
0.3033281900    0.0160105770    0.0003807727    
0.3035697700    0.0159012990    0.0003804400    
0.3038113600    0.0160886400    0.0003829543    
0.3040529500    0.0157817690    0.0003779048    
0.3042945400    0.0158245720    0.0003782796    
0.3045361300    0.0159032120    0.0003815794    
0.3047777200    0.0156303930    0.0003767727    
0.3050193100    0.0163899400    0.0003861002    
0.3052608900    0.0161724240    0.0003845132    
0.3055024800    0.0159861010    0.0003871510    
0.3057440700    0.0163800360    0.0003841651    
0.3059856600    0.0160079990    0.0003806038    
0.3062272500    0.0158260240    0.0003793999    
0.3064688400    0.0166478150    0.0003901236    
0.3067104200    0.0158165680    0.0003772270    
0.3069520100    0.0159780790    0.0003810791    
0.3071936000    0.0161213420    0.0003836241    
0.3074351900    0.0167149310    0.0003910527    
0.3076767800    0.0163518680    0.0003846700    
0.3079183700    0.0161832340    0.0003866324    
0.3081599600    0.0158507010    0.0003826395    
0.3084015400    0.0158829040    0.0003787015    
0.3086431300    0.0169418910    0.0003908395    
0.3088847200    0.0160483120    0.0003827542    
0.3091263100    0.0165840200    0.0003880962    
0.3093679000    0.0164412280    0.0003869864    
0.3096094900    0.0164910690    0.0003856044    
0.3098510800    0.0165376030    0.0003901203    
0.3100926600    0.0168725630    0.0003921731    
0.3103342500    0.0165717550    0.0003886616    
0.3105758400    0.0163338970    0.0003885720    
0.3108174300    0.0159134730    0.0003797543    
0.3110590200    0.0156079210    0.0003778814    
0.3113006100    0.0161187480    0.0003810888    
0.3115422000    0.0165411030    0.0003890140    
0.3117837800    0.0162479800    0.0003841441    
0.3120253700    0.0157037960    0.0003787623    
0.3122669600    0.0165781760    0.0003869015    
0.3125085500    0.0160340150    0.0003832863    
0.3127501400    0.0158018370    0.0003798036    
0.3129917300    0.0158775180    0.0003823966    
0.3132333100    0.0158782560    0.0003814201    
0.3134749000    0.0159961300    0.0003822714    
0.3137164900    0.0156983310    0.0003773158    
0.3139580800    0.0159497220    0.0003801866    
0.3141996700    0.0160001820    0.0003810647    
0.3144412600    0.0164990850    0.0003873836    
0.3146828500    0.0166904220    0.0003904793    
0.3149244300    0.0160222210    0.0003810497    
0.3151660200    0.0164250790    0.0003877897    
0.3154076100    0.0156402260    0.0003791082    
0.3156492000    0.0164815030    0.0003907589    
0.3158907900    0.0159084580    0.0003794186    
0.3161323800    0.0160377440    0.0003810956    
0.3163739700    0.0169103300    0.0003914680    
0.3166155500    0.0164708570    0.0003883297    
0.3168571400    0.0162361460    0.0003838643    
0.3170987300    0.0161615630    0.0003838212    
0.3173403200    0.0163438710    0.0003859800    
0.3175819100    0.0157658780    0.0003799283    
0.3178235000    0.0167358320    0.0003905809    
0.3180650900    0.0167492700    0.0003926089    
0.3183066700    0.0161595680    0.0003846426    
0.3185482600    0.0161164760    0.0003842706    
0.3187898500    0.0161293590    0.0003817667    
0.3190314400    0.0159766840    0.0003814801    
0.3192730300    0.0164870510    0.0003871010    
0.3195146200    0.0165079480    0.0003879126    
0.3197562100    0.0165991680    0.0003881320    
0.3199977900    0.0157671830    0.0003789707    
0.3202393800    0.0159842230    0.0003829724    
0.3204809700    0.0158934000    0.0003824465    
0.3207225600    0.0153440410    0.0003753631    
0.3209641500    0.0153694450    0.0003755353    
0.3212057400    0.0164419840    0.0003861494    
0.3214473200    0.0163478840    0.0003853233    
0.3216889100    0.0163995060    0.0003857906    
0.3219305000    0.0156719630    0.0003786559    
0.3221720900    0.0161095400    0.0003833432    
0.3224136800    0.0162975730    0.0003840308    
0.3226552700    0.0167993080    0.0003942153    
0.3228968600    0.0160548080    0.0003826915    
0.3231384400    0.0163663190    0.0003901168    
0.3233800300    0.0161880540    0.0003831559    
0.3236216200    0.0157393790    0.0003780840    
0.3238632100    0.0165261780    0.0003881267    
0.3241048000    0.0166264740    0.0003897306    
0.3243463900    0.0153362710    0.0003741667    
0.3245879800    0.0167176010    0.0003903681    
0.3248295600    0.0159741160    0.0003813101    
0.3250711500    0.0154917060    0.0003755083    
0.3253127400    0.0162328120    0.0003855133    
0.3255543300    0.0160301020    0.0003835216    
0.3257959200    0.0160235770    0.0003855789    
0.3260375100    0.0163512950    0.0003850829    
0.3262791000    0.0161148910    0.0003836879    
0.3265206800    0.0167901390    0.0003907855    
0.3267622700    0.0153243070    0.0003744324    
0.3270038600    0.0160209260    0.0003824275    
0.3272454500    0.0156828500    0.0003778177    
0.3274870400    0.0161706790    0.0003839295    
0.3277286300    0.0161061930    0.0003845724    
0.3279702200    0.0156675230    0.0003788805    
0.3282118000    0.0155759000    0.0003805798    
0.3284533900    0.0166325110    0.0003892310    
0.3286949800    0.0163180750    0.0003991910    
0.3289365700    0.0153100320    0.0003919213    
0.3291781600    0.0163795710    0.0004088509    
0.3294197500    0.0171086840    0.0004227267    
0.3296613300    0.0161062010    0.0004143438    
0.3299029200    0.0156346770    0.0004087585    
0.3301445100    0.0158371030    0.0004173443    
0.3303861000    0.0156372010    0.0004174747    
0.3306276900    0.0163313530    0.0004299213    
0.3308692800    0.0158590990    0.0004238522    
0.3311108700    0.0162380920    0.0004324396    
0.3313524500    0.0160646720    0.0004349754    
0.3315940400    0.0165829760    0.0004413114    
0.3318356300    0.0160639650    0.0004399848    
0.3320772200    0.0158898330    0.0004380174    
0.3323188100    0.0162124670    0.0004465719    
0.3325604000    0.0166919690    0.0004524582    
0.3328019900    0.0159797780    0.0004473479    
0.3330435700    0.0160296870    0.0004433914    
0.3332851600    0.0161881840    0.0004397729    
0.3335267500    0.0165320450    0.0004306038    
0.3337683400    0.0156684310    0.0004192058    
0.3340099300    0.0163671450    0.0004255875    
0.3342515200    0.0156193180    0.0004117482    
0.3344931100    0.0160224450    0.0004127358    
0.3347346900    0.0166785240    0.0004225459    
0.3349762800    0.0157242420    0.0004081810    
0.3352178700    0.0164039860    0.0004153241    
0.3354594600    0.0162395350    0.0004111604    
0.3357010500    0.0161748730    0.0004113733    
0.3359426400    0.0164211860    0.0004158929    
0.3361842300    0.0158848860    0.0004011539    
0.3364258100    0.0165604390    0.0004089309    
0.3366674000    0.0167222660    0.0004114245    
0.3369089900    0.0158974670    0.0003996913    
0.3371505800    0.0154733120    0.0003935306    
0.3373921700    0.0162120110    0.0004037889    
0.3376337600    0.0164971500    0.0004069960    
0.3378753400    0.0164903570    0.0004070762    
0.3381169300    0.0164417810    0.0004045236    
0.3383585200    0.0165702150    0.0004105515    
0.3386001100    0.0163707400    0.0004020463    
0.3388417000    0.0155634700    0.0003934135    
0.3390832900    0.0168580480    0.0004054243    
0.3393248800    0.0163701600    0.0004025179    
0.3395664600    0.0164335610    0.0004024981    
0.3398080500    0.0165126670    0.0004029878    
0.3400496400    0.0156442590    0.0003908622    
0.3402912300    0.0158290090    0.0003925486    
0.3405328200    0.0164107190    0.0004020593    
0.3407744100    0.0160589510    0.0003978841    
0.3410160000    0.0160082210    0.0003977274    
0.3412575800    0.0163661750    0.0003977578    
0.3414991700    0.0163794290    0.0003976105    
0.3417407600    0.0160611310    0.0003948000    
0.3419823500    0.0161520770    0.0003930190    
0.3422239400    0.0160099040    0.0003929476    
0.3424655300    0.0156001240    0.0003887900    
0.3427071200    0.0163896030    0.0003972726    
0.3429487000    0.0165049050    0.0003991305    
0.3431902900    0.0154298760    0.0003875679    
0.3434318800    0.0160901520    0.0003989022    
0.3436734700    0.0164172610    0.0003956254    
0.3439150600    0.0157348620    0.0003864299    
0.3441566500    0.0163324780    0.0003961208    
0.3443982300    0.0163235440    0.0003955552    
0.3446398200    0.0158738330    0.0003890225    
0.3448814100    0.0161030850    0.0003928750    
0.3451230000    0.0158617190    0.0003903702    
0.3453645900    0.0164381590    0.0003974003    
0.3456061800    0.0159882390    0.0003904218    
0.3458477700    0.0164307640    0.0003983874    
0.3460893500    0.0162191740    0.0003953545    
0.3463309400    0.0163517300    0.0003939318    
0.3465725300    0.0162502230    0.0003928568    
0.3468141200    0.0151404450    0.0003806584    
0.3470557100    0.0159542910    0.0003897091    
0.3472973000    0.0160564460    0.0003918538    
0.3475388900    0.0163718180    0.0003932762    
0.3477804700    0.0165061610    0.0003968469    
0.3480220600    0.0158886120    0.0003895017    
0.3482636500    0.0160712810    0.0003912848    
0.3485052400    0.0155394800    0.0003884870    
0.3487468300    0.0159014380    0.0003887661    
0.3489884200    0.0156233880    0.0003852053    
0.3492300100    0.0155994650    0.0003834517    
0.3494715900    0.0166939250    0.0003994036    
0.3497131800    0.0157125720    0.0003848394    
0.3499547700    0.0159787050    0.0003903054    
0.3501963600    0.0158805690    0.0003873310    
0.3504379500    0.0163831880    0.0003944608    
0.3506795400    0.0163065040    0.0003939873    
0.3509211300    0.0162161370    0.0003936466    
0.3511627100    0.0158843100    0.0003897477    
0.3514043000    0.0161273010    0.0003898852    
0.3516458900    0.0156421810    0.0003848507    
0.3518874800    0.0169002050    0.0003991185    
0.3521290700    0.0165545530    0.0003951654    
0.3523706600    0.0165163770    0.0003956089    
0.3526122400    0.0161317600    0.0003906786    
0.3528538300    0.0160860020    0.0003907179    
0.3530954200    0.0160970800    0.0003914491    
0.3533370100    0.0162634210    0.0003927171    
0.3535786000    0.0164285520    0.0003972841    
0.3538201900    0.0163447030    0.0003920597    
0.3540617800    0.0161865800    0.0003922363    
0.3543033600    0.0161698270    0.0003896627    
0.3545449500    0.0165010150    0.0003946753    
0.3547865400    0.0166924860    0.0003957611    
0.3550281300    0.0163896910    0.0003943888    
0.3552697200    0.0159183580    0.0003877915    
0.3555113100    0.0156730280    0.0003853764    
0.3557529000    0.0160860020    0.0003907179    
0.3559944800    0.0169612060    0.0003987837    
0.3562360700    0.0165566050    0.0003989833    
0.3564776600    0.0161510470    0.0003894363    
0.3567192500    0.0160935290    0.0003891824    
0.3569608400    0.0166392780    0.0003948326    
0.3572024300    0.0162272560    0.0003913877    
0.3574440200    0.0159444640    0.0003869377    
0.3576856000    0.0166016880    0.0003961777    
0.3579271900    0.0157804440    0.0003852328    
0.3581687800    0.0154456080    0.0003825703    
0.3584103700    0.0161029400    0.0003892962    
0.3586519600    0.0162506170    0.0003943674    
0.3588935500    0.0159440580    0.0003879574    
0.3591351400    0.0155049930    0.0003828685    
0.3593767200    0.0161989360    0.0003895731    
0.3596183100    0.0157580470    0.0003836585    
0.3598599000    0.0158017750    0.0003856386    
0.3601014900    0.0164571990    0.0003938527    
0.3603430800    0.0159926710    0.0003881076    
0.3605846700    0.0160034740    0.0003877992    
0.3608262500    0.0157860980    0.0003861772    
0.3610678400    0.0161029400    0.0003892962    
0.3613094300    0.0159664890    0.0003900070    
0.3615510200    0.0158505620    0.0003857966    
0.3617926100    0.0160302950    0.0003875400    
0.3620342000    0.0157923630    0.0003855238    
0.3622757900    0.0159069030    0.0003864817    
0.3625173700    0.0150375030    0.0003760551    
0.3627589600    0.0159199370    0.0003873705    
0.3630005500    0.0160169050    0.0003876697    
0.3632421400    0.0161829970    0.0003895279    
0.3634837300    0.0156184450    0.0003842667    
0.3637253200    0.0163079090    0.0003931043    
0.3639669100    0.0161144730    0.0003910635    
0.3642084900    0.0154636420    0.0003803429    
0.3644500800    0.0158719130    0.0003862019    
0.3646916700    0.0160680190    0.0003890208    
0.3649332600    0.0161486470    0.0003878034    
0.3651748500    0.0159834500    0.0003869733    
0.3654164400    0.0157388630    0.0003855990    
0.3656580300    0.0155029070    0.0003821186    
0.3658996100    0.0156954450    0.0003836153    
0.3661412000    0.0159429460    0.0003873574    
0.3663827900    0.0160894970    0.0003930117    
0.3666243800    0.0153904730    0.0003777443    
0.3668659700    0.0156930120    0.0003834413    
0.3671075600    0.0162111250    0.0003898663    
0.3673491500    0.0163278400    0.0003905333    
0.3675907300    0.0159764910    0.0003880579    
0.3678323200    0.0162567630    0.0003893905    
0.3680739100    0.0155003810    0.0003825215    
0.3683155000    0.0159699890    0.0003871015    
0.3685570900    0.0156016840    0.0003824678    
0.3687986800    0.0169055500    0.0004007000    
0.3690402600    0.0154763280    0.0003830962    
0.3692818500    0.0160861660    0.0003871971    
0.3695234400    0.0150766280    0.0003759769    
0.3697650300    0.0159795900    0.0003862013    
0.3700066200    0.0167176630    0.0003963580    
0.3702482100    0.0160582060    0.0003868605    
0.3704898000    0.0159017170    0.0003861278    
0.3707313800    0.0163317380    0.0003922002    
0.3709729700    0.0158429160    0.0003852683    
0.3712145600    0.0166111350    0.0003967422    
0.3714561500    0.0161998850    0.0003920985    
0.3716977400    0.0157349340    0.0003836648    
0.3719393300    0.0160542610    0.0003871026    
0.3721809200    0.0167639720    0.0003960116    
0.3724225000    0.0160436450    0.0003874101    
0.3726640900    0.0162335760    0.0003898429    
0.3729056800    0.0159246320    0.0003861155    
0.3731472700    0.0159209950    0.0003853483    
0.3733888600    0.0158488320    0.0003862124    
0.3736304500    0.0163151360    0.0003925948    
0.3738720400    0.0160697700    0.0003906695    
0.3741136200    0.0152370890    0.0003786854    
0.3743552100    0.0169705820    0.0003988940    
0.3745968000    0.0156271220    0.0003814899    
0.3748383900    0.0153305190    0.0003785602    
0.3750799800    0.0151829950    0.0003768757    
0.3753215700    0.0161764170    0.0003895953    
0.3755631500    0.0159915690    0.0003864908    
0.3758047400    0.0156766930    0.0003833861    
0.3760463300    0.0166456420    0.0003956525    
0.3762879200    0.0160734800    0.0003893813    
0.3765295100    0.0158444090    0.0003880684    
0.3767711000    0.0156109550    0.0003820069    
0.3770126900    0.0162782740    0.0003897940    
0.3772542700    0.0155899120    0.0003816063    
0.3774958600    0.0157481900    0.0003829648    
0.3777374500    0.0158259560    0.0003846285    
0.3779790400    0.0155618050    0.0003824105    
0.3782206300    0.0157823280    0.0003848204    
0.3784622200    0.0163587850    0.0003910498    
0.3787038100    0.0157383700    0.0003850096    
0.3789453900    0.0160128290    0.0003889405    
0.3791869800    0.0161156120    0.0003906313    
0.3794285700    0.0157555770    0.0003834848    
0.3796701600    0.0154351540    0.0003805643    
0.3799117500    0.0159370470    0.0003853983    
0.3801533400    0.0159512230    0.0003868740    
0.3803949300    0.0167348220    0.0003938968    
0.3806365100    0.0163465220    0.0003907566    
0.3808781000    0.0165209550    0.0003926888    
0.3811196900    0.0160789580    0.0003897428    
0.3813612800    0.0159527180    0.0003864558    
0.3816028700    0.0152056630    0.0003787240    
0.3818444600    0.0164139710    0.0003925934    
0.3820860500    0.0151421410    0.0003748239    
0.3823276300    0.0161998640    0.0003876942    
0.3825692200    0.0161250950    0.0003857943    
0.3828108100    0.0153412270    0.0003757442    
0.3830524000    0.0159307940    0.0003844610    
0.3832939900    0.0162535160    0.0003877586    
0.3835355800    0.0156799710    0.0003808556    
0.3837771600    0.0157854210    0.0003812859    
0.3840187500    0.0154713640    0.0003791591    
0.3842603400    0.0164899350    0.0003921731    
0.3845019300    0.0162071400    0.0003843621    
0.3847435200    0.0160104700    0.0003827234    
0.3849851100    0.0160314440    0.0003841038    
0.3852267000    0.0157571560    0.0003902869    
0.3854682800    0.0166511400    0.0004090560    
0.3857098700    0.0160488320    0.0004062019    
0.3859514600    0.0162010380    0.0004125729    
0.3861930500    0.0165115180    0.0004189877    
0.3864346400    0.0160426350    0.0004172905    
0.3866762300    0.0156419470    0.0004149481    
0.3869178200    0.0154757700    0.0004149432    
0.3871594000    0.0154904750    0.0004200445    
0.3874009900    0.0159996570    0.0004280677    
0.3876425800    0.0163314480    0.0004356990    
0.3878841700    0.0156374420    0.0004281420    
0.3881257600    0.0160446610    0.0004363572    
0.3883673500    0.0160123270    0.0004390648    
0.3886089400    0.0160296270    0.0004418710    
0.3888505200    0.0165774280    0.0004513476    
0.3890921100    0.0161877550    0.0004484504    
0.3893337000    0.0165380810    0.0004583314    
0.3895752900    0.0160300640    0.0004528556    
0.3898168800    0.0150753520    0.0004213689    
0.3900584700    0.0160128200    0.0004262892    
0.3903000600    0.0163624480    0.0004295508    
0.3905416400    0.0164300180    0.0004262149    
0.3907832300    0.0157740390    0.0004166965    
0.3910248200    0.0155649700    0.0004124709    
0.3912664100    0.0161230890    0.0004179716    
0.3915080000    0.0155410190    0.0004084089    
0.3917495900    0.0163256010    0.0004204056    
0.3919911700    0.0164911710    0.0004232682    
0.3922327600    0.0161768910    0.0004120916    
0.3924743500    0.0151792310    0.0004007041    
0.3927159400    0.0152541820    0.0003994939    
0.3929575300    0.0164799650    0.0004180525    
0.3931991200    0.0165477530    0.0004169642    
0.3934407100    0.0151937020    0.0003988686    
0.3936822900    0.0166775460    0.0004193039    
0.3939238800    0.0155574050    0.0004054929    
0.3941654700    0.0163923470    0.0004162318    
0.3944070600    0.0157298020    0.0004086007    
0.3946486500    0.0160133060    0.0004133240    
0.3948902400    0.0157204870    0.0004065794    
0.3951318300    0.0158094730    0.0004073849    
0.3953734100    0.0161051910    0.0004118719    
0.3956150000    0.0167060460    0.0004205525    
0.3958565900    0.0157548130    0.0004071949    
0.3960981800    0.0160239560    0.0004122280    
0.3963397700    0.0150189520    0.0004001144    
0.3965813600    0.0153174120    0.0004040704    
0.3968229500    0.0161098550    0.0004158161    
0.3970645300    0.0157512140    0.0004122281    
0.3973061200    0.0157522310    0.0004102923    
0.3975477100    0.0157857040    0.0004095006    
0.3977893000    0.0163894870    0.0004188686    
0.3980308900    0.0153436630    0.0004047629    
0.3982724800    0.0154260290    0.0004063705    
0.3985140700    0.0162642940    0.0004174450    
0.3987556500    0.0164171870    0.0004201257    
0.3989972400    0.0162032260    0.0004168399    
0.3992388300    0.0158798200    0.0004151676    
0.3994804200    0.0159093790    0.0004153729    
0.3997220100    0.0156636520    0.0004145042    
0.3999636000    0.0153288340    0.0004057861    
0.4002051800    0.0158876900    0.0004150897    
0.4004467700    0.0161527860    0.0004163698    
0.4006883600    0.0158996620    0.0004159707    
0.4009299500    0.0157610680    0.0004143348    
0.4011715400    0.0159007970    0.0004167141    
0.4014131300    0.0161912780    0.0004208722    
0.4016547200    0.0155093840    0.0004146538    
0.4018963000    0.0161560440    0.0004215258    
0.4021378900    0.0162302560    0.0004260805    
0.4023794800    0.0157601170    0.0004163287    
0.4026210700    0.0154601150    0.0004128941    
0.4028626600    0.0154416490    0.0004113753    
0.4031042500    0.0152334520    0.0004102194    
0.4033458400    0.0157084610    0.0004165660    
0.4035874200    0.0162404350    0.0004267892    
0.4038290100    0.0155313980    0.0004156883    
0.4040706000    0.0154642450    0.0004155314    
0.4043121900    0.0162281760    0.0004272052    
0.4045537800    0.0156380910    0.0004205064    
0.4047953700    0.0156416940    0.0004230576    
0.4050369600    0.0158946890    0.0004216528    
0.4052785400    0.0157392640    0.0004211009    
0.4055201300    0.0157813280    0.0004214728    
0.4057617200    0.0156072520    0.0004218176    
0.4060033100    0.0159389160    0.0004235719    
0.4062449000    0.0161222730    0.0004295075    
0.4064864900    0.0159834670    0.0004268713    
0.4067280800    0.0155270910    0.0004222812    
0.4069696600    0.0157496090    0.0004270712    
0.4072112500    0.0157975800    0.0004293201    
0.4074528400    0.0164814420    0.0004395442    
0.4076944300    0.0165988390    0.0004386379    
0.4079360200    0.0158695680    0.0004275043    
0.4081776100    0.0155265450    0.0004246285    
0.4084191900    0.0157245200    0.0004281258    
0.4086607800    0.0156424270    0.0004254179    
0.4089023700    0.0155317760    0.0004274981    
0.4091439600    0.0159534980    0.0004338779    
0.4093855500    0.0155314400    0.0004291174    
0.4096271400    0.0156921610    0.0004325684    
0.4098687300    0.0162702110    0.0004471458    
0.4101103100    0.0157781090    0.0004300633    
0.4103519000    0.0151700920    0.0004255155    
0.4105934900    0.0167767900    0.0004466274    
0.4108350800    0.0156930580    0.0004342461    
0.4110766700    0.0159300350    0.0004373018    
0.4113182600    0.0149891580    0.0004258352    
0.4115598500    0.0155911260    0.0004357852    
0.4118014300    0.0153825440    0.0004345629    
0.4120430200    0.0153231540    0.0004320240    
0.4122846100    0.0157339840    0.0004416802    
0.4125262000    0.0156233400    0.0004445703    
0.4127677900    0.0158169380    0.0004393594    
0.4130093800    0.0161422970    0.0004458246    
0.4132509700    0.0159186010    0.0004433824    
0.4134925500    0.0160459980    0.0004484993    
0.4137341400    0.0157503510    0.0004430132    
0.4139757300    0.0159199270    0.0004483153    
0.4142173200    0.0155227830    0.0004404623    
0.4144589100    0.0158405470    0.0004494790    
0.4147005000    0.0151535570    0.0004387270    
0.4149420800    0.0157147120    0.0004504651    
0.4151836700    0.0164522450    0.0004587802    
0.4154252600    0.0166016690    0.0004578138    
0.4156668500    0.0164401920    0.0004521590    
0.4159084400    0.0152712220    0.0004357873    
0.4161500300    0.0160456500    0.0004453690    
0.4163916200    0.0152972060    0.0004352900    
0.4166332000    0.0148989540    0.0004272568    
0.4168747900    0.0161514320    0.0004435466    
0.4171163800    0.0154766120    0.0004382709    
0.4173579700    0.0168305410    0.0004538859    
0.4175995600    0.0163870470    0.0004548449    
0.4178411500    0.0159179590    0.0004409762    
0.4180827400    0.0159787520    0.0004433414    
0.4183243200    0.0156903610    0.0004406292    
0.4185659100    0.0157346160    0.0004425706    
0.4188075000    0.0157810920    0.0004430026    
0.4190490900    0.0162443400    0.0004526308    
0.4192906800    0.0167905060    0.0004597120    
0.4195322700    0.0154671570    0.0004448334    
0.4197738600    0.0151601170    0.0004403960    
0.4200154400    0.0154976950    0.0004494446    
0.4202570300    0.0157164590    0.0004533175    
0.4204986200    0.0154662560    0.0004466585    
0.4207402100    0.0163702220    0.0004626498    
0.4209818000    0.0162598790    0.0004591647    
0.4212233900    0.0153857100    0.0004492298    
0.4214649800    0.0154143730    0.0004508360    
0.4217065600    0.0168219720    0.0004722219    
0.4219481500    0.0161028800    0.0004635002    
0.4221897400    0.0158517590    0.0004618541    
0.4224313300    0.0157671830    0.0004641424    
0.4226729200    0.0166737610    0.0004783496    
0.4229145100    0.0158415360    0.0004675481    
0.4231560900    0.0150624090    0.0004541487    
0.4233976800    0.0158541030    0.0004667010    
0.4236392700    0.0156589720    0.0004656203    
0.4238808600    0.0155968080    0.0004662520    
0.4241224500    0.0154468280    0.0004642645    
0.4243640400    0.0152250440    0.0004645756    
0.4246056300    0.0147392520    0.0004581474    
0.4248472100    0.0158852600    0.0004780902    
0.4250888000    0.0154599870    0.0004732895    
0.4253303900    0.0151052620    0.0004750646    
0.4255719800    0.0161350350    0.0004840753    
0.4258135700    0.0154046570    0.0004738212    
0.4260551600    0.0162582730    0.0004910991    
0.4262967500    0.0150940960    0.0004712305    
0.4265383300    0.0160551590    0.0004903625    
0.4267799200    0.0160144450    0.0004921120    
0.4270215100    0.0163735070    0.0004963948    
0.4272631000    0.0158870340    0.0004940633    
0.4275046900    0.0155913990    0.0004915708    
0.4277462800    0.0152631950    0.0004915944    
0.4279878700    0.0161812960    0.0005094103    
0.4282294500    0.0154387540    0.0004919196    
0.4284710400    0.0155522410    0.0004952843    
0.4287126300    0.0158431440    0.0005027670    
0.4289542200    0.0151618830    0.0004937388    
0.4291958100    0.0157381490    0.0005053215    
0.4294374000    0.0161956310    0.0005173505    
0.4296789900    0.0158755160    0.0005105222    
0.4299205700    0.0163012380    0.0005228625    
0.4301621600    0.0149254780    0.0005054405    
0.4304037500    0.0163611670    0.0005313860    
0.4306453400    0.0155494260    0.0005238735    
0.4308869300    0.0157434760    0.0005201791    
0.4311285200    0.0163416430    0.0005332894    
0.4313701000    0.0154082280    0.0005214895    
0.4316116900    0.0152496330    0.0005221375    
0.4318532800    0.0157332330    0.0005318803    
0.4320948700    0.0158855970    0.0005379542    
0.4323364600    0.0155573580    0.0005370996    
0.4325780500    0.0155759000    0.0005406474    
0.4328196400    0.0158764460    0.0005504167    
0.4330612200    0.0159646830    0.0005605958    
0.4333028100    0.0151644620    0.0005450753    
0.4335444000    0.0158290090    0.0005551476    
0.4337859900    0.0164371270    0.0005688302    
0.4340275800    0.0149608650    0.0005470234    
0.4342691700    0.0161112420    0.0005732123    
0.4345107600    0.0162486140    0.0005799379    
0.4347523400    0.0161613030    0.0005812817    
0.4349939300    0.0147997630    0.0005609836    
0.4352355200    0.0158332180    0.0005888437    
0.4354771100    0.0159827130    0.0005968854    
0.4357187000    0.0154364150    0.0005990491    
0.4359602900    0.0153727370    0.0005890845    
0.4362018800    0.0161094400    0.0006080116    
0.4364434600    0.0152556480    0.0005960875    
0.4366850500    0.0154207380    0.0006067208    
0.4369266400    0.0142337870    0.0005920475    
0.4371682300    0.0155138450    0.0006205538    
0.4374098200    0.0159660980    0.0006391554    
0.4376514100    0.0149266310    0.0006257569    
0.4378930000    0.0150229900    0.0006365445    
0.4381345800    0.0162604020    0.0006740153    
0.4383761700    0.0148134440    0.0006559503    
0.4386177600    0.0156881590    0.0006635384    
0.4388593500    0.0161902630    0.0006841635    
0.4391009400    0.0148811480    0.0006668402    
0.4393425300    0.0164199150    0.0007098948    
0.4395841100    0.0156877270    0.0007079772    
0.4398257000    0.0153079280    0.0007160747    
0.4400672900    0.0146596710    0.0007153187    
0.4403088800    0.0158994350    0.0007667389    
0.4405504700    0.0153088850    0.0007781944    
0.4407920600    0.0158863480    0.0008247781    
0.4410336500    0.0161762810    0.0008561396    
0.4412752300    0.0160209260    0.0008551338    
0.4415168200    0.0159920990    0.0008982057    
0.4417584100    0.0174822050    0.0012750208    
0.4420000000    0.0154684800    0.0018229779    