# Diamond Light Source Ltd.
# Data extracted from: /dls/b21/data/2017/mx13440-2/processed/b21-369037_00274.dat
q(1/A)          Column          Error           
0.0040000000    0.8004348400    0.0208274320    
0.0042415885    0.8892909800    0.0206477120    
0.0044831771    0.6896998900    0.0169280180    
0.0047247656    0.5511626600    0.0146521570    
0.0049663541    0.4338323100    0.0122559320    
0.0052079426    0.3721006700    0.0116795850    
0.0054495312    0.2704786900    0.0091806450    
0.0056911197    0.2686782700    0.0086267394    
0.0059327082    0.2116187600    0.0076560981    
0.0061742967    0.1678885900    0.0065350545    
0.0064158853    0.1415962200    0.0059412453    
0.0066574738    0.1310993700    0.0054018553    
0.0068990623    0.1121801000    0.0050421207    
0.0071406509    0.1036517900    0.0047608844    
0.0073822394    0.0939942570    0.0043825048    
0.0076238279    0.0864721620    0.0041037872    
0.0078654164    0.0717711410    0.0037985316    
0.0081070050    0.0682835410    0.0035121264    
0.0083485935    0.0643435420    0.0032921020    
0.0085901820    0.0614685490    0.0032396770    
0.0088317705    0.0632935360    0.0032008917    
0.0090733591    0.0557704500    0.0029853237    
0.0093149476    0.0497094370    0.0027159167    
0.0095565361    0.0461481640    0.0026168223    
0.0097981247    0.0439223680    0.0025529358    
0.0100397130    0.0432101140    0.0024462910    
0.0102813020    0.0373933680    0.0023280094    
0.0105228900    0.0368846140    0.0021659391    
0.0107644790    0.0366143390    0.0021803522    
0.0110060670    0.0351719790    0.0020834083    
0.0112476560    0.0339717520    0.0020374903    
0.0114892440    0.0352566040    0.0020457956    
0.0117308330    0.0309259610    0.0019069765    
0.0119724210    0.0282451430    0.0017971954    
0.0122140100    0.0327893790    0.0019188533    
0.0124555980    0.0269359000    0.0016867915    
0.0126971870    0.0285222680    0.0017896463    
0.0129387760    0.0263361890    0.0016270552    
0.0131803640    0.0264869690    0.0016586783    
0.0134219530    0.0241559220    0.0015277547    
0.0136635410    0.0244420190    0.0015427666    
0.0139051300    0.0255131830    0.0015762097    
0.0141467180    0.0247428750    0.0015170830    
0.0143883070    0.0266450320    0.0015513338    
0.0146298950    0.0237547240    0.0014647790    
0.0148714840    0.0227293020    0.0014433121    
0.0151130720    0.0252876010    0.0015058547    
0.0153546610    0.0246796230    0.0014320569    
0.0155962490    0.0242505740    0.0014339665    
0.0158378380    0.0237957790    0.0013877980    
0.0160794260    0.0229863990    0.0013639918    
0.0163210150    0.0232256940    0.0013409361    
0.0165626030    0.0202647930    0.0012765620    
0.0168041920    0.0225405130    0.0012970608    
0.0170457800    0.0226626470    0.0013084285    
0.0172873690    0.0230629750    0.0013120068    
0.0175289580    0.0235275820    0.0013172917    
0.0177705460    0.0269944500    0.0013866118    
0.0180121350    0.0207508820    0.0012020663    
0.0182537230    0.0211146520    0.0011992316    
0.0184953120    0.0221515060    0.0012249811    
0.0187369000    0.0212708650    0.0012003844    
0.0189784890    0.0222946710    0.0011968406    
0.0192200770    0.0213486960    0.0011897163    
0.0194616660    0.0204593340    0.0011348797    
0.0197032540    0.0185368830    0.0010885233    
0.0199448430    0.0184729630    0.0010866449    
0.0201864310    0.0199557200    0.0011208249    
0.0204280200    0.0208144310    0.0011222389    
0.0206696080    0.0195786030    0.0010729008    
0.0209111970    0.0219816510    0.0011617664    
0.0211527850    0.0209472110    0.0010994434    
0.0213943740    0.0187256710    0.0010419242    
0.0216359620    0.0191355730    0.0010581996    
0.0218775510    0.0196532580    0.0010674185    
0.0221191400    0.0196748360    0.0010486723    
0.0223607280    0.0191379030    0.0010273765    
0.0226023170    0.0200133520    0.0010821981    
0.0228439050    0.0201143150    0.0010373166    
0.0230854940    0.0199750900    0.0010315092    
0.0233270820    0.0172911170    0.0009576664    
0.0235686710    0.0203084670    0.0010445548    
0.0238102590    0.0193147560    0.0009974097    
0.0240518480    0.0205027580    0.0010213151    
0.0242934360    0.0195346300    0.0010114648    
0.0245350250    0.0197183600    0.0010036381    
0.0247766130    0.0206395240    0.0010205588    
0.0250182020    0.0183876480    0.0009731775    
0.0252597900    0.0189420470    0.0009641248    
0.0255013790    0.0193247380    0.0009662369    
0.0257429670    0.0206124270    0.0009998496    
0.0259845560    0.0194312810    0.0009596426    
0.0262261450    0.0194637270    0.0009659686    
0.0264677330    0.0170566240    0.0008940100    
0.0267093220    0.0186043540    0.0009267489    
0.0269509100    0.0189534420    0.0009406435    
0.0271924990    0.0200535160    0.0009603892    
0.0274340870    0.0192082850    0.0009451779    
0.0276756760    0.0184941930    0.0009122512    
0.0279172640    0.0198624240    0.0009436923    
0.0281588530    0.0186310810    0.0009026788    
0.0284004410    0.0191863590    0.0009241744    
0.0286420300    0.0182041020    0.0008830287    
0.0288836180    0.0195932500    0.0009256941    
0.0291252070    0.0196409610    0.0009079037    
0.0293667950    0.0194703400    0.0009147964    
0.0296083840    0.0209419650    0.0009374911    
0.0298499720    0.0183797910    0.0008812435    
0.0300915610    0.0185497960    0.0008823238    
0.0303331490    0.0184903190    0.0008735854    
0.0305747380    0.0174502380    0.0008376382    
0.0308163270    0.0186162680    0.0008651713    
0.0310579150    0.0194884000    0.0008895197    
0.0312995040    0.0188564840    0.0008679401    
0.0315410920    0.0188747470    0.0008642153    
0.0317826810    0.0182838230    0.0008478920    
0.0320242690    0.0181371340    0.0008366036    
0.0322658580    0.0189745540    0.0008678759    
0.0325074460    0.0197513690    0.0008703493    
0.0327490350    0.0197830350    0.0008683789    
0.0329906230    0.0189579150    0.0008411215    
0.0332322120    0.0186589130    0.0008395042    
0.0334738000    0.0176855550    0.0008063919    
0.0337153890    0.0181101210    0.0008148129    
0.0339569770    0.0173914090    0.0007996578    
0.0341985660    0.0188073150    0.0008328019    
0.0344401540    0.0176011050    0.0007951369    
0.0346817430    0.0182032230    0.0008157059    
0.0349233310    0.0172110950    0.0007896992    
0.0351649200    0.0196568310    0.0008284366    
0.0354065090    0.0185024780    0.0008082845    
0.0356480970    0.0189198770    0.0008060138    
0.0358896860    0.0190653510    0.0008181725    
0.0361312740    0.0183381170    0.0007913482    
0.0363728630    0.0187815920    0.0007986745    
0.0366144510    0.0184722550    0.0007986252    
0.0368560400    0.0176244730    0.0007684635    
0.0370976280    0.0181644550    0.0007897589    
0.0373392170    0.0180566170    0.0007799271    
0.0375808050    0.0178723150    0.0007676817    
0.0378223940    0.0190264310    0.0007920807    
0.0380639820    0.0177826240    0.0007688099    
0.0383055710    0.0195915680    0.0007912960    
0.0385471590    0.0188416190    0.0007790051    
0.0387887480    0.0174956820    0.0007535923    
0.0390303360    0.0199811890    0.0007960696    
0.0392719250    0.0161658300    0.0007151342    
0.0395135140    0.0192977620    0.0007813435    
0.0397551020    0.0190748930    0.0007920418    
0.0399966910    0.0172491000    0.0007250338    
0.0402382790    0.0175986980    0.0007377758    
0.0404798680    0.0179805110    0.0007402459    
0.0407214560    0.0186811420    0.0007620197    
0.0409630450    0.0185160390    0.0007466388    
0.0412046330    0.0173100510    0.0007263136    
0.0414462220    0.0179176550    0.0007327074    
0.0416878100    0.0178149060    0.0007297270    
0.0419293990    0.0192930690    0.0007584888    
0.0421709870    0.0173495750    0.0007167043    
0.0424125760    0.0189208650    0.0007520369    
0.0426541640    0.0186387100    0.0007350390    
0.0428957530    0.0180138990    0.0007234556    
0.0431373410    0.0181459290    0.0007252572    
0.0433789300    0.0185251550    0.0007277368    
0.0436205180    0.0190097180    0.0007355081    
0.0438621070    0.0179819790    0.0007169885    
0.0441036960    0.0200341940    0.0007550671    
0.0443452840    0.0176743180    0.0007036035    
0.0445868730    0.0184679780    0.0007266129    
0.0448284610    0.0177346620    0.0007032251    
0.0450700500    0.0177126480    0.0007267587    
0.0453116380    0.0175880660    0.0007259372    
0.0455532270    0.0190297040    0.0007768844    
0.0457948150    0.0188232260    0.0007716771    
0.0460364040    0.0187284810    0.0007716936    
0.0462779920    0.0175814430    0.0007594027    
0.0465195810    0.0184670750    0.0007782944    
0.0467611690    0.0172584770    0.0007553830    
0.0470027580    0.0178205350    0.0007675848    
0.0472443460    0.0183179300    0.0007941830    
0.0474859350    0.0182767220    0.0007836080    
0.0477275230    0.0180307740    0.0007846887    
0.0479691120    0.0177036360    0.0007786050    
0.0482107000    0.0187839700    0.0008098344    
0.0484522890    0.0183686720    0.0007963829    
0.0486938780    0.0177513460    0.0007883649    
0.0489354660    0.0183797910    0.0008044616    
0.0491770550    0.0178681220    0.0008023023    
0.0494186430    0.0187313070    0.0008053218    
0.0496602320    0.0189093320    0.0007865245    
0.0499018200    0.0173612060    0.0007429910    
0.0501434090    0.0173886850    0.0007315475    
0.0503849970    0.0182892500    0.0007429500    
0.0506265860    0.0194850090    0.0007613423    
0.0508681740    0.0186230170    0.0007407838    
0.0511097630    0.0178063660    0.0007209587    
0.0513513510    0.0200331660    0.0007507746    
0.0515929400    0.0173746960    0.0007105042    
0.0518345280    0.0174446110    0.0007005924    
0.0520761170    0.0185383590    0.0007305137    
0.0523177050    0.0173418520    0.0006854969    
0.0525592940    0.0178947940    0.0007095747    
0.0528008830    0.0175089570    0.0006836099    
0.0530424710    0.0180788340    0.0006968878    
0.0532840600    0.0182581690    0.0006965926    
0.0535256480    0.0196933090    0.0007234518    
0.0537672370    0.0163840960    0.0006543178    
0.0540088250    0.0181325030    0.0006897929    
0.0542504140    0.0177836820    0.0006860204    
0.0544920020    0.0182152800    0.0006884729    
0.0547335910    0.0179016260    0.0006775865    
0.0549751790    0.0180353040    0.0006773301    
0.0552167680    0.0177153310    0.0006719808    
0.0554583560    0.0187216130    0.0006831613    
0.0556999450    0.0171727000    0.0006523369    
0.0559415330    0.0179176550    0.0006710215    
0.0561831220    0.0191154500    0.0006862047    
0.0564247100    0.0182926300    0.0006692923    
0.0566662990    0.0183200770    0.0006671779    
0.0569078870    0.0174452820    0.0006574938    
0.0571494760    0.0175425670    0.0006528668    
0.0573910650    0.0182372190    0.0006555233    
0.0576326530    0.0178234540    0.0006530008    
0.0578742420    0.0176361330    0.0006483171    
0.0581158300    0.0172350920    0.0006348628    
0.0583574190    0.0181025840    0.0006494266    
0.0585990070    0.0190383370    0.0006697664    
0.0588405960    0.0180746350    0.0006513646    
0.0590821840    0.0189386000    0.0006605595    
0.0593237730    0.0177699580    0.0006416360    
0.0595653610    0.0182531920    0.0006527328    
0.0598069500    0.0176914860    0.0006286396    
0.0600485380    0.0176579790    0.0006314480    
0.0602901270    0.0183912930    0.0006450108    
0.0605317150    0.0182603160    0.0006392389    
0.0607733040    0.0177651760    0.0006277016    
0.0610148920    0.0175085250    0.0006265043    
0.0612564810    0.0186411380    0.0006435636    
0.0614980690    0.0184351920    0.0006338150    
0.0617396580    0.0182523380    0.0006449147    
0.0619812470    0.0180370680    0.0006405151    
0.0622228350    0.0182587430    0.0006403621    
0.0624644240    0.0189070080    0.0006469845    
0.0627060120    0.0186066880    0.0006470179    
0.0629476010    0.0179333210    0.0006392539    
0.0631891890    0.0184491950    0.0006442738    
0.0634307780    0.0176598370    0.0006275150    
0.0636723660    0.0176950760    0.0006275797    
0.0639139550    0.0192955100    0.0006541790    
0.0641555430    0.0173503490    0.0006138112    
0.0643971320    0.0185306390    0.0006405126    
0.0646387200    0.0179496700    0.0006189541    
0.0648803090    0.0186966840    0.0006371813    
0.0651218970    0.0177258340    0.0006083491    
0.0653634860    0.0188026740    0.0006313320    
0.0656050740    0.0177581590    0.0006119866    
0.0658466630    0.0175170490    0.0006047557    
0.0660882520    0.0189044250    0.0006266756    
0.0663298400    0.0179463150    0.0006116088    
0.0665714290    0.0189443220    0.0006252558    
0.0668130170    0.0172424970    0.0005984958    
0.0670546060    0.0174748800    0.0005990312    
0.0672961940    0.0169451430    0.0005874671    
0.0675377830    0.0167929490    0.0005801028    
0.0677793710    0.0175395600    0.0005967080    
0.0680209600    0.0184886130    0.0006052900    
0.0682625480    0.0185180530    0.0006062538    
0.0685041370    0.0176711270    0.0005903509    
0.0687457250    0.0180582600    0.0006049745    
0.0689873140    0.0184214430    0.0006018023    
0.0692289020    0.0172418420    0.0005822156    
0.0694704910    0.0181961430    0.0005976397    
0.0697120790    0.0177116210    0.0005877808    
0.0699536680    0.0190609690    0.0006126427    
0.0701952560    0.0179299430    0.0005937197    
0.0704368450    0.0175887320    0.0005899071    
0.0706784340    0.0187571910    0.0006150725    
0.0709200220    0.0186471430    0.0006078795    
0.0711616110    0.0189341020    0.0006120526    
0.0714031990    0.0186564760    0.0006124288    
0.0716447880    0.0189199880    0.0006197448    
0.0718863760    0.0178769140    0.0005942487    
0.0721279650    0.0190165340    0.0006071512    
0.0723695530    0.0181214010    0.0005894892    
0.0726111420    0.0174347060    0.0005818037    
0.0728527300    0.0174426950    0.0005735123    
0.0730943190    0.0175305310    0.0005789091    
0.0733359070    0.0179223770    0.0005817850    
0.0735774960    0.0179830700    0.0005849893    
0.0738190840    0.0186501050    0.0005894734    
0.0740606730    0.0181726530    0.0005831882    
0.0743022610    0.0184623890    0.0005882606    
0.0745438500    0.0179257820    0.0005770513    
0.0747854380    0.0181598930    0.0005748414    
0.0750270270    0.0175685950    0.0005700005    
0.0752686160    0.0199323060    0.0005996204    
0.0755102040    0.0193208110    0.0005912072    
0.0757517930    0.0176762020    0.0005675486    
0.0759933810    0.0168782150    0.0005458805    
0.0762349700    0.0178089540    0.0005680174    
0.0764765580    0.0185633270    0.0005745205    
0.0767181470    0.0179076820    0.0005634802    
0.0769597350    0.0184173680    0.0005670239    
0.0772013240    0.0185315340    0.0005675874    
0.0774429120    0.0190237900    0.0005722897    
0.0776845010    0.0176039100    0.0005482515    
0.0779260890    0.0178236530    0.0005550951    
0.0781676780    0.0181766210    0.0005567171    
0.0784092660    0.0181659170    0.0005576987    
0.0786508550    0.0187303710    0.0005616865    
0.0788924430    0.0187138520    0.0005668262    
0.0791340320    0.0184257170    0.0005586116    
0.0793756210    0.0179304260    0.0005525562    
0.0796172090    0.0180209000    0.0005483585    
0.0798587980    0.0179059650    0.0005518023    
0.0801003860    0.0187815920    0.0005647482    
0.0803419750    0.0172686370    0.0005339397    
0.0805835630    0.0181514690    0.0005518209    
0.0808251520    0.0187719720    0.0005604198    
0.0810667400    0.0181863940    0.0005516096    
0.0813083290    0.0185251550    0.0005501173    
0.0815499170    0.0170902660    0.0005361693    
0.0817915060    0.0183398450    0.0005517147    
0.0820330940    0.0196961150    0.0005657561    
0.0822746830    0.0178063660    0.0005393393    
0.0825162710    0.0185024330    0.0005472751    
0.0827578600    0.0179064540    0.0005401455    
0.0829994480    0.0190857020    0.0005504982    
0.0832410370    0.0176159980    0.0005350478    
0.0834826250    0.0183870570    0.0005403286    
0.0837242140    0.0191554010    0.0005504516    
0.0839658030    0.0175360900    0.0005280135    
0.0842073910    0.0179304910    0.0005322238    
0.0844489800    0.0181272810    0.0005317771    
0.0846905680    0.0179205370    0.0005248096    
0.0849321570    0.0173842220    0.0005227303    
0.0851737450    0.0183670580    0.0005306537    
0.0854153340    0.0175402680    0.0005217915    
0.0856569220    0.0195388770    0.0005469835    
0.0858985110    0.0177348720    0.0005266493    
0.0861400990    0.0180994920    0.0005264506    
0.0863816880    0.0183573050    0.0005321517    
0.0866232760    0.0182655230    0.0005351422    
0.0868648650    0.0178260050    0.0005218174    
0.0871064530    0.0183355070    0.0005308511    
0.0873480420    0.0183487680    0.0005268373    
0.0875896300    0.0182710680    0.0005270013    
0.0878312190    0.0187573380    0.0005333181    
0.0880728080    0.0184932130    0.0005279467    
0.0883143960    0.0181396970    0.0005225604    
0.0885559850    0.0183782490    0.0005279014    
0.0887975730    0.0187567530    0.0005307334    
0.0890391620    0.0186290240    0.0005292422    
0.0892807500    0.0181219750    0.0005201112    
0.0895223390    0.0192240830    0.0005344148    
0.0897639270    0.0182860900    0.0005178305    
0.0900055160    0.0188292840    0.0005267061    
0.0902471040    0.0184069850    0.0005229342    
0.0904886930    0.0182588220    0.0005162310    
0.0907302810    0.0178289050    0.0005056955    
0.0909718700    0.0183921290    0.0005227231    
0.0912134580    0.0183300820    0.0005133450    
0.0914550470    0.0190580790    0.0005302100    
0.0916966350    0.0186607420    0.0005179544    
0.0919382240    0.0177918890    0.0005075118    
0.0921798120    0.0181963900    0.0005100010    
0.0924214010    0.0184536840    0.0005135940    
0.0926629900    0.0188804000    0.0005165448    
0.0929045780    0.0194901390    0.0005302580    
0.0931461670    0.0182031820    0.0005066222    
0.0933877550    0.0178690210    0.0005028044    
0.0936293440    0.0190532190    0.0005212729    
0.0938709320    0.0188528440    0.0005173421    
0.0941125210    0.0184591320    0.0005078786    
0.0943541090    0.0189761560    0.0005149421    
0.0945956980    0.0174558460    0.0004947163    
0.0948372860    0.0186411630    0.0005086687    
0.0950788750    0.0186345690    0.0005071687    
0.0953204630    0.0187384170    0.0005105627    
0.0955620520    0.0189947770    0.0005131849    
0.0958036400    0.0195065990    0.0005174692    
0.0960452290    0.0182436800    0.0005004376    
0.0962868170    0.0182812020    0.0005031735    
0.0965284060    0.0182848630    0.0005010022    
0.0967699940    0.0191634150    0.0005128970    
0.0970115830    0.0189588810    0.0005048974    
0.0972531720    0.0190417910    0.0005076457    
0.0974947600    0.0185548890    0.0005005702    
0.0977363490    0.0183884230    0.0004964408    
0.0979779370    0.0197162570    0.0005159980    
0.0982195260    0.0193861490    0.0005119375    
0.0984611140    0.0190106330    0.0005039578    
0.0987027030    0.0198815430    0.0005159253    
0.0989442910    0.0201307660    0.0005194280    
0.0991858800    0.0191760860    0.0005053342    
0.0994274680    0.0197661970    0.0005108722    
0.0996690570    0.0204484800    0.0005160731    
0.0999106450    0.0202448170    0.0005175689    
0.1001522300    0.0203182350    0.0005144269    
0.1003938200    0.0198512860    0.0005103513    
0.1006354100    0.0202710040    0.0005135604    
0.1008770000    0.0214926940    0.0005299171    
0.1011185900    0.0205650460    0.0005183550    
0.1013601800    0.0205689710    0.0005189488    
0.1016017700    0.0203306250    0.0005124463    
0.1018433500    0.0209316430    0.0005316643    
0.1020849400    0.0208758820    0.0005382957    
0.1023265300    0.0216717970    0.0005527872    
0.1025681200    0.0214533800    0.0005472160    
0.1028097100    0.0212053890    0.0005521413    
0.1030513000    0.0214110690    0.0005567423    
0.1032928800    0.0220820000    0.0005707258    
0.1035344700    0.0223871970    0.0005669916    
0.1037760600    0.0224776180    0.0005778709    
0.1040176500    0.0221423870    0.0005759532    
0.1042592400    0.0216583110    0.0005713421    
0.1045008300    0.0209081190    0.0005579964    
0.1047424200    0.0210015470    0.0005643212    
0.1049840000    0.0209629480    0.0005665662    
0.1052255900    0.0203837760    0.0005604085    
0.1054671800    0.0196478790    0.0005468303    
0.1057087700    0.0195297040    0.0005488818    
0.1059503600    0.0207948150    0.0005684955    
0.1061919500    0.0183939980    0.0005343391    
0.1064335400    0.0189329770    0.0005287798    
0.1066751200    0.0183241830    0.0005123767    
0.1069167100    0.0188747470    0.0005185292    
0.1071583000    0.0190159290    0.0005137564    
0.1073998900    0.0186001670    0.0005064200    
0.1076414800    0.0187176680    0.0005117097    
0.1078830700    0.0180918110    0.0004958987    
0.1081246600    0.0180088000    0.0004977542    
0.1083662400    0.0189583170    0.0005043461    
0.1086078300    0.0195948380    0.0005183529    
0.1088494200    0.0189839140    0.0005036035    
0.1090910100    0.0188162790    0.0005000370    
0.1093326000    0.0187361280    0.0004963322    
0.1095741900    0.0179498740    0.0004870926    
0.1098157700    0.0183986770    0.0004882502    
0.1100573600    0.0190516840    0.0005004943    
0.1102989500    0.0193618850    0.0005000885    
0.1105405400    0.0183999110    0.0004872546    
0.1107821300    0.0188985640    0.0004961295    
0.1110237200    0.0191308960    0.0004942873    
0.1112653100    0.0171581840    0.0004729807    
0.1115068900    0.0183926730    0.0004826825    
0.1117484800    0.0181473380    0.0004787233    
0.1119900700    0.0188908540    0.0004864642    
0.1122316600    0.0183686720    0.0004813900    
0.1124732500    0.0186654910    0.0004825848    
0.1127148400    0.0181425700    0.0004753013    
0.1129564300    0.0182577940    0.0004784842    
0.1131980100    0.0187463430    0.0004824231    
0.1134396000    0.0183036600    0.0004778844    
0.1136811900    0.0180511140    0.0004733930    
0.1139227800    0.0185981510    0.0004786095    
0.1141643700    0.0184357430    0.0004730225    
0.1144059600    0.0193770050    0.0004851838    
0.1146475500    0.0185923020    0.0004778265    
0.1148891300    0.0188343790    0.0004748834    
0.1151307200    0.0184214630    0.0004746917    
0.1153723100    0.0186548570    0.0004721614    
0.1156139000    0.0182350370    0.0004706698    
0.1158554900    0.0178998150    0.0004614029    
0.1160970800    0.0184114700    0.0004727110    
0.1163386700    0.0181713620    0.0004657793    
0.1165802500    0.0182915290    0.0004668698    
0.1168218400    0.0179911490    0.0004599527    
0.1170634300    0.0182254380    0.0004633752    
0.1173050200    0.0178554510    0.0004599538    
0.1175466100    0.0182725620    0.0004639739    
0.1177882000    0.0186442140    0.0004662511    
0.1180297800    0.0178797250    0.0004568056    
0.1182713700    0.0182435380    0.0004633863    
0.1185129600    0.0179460230    0.0004570104    
0.1187545500    0.0175545920    0.0004511571    
0.1189961400    0.0187948750    0.0004659568    
0.1192377300    0.0185652990    0.0004605484    
0.1194793200    0.0178421740    0.0004508706    
0.1197209000    0.0190102910    0.0004656086    
0.1199624900    0.0184523940    0.0004578885    
0.1202040800    0.0178847580    0.0004475387    
0.1204456700    0.0184675580    0.0004599673    
0.1206872600    0.0180577680    0.0004499003    
0.1209288500    0.0187762930    0.0004621004    
0.1211704400    0.0178015400    0.0004477047    
0.1214120200    0.0185904840    0.0004558738    
0.1216536100    0.0182849120    0.0004511013    
0.1218952000    0.0188948820    0.0004561267    
0.1221367900    0.0175574590    0.0004428283    
0.1223783800    0.0185258620    0.0004518503    
0.1226199700    0.0183914540    0.0004518089    
0.1228615600    0.0180928500    0.0004477276    
0.1231031400    0.0182155800    0.0004488448    
0.1233447300    0.0180889310    0.0004470834    
0.1235863200    0.0182284310    0.0004508067    
0.1238279100    0.0185276560    0.0004494939    
0.1240695000    0.0185936270    0.0004491162    
0.1243110900    0.0177753980    0.0004389322    
0.1245526800    0.0181192220    0.0004443175    
0.1247942600    0.0186645040    0.0004474472    
0.1250358500    0.0180583130    0.0004420272    
0.1252774400    0.0186589780    0.0004483466    
0.1255190300    0.0183162120    0.0004430621    
0.1257606200    0.0183186460    0.0004448160    
0.1260022100    0.0188368550    0.0004506734    
0.1262437900    0.0183326020    0.0004430699    
0.1264853800    0.0186272590    0.0004460419    
0.1267269700    0.0173064580    0.0004277439    
0.1269685600    0.0177761340    0.0004336933    
0.1272101500    0.0179983360    0.0004363954    
0.1274517400    0.0188254040    0.0004493717    
0.1276933300    0.0186185860    0.0004403144    
0.1279349100    0.0180302780    0.0004384606    
0.1281765000    0.0178154660    0.0004349118    
0.1284180900    0.0183344060    0.0004387779    
0.1286596800    0.0188551300    0.0004462831    
0.1289012700    0.0179307700    0.0004337384    
0.1291428600    0.0176061760    0.0004307019    
0.1293844500    0.0195677440    0.0004504585    
0.1296260300    0.0185135370    0.0004401751    
0.1298676200    0.0183146920    0.0004378049    
0.1301092100    0.0190023380    0.0004437183    
0.1303508000    0.0176296270    0.0004263292    
0.1305923900    0.0182075720    0.0004376264    
0.1308339800    0.0181320190    0.0004354333    
0.1310755700    0.0174523120    0.0004254132    
0.1313171500    0.0180099510    0.0004312601    
0.1315587400    0.0186348770    0.0004381343    
0.1318003300    0.0181112790    0.0004331900    
0.1320419200    0.0176112670    0.0004236612    
0.1322835100    0.0184654800    0.0004355987    
0.1325251000    0.0177726300    0.0004271724    
0.1327666900    0.0176792820    0.0004251744    
0.1330082700    0.0186506710    0.0004366988    
0.1332498600    0.0183530140    0.0004339126    
0.1334914500    0.0183392240    0.0004359075    
0.1337330400    0.0179346870    0.0004254515    
0.1339746300    0.0182757930    0.0004305255    
0.1342162200    0.0181393300    0.0004287407    
0.1344578000    0.0175338790    0.0004229023    
0.1346993900    0.0190040130    0.0004375971    
0.1349409800    0.0180597020    0.0004290212    
0.1351825700    0.0185610910    0.0004317701    
0.1354241600    0.0178553080    0.0004241656    
0.1356657500    0.0183633560    0.0004306804    
0.1359073400    0.0181189630    0.0004304290    
0.1361489200    0.0177432830    0.0004219810    
0.1363905100    0.0181055240    0.0004259239    
0.1366321000    0.0184213640    0.0004294503    
0.1368736900    0.0190320730    0.0004365108    
0.1371152800    0.0183347490    0.0004263895    
0.1373568700    0.0176021710    0.0004194561    
0.1375984600    0.0187820570    0.0004343325    
0.1378400400    0.0191522120    0.0004378864    
0.1380816300    0.0181814600    0.0004244345    
0.1383232200    0.0181910970    0.0004267578    
0.1385648100    0.0185363690    0.0004309618    
0.1388064000    0.0183806280    0.0004260761    
0.1390479900    0.0184078370    0.0004245451    
0.1392895800    0.0184969330    0.0004298127    
0.1395311600    0.0177152310    0.0004169733    
0.1397727500    0.0179213360    0.0004193918    
0.1400143400    0.0177012930    0.0004166452    
0.1402559300    0.0179364120    0.0004235897    
0.1404975200    0.0179868070    0.0004196619    
0.1407391100    0.0186035190    0.0004271313    
0.1409806900    0.0186917100    0.0004312068    
0.1412222800    0.0181895230    0.0004211937    
0.1414638700    0.0181532610    0.0004215992    
0.1417054600    0.0181231070    0.0004179783    
0.1419470500    0.0186129310    0.0004282514    
0.1421886400    0.0180203180    0.0004172756    
0.1424302300    0.0186529660    0.0004256938    
0.1426718100    0.0190575480    0.0004311265    
0.1429134000    0.0190415690    0.0004301052    
0.1431549900    0.0176083620    0.0004145727    
0.1433965800    0.0182473380    0.0004221931    
0.1436381700    0.0183255460    0.0004203063    
0.1438797600    0.0182009930    0.0004185519    
0.1441213500    0.0183346260    0.0004207359    
0.1443629300    0.0174791130    0.0004101677    
0.1446045200    0.0173519110    0.0004089885    
0.1448461100    0.0187111440    0.0004247052    
0.1450877000    0.0175397460    0.0004086754    
0.1453292900    0.0180429540    0.0004180240    
0.1455708800    0.0180116660    0.0004154081    
0.1458124700    0.0178774240    0.0004175646    
0.1460540500    0.0190082950    0.0004236637    
0.1462956400    0.0179978320    0.0004150890    
0.1465372300    0.0182875450    0.0004171370    
0.1467788200    0.0178280640    0.0004113925    
0.1470204100    0.0182019110    0.0004161592    
0.1472620000    0.0175052980    0.0004076515    
0.1475035900    0.0182187380    0.0004152436    
0.1477451700    0.0176945640    0.0004109462    
0.1479867600    0.0186683980    0.0004195411    
0.1482283500    0.0182620990    0.0004176445    
0.1484699400    0.0187535130    0.0004214538    
0.1487115300    0.0180200960    0.0004143920    
0.1489531200    0.0185664580    0.0004155744    
0.1491947000    0.0193387920    0.0004273310    
0.1494362900    0.0183179810    0.0004138666    
0.1496778800    0.0186401980    0.0004189073    
0.1499194700    0.0182461610    0.0004138313    
0.1501610600    0.0192949400    0.0004263620    
0.1504026500    0.0181792740    0.0004116795    
0.1506442400    0.0184925820    0.0004189894    
0.1508858200    0.0174106680    0.0004050088    
0.1511274100    0.0179031540    0.0004076275    
0.1513690000    0.0191746580    0.0004218543    
0.1516105900    0.0181411520    0.0004115555    
0.1518521800    0.0180404150    0.0004097978    
0.1520937700    0.0183355290    0.0004120604    
0.1523353600    0.0186781350    0.0004162016    
0.1525769400    0.0180197750    0.0004101764    
0.1528185300    0.0187432620    0.0004178604    
0.1530601200    0.0185297490    0.0004145451    
0.1533017100    0.0179281990    0.0004099012    
0.1535433000    0.0189356780    0.0004172028    
0.1537848900    0.0185543120    0.0004128280    
0.1540264800    0.0190149840    0.0004188485    
0.1542680600    0.0181024800    0.0004083728    
0.1545096500    0.0187331830    0.0004134444    
0.1547512400    0.0182867290    0.0004104458    
0.1549928300    0.0182045450    0.0004092201    
0.1552344200    0.0184305060    0.0004112969    
0.1554760100    0.0182603820    0.0004095450    
0.1557176000    0.0190251830    0.0004195824    
0.1559591800    0.0187104410    0.0004142561    
0.1562007700    0.0183023540    0.0004073229    
0.1564423600    0.0178877140    0.0004020980    
0.1566839500    0.0195264180    0.0004242869    
0.1569255400    0.0181921050    0.0004066862    
0.1571671300    0.0184419360    0.0004096186    
0.1574087100    0.0183951970    0.0004068778    
0.1576503000    0.0188163570    0.0004161933    
0.1578918900    0.0183015570    0.0004054021    
0.1581334800    0.0183787130    0.0004086177    
0.1583750700    0.0183365180    0.0004088941    
0.1586166600    0.0187683190    0.0004233934    
0.1588582500    0.0185156250    0.0004200510    
0.1590998300    0.0191453260    0.0004321183    
0.1593414200    0.0183358970    0.0004257260    
0.1595830100    0.0190015480    0.0004358107    
0.1598246000    0.0186767730    0.0004312066    
0.1600661900    0.0184530790    0.0004327847    
0.1603077800    0.0182866690    0.0004329494    
0.1605493700    0.0192725990    0.0004452003    
0.1607909500    0.0189033910    0.0004420108    
0.1610325400    0.0185030710    0.0004400507    
0.1612741300    0.0192099260    0.0004485657    
0.1615157200    0.0182530340    0.0004390998    
0.1617573100    0.0182783780    0.0004399641    
0.1619989000    0.0188258490    0.0004501525    
0.1622404900    0.0180302780    0.0004384606    
0.1624820700    0.0177613060    0.0004395232    
0.1627236600    0.0188914410    0.0004521088    
0.1629652500    0.0194035430    0.0004576002    
0.1632068400    0.0187857900    0.0004437726    
0.1634484300    0.0185087520    0.0004336137    
0.1636900200    0.0183521380    0.0004312483    
0.1639316100    0.0178763910    0.0004228804    
0.1641731900    0.0178876930    0.0004226750    
0.1644147800    0.0174777620    0.0004144956    
0.1646563700    0.0188006370    0.0004314297    
0.1648979600    0.0180539850    0.0004192936    
0.1651395500    0.0181068830    0.0004218897    
0.1653811400    0.0178757590    0.0004167308    
0.1656227200    0.0179605940    0.0004198510    
0.1658643100    0.0180009930    0.0004170518    
0.1661059000    0.0181327470    0.0004180894    
0.1663474900    0.0181690120    0.0004156243    
0.1665890800    0.0182786680    0.0004167178    
0.1668306700    0.0188358170    0.0004251325    
0.1670722600    0.0182691680    0.0004166095    
0.1673138400    0.0182457610    0.0004161839    
0.1675554300    0.0179352800    0.0004106000    
0.1677970200    0.0180801010    0.0004141326    
0.1680386100    0.0183021190    0.0004171440    
0.1682802000    0.0189174180    0.0004215335    
0.1685217900    0.0180809250    0.0004107180    
0.1687633800    0.0181428110    0.0004109592    
0.1690049600    0.0188758250    0.0004218654    
0.1692465500    0.0187702200    0.0004153761    
0.1694881400    0.0175415320    0.0004042429    
0.1697297300    0.0178354700    0.0004064025    
0.1699713200    0.0170836920    0.0003996800    
0.1702129100    0.0182377570    0.0004091405    
0.1704545000    0.0177694610    0.0004048984    
0.1706960800    0.0178688210    0.0004076920    
0.1709376700    0.0181011900    0.0004056687    
0.1711792600    0.0180510230    0.0004065917    
0.1714208500    0.0184339880    0.0004086364    
0.1716624400    0.0181509630    0.0004080156    
0.1719040300    0.0182325340    0.0004053677    
0.1721456200    0.0179153840    0.0004034342    
0.1723872000    0.0188238720    0.0004135367    
0.1726287900    0.0188825170    0.0004137283    
0.1728703800    0.0178271760    0.0004028805    
0.1731119700    0.0184308110    0.0004075659    
0.1733535600    0.0184531670    0.0004079605    
0.1735951500    0.0177070170    0.0003973340    
0.1738367300    0.0179603110    0.0004016048    
0.1740783200    0.0183630530    0.0004041942    
0.1743199100    0.0178764190    0.0003992302    
0.1745615000    0.0180397250    0.0004001917    
0.1748030900    0.0177684800    0.0003963257    
0.1750446800    0.0180413730    0.0004038214    
0.1752862700    0.0182477520    0.0004007834    
0.1755278500    0.0182757710    0.0004067312    
0.1757694400    0.0180602010    0.0003995659    
0.1760110300    0.0177518690    0.0003968447    
0.1762526200    0.0178276830    0.0003955851    
0.1764942100    0.0181029290    0.0003990489    
0.1767358000    0.0180774140    0.0003984865    
0.1769773900    0.0177738770    0.0003942941    
0.1772189700    0.0177486830    0.0003947077    
0.1774605600    0.0181935150    0.0004007538    
0.1777021500    0.0176463080    0.0003930145    
0.1779437400    0.0184120070    0.0004015918    
0.1781853300    0.0181861340    0.0004001062    
0.1784269200    0.0182817780    0.0003975239    
0.1786685100    0.0176760750    0.0003918354    
0.1789100900    0.0176400080    0.0003900786    
0.1791516800    0.0182119550    0.0003970395    
0.1793932700    0.0177568690    0.0003921836    
0.1796348600    0.0179756000    0.0003928213    
0.1798764500    0.0178983410    0.0003919762    
0.1801180400    0.0178849050    0.0003919641    
0.1803596200    0.0178088520    0.0003937161    
0.1806012100    0.0171247060    0.0003830158    
0.1808428000    0.0176094680    0.0003882658    
0.1810843900    0.0179437120    0.0003907275    
0.1813259800    0.0174587750    0.0003860710    
0.1815675700    0.0176204010    0.0003871914    
0.1818091600    0.0174009580    0.0003845105    
0.1820507400    0.0184967420    0.0003967030    
0.1822923300    0.0185653450    0.0003966266    
0.1825339200    0.0182021980    0.0003939353    
0.1827755100    0.0175804640    0.0003855699    
0.1830171000    0.0187782910    0.0004016345    
0.1832586900    0.0172565340    0.0003812261    
0.1835002800    0.0179498290    0.0003892033    
0.1837418600    0.0180881500    0.0003896463    
0.1839834500    0.0182654170    0.0003930092    
0.1842250400    0.0182082120    0.0003915971    
0.1844666300    0.0170535270    0.0003785935    
0.1847082200    0.0175173870    0.0003834494    
0.1849498100    0.0178388060    0.0003873428    
0.1851914000    0.0177238270    0.0003880613    
0.1854329800    0.0181247650    0.0003904350    
0.1856745700    0.0181952400    0.0003915899    
0.1859161600    0.0177826240    0.0003844049    
0.1861577500    0.0185221810    0.0003923170    
0.1863993400    0.0180868280    0.0003887169    
0.1866409300    0.0177448830    0.0003832311    
0.1868825200    0.0182379990    0.0003917849    
0.1871241000    0.0179637240    0.0003857151    
0.1873656900    0.0175038130    0.0003827856    
0.1876072800    0.0181526000    0.0003868389    
0.1878488700    0.0178783100    0.0003873795    
0.1880904600    0.0179280980    0.0003870075    
0.1883320500    0.0178780610    0.0003835222    
0.1885736300    0.0175609230    0.0003808603    
0.1888152200    0.0176978760    0.0003822159    
0.1890568100    0.0175016890    0.0003811024    
0.1892984000    0.0174321740    0.0003783350    
0.1895399900    0.0178122690    0.0003837034    
0.1897815800    0.0174072570    0.0003793160    
0.1900231700    0.0176965520    0.0003824550    
0.1902647500    0.0178498240    0.0003830928    
0.1905063400    0.0173186830    0.0003797372    
0.1907479300    0.0177369290    0.0003822579    
0.1909895200    0.0176137060    0.0003794260    
0.1912311100    0.0173076470    0.0003766093    
0.1914727000    0.0178869850    0.0003824835    
0.1917142900    0.0184128400    0.0003892160    
0.1919558700    0.0174712680    0.0003759218    
0.1921974600    0.0177628780    0.0003822848    
0.1924390500    0.0175988210    0.0003811448    
0.1926806400    0.0179841950    0.0003837734    
0.1929222300    0.0177558930    0.0003819576    
0.1931638200    0.0174841880    0.0003759388    
0.1934054100    0.0182526990    0.0003873920    
0.1936469900    0.0171426740    0.0003724908    
0.1938885800    0.0171917890    0.0003749771    
0.1941301700    0.0172460090    0.0003738547    
0.1943717600    0.0178250720    0.0003819463    
0.1946133500    0.0181703000    0.0003821306    
0.1948549400    0.0172791570    0.0003751908    
0.1950965300    0.0178226270    0.0003806725    
0.1953381100    0.0174015170    0.0003759032    
0.1955797000    0.0178937090    0.0003819294    
0.1958212900    0.0172777030    0.0003732286    
0.1960628800    0.0176196580    0.0003770259    
0.1963044700    0.0181337730    0.0003818694    
0.1965460600    0.0174747580    0.0003779265    
0.1967876400    0.0175719210    0.0003750611    
0.1970292300    0.0174293840    0.0003738972    
0.1972708200    0.0172397990    0.0003735445    
0.1975124100    0.0182359350    0.0003839357    
0.1977540000    0.0178686820    0.0003799268    
0.1979955900    0.0179262270    0.0003802917    
0.1982371800    0.0178943550    0.0003808172    
0.1984787600    0.0182965220    0.0003807646    
0.1987203500    0.0176426160    0.0003760564    
0.1989619400    0.0176894140    0.0003767972    
0.1992035300    0.0179411410    0.0003787378    
0.1994451200    0.0185245670    0.0003850937    
0.1996867100    0.0181424420    0.0003803689    
0.1999283000    0.0172436980    0.0003715417    
0.2001698800    0.0177215190    0.0003771390    
0.2004114700    0.0187774120    0.0003893417    
0.2006530600    0.0177950170    0.0003759884    
0.2008946500    0.0182737540    0.0003818652    
0.2011362400    0.0179289740    0.0003757283    
0.2013778300    0.0175559100    0.0003748902    
0.2016194200    0.0173555710    0.0003700220    
0.2018610000    0.0177143220    0.0003753742    
0.2021025900    0.0181228730    0.0003800422    
0.2023441800    0.0186173930    0.0003842110    
0.2025857700    0.0178665140    0.0003767429    
0.2028273600    0.0177994990    0.0003776033    
0.2030689500    0.0176427330    0.0003746149    
0.2033105400    0.0181658630    0.0003779637    
0.2035521200    0.0179513540    0.0003772758    
0.2037937100    0.0184635190    0.0003820129    
0.2040353000    0.0185458400    0.0003837162    
0.2042768900    0.0174313170    0.0003707113    
0.2045184800    0.0177114130    0.0003721509    
0.2047600700    0.0177882300    0.0003756773    
0.2050016500    0.0181163870    0.0003794892    
0.2052432400    0.0180103850    0.0003780159    
0.2054848300    0.0180042140    0.0003763970    
0.2057264200    0.0181228730    0.0003800422    
0.2059680100    0.0177450800    0.0003720380    
0.2062096000    0.0186770490    0.0003830031    
0.2064511900    0.0179181440    0.0003744340    
0.2066927700    0.0178480900    0.0003753544    
0.2069343600    0.0178896040    0.0003753156    
0.2071759500    0.0174533860    0.0003705945    
0.2074175400    0.0182094230    0.0003782972    
0.2076591300    0.0183402210    0.0003790564    
0.2079007200    0.0181793210    0.0003803905    
0.2081423100    0.0178297950    0.0003731585    
0.2083838900    0.0178612750    0.0003743096    
0.2086254800    0.0180120830    0.0003764793    
0.2088670700    0.0177604790    0.0003730172    
0.2091086600    0.0176001270    0.0003726199    
0.2093502500    0.0171904640    0.0003667521    
0.2095918400    0.0179453370    0.0003767336    
0.2098334300    0.0179718230    0.0003762959    
0.2100750100    0.0181337220    0.0003791874    
0.2103166000    0.0177950170    0.0003759884    
0.2105581900    0.0176990580    0.0003721378    
0.2107997800    0.0183049440    0.0003806103    
0.2110413700    0.0176788580    0.0003720422    
0.2112829600    0.0177360470    0.0003752453    
0.2115245400    0.0181571310    0.0003768045    
0.2117661300    0.0179998150    0.0003775446    
0.2120077200    0.0176808580    0.0003724143    
0.2122493100    0.0176786070    0.0003757156    
0.2124909000    0.0176251500    0.0003726489    
0.2127324900    0.0179101690    0.0003781682    
0.2129740800    0.0173763630    0.0003695426    
0.2132156600    0.0184766300    0.0003810627    
0.2134572500    0.0187283600    0.0003851094    
0.2136988400    0.0182775110    0.0003802043    
0.2139404300    0.0182269180    0.0003777650    
0.2141820200    0.0186176950    0.0003834830    
0.2144236100    0.0177950170    0.0003759884    
0.2146652000    0.0179954100    0.0003776184    
0.2149067800    0.0181508240    0.0003775690    
0.2151483700    0.0179358660    0.0003810110    
0.2153899600    0.0176427650    0.0003826353    
0.2156315500    0.0181085780    0.0003914510    
0.2158731400    0.0179975830    0.0003917149    
0.2161147300    0.0177963760    0.0003944052    
0.2163563200    0.0174801040    0.0003918478    
0.2165979000    0.0183311310    0.0004042758    
0.2168394900    0.0174198810    0.0003943815    
0.2170810800    0.0178885490    0.0004041642    
0.2173226700    0.0174885340    0.0003993274    
0.2175642600    0.0178761690    0.0004059621    
0.2178058500    0.0175171120    0.0004033589    
0.2180474400    0.0175383990    0.0004055731    
0.2182890200    0.0178962140    0.0004129651    
0.2185306100    0.0177042310    0.0004081006    
0.2187722000    0.0175775840    0.0004117987    
0.2190137900    0.0176828060    0.0004122325    
0.2192553800    0.0177616050    0.0004170264    
0.2194969700    0.0177635420    0.0004144527    
0.2197385500    0.0176412640    0.0004104840    
0.2199801400    0.0172239520    0.0004013174    
0.2202217300    0.0175272810    0.0004009445    
0.2204633200    0.0182606100    0.0004073027    
0.2207049100    0.0176564850    0.0003979068    
0.2209465000    0.0173426310    0.0003943545    
0.2211880900    0.0174182780    0.0003932382    
0.2214296700    0.0173333840    0.0003917211    
0.2216712600    0.0174343490    0.0003923035    
0.2219128500    0.0170815710    0.0003872188    
0.2221544400    0.0172161970    0.0003906723    
0.2223960300    0.0180383500    0.0003979155    
0.2226376200    0.0173325480    0.0003931102    
0.2228792100    0.0174010480    0.0003909608    
0.2231207900    0.0173659120    0.0003905659    
0.2233623800    0.0170096020    0.0003841098    
0.2236039700    0.0179050810    0.0003957468    
0.2238455600    0.0174103940    0.0003883386    
0.2240871500    0.0174797910    0.0003897896    
0.2243287400    0.0166794890    0.0003787859    
0.2245703300    0.0171800300    0.0003869729    
0.2248119100    0.0169930340    0.0003843240    
0.2250535000    0.0169985650    0.0003842526    
0.2252950900    0.0174799990    0.0003911581    
0.2255366800    0.0177904120    0.0003909273    
0.2257782700    0.0166940840    0.0003796071    
0.2260198600    0.0174365220    0.0003866201    
0.2262614500    0.0175102050    0.0003873029    
0.2265030300    0.0173511380    0.0003850109    
0.2267446200    0.0172505310    0.0003853484    
0.2269862100    0.0167607870    0.0003772427    
0.2272278000    0.0172368060    0.0003836089    
0.2274693900    0.0172754470    0.0003828604    
0.2277109800    0.0170252550    0.0003834867    
0.2279525600    0.0179250750    0.0003898598    
0.2281941500    0.0167413910    0.0003776681    
0.2284357400    0.0178767660    0.0003897320    
0.2286773300    0.0173236260    0.0003849695    
0.2289189200    0.0173488320    0.0003828915    
0.2291605100    0.0167560590    0.0003784808    
0.2294021000    0.0168227760    0.0003776825    
0.2296436800    0.0170479920    0.0003836098    
0.2298852700    0.0172148360    0.0003817985    
0.2301268600    0.0170889250    0.0003843363    
0.2303684500    0.0165651680    0.0003761897    
0.2306100400    0.0172789050    0.0003847364    
0.2308516300    0.0165510230    0.0003757716    
0.2310932200    0.0168520130    0.0003811346    
0.2313348000    0.0167587170    0.0003782515    
0.2315763900    0.0168103330    0.0003792233    
0.2318179800    0.0168611350    0.0003816339    
0.2320595700    0.0166364080    0.0003775156    
0.2323011600    0.0169468330    0.0003822054    
0.2325427500    0.0165330750    0.0003775108    
0.2327843400    0.0179105980    0.0003944262    
0.2330259200    0.0176430490    0.0003879702    
0.2332675100    0.0172038580    0.0003836364    
0.2335091000    0.0167714550    0.0003800912    
0.2337506900    0.0176991860    0.0003884540    
0.2339922800    0.0172604680    0.0003858593    
0.2342338700    0.0167883330    0.0003798888    
0.2344754600    0.0173083800    0.0003869304    
0.2347170400    0.0171011990    0.0003824901    
0.2349586300    0.0171063910    0.0003834704    
0.2352002200    0.0172107390    0.0003878615    
0.2354418100    0.0167574800    0.0003804590    
0.2356834000    0.0163202430    0.0003752028    
0.2359249900    0.0166221140    0.0003763203    
0.2361665700    0.0171017880    0.0003850153    
0.2364081600    0.0171279110    0.0003831834    
0.2366497500    0.0174225010    0.0003886086    
0.2368913400    0.0172267380    0.0003848169    
0.2371329300    0.0171821480    0.0003867264    
0.2373745200    0.0166538260    0.0003792805    
0.2376161100    0.0165156200    0.0003777034    
0.2378576900    0.0164221160    0.0003779446    
0.2380992800    0.0175741090    0.0003888115    
0.2383408700    0.0163049960    0.0003755476    
0.2385824600    0.0170710720    0.0003826787    
0.2388240500    0.0171213150    0.0003849674    
0.2390656400    0.0169339900    0.0003829887    
0.2393072300    0.0175036450    0.0003882993    
0.2395488100    0.0178199390    0.0003923346    
0.2397904000    0.0170799550    0.0003853057    
0.2400319900    0.0169446870    0.0003843133    
0.2402735800    0.0167299920    0.0003824061    
0.2405151700    0.0178038770    0.0003937986    
0.2407567600    0.0170860120    0.0003831098    
0.2409983500    0.0172852040    0.0003874788    
0.2412399300    0.0171332430    0.0003841689    
0.2414815200    0.0167384820    0.0003821014    
0.2417231100    0.0163220930    0.0003740610    
0.2419647000    0.0168200330    0.0003831651    
0.2422062900    0.0167208240    0.0003814995    
0.2424478800    0.0166889570    0.0003812689    
0.2426894600    0.0175927390    0.0003933856    
0.2429310500    0.0165527280    0.0003790480    
0.2431726400    0.0170931200    0.0003849177    
0.2434142300    0.0171181970    0.0003837351    
0.2436558200    0.0168270150    0.0003843227    
0.2438974100    0.0164382550    0.0003764267    
0.2441390000    0.0169614020    0.0003841001    
0.2443805800    0.0168021910    0.0003825602    
0.2446221700    0.0169160470    0.0003842572    
0.2448637600    0.0175169020    0.0003919839    
0.2451053500    0.0164891650    0.0003781879    
0.2453469400    0.0171773840    0.0003900930    
0.2455885300    0.0171744070    0.0003859661    
0.2458301200    0.0172341520    0.0003890814    
0.2460717000    0.0167085940    0.0003800353    
0.2463132900    0.0176615880    0.0003911300    
0.2465548800    0.0165725580    0.0003810035    
0.2467964700    0.0170735270    0.0003849648    
0.2470380600    0.0165785120    0.0003805375    
0.2472796500    0.0167065610    0.0003818705    
0.2475212400    0.0169696810    0.0003871774    
0.2477628200    0.0170687640    0.0003891343    
0.2480044100    0.0168452690    0.0003826494    
0.2482460000    0.0167613440    0.0003818282    
0.2484875900    0.0165813970    0.0003807040    
0.2487291800    0.0163541350    0.0003780861    
0.2489707700    0.0163960220    0.0003776442    
0.2492123600    0.0165928670    0.0003821781    
0.2494539400    0.0174958180    0.0003916102    
0.2496955300    0.0167306950    0.0003836266    
0.2499371200    0.0167007990    0.0003819384    
0.2501787100    0.0173930950    0.0003940782    
0.2504203000    0.0166047470    0.0003804388    
0.2506618900    0.0163951560    0.0003759329    
0.2509034700    0.0170883670    0.0003864801    
0.2511450600    0.0165757230    0.0003799733    
0.2513866500    0.0167709950    0.0003831432    
0.2516282400    0.0169271450    0.0003822477    
0.2518698300    0.0168898610    0.0003839597    
0.2521114200    0.0171722850    0.0003862111    
0.2523530100    0.0174938200    0.0003904910    
0.2525945900    0.0175473860    0.0003901346    
0.2528361800    0.0162847760    0.0003786134    
0.2530777700    0.0173914600    0.0003877234    
0.2533193600    0.0163978760    0.0003760941    
0.2535609500    0.0162341940    0.0003755140    
0.2538025400    0.0167870870    0.0003817219    
0.2540441300    0.0172471270    0.0003869170    
0.2542857100    0.0169513130    0.0003831845    
0.2545273000    0.0167709950    0.0003831432    
0.2547688900    0.0173692110    0.0003869391    
0.2550104800    0.0166484520    0.0003817408    
0.2552520700    0.0170250530    0.0003875340    
0.2554936600    0.0162357970    0.0003747499    
0.2557352500    0.0169534030    0.0003844121    
0.2559768300    0.0173136650    0.0003868553    
0.2562184200    0.0166541890    0.0003812715    
0.2564600100    0.0164610230    0.0003769480    
0.2567016000    0.0173418520    0.0003893361    
0.2569431900    0.0168187750    0.0003819491    
0.2571847800    0.0171353830    0.0003849919    
0.2574263700    0.0166279480    0.0003797761    
0.2576679500    0.0166715360    0.0003810699    
0.2579095400    0.0161828440    0.0003758374    
0.2581511300    0.0172843910    0.0003863941    
0.2583927200    0.0161882770    0.0003735535    
0.2586343100    0.0165593080    0.0003766398    
0.2588759000    0.0167670400    0.0003817599    
0.2591174800    0.0168787720    0.0003799945    
0.2593590700    0.0166735670    0.0003780670    
0.2596006600    0.0163401770    0.0003755618    
0.2598422500    0.0164087940    0.0003767411    
0.2600838400    0.0169513130    0.0003831845    
0.2603254300    0.0160930170    0.0003746617    
0.2605670200    0.0170725800    0.0003845527    
0.2608086000    0.0164885480    0.0003749334    
0.2610501900    0.0171763130    0.0003846515    
0.2612917800    0.0169828210    0.0003834073    
0.2615333700    0.0160995630    0.0003723998    
0.2617749600    0.0167085940    0.0003800353    
0.2620165500    0.0162837920    0.0003742659    
0.2622581400    0.0158005050    0.0003709816    
0.2624997200    0.0165847230    0.0003784928    
0.2627413100    0.0165429320    0.0003817374    
0.2629829000    0.0165907970    0.0003764806    
0.2632244900    0.0171342870    0.0003856492    
0.2634660800    0.0169774480    0.0003820224    
0.2637076700    0.0162651220    0.0003748281    
0.2639492600    0.0165328960    0.0003779009    
0.2641908400    0.0165383740    0.0003786201    
0.2644324300    0.0165960790    0.0003799411    
0.2646740200    0.0161592150    0.0003721899    
0.2649156100    0.0166513920    0.0003819086    
0.2651572000    0.0172578110    0.0003867676    
0.2653987900    0.0161433540    0.0003760374    
0.2656403800    0.0165584300    0.0003793776    
0.2658819600    0.0163520560    0.0003754384    
0.2661235500    0.0163492550    0.0003773687    
0.2663651400    0.0165732380    0.0003782307    
0.2666067300    0.0164083550    0.0003771288    
0.2668483200    0.0166135120    0.0003789525    
0.2670899100    0.0166134140    0.0003821448    
0.2673314900    0.0171914610    0.0003850872    
0.2675730800    0.0166922170    0.0003822422    
0.2678146700    0.0164432230    0.0003804508    
0.2680562600    0.0165500270    0.0003784903    
0.2682978500    0.0157738340    0.0003701514    
0.2685394400    0.0167429130    0.0003800303    
0.2687810300    0.0165698820    0.0003800392    
0.2690226100    0.0170344700    0.0003825316    
0.2692642000    0.0164841110    0.0003811928    
0.2695057900    0.0169946230    0.0003836737    
0.2697473800    0.0170324450    0.0003842339    
0.2699889700    0.0168822380    0.0003846820    
0.2702305600    0.0165283790    0.0003813001    
0.2704721500    0.0176623620    0.0003934697    
0.2707137300    0.0161157470    0.0003729738    
0.2709553200    0.0165405520    0.0003803682    
0.2711969100    0.0169036130    0.0003835791    
0.2714385000    0.0164489240    0.0003774635    
0.2716800900    0.0172215490    0.0003877115    
0.2719216800    0.0160661090    0.0003827434    
0.2721632700    0.0162370800    0.0003874768    
0.2724048500    0.0175014620    0.0004074517    
0.2726464400    0.0161831330    0.0003990062    
0.2728880300    0.0169280120    0.0004084081    
0.2731296200    0.0169181820    0.0004105678    
0.2733712100    0.0170512950    0.0004155146    
0.2736128000    0.0163661010    0.0004126491    
0.2738543800    0.0168352430    0.0004160974    
0.2740959700    0.0162174210    0.0004123221    
0.2743375600    0.0171120390    0.0004266028    
0.2745791500    0.0171413080    0.0004288008    
0.2748207400    0.0164126210    0.0004225064    
0.2750623300    0.0171304690    0.0004316473    
0.2753039200    0.0168636760    0.0004328290    
0.2755455000    0.0165162320    0.0004270170    
0.2757870900    0.0160695950    0.0004274978    
0.2760286800    0.0175763470    0.0004448639    
0.2762702700    0.0172189390    0.0004484950    
0.2765118600    0.0165151350    0.0004218043    
0.2767534500    0.0166335280    0.0004216767    
0.2769950400    0.0170294970    0.0004232319    
0.2772366200    0.0169351780    0.0004176754    
0.2774782100    0.0169979240    0.0004189681    
0.2777198000    0.0161384090    0.0004092564    
0.2779613900    0.0165641980    0.0004135883    
0.2782029800    0.0164868500    0.0004046538    
0.2784445700    0.0162522770    0.0004051690    
0.2786861600    0.0176370540    0.0004208853    
0.2789277400    0.0163442510    0.0004006714    
0.2791693300    0.0162323220    0.0003996121    
0.2794109200    0.0162186900    0.0004013495    
0.2796525100    0.0161671620    0.0004000743    
0.2798941000    0.0164999200    0.0003995946    
0.2801356900    0.0165139220    0.0004038612    
0.2803772800    0.0172290950    0.0004161569    
0.2806188600    0.0161015300    0.0003941295    
0.2808604500    0.0159575580    0.0003902548    
0.2811020400    0.0163788340    0.0003968950    
0.2813436300    0.0159009180    0.0003928848    
0.2815852200    0.0164987530    0.0003962110    
0.2818268100    0.0164461570    0.0003977099    
0.2820683900    0.0165838180    0.0004004539    
0.2823099800    0.0164712330    0.0003987830    
0.2825515700    0.0161354940    0.0003912282    
0.2827931600    0.0162824850    0.0003977257    
0.2830347500    0.0168049290    0.0004017146    
0.2832763400    0.0168664720    0.0004004492    
0.2835179300    0.0160678340    0.0003908535    
0.2837595100    0.0169462740    0.0004037116    
0.2840011000    0.0167156740    0.0004014203    
0.2842426900    0.0159892790    0.0003887127    
0.2844842800    0.0168198520    0.0004008136    
0.2847258700    0.0159709820    0.0003911685    
0.2849674600    0.0162981910    0.0003962226    
0.2852090500    0.0166606000    0.0003986063    
0.2854506300    0.0168597150    0.0004026793    
0.2856922200    0.0163261430    0.0003950387    
0.2859338100    0.0161270880    0.0003932267    
0.2861754000    0.0162588110    0.0003927203    
0.2864169900    0.0167677740    0.0003986681    
0.2866585800    0.0167404430    0.0004001731    
0.2869001700    0.0159019410    0.0003891275    
0.2871417500    0.0167586130    0.0003990146    
0.2873833400    0.0166320490    0.0003991819    
0.2876249300    0.0160463060    0.0003925427    
0.2878665200    0.0160812870    0.0003954149    
0.2881081100    0.0164440710    0.0003928641    
0.2883497000    0.0161193040    0.0003911807    
0.2885912900    0.0159457760    0.0003889214    
0.2888328700    0.0165275080    0.0003961029    
0.2890744600    0.0165279250    0.0003952059    
0.2893160500    0.0167929180    0.0003988153    
0.2895576400    0.0156236500    0.0003867430    
0.2897992300    0.0156932000    0.0003837898    
0.2900408200    0.0156041410    0.0003835667    
0.2902824000    0.0161501820    0.0003932058    
0.2905239900    0.0167553420    0.0003988237    
0.2907655800    0.0166567050    0.0003948018    
0.2910071700    0.0161326740    0.0003885418    
0.2912487600    0.0165848600    0.0003945423    
0.2914903500    0.0158069840    0.0003841674    
0.2917319400    0.0163039530    0.0003888512    
0.2919735200    0.0163735930    0.0003908458    
0.2922151100    0.0162381840    0.0003885000    
0.2924567000    0.0164668900    0.0003919577    
0.2926982900    0.0168060080    0.0003961214    
0.2929398800    0.0157291810    0.0003852462    
0.2931814700    0.0166254390    0.0003920832    
0.2934230600    0.0164642440    0.0003913408    
0.2936646400    0.0158855320    0.0003817050    
0.2939062300    0.0156132730    0.0003819493    
0.2941478200    0.0160718590    0.0003850721    
0.2943894100    0.0165261170    0.0003923684    
0.2946310000    0.0168478670    0.0003951373    
0.2948725900    0.0168768170    0.0003963617    
0.2951141800    0.0166100000    0.0003924839    
0.2953557600    0.0169200760    0.0003988100    
0.2955973500    0.0162776560    0.0003876731    
0.2958389400    0.0163739720    0.0003881004    
0.2960805300    0.0156151170    0.0003792804    
0.2963221200    0.0168059050    0.0003927514    
0.2965637100    0.0163074340    0.0003867406    
0.2968053000    0.0169023500    0.0003928655    
0.2970468800    0.0168458450    0.0003933627    
0.2972884700    0.0162174900    0.0003848240    
0.2975300600    0.0159800720    0.0003819968    
0.2977716500    0.0165027560    0.0003896236    
0.2980132400    0.0165391960    0.0003909200    
0.2982548300    0.0158216710    0.0003794046    
0.2984964100    0.0157030370    0.0003774289    
0.2987380000    0.0162457050    0.0003847361    
0.2989795900    0.0163380530    0.0003849847    
0.2992211800    0.0161033170    0.0003817925    
0.2994627700    0.0165434010    0.0003881033    
0.2997043600    0.0160610280    0.0003833847    
0.2999459500    0.0156743050    0.0003786020    
0.3001875300    0.0164399520    0.0003871709    
0.3004291200    0.0163275990    0.0003898590    
0.3006707100    0.0167641050    0.0003895470    
0.3009123000    0.0160831690    0.0003833675    
0.3011538900    0.0169257040    0.0003905700    
0.3013954800    0.0158721360    0.0003802868    
0.3016370700    0.0163038720    0.0003851428    
0.3018786500    0.0160491240    0.0003821220    
0.3021202400    0.0165283590    0.0003876438    
0.3023618300    0.0166009310    0.0003902053    
0.3026034200    0.0159344140    0.0003814507    
0.3028450100    0.0166345160    0.0003900262    
0.3030866000    0.0160663170    0.0003837297    
0.3033281900    0.0164501830    0.0003860227    
0.3035697700    0.0162247340    0.0003843472    
0.3038113600    0.0162028810    0.0003843692    
0.3040529500    0.0165649630    0.0003872264    
0.3042945400    0.0165077150    0.0003864164    
0.3045361300    0.0164574780    0.0003882301    
0.3047777200    0.0166525860    0.0003889560    
0.3050193100    0.0164494420    0.0003868584    
0.3052608900    0.0160858240    0.0003835398    
0.3055024800    0.0162441220    0.0003903213    
0.3057440700    0.0161866690    0.0003819481    
0.3059856600    0.0164744440    0.0003861669    
0.3062272500    0.0166768960    0.0003895238    
0.3064688400    0.0156560150    0.0003783810    
0.3067104200    0.0163252870    0.0003833030    
0.3069520100    0.0161556080    0.0003832477    
0.3071936000    0.0159526770    0.0003816692    
0.3074351900    0.0159054510    0.0003815233    
0.3076767800    0.0161033170    0.0003817925    
0.3079183700    0.0159663300    0.0003840902    
0.3081599600    0.0164560380    0.0003899360    
0.3084015400    0.0161766960    0.0003822452    
0.3086431300    0.0156482130    0.0003756774    
0.3088847200    0.0161444380    0.0003839563    
0.3091263100    0.0167070950    0.0003895920    
0.3093679000    0.0158174670    0.0003796314    
0.3096094900    0.0162434770    0.0003827561    
0.3098510800    0.0164505040    0.0003891499    
0.3100926600    0.0160752270    0.0003828520    
0.3103342500    0.0162393530    0.0003848015    
0.3105758400    0.0156545430    0.0003804626    
0.3108174300    0.0161086090    0.0003821328    
0.3110590200    0.0162349080    0.0003854544    
0.3113006100    0.0165742110    0.0003864933    
0.3115422000    0.0164636980    0.0003881609    
0.3117837800    0.0158894560    0.0003799392    
0.3120253700    0.0166223210    0.0003897403    
0.3122669600    0.0159599230    0.0003796754    
0.3125085500    0.0155805700    0.0003778843    
0.3127501400    0.0160165970    0.0003824331    
0.3129917300    0.0163429010    0.0003880184    
0.3132333100    0.0153697740    0.0003753193    
0.3134749000    0.0159917870    0.0003822768    
0.3137164900    0.0166918480    0.0003891307    
0.3139580800    0.0170060500    0.0003926332    
0.3141996700    0.0156146130    0.0003765018    
0.3144412600    0.0161855960    0.0003837432    
0.3146828500    0.0162476560    0.0003853229    
0.3149244300    0.0155647060    0.0003756261    
0.3151660200    0.0166681190    0.0003907067    
0.3154076100    0.0156816830    0.0003796673    
0.3156492000    0.0165791160    0.0003919731    
0.3158907900    0.0156959810    0.0003769328    
0.3161323800    0.0164501830    0.0003860227    
0.3163739700    0.0159907640    0.0003807325    
0.3166155500    0.0162010450    0.0003851936    
0.3168571400    0.0159686660    0.0003807463    
0.3170987300    0.0158472750    0.0003801279    
0.3173403200    0.0165767230    0.0003887781    
0.3175819100    0.0164574780    0.0003882301    
0.3178235000    0.0160387550    0.0003824175    
0.3180650900    0.0156312010    0.0003793355    
0.3183066700    0.0158255550    0.0003807037    
0.3185482600    0.0161213070    0.0003843858    
0.3187898500    0.0146789530    0.0003642521    
0.3190314400    0.0164461570    0.0003871024    
0.3192730300    0.0163101630    0.0003850766    
0.3195146200    0.0170599830    0.0003944044    
0.3197562100    0.0160049790    0.0003811790    
0.3199977900    0.0157810220    0.0003791937    
0.3202393800    0.0156769440    0.0003793303    
0.3204809700    0.0165057380    0.0003898027    
0.3207225600    0.0158997590    0.0003821572    
0.3209641500    0.0157228370    0.0003798851    
0.3212057400    0.0163834110    0.0003855187    
0.3214473200    0.0161529170    0.0003830761    
0.3216889100    0.0162228570    0.0003837647    
0.3219305000    0.0157590260    0.0003797631    
0.3221720900    0.0157402540    0.0003789808    
0.3224136800    0.0161395240    0.0003822215    
0.3226552700    0.0164434580    0.0003900762    
0.3228968600    0.0167348550    0.0003907710    
0.3231384400    0.0166688840    0.0003937654    
0.3233800300    0.0159570440    0.0003804692    
0.3236216200    0.0160802380    0.0003822133    
0.3238632100    0.0157469750    0.0003789230    
0.3241048000    0.0156810900    0.0003785451    
0.3243463900    0.0164183820    0.0003872001    
0.3245879800    0.0162849440    0.0003853413    
0.3248295600    0.0169075930    0.0003923520    
0.3250711500    0.0162611530    0.0003847783    
0.3253127400    0.0159904040    0.0003826814    
0.3255543300    0.0155392660    0.0003776609    
0.3257959200    0.0164831520    0.0003911279    
0.3260375100    0.0158300400    0.0003789521    
0.3262791000    0.0159460960    0.0003817303    
0.3265206800    0.0151575060    0.0003713558    
0.3267622700    0.0160976340    0.0003838214    
0.3270038600    0.0159526770    0.0003816692    
0.3272454500    0.0163522010    0.0003858540    
0.3274870400    0.0165949600    0.0003889919    
0.3277286300    0.0163222830    0.0003872016    
0.3279702200    0.0162221230    0.0003855858    
0.3282118000    0.0159712470    0.0003854372    
0.3284533900    0.0162457050    0.0003847361    
0.3286949800    0.0162838930    0.0003988324    
0.3289365700    0.0166493820    0.0004087662    
0.3291781600    0.0158740610    0.0004025528    
0.3294197500    0.0157242300    0.0004053229    
0.3296613300    0.0156632040    0.0004086671    
0.3299029200    0.0158852330    0.0004120825    
0.3301445100    0.0159628640    0.0004190609    
0.3303861000    0.0154077620    0.0004144628    
0.3306276900    0.0159966180    0.0004255564    
0.3308692800    0.0164757440    0.0004320787    
0.3311108700    0.0162199200    0.0004322623    
0.3313524500    0.0166821070    0.0004433220    
0.3315940400    0.0160592940    0.0004343524    
0.3318356300    0.0163460370    0.0004438974    
0.3320772200    0.0164018710    0.0004450856    
0.3323188100    0.0169802060    0.0004570918    
0.3325604000    0.0156664470    0.0004384046    
0.3328019900    0.0162601650    0.0004513231    
0.3330435700    0.0162553190    0.0004465679    
0.3332851600    0.0161093830    0.0004387670    
0.3335267500    0.0157292230    0.0004200812    
0.3337683400    0.0158862910    0.0004221734    
0.3340099300    0.0164606090    0.0004268649    
0.3342515200    0.0163188830    0.0004209310    
0.3344931100    0.0159953430    0.0004124484    
0.3347346900    0.0161159850    0.0004154211    
0.3349762800    0.0161529170    0.0004137695    
0.3352178700    0.0158093480    0.0004077880    
0.3354594600    0.0157445760    0.0004049068    
0.3357010500    0.0160750660    0.0004101637    
0.3359426400    0.0154778410    0.0004038308    
0.3361842300    0.0165280710    0.0004092561    
0.3364258100    0.0157876370    0.0003993352    
0.3366674000    0.0159577440    0.0004019698    
0.3369089900    0.0160329090    0.0004014505    
0.3371505800    0.0166993670    0.0004088858    
0.3373921700    0.0161565100    0.0004031575    
0.3376337600    0.0160199900    0.0004011270    
0.3378753400    0.0168973790    0.0004121312    
0.3381169300    0.0166259120    0.0004068434    
0.3383585200    0.0171348110    0.0004175498    
0.3386001100    0.0155460010    0.0003918468    
0.3388417000    0.0160157810    0.0003991491    
0.3390832900    0.0160340890    0.0003954516    
0.3393248800    0.0165136710    0.0004043390    
0.3395664600    0.0161722370    0.0003993449    
0.3398080500    0.0158978380    0.0003954735    
0.3400496400    0.0162838930    0.0003988324    
0.3402912300    0.0156682110    0.0003906082    
0.3405328200    0.0160510660    0.0003976888    
0.3407744100    0.0154425140    0.0003902313    
0.3410160000    0.0158548670    0.0003958771    
0.3412575800    0.0171156610    0.0004068244    
0.3414991700    0.0159788340    0.0003927770    
0.3417407600    0.0156873530    0.0003902375    
0.3419823500    0.0165873880    0.0003983396    
0.3422239400    0.0156963390    0.0003891388    
0.3424655300    0.0156241860    0.0003891481    
0.3427071200    0.0152867790    0.0003837315    
0.3429487000    0.0168574280    0.0004034309    
0.3431902900    0.0161356280    0.0003963917    
0.3434318800    0.0152343350    0.0003882068    
0.3436734700    0.0160025680    0.0003906553    
0.3439150600    0.0159864000    0.0003895647    
0.3441566500    0.0157511510    0.0003890656    
0.3443982300    0.0161654400    0.0003936940    
0.3446398200    0.0164031090    0.0003955141    
0.3448814100    0.0167311350    0.0004005232    
0.3451230000    0.0161547800    0.0003940190    
0.3453645900    0.0157511510    0.0003890656    
0.3456061800    0.0157355410    0.0003873822    
0.3458477700    0.0156240500    0.0003885426    
0.3460893500    0.0168024340    0.0004024607    
0.3463309400    0.0159009620    0.0003885223    
0.3465725300    0.0160080850    0.0003899774    
0.3468141200    0.0155087700    0.0003853185    
0.3470557100    0.0163970920    0.0003951393    
0.3472973000    0.0162812770    0.0003946469    
0.3475388900    0.0160176290    0.0003890571    
0.3477804700    0.0165206530    0.0003970806    
0.3480220600    0.0165237610    0.0003972701    
0.3482636500    0.0157044520    0.0003868514    
0.3485052400    0.0160493230    0.0003948678    
0.3487468300    0.0156304850    0.0003854975    
0.3489884200    0.0164071000    0.0003948077    
0.3492300100    0.0161981360    0.0003907990    
0.3494715900    0.0161923220    0.0003934164    
0.3497131800    0.0158115680    0.0003861076    
0.3499547700    0.0160216420    0.0003908880    
0.3501963600    0.0154695330    0.0003823428    
0.3504379500    0.0163976000    0.0003946934    
0.3506795400    0.0162923480    0.0003938752    
0.3509211300    0.0157908600    0.0003885087    
0.3511627100    0.0157264510    0.0003878643    
0.3514043000    0.0156041410    0.0003835667    
0.3516458900    0.0165656030    0.0003961068    
0.3518874800    0.0163867050    0.0003930671    
0.3521290700    0.0164651590    0.0003941561    
0.3523706600    0.0169952620    0.0004013634    
0.3526122400    0.0162217750    0.0003918257    
0.3528538300    0.0163661250    0.0003941642    
0.3530954200    0.0159590740    0.0003898259    
0.3533370100    0.0158604030    0.0003878788    
0.3535786000    0.0160778990    0.0003930803    
0.3538201900    0.0150043830    0.0003756970    
0.3540617800    0.0149174150    0.0003766015    
0.3543033600    0.0165128210    0.0003938328    
0.3545449500    0.0156844400    0.0003848436    
0.3547865400    0.0154397820    0.0003806784    
0.3550281300    0.0166604110    0.0003976923    
0.3552697200    0.0169248220    0.0003999229    
0.3555113100    0.0161232240    0.0003909307    
0.3557529000    0.0159104550    0.0003886383    
0.3559944800    0.0161972270    0.0003897575    
0.3562360700    0.0161672460    0.0003943231    
0.3564776600    0.0155735250    0.0003824676    
0.3567192500    0.0156747120    0.0003841426    
0.3569608400    0.0168598170    0.0003975001    
0.3572024300    0.0160243800    0.0003889917    
0.3574440200    0.0156674550    0.0003836193    
0.3576856000    0.0162000100    0.0003914142    
0.3579271900    0.0161614600    0.0003899142    
0.3581687800    0.0159526080    0.0003888567    
0.3584103700    0.0162113240    0.0003906627    
0.3586519600    0.0168011670    0.0004010522    
0.3588935500    0.0161565790    0.0003905929    
0.3591351400    0.0161432670    0.0003907281    
0.3593767200    0.0162037930    0.0003896899    
0.3596183100    0.0158001460    0.0003842282    
0.3598599000    0.0155240840    0.0003822924    
0.3601014900    0.0160284230    0.0003887463    
0.3603430800    0.0159974650    0.0003882239    
0.3605846700    0.0164688740    0.0003934566    
0.3608262500    0.0154789830    0.0003824595    
0.3610678400    0.0159947960    0.0003880449    
0.3613094300    0.0160951570    0.0003916340    
0.3615510200    0.0158553140    0.0003859123    
0.3617926100    0.0162975100    0.0003908152    
0.3620342000    0.0162301520    0.0003908895    
0.3622757900    0.0160431730    0.0003881918    
0.3625173700    0.0162555320    0.0003910473    
0.3627589600    0.0155758560    0.0003832189    
0.3630005500    0.0152708360    0.0003785899    
0.3632421400    0.0159533780    0.0003868125    
0.3634837300    0.0163607800    0.0003933516    
0.3637253200    0.0161421810    0.0003911604    
0.3639669100    0.0151320200    0.0003790118    
0.3642084900    0.0153185540    0.0003786112    
0.3644500800    0.0157544710    0.0003848281    
0.3646916700    0.0160257290    0.0003885668    
0.3649332600    0.0156504380    0.0003818316    
0.3651748500    0.0157633190    0.0003843569    
0.3654164400    0.0154128340    0.0003816414    
0.3656580300    0.0159126730    0.0003871937    
0.3658996100    0.0163660460    0.0003917834    
0.3661412000    0.0159571390    0.0003875879    
0.3663827900    0.0156910020    0.0003881724    
0.3666243800    0.0164708880    0.0003908369    
0.3668659700    0.0158382940    0.0003852699    
0.3671075600    0.0159815150    0.0003871534    
0.3673491500    0.0156039290    0.0003818350    
0.3675907300    0.0161604220    0.0003903438    
0.3678323200    0.0162149880    0.0003889482    
0.3680739100    0.0159016240    0.0003874989    
0.3683155000    0.0162000380    0.0003899381    
0.3685570900    0.0163097730    0.0003911093    
0.3687986800    0.0156280720    0.0003853208    
0.3690402600    0.0159268050    0.0003886900    
0.3692818500    0.0157460480    0.0003831393    
0.3695234400    0.0162347430    0.0003902086    
0.3697650300    0.0159937180    0.0003864299    
0.3700066200    0.0164688740    0.0003934566    
0.3702482100    0.0156807890    0.0003823446    
0.3704898000    0.0157189070    0.0003839594    
0.3707313800    0.0157996160    0.0003858158    
0.3709729700    0.0159038960    0.0003860669    
0.3712145600    0.0164834130    0.0003952732    
0.3714561500    0.0158345110    0.0003877097    
0.3716977400    0.0158332280    0.0003849189    
0.3719393300    0.0163485110    0.0003906926    
0.3721809200    0.0159455200    0.0003862815    
0.3724225000    0.0151781890    0.0003768726    
0.3726640900    0.0163320890    0.0003910826    
0.3729056800    0.0162478070    0.0003900722    
0.3731472700    0.0158324710    0.0003843331    
0.3733888600    0.0153546280    0.0003802002    
0.3736304500    0.0162822270    0.0003922574    
0.3738720400    0.0160650880    0.0003906711    
0.3741136200    0.0159100680    0.0003870158    
0.3743552100    0.0159346200    0.0003865850    
0.3745968000    0.0157529110    0.0003830796    
0.3748383900    0.0159896620    0.0003866707    
0.3750799800    0.0158332280    0.0003849189    
0.3753215700    0.0161437230    0.0003892597    
0.3755631500    0.0165569830    0.0003933230    
0.3758047400    0.0163754250    0.0003918957    
0.3760463300    0.0152207470    0.0003783962    
0.3762879200    0.0155782110    0.0003833929    
0.3765295100    0.0157730990    0.0003872521    
0.3767711000    0.0161392730    0.0003884754    
0.3770126900    0.0149760200    0.0003739334    
0.3772542700    0.0161458620    0.0003884091    
0.3774958600    0.0163211710    0.0003899279    
0.3777374500    0.0167751190    0.0003960540    
0.3779790400    0.0157920710    0.0003852871    
0.3782206300    0.0155242550    0.0003817183    
0.3784622200    0.0159896620    0.0003866707    
0.3787038100    0.0154792900    0.0003818847    
0.3789453900    0.0161215780    0.0003903175    
0.3791869800    0.0162625160    0.0003924665    
0.3794285700    0.0161804510    0.0003886792    
0.3796701600    0.0156087270    0.0003827554    
0.3799117500    0.0164918640    0.0003921081    
0.3801533400    0.0156650430    0.0003834453    
0.3803949300    0.0161370190    0.0003868554    
0.3806365100    0.0152675570    0.0003776970    
0.3808781000    0.0161524410    0.0003883427    
0.3811196900    0.0159514800    0.0003882529    
0.3813612800    0.0161916180    0.0003893971    
0.3816028700    0.0154461120    0.0003817639    
0.3818444600    0.0164282840    0.0003928234    
0.3820860500    0.0155828900    0.0003802968    
0.3823276300    0.0157592300    0.0003824425    
0.3825692200    0.0151789370    0.0003743609    
0.3828108100    0.0162387740    0.0003866375    
0.3830524000    0.0151373990    0.0003748213    
0.3832939900    0.0161103320    0.0003861047    
0.3835355800    0.0156754180    0.0003808574    
0.3837771600    0.0159375530    0.0003831763    
0.3840187500    0.0166843390    0.0003938010    
0.3842603400    0.0159630870    0.0003859152    
0.3845019300    0.0158381560    0.0003800185    
0.3847435200    0.0160061180    0.0003827288    
0.3849851100    0.0165149440    0.0003899114    
0.3852267000    0.0149302710    0.0003799654    
0.3854682800    0.0161133250    0.0004024560    
0.3857098700    0.0155085800    0.0003993663    
0.3859514600    0.0166788290    0.0004186751    
0.3861930500    0.0164845620    0.0004187083    
0.3864346400    0.0161560190    0.0004188253    
0.3866762300    0.0164834720    0.0004260277    
0.3869178200    0.0159812130    0.0004217281    
0.3871594000    0.0161217600    0.0004285823    
0.3874009900    0.0159128030    0.0004269682    
0.3876425800    0.0165688900    0.0004389206    
0.3878841700    0.0160408050    0.0004336937    
0.3881257600    0.0150048310    0.0004220438    
0.3883673500    0.0157762680    0.0004358817    
0.3886089400    0.0157541950    0.0004381239    
0.3888505200    0.0158694400    0.0004416706    
0.3890921100    0.0156830940    0.0004414709    
0.3893337000    0.0159585690    0.0004502971    
0.3895752900    0.0162140300    0.0004555150    
0.3898168800    0.0165760770    0.0004419109    
0.3900584700    0.0160289720    0.0004265681    
0.3903000600    0.0161530320    0.0004268571    
0.3905416400    0.0167777990    0.0004307668    
0.3907832300    0.0165935820    0.0004274482    
0.3910248200    0.0164880700    0.0004245894    
0.3912664100    0.0161929540    0.0004189390    
0.3915080000    0.0159107010    0.0004132998    
0.3917495900    0.0159947880    0.0004161868    
0.3919911700    0.0156919570    0.0004129462    
0.3922327600    0.0158457150    0.0004079127    
0.3924743500    0.0170672050    0.0004249572    
0.3927159400    0.0160855320    0.0004102972    
0.3929575300    0.0166122020    0.0004197893    
0.3931991200    0.0161743660    0.0004122949    
0.3934407100    0.0159838320    0.0004091698    
0.3936822900    0.0151534880    0.0003997461    
0.3939238800    0.0153400560    0.0004027108    
0.3941654700    0.0154246320    0.0004038194    
0.3944070600    0.0150231730    0.0003993774    
0.3946486500    0.0164449710    0.0004189207    
0.3948902400    0.0157462370    0.0004069733    
0.3951318300    0.0154361840    0.0004026070    
0.3953734100    0.0155094500    0.0004042430    
0.3956150000    0.0156626420    0.0004072686    
0.3958565900    0.0157911180    0.0004077249    
0.3960981800    0.0159545030    0.0004113954    
0.3963397700    0.0159724160    0.0004126812    
0.3965813600    0.0161430160    0.0004148793    
0.3968229500    0.0169628250    0.0004267462    
0.3970645300    0.0160581040    0.0004162870    
0.3973061200    0.0151903870    0.0004029692    
0.3975477100    0.0153228860    0.0004035134    
0.3977893000    0.0160303180    0.0004143156    
0.3980308900    0.0162988510    0.0004172340    
0.3982724800    0.0162659010    0.0004173489    
0.3985140700    0.0160226670    0.0004143947    
0.3987556500    0.0159058930    0.0004135938    
0.3989972400    0.0160257290    0.0004146126    
0.3992388300    0.0159062960    0.0004155758    
0.3994804200    0.0154259850    0.0004090752    
0.3997220100    0.0158768200    0.0004173777    
0.3999636000    0.0160211240    0.0004149102    
0.4002051800    0.0159900850    0.0004164876    
0.4004467700    0.0160073240    0.0004145529    
0.4006883600    0.0158826560    0.0004158105    
0.4009299500    0.0165284790    0.0004243655    
0.4011715400    0.0160475770    0.0004186958    
0.4014131300    0.0153534960    0.0004099005    
0.4016547200    0.0164788090    0.0004274806    
0.4018963000    0.0161388850    0.0004213650    
0.4021378900    0.0159553990    0.0004225206    
0.4023794800    0.0155778190    0.0004139759    
0.4026210700    0.0151117740    0.0004082772    
0.4028626600    0.0153366520    0.0004100357    
0.4031042500    0.0157794710    0.0004175691    
0.4033458400    0.0161551720    0.0004225109    
0.4035874200    0.0149102270    0.0004089985    
0.4038290100    0.0163150820    0.0004261106    
0.4040706000    0.0150444640    0.0004099142    
0.4043121900    0.0154793240    0.0004172946    
0.4045537800    0.0164684640    0.0004315910    
0.4047953700    0.0159897560    0.0004278028    
0.4050369600    0.0152057410    0.0004124752    
0.4052785400    0.0155974750    0.0004192627    
0.4055201300    0.0158873960    0.0004229502    
0.4057617200    0.0163759910    0.0004321459    
0.4060033100    0.0158873960    0.0004229502    
0.4062449000    0.0160469850    0.0004285677    
0.4064864900    0.0158286050    0.0004248620    
0.4067280800    0.0163014400    0.0004327477    
0.4069696600    0.0159628440    0.0004300170    
0.4072112500    0.0151487490    0.0004204743    
0.4074528400    0.0157711130    0.0004300324    
0.4076944300    0.0157226070    0.0004269674    
0.4079360200    0.0156784880    0.0004249865    
0.4081776100    0.0154963510    0.0004242790    
0.4084191900    0.0159274520    0.0004309441    
0.4086607800    0.0161679150    0.0004325694    
0.4089023700    0.0156305920    0.0004289201    
0.4091439600    0.0161117260    0.0004360896    
0.4093855500    0.0158207270    0.0004331602    
0.4096271400    0.0152555400    0.0004265720    
0.4098687300    0.0156113010    0.0004380637    
0.4101103100    0.0164629310    0.0004393631    
0.4103519000    0.0155328130    0.0004306371    
0.4105934900    0.0156043570    0.0004308032    
0.4108350800    0.0159141170    0.0004373595    
0.4110766700    0.0163190710    0.0004426757    
0.4113182600    0.0154656060    0.0004326150    
0.4115598500    0.0162659320    0.0004451827    
0.4118014300    0.0147117420    0.0004250458    
0.4120430200    0.0151937210    0.0004302599    
0.4122846100    0.0159371400    0.0004445891    
0.4125262000    0.0151977780    0.0004385394    
0.4127677900    0.0163344190    0.0004465557    
0.4130093800    0.0162210360    0.0004469775    
0.4132509700    0.0153427690    0.0004353544    
0.4134925500    0.0156495380    0.0004429903    
0.4137341400    0.0156802850    0.0004420930    
0.4139757300    0.0153058970    0.0004396504    
0.4142173200    0.0157274680    0.0004434233    
0.4144589100    0.0157687490    0.0004485264    
0.4147005000    0.0156282170    0.0004456120    
0.4149420800    0.0161585850    0.0004568511    
0.4151836700    0.0157021430    0.0004482669    
0.4154252600    0.0158489280    0.0004473815    
0.4156668500    0.0157858230    0.0004431354    
0.4159084400    0.0160221750    0.0004464404    
0.4161500300    0.0158649770    0.0004429208    
0.4163916200    0.0154133030    0.0004370041    
0.4166332000    0.0160187250    0.0004430882    
0.4168747900    0.0156445370    0.0004365965    
0.4171163800    0.0158412810    0.0004434707    
0.4173579700    0.0162111390    0.0004455224    
0.4175995600    0.0157100130    0.0004454166    
0.4178411500    0.0152261880    0.0004313523    
0.4180827400    0.0160081510    0.0004438156    
0.4183243200    0.0155093970    0.0004381465    
0.4185659100    0.0153284170    0.0004368861    
0.4188075000    0.0156863060    0.0004417364    
0.4190490900    0.0160221240    0.0004495917    
0.4192906800    0.0153980100    0.0004403027    
0.4195322700    0.0153310250    0.0004429378    
0.4197738600    0.0152030530    0.0004410853    
0.4200154400    0.0154632270    0.0004490118    
0.4202570300    0.0157865670    0.0004543955    
0.4204986200    0.0159096000    0.0004530830    
0.4207402100    0.0166628720    0.0004668369    
0.4209818000    0.0148380200    0.0004386953    
0.4212233900    0.0160725880    0.0004592168    
0.4214649800    0.0158410700    0.0004571019    
0.4217065600    0.0161772720    0.0004631540    
0.4219481500    0.0159609090    0.0004615216    
0.4221897400    0.0161122610    0.0004657034    
0.4224313300    0.0159359160    0.0004666892    
0.4226729200    0.0157727530    0.0004653155    
0.4229145100    0.0161499590    0.0004721484    
0.4231560900    0.0166284060    0.0004772449    
0.4233976800    0.0163535860    0.0004740668    
0.4236392700    0.0156636660    0.0004657599    
0.4238808600    0.0151971550    0.0004603086    
0.4241224500    0.0155631220    0.0004660788    
0.4243640400    0.0154706730    0.0004683784    
0.4246056300    0.0161254450    0.0004792791    
0.4248472100    0.0160339540    0.0004803945    
0.4250888000    0.0158269600    0.0004789456    
0.4253303900    0.0147959370    0.0004702457    
0.4255719800    0.0158493260    0.0004798422    
0.4258135700    0.0161527690    0.0004852629    
0.4260551600    0.0160554060    0.0004880987    
0.4262967500    0.0148043010    0.0004667549    
0.4265383300    0.0164045420    0.0004957435    
0.4267799200    0.0160041190    0.0004920270    
0.4270215100    0.0159117510    0.0004894186    
0.4272631000    0.0156766280    0.0004908542    
0.4275046900    0.0153015150    0.0004870526    
0.4277462800    0.0156162050    0.0004973213    
0.4279878700    0.0164909400    0.0005143383    
0.4282294500    0.0157255970    0.0004965428    
0.4284710400    0.0162037930    0.0005056284    
0.4287126300    0.0160234490    0.0005056956    
0.4289542200    0.0155202580    0.0004996148    
0.4291958100    0.0155481100    0.0005023366    
0.4294374000    0.0150598400    0.0004989548    
0.4296789900    0.0152562310    0.0005005407    
0.4299205700    0.0142426960    0.0004888081    
0.4301621600    0.0165051310    0.0005315945    
0.4304037500    0.0160898520    0.0005270406    
0.4306453400    0.0151656760    0.0005174462    
0.4308869300    0.0161436190    0.0005268271    
0.4311285200    0.0155805700    0.0005208010    
0.4313701000    0.0154834670    0.0005228395    
0.4316116900    0.0157012800    0.0005298925    
0.4318532800    0.0156839910    0.0005311269    
0.4320948700    0.0152525580    0.0005272055    
0.4323364600    0.0156362150    0.0005385398    
0.4325780500    0.0160686360    0.0005492147    
0.4328196400    0.0148886300    0.0005330985    
0.4330612200    0.0158710130    0.0005590326    
0.4333028100    0.0156589630    0.0005539743    
0.4335444000    0.0157948030    0.0005546305    
0.4337859900    0.0155756470    0.0005538062    
0.4340275800    0.0161457720    0.0005683581    
0.4342691700    0.0157692710    0.0005671812    
0.4345107600    0.0162948950    0.0005808503    
0.4347523400    0.0160197540    0.0005788172    
0.4349939300    0.0157188270    0.0005782264    
0.4352355200    0.0159694000    0.0005914592    
0.4354771100    0.0167679260    0.0006114634    
0.4357187000    0.0157200970    0.0006046191    
0.4359602900    0.0153773450    0.0005892611    
0.4362018800    0.0145762970    0.0005784427    
0.4364434600    0.0150971350    0.0005930715    
0.4366850500    0.0167386660    0.0006322107    
0.4369266400    0.0160609190    0.0006289941    
0.4371682300    0.0160647470    0.0006315704    
0.4374098200    0.0158173180    0.0006362658    
0.4376514100    0.0150360700    0.0006281408    
0.4378930000    0.0159987500    0.0006569899    
0.4381345800    0.0170477980    0.0006902452    
0.4383761700    0.0158929080    0.0006795317    
0.4386177600    0.0154682770    0.0006589708    
0.4388593500    0.0167445940    0.0006958816    
0.4391009400    0.0153040800    0.0006763512    
0.4393425300    0.0155038180    0.0006899109    
0.4395841100    0.0162677130    0.0007210537    
0.4398257000    0.0163512220    0.0007401850    
0.4400672900    0.0166192740    0.0007617432    
0.4403088800    0.0148685790    0.0007415773    
0.4405504700    0.0155113230    0.0007834401    
0.4407920600    0.0157197780    0.0008205657    
0.4410336500    0.0148666960    0.0008208760    
0.4412752300    0.0166192740    0.0008710867    
0.4415168200    0.0147353080    0.0008623187    
0.4417584100    0.0173014090    0.0012686008    
0.4420000000    0.0154731180    0.0018235244    