# Diamond Light Source Ltd.
# Data extracted from: /dls/b21/data/2017/mx13440-2/processed/b21-369037_00306.dat
q(1/A)          Column          Error           
0.0040000000    0.8145664300    0.0210250080    
0.0042415885    0.8900410400    0.0206706990    
0.0044831771    0.6694350400    0.0166890040    
0.0047247656    0.5757182900    0.0149853490    
0.0049663541    0.4486476800    0.0124720630    
0.0052079426    0.3568297000    0.0114453180    
0.0054495312    0.2898874200    0.0095108978    
0.0056911197    0.2635025000    0.0085491500    
0.0059327082    0.2108020000    0.0076465922    
0.0061742967    0.1663377200    0.0065092981    
0.0064158853    0.1435395200    0.0059860118    
0.0066574738    0.1250398600    0.0052791871    
0.0068990623    0.1202781700    0.0052245501    
0.0071406509    0.0959119910    0.0045828522    
0.0073822394    0.0982166350    0.0044829556    
0.0076238279    0.0848365370    0.0040676006    
0.0078654164    0.0648242990    0.0036125170    
0.0081070050    0.0725385600    0.0036224028    
0.0083485935    0.0679746490    0.0033860585    
0.0085901820    0.0646312550    0.0033242731    
0.0088317705    0.0554381880    0.0029977539    
0.0090733591    0.0526471600    0.0029025319    
0.0093149476    0.0482922820    0.0026787738    
0.0095565361    0.0463605900    0.0026246516    
0.0097981247    0.0441317160    0.0025607819    
0.0100397130    0.0409122300    0.0023820021    
0.0102813020    0.0383159080    0.0023581811    
0.0105228900    0.0412660200    0.0022925567    
0.0107644790    0.0341946500    0.0021085325    
0.0110060670    0.0312660340    0.0019656787    
0.0112476560    0.0347529610    0.0020622089    
0.0114892440    0.0326901600    0.0019712908    
0.0117308330    0.0314397470    0.0019240813    
0.0119724210    0.0326356310    0.0019331679    
0.0122140100    0.0321600490    0.0019016636    
0.0124555980    0.0290887020    0.0017541147    
0.0126971870    0.0319351540    0.0018950027    
0.0129387760    0.0279831600    0.0016783184    
0.0131803640    0.0274597340    0.0016900298    
0.0134219530    0.0299947770    0.0017035888    
0.0136635410    0.0245733420    0.0015479750    
0.0139051300    0.0264260940    0.0016052709    
0.0141467180    0.0239387780    0.0014932599    
0.0143883070    0.0251442890    0.0015080542    
0.0146298950    0.0251442890    0.0015080542    
0.0148714840    0.0268907160    0.0015709724    
0.0151130720    0.0255021730    0.0015132756    
0.0153546610    0.0247969720    0.0014364500    
0.0155962490    0.0248784850    0.0014534166    
0.0158378380    0.0243960450    0.0014061647    
0.0160794260    0.0269085940    0.0014768010    
0.0163210150    0.0224050340    0.0013179432    
0.0165626030    0.0206954600    0.0012909473    
0.0168041920    0.0207779150    0.0012461766    
0.0170457800    0.0217862350    0.0012837662    
0.0172873690    0.0220485070    0.0012837137    
0.0175289580    0.0232647020    0.0013108175    
0.0177705460    0.0256053110    0.0013513966    
0.0180121350    0.0217558080    0.0012316801    
0.0182537230    0.0211438590    0.0012008905    
0.0184953120    0.0209611110    0.0011924360    
0.0187369000    0.0204862640    0.0011788520    
0.0189784890    0.0215534470    0.0011775906    
0.0192200770    0.0198512100    0.0011480251    
0.0194616660    0.0201724400    0.0011276737    
0.0197032540    0.0179224370    0.0010710705    
0.0199448430    0.0216349420    0.0011767857    
0.0201864310    0.0182182350    0.0010716609    
0.0204280200    0.0208432230    0.0011237913    
0.0206696080    0.0193701810    0.0010679127    
0.0209111970    0.0198600410    0.0011050422    
0.0211527850    0.0199360440    0.0010733206    
0.0213943740    0.0203190420    0.0010860985    
0.0216359620    0.0192792420    0.0010628990    
0.0218775510    0.0182290840    0.0010287267    
0.0221191400    0.0214931470    0.0010968176    
0.0223607280    0.0183359450    0.0010063157    
0.0226023170    0.0215060230    0.0011226053    
0.0228439050    0.0175172320    0.0009687051    
0.0230854940    0.0202160830    0.0010384304    
0.0233270820    0.0189084440    0.0010021455    
0.0235686710    0.0205517600    0.0010515195    
0.0238102590    0.0198572460    0.0010120190    
0.0240518480    0.0192065300    0.0009891866    
0.0242934360    0.0198238720    0.0010196300    
0.0245350250    0.0189783190    0.0009853052    
0.0247766130    0.0197079430    0.0009979505    
0.0250182020    0.0196509370    0.0010067480    
0.0252597900    0.0190665300    0.0009679564    
0.0255013790    0.0189160610    0.0009566263    
0.0257429670    0.0184554280    0.0009467435    
0.0259845560    0.0196954540    0.0009668118    
0.0262261450    0.0171383310    0.0009070566    
0.0264677330    0.0190979350    0.0009466495    
0.0267093220    0.0190923740    0.0009394743    
0.0269509100    0.0198678700    0.0009637333    
0.0271924990    0.0209102970    0.0009813689    
0.0274340870    0.0188622670    0.0009372736    
0.0276756760    0.0207277290    0.0009664353    
0.0279172640    0.0178694800    0.0008957161    
0.0281588530    0.0172116040    0.0008682106    
0.0284004410    0.0169840240    0.0008701179    
0.0286420300    0.0187868850    0.0008976721    
0.0288836180    0.0184378760    0.0008986071    
0.0291252070    0.0187015330    0.0008865377    
0.0293667950    0.0200998370    0.0009301095    
0.0296083840    0.0178610150    0.0008663865    
0.0298499720    0.0200553380    0.0009211722    
0.0300915610    0.0185334290    0.0008825443    
0.0303331490    0.0190531870    0.0008873954    
0.0305747380    0.0177159580    0.0008445751    
0.0308163270    0.0174743760    0.0008387969    
0.0310579150    0.0193527300    0.0008870309    
0.0312995040    0.0184025030    0.0008580211    
0.0315410920    0.0181083670    0.0008470737    
0.0317826810    0.0193328500    0.0008724793    
0.0320242690    0.0190896550    0.0008588842    
0.0322658580    0.0174107750    0.0008319190    
0.0325074460    0.0173207550    0.0008156025    
0.0327490350    0.0179018840    0.0008266322    
0.0329906230    0.0181619910    0.0008238446    
0.0332322120    0.0172096130    0.0008067991    
0.0334738000    0.0187409560    0.0008306783    
0.0337153890    0.0172174000    0.0007950257    
0.0339569770    0.0189250520    0.0008347482    
0.0341985660    0.0171715660    0.0007963123    
0.0344401540    0.0190642640    0.0008280987    
0.0346817430    0.0179721800    0.0008110731    
0.0349233310    0.0178880140    0.0008056356    
0.0351649200    0.0179708470    0.0007926601    
0.0354065090    0.0181391240    0.0008008619    
0.0356480970    0.0187397390    0.0008027222    
0.0358896860    0.0175095360    0.0007846211    
0.0361312740    0.0181241090    0.0007872610    
0.0363728630    0.0174131580    0.0007695601    
0.0366144510    0.0168036150    0.0007622275    
0.0368560400    0.0182863580    0.0007833015    
0.0370976280    0.0195993600    0.0008209268    
0.0373392170    0.0184526720    0.0007889793    
0.0375808050    0.0174017320    0.0007580313    
0.0378223940    0.0176328740    0.0007630491    
0.0380639820    0.0180734980    0.0007756080    
0.0383055710    0.0186585370    0.0007727577    
0.0385471590    0.0184161480    0.0007706918    
0.0387887480    0.0171298300    0.0007461871    
0.0390303360    0.0183255460    0.0007629024    
0.0392719250    0.0186275080    0.0007681855    
0.0395135140    0.0177404840    0.0007496723    
0.0397551020    0.0175534160    0.0007603228    
0.0399966910    0.0162963970    0.0007052141    
0.0402382790    0.0186760880    0.0007605491    
0.0404798680    0.0187072870    0.0007555802    
0.0407214560    0.0191427530    0.0007719103    
0.0409630450    0.0175768830    0.0007279601    
0.0412046330    0.0184021110    0.0007493919    
0.0414462220    0.0177924200    0.0007306471    
0.0416878100    0.0175402270    0.0007245801    
0.0419293990    0.0176475670    0.0007259239    
0.0421709870    0.0177886420    0.0007262183    
0.0424125760    0.0188273090    0.0007506939    
0.0426541640    0.0188386550    0.0007394819    
0.0428957530    0.0179224370    0.0007221156    
0.0431373410    0.0184032470    0.0007308863    
0.0433789300    0.0172052760    0.0007018178    
0.0436205180    0.0184660730    0.0007254159    
0.0438621070    0.0175774360    0.0007093676    
0.0441036960    0.0184660730    0.0007254159    
0.0443452840    0.0168573040    0.0006876238    
0.0445868730    0.0190660790    0.0007387956    
0.0448284610    0.0182897360    0.0007146391    
0.0450700500    0.0175878460    0.0007246946    
0.0453116380    0.0186925420    0.0007489009    
0.0455532270    0.0181985050    0.0007602535    
0.0457948150    0.0176454450    0.0007476615    
0.0460364040    0.0176081090    0.0007487729    
0.0462779920    0.0174415300    0.0007568979    
0.0465195810    0.0184597740    0.0007786785    
0.0467611690    0.0191363950    0.0007959691    
0.0470027580    0.0179776170    0.0007714934    
0.0472443460    0.0179295100    0.0007862610    
0.0474859350    0.0182347170    0.0007832482    
0.0477275230    0.0174401800    0.0007722641    
0.0479691120    0.0181396100    0.0007886787    
0.0482107000    0.0186001770    0.0008064199    
0.0484522890    0.0169073410    0.0007645764    
0.0486938780    0.0176356570    0.0007863351    
0.0489354660    0.0192161730    0.0008231304    
0.0491770550    0.0186864720    0.0008210364    
0.0494186430    0.0169543060    0.0007667002    
0.0496602320    0.0182475210    0.0007731723    
0.0499018200    0.0193275260    0.0007844801    
0.0501434090    0.0163648920    0.0007101758    
0.0503849970    0.0173474440    0.0007240683    
0.0506265860    0.0173671350    0.0007192732    
0.0508681740    0.0182356710    0.0007335463    
0.0511097630    0.0168663690    0.0007021561    
0.0513513510    0.0179758980    0.0007116726    
0.0515929400    0.0185916190    0.0007354731    
0.0518345280    0.0177786710    0.0007077577    
0.0520761170    0.0170362200    0.0007007764    
0.0523177050    0.0183426680    0.0007054872    
0.0525592940    0.0176377940    0.0007049480    
0.0528008830    0.0188160920    0.0007091582    
0.0530424710    0.0181576420    0.0006988880    
0.0532840600    0.0182568110    0.0006970483    
0.0535256480    0.0172455010    0.0006774673    
0.0537672370    0.0178459490    0.0006833567    
0.0540088250    0.0172116040    0.0006725130    
0.0542504140    0.0180732860    0.0006920619    
0.0544920020    0.0174066260    0.0006734826    
0.0547335910    0.0169247710    0.0006592955    
0.0549751790    0.0182640350    0.0006820829    
0.0552167680    0.0168719880    0.0006562443    
0.0554583560    0.0170999250    0.0006533546    
0.0556999450    0.0188342110    0.0006836386    
0.0559415330    0.0180430990    0.0006738319    
0.0561831220    0.0170944990    0.0006493663    
0.0564247100    0.0176558390    0.0006579943    
0.0566662990    0.0189050270    0.0006782141    
0.0569078870    0.0191319850    0.0006890216    
0.0571494760    0.0179804570    0.0006614218    
0.0573910650    0.0182860410    0.0006568540    
0.0576326530    0.0185668240    0.0006669400    
0.0578742420    0.0177559900    0.0006509662    
0.0581158300    0.0183361520    0.0006552806    
0.0583574190    0.0187808720    0.0006619387    
0.0585990070    0.0172006760    0.0006370621    
0.0588405960    0.0185932630    0.0006611003    
0.0590821840    0.0172344320    0.0006305749    
0.0593237730    0.0170057330    0.0006281211    
0.0595653610    0.0172967340    0.0006358406    
0.0598069500    0.0174027970    0.0006239205    
0.0600485380    0.0180894170    0.0006395574    
0.0602901270    0.0172161340    0.0006244948    
0.0605317150    0.0175684930    0.0006274462    
0.0607733040    0.0186337080    0.0006433071    
0.0610148920    0.0189470370    0.0006521839    
0.0612564810    0.0179104570    0.0006312607    
0.0614980690    0.0177187730    0.0006218070    
0.0617396580    0.0167715680    0.0006186286    
0.0619812470    0.0188819840    0.0006557984    
0.0622228350    0.0168446690    0.0006154908    
0.0624644240    0.0186449510    0.0006429293    
0.0627060120    0.0187225460    0.0006494779    
0.0629476010    0.0181178570    0.0006429787    
0.0631891890    0.0180466420    0.0006376467    
0.0634307780    0.0170813930    0.0006175791    
0.0636723660    0.0191237440    0.0006528738    
0.0639139550    0.0182117290    0.0006359812    
0.0641555430    0.0183528790    0.0006317322    
0.0643971320    0.0183789110    0.0006383260    
0.0646387200    0.0182096000    0.0006238506    
0.0648803090    0.0175048200    0.0006169638    
0.0651218970    0.0185239260    0.0006223235    
0.0653634860    0.0172578570    0.0006052595    
0.0656050740    0.0169168180    0.0005977264    
0.0658466630    0.0180848710    0.0006149041    
0.0660882520    0.0187641520    0.0006247779    
0.0663298400    0.0180546290    0.0006138758    
0.0665714290    0.0179166090    0.0006084799    
0.0668130170    0.0176824050    0.0006065015    
0.0670546060    0.0176429920    0.0006023218    
0.0672961940    0.0182330680    0.0006098050    
0.0675377830    0.0174783900    0.0005922326    
0.0677793710    0.0178687490    0.0006026980    
0.0680209600    0.0182562190    0.0006018897    
0.0682625480    0.0187225460    0.0006100135    
0.0685041370    0.0179325650    0.0005951131    
0.0687457250    0.0184282620    0.0006115634    
0.0689873140    0.0177972470    0.0005919276    
0.0692289020    0.0184272380    0.0006023131    
0.0694704910    0.0170026270    0.0005781067    
0.0697120790    0.0182439830    0.0005969614    
0.0699536680    0.0181014190    0.0005974358    
0.0701952560    0.0180728680    0.0005964935    
0.0704368450    0.0183064900    0.0006022393    
0.0706784340    0.0184599860    0.0006106021    
0.0709200220    0.0174227830    0.0005879904    
0.0711616110    0.0171375690    0.0005826948    
0.0714031990    0.0177763530    0.0005982219    
0.0716447880    0.0182346620    0.0006088376    
0.0718863760    0.0192467380    0.0006170221    
0.0721279650    0.0186157820    0.0006011350    
0.0723695530    0.0178392260    0.0005852860    
0.0726111420    0.0171088690    0.0005767399    
0.0728527300    0.0172213430    0.0005702557    
0.0730943190    0.0181290910    0.0005891163    
0.0733359070    0.0198950690    0.0006133913    
0.0735774960    0.0187130180    0.0005971564    
0.0738190840    0.0189930760    0.0005952802    
0.0740606730    0.0197533170    0.0006084428    
0.0743022610    0.0186005450    0.0005908658    
0.0745438500    0.0180063830    0.0005787471    
0.0747854380    0.0174743760    0.0005642770    
0.0750270270    0.0181484620    0.0005797314    
0.0752686160    0.0182799970    0.0005746268    
0.0755102040    0.0181337870    0.0005731542    
0.0757517930    0.0185583130    0.0005819397    
0.0759933810    0.0177678550    0.0005604695    
0.0762349700    0.0180150080    0.0005716890    
0.0764765580    0.0178767820    0.0005641862    
0.0767181470    0.0186959140    0.0005761460    
0.0769597350    0.0183029930    0.0005656513    
0.0772013240    0.0170774690    0.0005452416    
0.0774429120    0.0181363890    0.0005591688    
0.0776845010    0.0176453590    0.0005492760    
0.0779260890    0.0185753970    0.0005670720    
0.0781676780    0.0177919680    0.0005511758    
0.0784092660    0.0175738180    0.0005489139    
0.0786508550    0.0181827970    0.0005537979    
0.0788924430    0.0179488870    0.0005555041    
0.0791340320    0.0191804340    0.0005703312    
0.0793756210    0.0185008770    0.0005616651    
0.0796172090    0.0178286090    0.0005458022    
0.0798587980    0.0176412530    0.0005480871    
0.0801003860    0.0175662040    0.0005465473    
0.0803419750    0.0184993630    0.0005530212    
0.0805835630    0.0189157350    0.0005637078    
0.0808251520    0.0179602410    0.0005485482    
0.0810667400    0.0178932250    0.0005475238    
0.0813083290    0.0176183330    0.0005368550    
0.0815499170    0.0179392820    0.0005497057    
0.0817915060    0.0179829520    0.0005466978    
0.0820330940    0.0184865820    0.0005484884    
0.0822746830    0.0187798020    0.0005542683    
0.0825162710    0.0186901260    0.0005504243    
0.0827578600    0.0183064900    0.0005465233    
0.0829994480    0.0178400820    0.0005325991    
0.0832410370    0.0186167690    0.0005504163    
0.0834826250    0.0180626860    0.0005359116    
0.0837242140    0.0189601420    0.0005480176    
0.0839658030    0.0181812480    0.0005380104    
0.0842073910    0.0185089810    0.0005411150    
0.0844489800    0.0188084650    0.0005420509    
0.0846905680    0.0179914970    0.0005262112    
0.0849321570    0.0178332450    0.0005298042    
0.0851737450    0.0177169480    0.0005215381    
0.0854153340    0.0182484590    0.0005325889    
0.0856569220    0.0179711910    0.0005249441    
0.0858985110    0.0184171600    0.0005370553    
0.0861400990    0.0180785270    0.0005265094    
0.0863816880    0.0177802400    0.0005240829    
0.0866232760    0.0177883810    0.0005284714    
0.0868648650    0.0184166220    0.0005307582    
0.0871064530    0.0182531360    0.0005300235    
0.0873480420    0.0189194660    0.0005353375    
0.0875896300    0.0177179220    0.0005193215    
0.0878312190    0.0170826150    0.0005093052    
0.0880728080    0.0178094350    0.0005184527    
0.0883143960    0.0178180750    0.0005182652    
0.0885559850    0.0183733020    0.0005281953    
0.0887975730    0.0172187270    0.0005088600    
0.0890391620    0.0179019760    0.0005191705    
0.0892807500    0.0186403310    0.0005278620    
0.0895223390    0.0181795400    0.0005200526    
0.0897639270    0.0181351720    0.0005160457    
0.0900055160    0.0189438530    0.0005286714    
0.0902471040    0.0192060450    0.0005345334    
0.0904886930    0.0184156190    0.0005188013    
0.0907302810    0.0179253840    0.0005074125    
0.0909718700    0.0196225970    0.0005402989    
0.0912134580    0.0177075980    0.0005049020    
0.0914550470    0.0177845720    0.0005125429    
0.0916966350    0.0181682840    0.0005114277    
0.0919382240    0.0186863040    0.0005204715    
0.0921798120    0.0186223490    0.0005162925    
0.0924214010    0.0181786190    0.0005101043    
0.0926629900    0.0187650010    0.0005153198    
0.0929045780    0.0191414920    0.0005258572    
0.0931461670    0.0190049370    0.0005180169    
0.0933877550    0.0185454510    0.0005125870    
0.0936293440    0.0181227390    0.0005087366    
0.0938709320    0.0191632440    0.0005219442    
0.0941125210    0.0179389420    0.0005010174    
0.0943541090    0.0198139950    0.0005265510    
0.0945956980    0.0180415990    0.0005032960    
0.0948372860    0.0183472610    0.0005049917    
0.0950788750    0.0182042030    0.0005016245    
0.0953204630    0.0188897120    0.0005129741    
0.0955620520    0.0179519850    0.0004992444    
0.0958036400    0.0175266130    0.0004908433    
0.0960452290    0.0193136400    0.0005152595    
0.0962868170    0.0193188940    0.0005176148    
0.0965284060    0.0183788870    0.0005026359    
0.0967699940    0.0176503300    0.0004925727    
0.0970115830    0.0187023490    0.0005018166    
0.0972531720    0.0187293220    0.0005038115    
0.0974947600    0.0185670320    0.0005010802    
0.0977363490    0.0189641270    0.0005045007    
0.0979779370    0.0191890880    0.0005094049    
0.0982195260    0.0195754170    0.0005147862    
0.0984611140    0.0199065010    0.0005160520    
0.0987027030    0.0195604690    0.0005120963    
0.0989442910    0.0194741320    0.0005112395    
0.0991858800    0.0206561420    0.0005248359    
0.0994274680    0.0194365410    0.0005069444    
0.0996690570    0.0194594490    0.0005037860    
0.0999106450    0.0195175590    0.0005085388    
0.1001522300    0.0204506810    0.0005164577    
0.1003938200    0.0190641500    0.0005004766    
0.1006354100    0.0200905820    0.0005116233    
0.1008770000    0.0211168340    0.0005256262    
0.1011185900    0.0206458270    0.0005197312    
0.1013601800    0.0203614240    0.0005166809    
0.1016017700    0.0220143510    0.0005336127    
0.1018433500    0.0212581020    0.0005361647    
0.1020849400    0.0200568920    0.0005279958    
0.1023265300    0.0215464600    0.0005515675    
0.1025681200    0.0214970330    0.0005481512    
0.1028097100    0.0207308470    0.0005463058    
0.1030513000    0.0220205560    0.0005650012    
0.1032928800    0.0226147680    0.0005779690    
0.1035344700    0.0217279320    0.0005589670    
0.1037760600    0.0207383630    0.0005554476    
0.1040176500    0.0220830030    0.0005755781    
0.1042592400    0.0219448460    0.0005755067    
0.1045008300    0.0207431790    0.0005561754    
0.1047424200    0.0211065200    0.0005661210    
0.1049840000    0.0207772730    0.0005644414    
0.1052255900    0.0201188300    0.0005571395    
0.1054671800    0.0196902970    0.0005477987    
0.1057087700    0.0193559000    0.0005468117    
0.1059503600    0.0188626150    0.0005418145    
0.1061919500    0.0198961050    0.0005561131    
0.1064335400    0.0182788840    0.0005199247    
0.1066751200    0.0183925700    0.0005136868    
0.1069167100    0.0181876160    0.0005093551    
0.1071583000    0.0186808480    0.0005095619    
0.1073998900    0.0187777750    0.0005091839    
0.1076414800    0.0187435590    0.0005124176    
0.1078830700    0.0184299000    0.0005008569    
0.1081246600    0.0187225460    0.0005078731    
0.1083662400    0.0187158280    0.0005014568    
0.1086078300    0.0181938930    0.0004998247    
0.1088494200    0.0179533100    0.0004900815    
0.1090910100    0.0179773700    0.0004891009    
0.1093326000    0.0185908830    0.0004947464    
0.1095741900    0.0188879980    0.0005000045    
0.1098157700    0.0183852030    0.0004884088    
0.1100573600    0.0183802210    0.0004919353    
0.1102989500    0.0188842260    0.0004942228    
0.1105405400    0.0181798640    0.0004846671    
0.1107821300    0.0183638770    0.0004893990    
0.1110237200    0.0196177500    0.0005008833    
0.1112653100    0.0180958500    0.0004860684    
0.1115068900    0.0178219360    0.0004754630    
0.1117484800    0.0187415150    0.0004868337    
0.1119900700    0.0192431400    0.0004913187    
0.1122316600    0.0185330470    0.0004838734    
0.1124732500    0.0180790950    0.0004752722    
0.1127148400    0.0187537190    0.0004835746    
0.1129564300    0.0185844190    0.0004830790    
0.1131980100    0.0187847060    0.0004832503    
0.1134396000    0.0190286540    0.0004875937    
0.1136811900    0.0186479540    0.0004814881    
0.1139227800    0.0180688600    0.0004720760    
0.1141643700    0.0183761700    0.0004725841    
0.1144059600    0.0186982150    0.0004769394    
0.1146475500    0.0182859940    0.0004742017    
0.1148891300    0.0185127190    0.0004711363    
0.1151307200    0.0190838910    0.0004834852    
0.1153723100    0.0177950950    0.0004614714    
0.1156139000    0.0183819150    0.0004728883    
0.1158554900    0.0182461450    0.0004661672    
0.1160970800    0.0187407760    0.0004772494    
0.1163386700    0.0183160540    0.0004679533    
0.1165802500    0.0178514520    0.0004615383    
0.1168218400    0.0171917720    0.0004499292    
0.1170634300    0.0183568250    0.0004653640    
0.1173050200    0.0173936960    0.0004542813    
0.1175466100    0.0187343440    0.0004701249    
0.1177882000    0.0194172710    0.0004761481    
0.1180297800    0.0195289480    0.0004777389    
0.1182713700    0.0182805600    0.0004641770    
0.1185129600    0.0184952880    0.0004642722    
0.1187545500    0.0172305480    0.0004472827    
0.1189961400    0.0186357870    0.0004643014    
0.1192377300    0.0176642900    0.0004495443    
0.1194793200    0.0180608110    0.0004539383    
0.1197209000    0.0176433870    0.0004488671    
0.1199624900    0.0174425180    0.0004454901    
0.1202040800    0.0186832950    0.0004577370    
0.1204456700    0.0181489390    0.0004562974    
0.1206872600    0.0175102950    0.0004433341    
0.1209288500    0.0185517200    0.0004596462    
0.1211704400    0.0182433480    0.0004535397    
0.1214120200    0.0182132030    0.0004515362    
0.1216536100    0.0185888140    0.0004551491    
0.1218952000    0.0192187270    0.0004603370    
0.1221367900    0.0189350480    0.0004601908    
0.1223783800    0.0183418050    0.0004499109    
0.1226199700    0.0181390300    0.0004490079    
0.1228615600    0.0183841530    0.0004516296    
0.1231031400    0.0186284070    0.0004542163    
0.1233447300    0.0191208980    0.0004599773    
0.1235863200    0.0180080300    0.0004483829    
0.1238279100    0.0188044470    0.0004531521    
0.1240695000    0.0185433050    0.0004488181    
0.1243110900    0.0180604730    0.0004427438    
0.1245526800    0.0177187730    0.0004396840    
0.1247942600    0.0186258720    0.0004472930    
0.1250358500    0.0178991010    0.0004403786    
0.1252774400    0.0185445440    0.0004472787    
0.1255190300    0.0191894020    0.0004538138    
0.1257606200    0.0175327830    0.0004354711    
0.1260022100    0.0176104230    0.0004360565    
0.1262437900    0.0179933750    0.0004392549    
0.1264853800    0.0188669360    0.0004492128    
0.1267269700    0.0185372790    0.0004429992    
0.1269685600    0.0183728890    0.0004412177    
0.1272101500    0.0183940800    0.0004414721    
0.1274517400    0.0168964800    0.0004260219    
0.1276933300    0.0180708280    0.0004340890    
0.1279349100    0.0188133030    0.0004481899    
0.1281765000    0.0179783220    0.0004371972    
0.1284180900    0.0186331660    0.0004426442    
0.1286596800    0.0179821060    0.0004361301    
0.1289012700    0.0173461970    0.0004269045    
0.1291428600    0.0182741330    0.0004390994    
0.1293844500    0.0175699100    0.0004271391    
0.1296260300    0.0180256250    0.0004346364    
0.1298676200    0.0185077060    0.0004404101    
0.1301092100    0.0176383090    0.0004277918    
0.1303508000    0.0180256770    0.0004313894    
0.1305923900    0.0179378320    0.0004346730    
0.1308339800    0.0177382510    0.0004309770    
0.1310755700    0.0188886920    0.0004428795    
0.1313171500    0.0173730340    0.0004238586    
0.1315587400    0.0177322630    0.0004276872    
0.1318003300    0.0179184470    0.0004311756    
0.1320419200    0.0181561240    0.0004304623    
0.1322835100    0.0180382650    0.0004308279    
0.1325251000    0.0181365030    0.0004318215    
0.1327666900    0.0181440260    0.0004310244    
0.1330082700    0.0181235470    0.0004307810    
0.1332498600    0.0188920510    0.0004405429    
0.1334914500    0.0172336650    0.0004228563    
0.1337330400    0.0182323740    0.0004292645    
0.1339746300    0.0185346600    0.0004338636    
0.1342162200    0.0187935800    0.0004367059    
0.1344578000    0.0183956930    0.0004334703    
0.1346993900    0.0182735280    0.0004294011    
0.1349409800    0.0184520920    0.0004339567    
0.1351825700    0.0185364770    0.0004317820    
0.1354241600    0.0187275910    0.0004347033    
0.1356657500    0.0180549670    0.0004273440    
0.1359073400    0.0186867090    0.0004374228    
0.1361489200    0.0181798640    0.0004274362    
0.1363905100    0.0173981220    0.0004178090    
0.1366321000    0.0176849110    0.0004210693    
0.1368736900    0.0186072530    0.0004319100    
0.1371152800    0.0180224990    0.0004230354    
0.1373568700    0.0184873260    0.0004301705    
0.1375984600    0.0189589040    0.0004366742    
0.1378400400    0.0189681700    0.0004360787    
0.1380816300    0.0176509850    0.0004184860    
0.1383232200    0.0184568710    0.0004301612    
0.1385648100    0.0184115070    0.0004298048    
0.1388064000    0.0188610120    0.0004319064    
0.1390479900    0.0175998800    0.0004154105    
0.1392895800    0.0192226140    0.0004384658    
0.1395311600    0.0180247500    0.0004208910    
0.1397727500    0.0183097660    0.0004242056    
0.1400143400    0.0184917670    0.0004261409    
0.1402559300    0.0184620930    0.0004300493    
0.1404975200    0.0181097370    0.0004213846    
0.1407391100    0.0182953600    0.0004238718    
0.1409806900    0.0178608810    0.0004218060    
0.1412222800    0.0184881480    0.0004249307    
0.1414638700    0.0184725200    0.0004255844    
0.1417054600    0.0177716980    0.0004141923    
0.1419470500    0.0180170590    0.0004216320    
0.1421886400    0.0180742720    0.0004181888    
0.1424302300    0.0179004860    0.0004173072    
0.1426718100    0.0185565140    0.0004257156    
0.1429134000    0.0179394000    0.0004177606    
0.1431549900    0.0179063980    0.0004183555    
0.1433965800    0.0185856000    0.0004263829    
0.1436381700    0.0183219350    0.0004205554    
0.1438797600    0.0187851960    0.0004255100    
0.1441213500    0.0179635890    0.0004167449    
0.1443629300    0.0172334170    0.0004075563    
0.1446045200    0.0179454570    0.0004162122    
0.1448461100    0.0183798540    0.0004212196    
0.1450877000    0.0182219430    0.0004168352    
0.1453292900    0.0175926950    0.0004130606    
0.1455708800    0.0186218100    0.0004226775    
0.1458124700    0.0178240200    0.0004172287    
0.1460540500    0.0179377120    0.0004118446    
0.1462956400    0.0180610740    0.0004161052    
0.1465372300    0.0181508650    0.0004158626    
0.1467788200    0.0186322370    0.0004208593    
0.1470204100    0.0183985940    0.0004186909    
0.1472620000    0.0182424810    0.0004164342    
0.1475035900    0.0183671450    0.0004172197    
0.1477451700    0.0178337270    0.0004128443    
0.1479867600    0.0181277300    0.0004137069    
0.1482283500    0.0185169090    0.0004208388    
0.1484699400    0.0183811010    0.0004175367    
0.1487115300    0.0184076410    0.0004191139    
0.1489531200    0.0178562790    0.0004078307    
0.1491947000    0.0178336980    0.0004106488    
0.1494362900    0.0180062300    0.0004106134    
0.1496778800    0.0172047570    0.0004027329    
0.1499194700    0.0178766480    0.0004099028    
0.1501610600    0.0183027160    0.0004155418    
0.1504026500    0.0183257830    0.0004136208    
0.1506442400    0.0178622310    0.0004120712    
0.1508858200    0.0183593220    0.0004161839    
0.1511274100    0.0181974410    0.0004112482    
0.1513690000    0.0186528420    0.0004163622    
0.1516105900    0.0186991720    0.0004181262    
0.1518521800    0.0184009490    0.0004141586    
0.1520937700    0.0187596390    0.0004170869    
0.1523353600    0.0180817450    0.0004097862    
0.1525769400    0.0185308800    0.0004162404    
0.1528185300    0.0184613450    0.0004149927    
0.1530601200    0.0182024750    0.0004111520    
0.1533017100    0.0184597740    0.0004162212    
0.1535433000    0.0189250520    0.0004173741    
0.1537848900    0.0185707790    0.0004132967    
0.1540264800    0.0190505260    0.0004195296    
0.1542680600    0.0182105470    0.0004098731    
0.1545096500    0.0178544920    0.0004039106    
0.1547512400    0.0169743700    0.0003957170    
0.1549928300    0.0190771920    0.0004192030    
0.1552344200    0.0181434980    0.0004083640    
0.1554760100    0.0186995510    0.0004147272    
0.1557176000    0.0186715810    0.0004159523    
0.1559591800    0.0181668860    0.0004084767    
0.1562007700    0.0182096620    0.0004065710    
0.1564423600    0.0177314320    0.0004006144    
0.1566839500    0.0186117620    0.0004145169    
0.1569255400    0.0187817230    0.0004135098    
0.1571671300    0.0182305670    0.0004075460    
0.1574087100    0.0183124980    0.0004062428    
0.1576503000    0.0180403850    0.0004078030    
0.1578918900    0.0185696720    0.0004086431    
0.1581334800    0.0185587920    0.0004108986    
0.1583750700    0.0184440590    0.0004103749    
0.1586166600    0.0189568770    0.0004258091    
0.1588582500    0.0183694710    0.0004186791    
0.1590998300    0.0188495120    0.0004290634    
0.1593414200    0.0184008530    0.0004267743    
0.1595830100    0.0189978040    0.0004360691    
0.1598246000    0.0177953910    0.0004212001    
0.1600661900    0.0192307590    0.0004421156    
0.1603077800    0.0182914350    0.0004333052    
0.1605493700    0.0189388130    0.0004416334    
0.1607909500    0.0187742940    0.0004408035    
0.1610325400    0.0182666650    0.0004375328    
0.1612741300    0.0194252970    0.0004513851    
0.1615157200    0.0183946370    0.0004411044    
0.1617573100    0.0185687780    0.0004437519    
0.1619989000    0.0185069730    0.0004466324    
0.1622404900    0.0185250170    0.0004447428    
0.1624820700    0.0178730060    0.0004412079    
0.1627236600    0.0181916410    0.0004439627    
0.1629652500    0.0187603690    0.0004502633    
0.1632068400    0.0186438140    0.0004423981    
0.1634484300    0.0185546990    0.0004344517    
0.1636900200    0.0185804780    0.0004342229    
0.1639316100    0.0180613970    0.0004253569    
0.1641731900    0.0182624840    0.0004273753    
0.1644147800    0.0189883240    0.0004323351    
0.1646563700    0.0175873960    0.0004175656    
0.1648979600    0.0186055300    0.0004259443    
0.1651395500    0.0179941190    0.0004208647    
0.1653811400    0.0180075000    0.0004185528    
0.1656227200    0.0187815150    0.0004296356    
0.1658643100    0.0176195120    0.0004128943    
0.1661059000    0.0182736680    0.0004200011    
0.1663474900    0.0179085220    0.0004129195    
0.1665890800    0.0177807110    0.0004112865    
0.1668306700    0.0183333940    0.0004197142    
0.1670722600    0.0177807110    0.0004112865    
0.1673138400    0.0172918560    0.0004054388    
0.1675554300    0.0175929810    0.0004069441    
0.1677970200    0.0179531260    0.0004129611    
0.1680386100    0.0181465410    0.0004156544    
0.1682802000    0.0184074470    0.0004161004    
0.1685217900    0.0187412310    0.0004184395    
0.1687633800    0.0184289140    0.0004144732    
0.1690049600    0.0173629660    0.0004048863    
0.1692465500    0.0187777750    0.0004157469    
0.1694881400    0.0175564680    0.0004046945    
0.1697297300    0.0186483610    0.0004158480    
0.1699713200    0.0180717750    0.0004113601    
0.1702129100    0.0186306340    0.0004138098    
0.1704545000    0.0179418630    0.0004071392    
0.1706960800    0.0177351880    0.0004064455    
0.1709376700    0.0185268080    0.0004106940    
0.1711792600    0.0178283760    0.0004043558    
0.1714208500    0.0179152270    0.0004031241    
0.1716624400    0.0176709240    0.0004028624    
0.1719040300    0.0175808720    0.0003983327    
0.1721456200    0.0180675300    0.0004054237    
0.1723872000    0.0174307090    0.0003982147    
0.1726287900    0.0186907750    0.0004119070    
0.1728703800    0.0180980050    0.0004062099    
0.1731119700    0.0182126290    0.0004054264    
0.1733535600    0.0185780400    0.0004096215    
0.1735951500    0.0177493670    0.0003980839    
0.1738367300    0.0180211250    0.0004025623    
0.1740783200    0.0185042720    0.0004060259    
0.1743199100    0.0182850620    0.0004040466    
0.1745615000    0.0174068120    0.0003933806    
0.1748030900    0.0180586260    0.0003998247    
0.1750446800    0.0182383030    0.0004063001    
0.1752862700    0.0179027740    0.0003972513    
0.1755278500    0.0175305760    0.0003986281    
0.1757694400    0.0186871370    0.0004067229    
0.1760110300    0.0179096810    0.0003988803    
0.1762526200    0.0176062250    0.0003933922    
0.1764942100    0.0181191610    0.0003995038    
0.1767358000    0.0185334290    0.0004037602    
0.1769773900    0.0179210900    0.0003961974    
0.1772189700    0.0177292840    0.0003947646    
0.1774605600    0.0182717200    0.0004018918    
0.1777021500    0.0189153810    0.0004071828    
0.1779437400    0.0180603060    0.0003980127    
0.1781853300    0.0167039670    0.0003837205    
0.1784269200    0.0178136850    0.0003926730    
0.1786685100    0.0179962590    0.0003956416    
0.1789100900    0.0178976310    0.0003931884    
0.1791516800    0.0181157970    0.0003962637    
0.1793932700    0.0174691720    0.0003892625    
0.1796348600    0.0178543290    0.0003917647    
0.1798764500    0.0176566160    0.0003895895    
0.1801180400    0.0179182470    0.0003926005    
0.1803596200    0.0182082860    0.0003983821    
0.1806012100    0.0174657980    0.0003870789    
0.1808428000    0.0181481820    0.0003944325    
0.1810843900    0.0181730110    0.0003934880    
0.1813259800    0.0177906930    0.0003899930    
0.1815675700    0.0181730110    0.0003934880    
0.1818091600    0.0180376270    0.0003917522    
0.1820507400    0.0176106950    0.0003873524    
0.1822923300    0.0175812900    0.0003862388    
0.1825339200    0.0179371040    0.0003913265    
0.1827755100    0.0186209310    0.0003970898    
0.1830171000    0.0181935150    0.0003956047    
0.1832586900    0.0179297900    0.0003888603    
0.1835002800    0.0176197290    0.0003858746    
0.1837418600    0.0177013160    0.0003857238    
0.1839834500    0.0179434980    0.0003897998    
0.1842250400    0.0179382230    0.0003889517    
0.1844666300    0.0174895260    0.0003836677    
0.1847082200    0.0177937730    0.0003867298    
0.1849498100    0.0181077260    0.0003905212    
0.1851914000    0.0180291180    0.0003916598    
0.1854329800    0.0177876820    0.0003870547    
0.1856745700    0.0176549770    0.0003859991    
0.1859161600    0.0178821120    0.0003857453    
0.1861577500    0.0175243030    0.0003818665    
0.1863993400    0.0176099010    0.0003838229    
0.1866409300    0.0182169790    0.0003885640    
0.1868825200    0.0169569040    0.0003780355    
0.1871241000    0.0175075500    0.0003810494    
0.1873656900    0.0177711210    0.0003859641    
0.1876072800    0.0177649560    0.0003829508    
0.1878488700    0.0182224380    0.0003913604    
0.1880904600    0.0169071790    0.0003760867    
0.1883320500    0.0174990930    0.0003796980    
0.1885736300    0.0178250880    0.0003839795    
0.1888152200    0.0176396970    0.0003818510    
0.1890568100    0.0173929380    0.0003801792    
0.1892984000    0.0168889370    0.0003726508    
0.1895399900    0.0169429940    0.0003744822    
0.1897815800    0.0178286310    0.0003841450    
0.1900231700    0.0172989040    0.0003783950    
0.1902647500    0.0172734840    0.0003771179    
0.1905063400    0.0180847040    0.0003883127    
0.1907479300    0.0177449640    0.0003826088    
0.1909895200    0.0172779430    0.0003760520    
0.1912311100    0.0169212750    0.0003726394    
0.1914727000    0.0173711810    0.0003771890    
0.1917142900    0.0176144350    0.0003809473    
0.1919558700    0.0175764330    0.0003773122    
0.1921974600    0.0181911470    0.0003871333    
0.1924390500    0.0177140910    0.0003826553    
0.1926806400    0.0178450550    0.0003825502    
0.1929222300    0.0175994400    0.0003805340    
0.1931638200    0.0172493500    0.0003736638    
0.1934054100    0.0173805170    0.0003782845    
0.1936469900    0.0176607910    0.0003783394    
0.1938885800    0.0173875610    0.0003773668    
0.1941301700    0.0179272230    0.0003814303    
0.1943717600    0.0187266440    0.0003917571    
0.1946133500    0.0176562500    0.0003769469    
0.1948549400    0.0172541110    0.0003751780    
0.1950965300    0.0177902860    0.0003805899    
0.1953381100    0.0175719530    0.0003780007    
0.1955797000    0.0178939700    0.0003821963    
0.1958212900    0.0175761030    0.0003766980    
0.1960628800    0.0179429450    0.0003807321    
0.1963044700    0.0174743760    0.0003751214    
0.1965460600    0.0172615740    0.0003758738    
0.1967876400    0.0173797820    0.0003732628    
0.1970292300    0.0181603070    0.0003819204    
0.1972708200    0.0174014310    0.0003755510    
0.1975124100    0.0180345150    0.0003820735    
0.1977540000    0.0169631360    0.0003704307    
0.1979955900    0.0181933870    0.0003833799    
0.1982371800    0.0176431800    0.0003783965    
0.1984787600    0.0175997490    0.0003737022    
0.1987203500    0.0183091650    0.0003833592    
0.1989619400    0.0176736980    0.0003768902    
0.1992035300    0.0176937470    0.0003763775    
0.1994451200    0.0172916000    0.0003723146    
0.1996867100    0.0175526370    0.0003743937    
0.1999283000    0.0172034190    0.0003713641    
0.2001698800    0.0178746270    0.0003790265    
0.2004114700    0.0179949860    0.0003814072    
0.2006530600    0.0173900510    0.0003719425    
0.2008946500    0.0179474340    0.0003787019    
0.2011362400    0.0169760550    0.0003658598    
0.2013778300    0.0177645740    0.0003773722    
0.2016194200    0.0174190780    0.0003709547    
0.2018610000    0.0171414250    0.0003695097    
0.2021025900    0.0176691040    0.0003755136    
0.2023441800    0.0180079450    0.0003781313    
0.2025857700    0.0177162140    0.0003754143    
0.2028273600    0.0182733330    0.0003828608    
0.2030689500    0.0175556230    0.0003739473    
0.2033105400    0.0183406140    0.0003800398    
0.2035521200    0.0180794050    0.0003788808    
0.2037937100    0.0180062530    0.0003775137    
0.2040353000    0.0178639330    0.0003768561    
0.2042768900    0.0179528020    0.0003764758    
0.2045184800    0.0175323220    0.0003705206    
0.2047600700    0.0180750230    0.0003789555    
0.2050016500    0.0183643340    0.0003823415    
0.2052432400    0.0181147490    0.0003793717    
0.2054848300    0.0181945960    0.0003786434    
0.2057264200    0.0182117860    0.0003812367    
0.2059680100    0.0178945990    0.0003738604    
0.2062096000    0.0182703110    0.0003790717    
0.2064511900    0.0184052150    0.0003797514    
0.2066927700    0.0180545900    0.0003777805    
0.2069343600    0.0176935750    0.0003735117    
0.2071759500    0.0181709560    0.0003783974    
0.2074175400    0.0177466760    0.0003737178    
0.2076591300    0.0174241670    0.0003697241    
0.2079007200    0.0184116990    0.0003830786    
0.2081423100    0.0180343320    0.0003755523    
0.2083838900    0.0175482140    0.0003712713    
0.2086254800    0.0177139240    0.0003736084    
0.2088670700    0.0180125560    0.0003759148    
0.2091086600    0.0179562650    0.0003766312    
0.2093502500    0.0177705520    0.0003731465    
0.2095918400    0.0180097590    0.0003776701    
0.2098334300    0.0186199780    0.0003832862    
0.2100750100    0.0179603050    0.0003776308    
0.2103166000    0.0178116770    0.0003764244    
0.2105581900    0.0178567410    0.0003740503    
0.2107997800    0.0178309960    0.0003759104    
0.2110413700    0.0177268330    0.0003728043    
0.2112829600    0.0176651790    0.0003747538    
0.2115245400    0.0182997030    0.0003785425    
0.2117661300    0.0180405730    0.0003782332    
0.2120077200    0.0178074310    0.0003740034    
0.2122493100    0.0183507340    0.0003830558    
0.2124909000    0.0177284290    0.0003739975    
0.2127324900    0.0174551860    0.0003735920    
0.2129740800    0.0169203340    0.0003649133    
0.2132156600    0.0182503510    0.0003789840    
0.2134572500    0.0181040120    0.0003788976    
0.2136988400    0.0182235950    0.0003799056    
0.2139404300    0.0178444370    0.0003740389    
0.2141820200    0.0181293100    0.0003786814    
0.2144236100    0.0185594650    0.0003842449    
0.2146652000    0.0184170500    0.0003822808    
0.2149067800    0.0178298730    0.0003744747    
0.2151483700    0.0178715210    0.0003805899    
0.2153899600    0.0179081610    0.0003857690    
0.2156315500    0.0176252070    0.0003864582    
0.2158731400    0.0181761520    0.0003939255    
0.2161147300    0.0182761460    0.0003999626    
0.2163563200    0.0179792740    0.0003976781    
0.2165979000    0.0177582950    0.0003981841    
0.2168394900    0.0173992720    0.0003944206    
0.2170810800    0.0174012240    0.0003988966    
0.2173226700    0.0179327390    0.0004046466    
0.2175642600    0.0181778570    0.0004096565    
0.2178058500    0.0181086920    0.0004103969    
0.2180474400    0.0170273270    0.0003998965    
0.2182890200    0.0170430520    0.0004032799    
0.2185306100    0.0174272760    0.0004051759    
0.2187722000    0.0175632550    0.0004119154    
0.2190137900    0.0168700200    0.0004029254    
0.2192553800    0.0170802170    0.0004092318    
0.2194969700    0.0180592440    0.0004181770    
0.2197385500    0.0176943600    0.0004113855    
0.2199801400    0.0171073230    0.0004002329    
0.2202217300    0.0177260310    0.0004034901    
0.2204633200    0.0177400220    0.0004017324    
0.2207049100    0.0167829440    0.0003882071    
0.2209465000    0.0173307020    0.0003944914    
0.2211880900    0.0173179110    0.0003923747    
0.2214296700    0.0169495780    0.0003876278    
0.2216712600    0.0163623380    0.0003803139    
0.2219128500    0.0169206110    0.0003856565    
0.2221544400    0.0174530700    0.0003936226    
0.2223960300    0.0165162740    0.0003810208    
0.2226376200    0.0167583300    0.0003868108    
0.2228792100    0.0179792740    0.0003976781    
0.2231207900    0.0173283610    0.0003904131    
0.2233623800    0.0173718820    0.0003884471    
0.2236039700    0.0169663490    0.0003854993    
0.2238455600    0.0177120400    0.0003919591    
0.2240871500    0.0172341430    0.0003873086    
0.2243287400    0.0173399980    0.0003864801    
0.2245703300    0.0164967890    0.0003794622    
0.2248119100    0.0167989370    0.0003823870    
0.2250535000    0.0172221330    0.0003870387    
0.2252950900    0.0175655350    0.0003923851    
0.2255366800    0.0168171730    0.0003803467    
0.2257782700    0.0171493680    0.0003850147    
0.2260198600    0.0170485910    0.0003825594    
0.2262614500    0.0169854030    0.0003817185    
0.2265030300    0.0172040390    0.0003836405    
0.2267446200    0.0171881940    0.0003849175    
0.2269862100    0.0171325750    0.0003816675    
0.2272278000    0.0169015860    0.0003801230    
0.2274693900    0.0172568600    0.0003829189    
0.2277109800    0.0169623070    0.0003830418    
0.2279525600    0.0173130480    0.0003834113    
0.2281941500    0.0174385440    0.0003857179    
0.2284357400    0.0165486720    0.0003752350    
0.2286773300    0.0164309510    0.0003751789    
0.2289189200    0.0174320660    0.0003840743    
0.2291605100    0.0167449930    0.0003786174    
0.2294021000    0.0174573940    0.0003850063    
0.2296436800    0.0163282040    0.0003756838    
0.2298852700    0.0167722810    0.0003771195    
0.2301268600    0.0171471860    0.0003852571    
0.2303684500    0.0174350240    0.0003862073    
0.2306100400    0.0166336850    0.0003777457    
0.2308516300    0.0172061180    0.0003834009    
0.2310932200    0.0159862400    0.0003714718    
0.2313348000    0.0165168760    0.0003757720    
0.2315763900    0.0179044250    0.0003916402    
0.2318179800    0.0171180040    0.0003847957    
0.2320595700    0.0164706930    0.0003758904    
0.2323011600    0.0172205990    0.0003855465    
0.2325427500    0.0166249990    0.0003788205    
0.2327843400    0.0171003600    0.0003856679    
0.2330259200    0.0163688790    0.0003739566    
0.2332675100    0.0167993200    0.0003793612    
0.2335091000    0.0166393880    0.0003788534    
0.2337506900    0.0167930910    0.0003786417    
0.2339922800    0.0173361710    0.0003869720    
0.2342338700    0.0177928750    0.0003913595    
0.2344754600    0.0168385980    0.0003819072    
0.2347170400    0.0167993200    0.0003793612    
0.2349586300    0.0170267570    0.0003828413    
0.2352002200    0.0170682400    0.0003865195    
0.2354418100    0.0173601990    0.0003875083    
0.2356834000    0.0161786980    0.0003738305    
0.2359249900    0.0172337860    0.0003834467    
0.2361665700    0.0171254440    0.0003855479    
0.2364081600    0.0164906060    0.0003762469    
0.2366497500    0.0166220100    0.0003798387    
0.2368913400    0.0166135700    0.0003781676    
0.2371329300    0.0165957760    0.0003803331    
0.2373745200    0.0166595630    0.0003796081    
0.2376161100    0.0164606170    0.0003773347    
0.2378576900    0.0167845300    0.0003823564    
0.2380992800    0.0170557360    0.0003832991    
0.2383408700    0.0173236610    0.0003873688    
0.2385824600    0.0167940250    0.0003798231    
0.2388240500    0.0167376090    0.0003808924    
0.2390656400    0.0171222170    0.0003853776    
0.2393072300    0.0166048840    0.0003784604    
0.2395488100    0.0168585090    0.0003818680    
0.2397904000    0.0163202110    0.0003768991    
0.2400319900    0.0171863370    0.0003873116    
0.2402735800    0.0167968990    0.0003834349    
0.2405151700    0.0168254330    0.0003830894    
0.2407567600    0.0173246990    0.0003860433    
0.2409983500    0.0167176460    0.0003813278    
0.2412399300    0.0166652660    0.0003791479    
0.2414815200    0.0164297220    0.0003788225    
0.2417231100    0.0167910590    0.0003796590    
0.2419647000    0.0166772260    0.0003817989    
0.2422062900    0.0168136830    0.0003828219    
0.2424478800    0.0171917720    0.0003872374    
0.2426894600    0.0167978810    0.0003846619    
0.2429310500    0.0168103080    0.0003822500    
0.2431726400    0.0167261690    0.0003810269    
0.2434142300    0.0162804750    0.0003744865    
0.2436558200    0.0170788300    0.0003874554    
0.2438974100    0.0171170170    0.0003843852    
0.2441390000    0.0170284150    0.0003851242    
0.2443805800    0.0165986510    0.0003804989    
0.2446221700    0.0164674500    0.0003793900    
0.2448637600    0.0170228920    0.0003866842    
0.2451053500    0.0169810150    0.0003840522    
0.2453469400    0.0169971090    0.0003883089    
0.2455885300    0.0172850230    0.0003874748    
0.2458301200    0.0164927290    0.0003808833    
0.2460717000    0.0168528880    0.0003819367    
0.2463132900    0.0171829340    0.0003860603    
0.2465548800    0.0170691380    0.0003869369    
0.2467964700    0.0161671010    0.0003748657    
0.2470380600    0.0173449240    0.0003895032    
0.2472796500    0.0170618160    0.0003861761    
0.2475212400    0.0163031670    0.0003797601    
0.2477628200    0.0166037670    0.0003840626    
0.2480044100    0.0163811400    0.0003776020    
0.2482460000    0.0166625870    0.0003809649    
0.2484875900    0.0166831100    0.0003821339    
0.2487291800    0.0166043340    0.0003812306    
0.2489707700    0.0168193700    0.0003827530    
0.2492123600    0.0173033700    0.0003905445    
0.2494539400    0.0166685960    0.0003825045    
0.2496955300    0.0172118820    0.0003893732    
0.2499371200    0.0162515720    0.0003770271    
0.2501787100    0.0170773940    0.0003907553    
0.2504203000    0.0168197420    0.0003831585    
0.2506618900    0.0167544780    0.0003802928    
0.2509034700    0.0168844280    0.0003844326    
0.2511450600    0.0172004940    0.0003873356    
0.2513866500    0.0168643160    0.0003844733    
0.2516282400    0.0168900530    0.0003820927    
0.2518698300    0.0161790070    0.0003760526    
0.2521114200    0.0168655130    0.0003830105    
0.2523530100    0.0165753450    0.0003803646    
0.2525945900    0.0159387020    0.0003720788    
0.2528361800    0.0166422630    0.0003830111    
0.2530777700    0.0170000370    0.0003836005    
0.2533193600    0.0167142450    0.0003799674    
0.2535609500    0.0169177010    0.0003836026    
0.2538025400    0.0170363000    0.0003848108    
0.2540441300    0.0169754560    0.0003841230    
0.2542857100    0.0161680920    0.0003744862    
0.2545273000    0.0164348190    0.0003795459    
0.2547688900    0.0164437300    0.0003767496    
0.2550104800    0.0168029590    0.0003837733    
0.2552520700    0.0160680870    0.0003767453    
0.2554936600    0.0166653610    0.0003799375    
0.2557352500    0.0164706030    0.0003791609    
0.2559768300    0.0168096090    0.0003814459    
0.2562184200    0.0169744090    0.0003851856    
0.2564600100    0.0165529440    0.0003782604    
0.2567016000    0.0174621220    0.0003909539    
0.2569431900    0.0159821320    0.0003725854    
0.2571847800    0.0166826850    0.0003801350    
0.2574263700    0.0162861400    0.0003761123    
0.2576679500    0.0163108140    0.0003771853    
0.2579095400    0.0163800430    0.0003783818    
0.2581511300    0.0168671590    0.0003819659    
0.2583927200    0.0165127850    0.0003775399    
0.2586343100    0.0170540310    0.0003824889    
0.2588759000    0.0167206000    0.0003814944    
0.2591174800    0.0171419880    0.0003832107    
0.2593590700    0.0167223840    0.0003788818    
0.2596006600    0.0162504090    0.0003747877    
0.2598422500    0.0170638060    0.0003844526    
0.2600838400    0.0169140440    0.0003830277    
0.2603254300    0.0170236730    0.0003856092    
0.2605670200    0.0160726790    0.0003733796    
0.2608086000    0.0165198940    0.0003755491    
0.2610501900    0.0168377840    0.0003811053    
0.2612917800    0.0163995640    0.0003770264    
0.2615333700    0.0168032800    0.0003807147    
0.2617749600    0.0161777340    0.0003742080    
0.2620165500    0.0168059290    0.0003804818    
0.2622581400    0.0171481600    0.0003867460    
0.2624997200    0.0165557650    0.0003784237    
0.2627413100    0.0171038950    0.0003884241    
0.2629829000    0.0162373280    0.0003727061    
0.2632244900    0.0162192530    0.0003754698    
0.2634660800    0.0171300540    0.0003840008    
0.2637076700    0.0164865660    0.0003776320    
0.2639492600    0.0167028120    0.0003801005    
0.2641908400    0.0162921740    0.0003760511    
0.2644324300    0.0170022840    0.0003848286    
0.2646740200    0.0161558150    0.0003724080    
0.2649156100    0.0172884230    0.0003894145    
0.2651572000    0.0165091710    0.0003785472    
0.2653987900    0.0167884530    0.0003837423    
0.2656403800    0.0160852000    0.0003741756    
0.2658819600    0.0166163680    0.0003787222    
0.2661235500    0.0163980370    0.0003781925    
0.2663651400    0.0165529440    0.0003782604    
0.2666067300    0.0170039260    0.0003841776    
0.2668483200    0.0162556360    0.0003751079    
0.2670899100    0.0166628020    0.0003829770    
0.2673314900    0.0163860070    0.0003762179    
0.2675730800    0.0165838280    0.0003812626    
0.2678146700    0.0166422630    0.0003830111    
0.2680562600    0.0170149810    0.0003840354    
0.2682978500    0.0167785330    0.0003820215    
0.2685394400    0.0168006240    0.0003809479    
0.2687810300    0.0160952800    0.0003748160    
0.2690226100    0.0162580350    0.0003739703    
0.2692642000    0.0163303680    0.0003796733    
0.2695057900    0.0166104590    0.0003795747    
0.2697473800    0.0171862040    0.0003862312    
0.2699889700    0.0164052690    0.0003794711    
0.2702305600    0.0169388170    0.0003862722    
0.2704721500    0.0162823830    0.0003780472    
0.2707137300    0.0167085330    0.0003800339    
0.2709553200    0.0167736490    0.0003833038    
0.2711969100    0.0168136830    0.0003828219    
0.2714385000    0.0169053710    0.0003829295    
0.2716800900    0.0165198940    0.0003799937    
0.2719216800    0.0165266070    0.0003884583    
0.2721632700    0.0167317710    0.0003936070    
0.2724048500    0.0170602200    0.0004025608    
0.2726464400    0.0167473450    0.0004061828    
0.2728880300    0.0162804750    0.0004007976    
0.2731296200    0.0162830780    0.0004030662    
0.2733712100    0.0173385070    0.0004192892    
0.2736128000    0.0160970140    0.0004095256    
0.2738543800    0.0164877870    0.0004120659    
0.2740959700    0.0166912520    0.0004185914    
0.2743375600    0.0166351630    0.0004209074    
0.2745791500    0.0163056940    0.0004185077    
0.2748207400    0.0170561410    0.0004310076    
0.2750623300    0.0171432740    0.0004321071    
0.2753039200    0.0165087690    0.0004285463    
0.2755455000    0.0158204690    0.0004182149    
0.2757870900    0.0167637400    0.0004369352    
0.2760286800    0.0161574280    0.0004268243    
0.2762702700    0.0161899430    0.0004351884    
0.2765118600    0.0170450150    0.0004288139    
0.2767534500    0.0174379800    0.0004320516    
0.2769950400    0.0167370610    0.0004198723    
0.2772366200    0.0170101810    0.0004188887    
0.2774782100    0.0166388160    0.0004148054    
0.2777198000    0.0171168660    0.0004217717    
0.2779613900    0.0161321030    0.0004084404    
0.2782029800    0.0158134650    0.0003965779    
0.2784445700    0.0158600500    0.0004005267    
0.2786861600    0.0162734780    0.0004045676    
0.2789277400    0.0165340690    0.0004032700    
0.2791693300    0.0160774510    0.0003979762    
0.2794109200    0.0168279140    0.0004091006    
0.2796525100    0.0169330730    0.0004097244    
0.2798941000    0.0163773820    0.0003983833    
0.2801356900    0.0177532860    0.0004190314    
0.2803772800    0.0162564040    0.0004045183    
0.2806188600    0.0161334630    0.0003947929    
0.2808604500    0.0164192620    0.0003961339    
0.2811020400    0.0155443360    0.0003869193    
0.2813436300    0.0169144500    0.0004054929    
0.2815852200    0.0173314560    0.0004063673    
0.2818268100    0.0162473950    0.0003955726    
0.2820683900    0.0165970750    0.0004008909    
0.2823099800    0.0158752500    0.0003917725    
0.2825515700    0.0166897580    0.0003981660    
0.2827931600    0.0166065920    0.0004019423    
0.2830347500    0.0160685030    0.0003930856    
0.2832763400    0.0171468630    0.0004040432    
0.2835179300    0.0163756820    0.0003948528    
0.2837595100    0.0164014900    0.0003974440    
0.2840011000    0.0165167700    0.0003993007    
0.2842426900    0.0166832700    0.0003973333    
0.2844842800    0.0162309890    0.0003940071    
0.2847258700    0.0160410440    0.0003922966    
0.2849674600    0.0160602980    0.0003935922    
0.2852090500    0.0155854090    0.0003857964    
0.2854506300    0.0164785370    0.0003983765    
0.2856922200    0.0159371370    0.0003905739    
0.2859338100    0.0165814550    0.0003990033    
0.2861754000    0.0163382950    0.0003939513    
0.2864169900    0.0157278880    0.0003863751    
0.2866585800    0.0154704080    0.0003849599    
0.2869001700    0.0169632850    0.0004021814    
0.2871417500    0.0159446070    0.0003894725    
0.2873833400    0.0163192680    0.0003956840    
0.2876249300    0.0168281740    0.0004022703    
0.2878665200    0.0166876980    0.0004030798    
0.2881081100    0.0165044130    0.0003938563    
0.2883497000    0.0162461700    0.0003929886    
0.2885912900    0.0156923620    0.0003860853    
0.2888328700    0.0158088830    0.0003876636    
0.2890744600    0.0162763610    0.0003924579    
0.2893160500    0.0154788220    0.0003831580    
0.2895576400    0.0161533490    0.0003935162    
0.2897992300    0.0162600430    0.0003909297    
0.2900408200    0.0166170860    0.0003960942    
0.2902824000    0.0163546660    0.0003959608    
0.2905239900    0.0165693820    0.0003968785    
0.2907655800    0.0166797460    0.0003953479    
0.2910071700    0.0165298150    0.0003935670    
0.2912487600    0.0163352330    0.0003918325    
0.2914903500    0.0165113690    0.0003929052    
0.2917319400    0.0160757580    0.0003863874    
0.2919735200    0.0160785940    0.0003875767    
0.2922151100    0.0166422630    0.0003935760    
0.2924567000    0.0171997040    0.0004008613    
0.2926982900    0.0161841330    0.0003889922    
0.2929398800    0.0157698360    0.0003860104    
0.2931814700    0.0167225110    0.0003934981    
0.2934230600    0.0157604720    0.0003831502    
0.2936646400    0.0157789230    0.0003806850    
0.2939062300    0.0162524050    0.0003899579    
0.2941478200    0.0165190780    0.0003906628    
0.2943894100    0.0166515920    0.0003941274    
0.2946310000    0.0161194860    0.0003867687    
0.2948725900    0.0168628760    0.0003964718    
0.2951141800    0.0163729410    0.0003899425    
0.2953557600    0.0161151330    0.0003894772    
0.2955973500    0.0163371550    0.0003886495    
0.2958389400    0.0163874090    0.0003885280    
0.2960805300    0.0157289680    0.0003809237    
0.2963221200    0.0164063550    0.0003883229    
0.2965637100    0.0166330790    0.0003908530    
0.2968053000    0.0170263150    0.0003945761    
0.2970468800    0.0160321290    0.0003840100    
0.2972884700    0.0168068570    0.0003920250    
0.2975300600    0.0164502370    0.0003878436    
0.2977716500    0.0162768700    0.0003872154    
0.2980132400    0.0165250640    0.0003910231    
0.2982548300    0.0161806530    0.0003839499    
0.2984964100    0.0155703270    0.0003760905    
0.2987380000    0.0164597820    0.0003875304    
0.2989795900    0.0156884220    0.0003775140    
0.2992211800    0.0164337820    0.0003859567    
0.2994627700    0.0161560030    0.0003837974    
0.2997043600    0.0156891820    0.0003791826    
0.2999459500    0.0161721770    0.0003848337    
0.3001875300    0.0163439930    0.0003863062    
0.3004291200    0.0159213880    0.0003852450    
0.3006707100    0.0158899170    0.0003795165    
0.3009123000    0.0164805990    0.0003883436    
0.3011538900    0.0170213170    0.0003919425    
0.3013954800    0.0163137970    0.0003858081    
0.3016370700    0.0161168780    0.0003831925    
0.3018786500    0.0166544110    0.0003895302    
0.3021202400    0.0160687060    0.0003824798    
0.3023618300    0.0160360880    0.0003837747    
0.3026034200    0.0157644300    0.0003796729    
0.3028450100    0.0158241920    0.0003806709    
0.3030866000    0.0162078510    0.0003856826    
0.3033281900    0.0162370920    0.0003837795    
0.3035697700    0.0165662850    0.0003886401    
0.3038113600    0.0163348620    0.0003861983    
0.3040529500    0.0164156530    0.0003857438    
0.3042945400    0.0158421540    0.0003788082    
0.3045361300    0.0167186880    0.0003915695    
0.3047777200    0.0157567780    0.0003786112    
0.3050193100    0.0166179680    0.0003891038    
0.3052608900    0.0169414090    0.0003938798    
0.3055024800    0.0164919940    0.0003935600    
0.3057440700    0.0155592530    0.0003747314    
0.3059856600    0.0160712050    0.0003816753    
0.3062272500    0.0161806530    0.0003839499    
0.3064688400    0.0162912250    0.0003862476    
0.3067104200    0.0169606890    0.0003909612    
0.3069520100    0.0155315650    0.0003760328    
0.3071936000    0.0168708660    0.0003927708    
0.3074351900    0.0155517180    0.0003775178    
0.3076767800    0.0159443030    0.0003801654    
0.3079183700    0.0169136710    0.0003955941    
0.3081599600    0.0167378730    0.0003935328    
0.3084015400    0.0160453120    0.0003809530    
0.3086431300    0.0156337320    0.0003757631    
0.3088847200    0.0163313640    0.0003864397    
0.3091263100    0.0164299890    0.0003866147    
0.3093679000    0.0160035800    0.0003821223    
0.3096094900    0.0159588710    0.0003796504    
0.3098510800    0.0162059260    0.0003865133    
0.3100926600    0.0165174770    0.0003883510    
0.3103342500    0.0169192280    0.0003930455    
0.3105758400    0.0168891810    0.0003954542    
0.3108174300    0.0160038050    0.0003811510    
0.3110590200    0.0161748870    0.0003850072    
0.3113006100    0.0163354100    0.0003839642    
0.3115422000    0.0162390370    0.0003857700    
0.3117837800    0.0161388710    0.0003831743    
0.3120253700    0.0155197650    0.0003768532    
0.3122669600    0.0162081170    0.0003828808    
0.3125085500    0.0164923600    0.0003890530    
0.3127501400    0.0156638440    0.0003784597    
0.3129917300    0.0159319230    0.0003833734    
0.3132333100    0.0156112990    0.0003785183    
0.3134749000    0.0162426780    0.0003855303    
0.3137164900    0.0153523060    0.0003734481    
0.3139580800    0.0158222540    0.0003789829    
0.3141996700    0.0161634800    0.0003833266    
0.3144412600    0.0162353170    0.0003845979    
0.3146828500    0.0160962650    0.0003837887    
0.3149244300    0.0157314780    0.0003778942    
0.3151660200    0.0168379110    0.0003929632    
0.3154076100    0.0159426990    0.0003830786    
0.3156492000    0.0158503640    0.0003835264    
0.3158907900    0.0159261750    0.0003799493    
0.3161323800    0.0156746900    0.0003770744    
0.3163739700    0.0157768660    0.0003784390    
0.3166155500    0.0160950620    0.0003841971    
0.3168571400    0.0156543940    0.0003772417    
0.3170987300    0.0157596270    0.0003793373    
0.3173403200    0.0157778880    0.0003795570    
0.3175819100    0.0158933000    0.0003817814    
0.3178235000    0.0156774500    0.0003783470    
0.3180650900    0.0160215580    0.0003843084    
0.3183066700    0.0162784810    0.0003863801    
0.3185482600    0.0159967640    0.0003831629    
0.3187898500    0.0169258700    0.0003914084    
0.3190314400    0.0158210990    0.0003799374    
0.3192730300    0.0157136470    0.0003782305    
0.3195146200    0.0159148490    0.0003812008    
0.3197562100    0.0159362090    0.0003806222    
0.3199977900    0.0159032150    0.0003809222    
0.3202393800    0.0157078210    0.0003799662    
0.3204809700    0.0152287770    0.0003746796    
0.3207225600    0.0155262380    0.0003779027    
0.3209641500    0.0163695900    0.0003878875    
0.3212057400    0.0162516420    0.0003842307    
0.3214473200    0.0162480400    0.0003844681    
0.3216889100    0.0159453000    0.0003807307    
0.3219305000    0.0159641090    0.0003824905    
0.3221720900    0.0162188970    0.0003849658    
0.3224136800    0.0159443030    0.0003801654    
0.3226552700    0.0163179430    0.0003888533    
0.3228968600    0.0161914840    0.0003846403    
0.3231384400    0.0162262070    0.0003887702    
0.3233800300    0.0154068110    0.0003741105    
0.3236216200    0.0160660920    0.0003823093    
0.3238632100    0.0159696330    0.0003818564    
0.3241048000    0.0159681540    0.0003822584    
0.3243463900    0.0153895210    0.0003751311    
0.3245879800    0.0163439930    0.0003863062    
0.3248295600    0.0156727810    0.0003780142    
0.3250711500    0.0161651200    0.0003839057    
0.3253127400    0.0160583780    0.0003837590    
0.3255543300    0.0162225300    0.0003861413    
0.3257959200    0.0165152470    0.0003917792    
0.3260375100    0.0156157480    0.0003766386    
0.3262791000    0.0155472170    0.0003771864    
0.3265206800    0.0162262070    0.0003844900    
0.3267622700    0.0163123500    0.0003866398    
0.3270038600    0.0164593810    0.0003879513    
0.3272454500    0.0159098330    0.0003808622    
0.3274870400    0.0155130970    0.0003763586    
0.3277286300    0.0164736330    0.0003892616    
0.3279702200    0.0160242970    0.0003834925    
0.3282118000    0.0164497590    0.0003914391    
0.3284533900    0.0161860610    0.0003842947    
0.3286949800    0.0160325250    0.0003960157    
0.3289365700    0.0158181900    0.0003987075    
0.3291781600    0.0154462280    0.0003973656    
0.3294197500    0.0159552290    0.0004085716    
0.3296613300    0.0158129970    0.0004109005    
0.3299029200    0.0157145210    0.0004101457    
0.3301445100    0.0155442850    0.0004138160    
0.3303861000    0.0151834600    0.0004117194    
0.3306276900    0.0154745840    0.0004188443    
0.3308692800    0.0166687400    0.0004349025    
0.3311108700    0.0152156740    0.0004189564    
0.3313524500    0.0158321720    0.0004321796    
0.3315940400    0.0153050790    0.0004243233    
0.3318356300    0.0168756410    0.0004513430    
0.3320772200    0.0160375300    0.0004404187    
0.3323188100    0.0154265400    0.0004359798    
0.3325604000    0.0158355390    0.0004410689    
0.3328019900    0.0167593440    0.0004585153    
0.3330435700    0.0150124350    0.0004294529    
0.3332851600    0.0161556010    0.0004396998    
0.3335267500    0.0164025910    0.0004292754    
0.3337683400    0.0162003670    0.0004266210    
0.3340099300    0.0159734690    0.0004207918    
0.3342515200    0.0165589070    0.0004243085    
0.3344931100    0.0153997730    0.0004049768    
0.3347346900    0.0157307990    0.0004107104    
0.3349762800    0.0161752610    0.0004143419    
0.3352178700    0.0155257570    0.0004043934    
0.3354594600    0.0159227670    0.0004074732    
0.3357010500    0.0163383430    0.0004137947    
0.3359426400    0.0154781490    0.0004041141    
0.3361842300    0.0160942860    0.0004041291    
0.3364258100    0.0162039540    0.0004048459    
0.3366674000    0.0161014910    0.0004040553    
0.3369089900    0.0161456800    0.0004031384    
0.3371505800    0.0159104050    0.0003993859    
0.3373921700    0.0159471570    0.0004008139    
0.3376337600    0.0154789140    0.0003945674    
0.3378753400    0.0153706060    0.0003933431    
0.3381169300    0.0161305000    0.0004010131    
0.3383585200    0.0158339250    0.0004016641    
0.3386001100    0.0162499440    0.0004008973    
0.3388417000    0.0158187830    0.0003969610    
0.3390832900    0.0157828040    0.0003926119    
0.3393248800    0.0158227080    0.0003960631    
0.3395664600    0.0160168620    0.0003976967    
0.3398080500    0.0160675990    0.0003978543    
0.3400496400    0.0157879780    0.0003929839    
0.3402912300    0.0157191380    0.0003915130    
0.3405328200    0.0160831360    0.0003983611    
0.3407744100    0.0154046270    0.0003900218    
0.3410160000    0.0165696760    0.0004049825    
0.3412575800    0.0161903790    0.0003959486    
0.3414991700    0.0162329740    0.0003961620    
0.3417407600    0.0165839380    0.0004015116    
0.3419823500    0.0161601100    0.0003934475    
0.3422239400    0.0159016050    0.0003919458    
0.3424655300    0.0160922660    0.0003952073    
0.3427071200    0.0158577360    0.0003911022    
0.3429487000    0.0159912680    0.0003932015    
0.3431902900    0.0159434180    0.0003942962    
0.3434318800    0.0161766760    0.0004003098    
0.3436734700    0.0159005560    0.0003896774    
0.3439150600    0.0163412320    0.0003941367    
0.3441566500    0.0159365390    0.0003916191    
0.3443982300    0.0155157100    0.0003859677    
0.3446398200    0.0164353490    0.0003961763    
0.3448814100    0.0161782000    0.0003941216    
0.3451230000    0.0157248220    0.0003890091    
0.3453645900    0.0160135270    0.0003925639    
0.3456061800    0.0158623560    0.0003892090    
0.3458477700    0.0160230160    0.0003937441    
0.3460893500    0.0159086140    0.0003918806    
0.3463309400    0.0164838260    0.0003958526    
0.3465725300    0.0162490390    0.0003931731    
0.3468141200    0.0160766560    0.0003925809    
0.3470557100    0.0164769850    0.0003963747    
0.3472973000    0.0164091690    0.0003964678    
0.3475388900    0.0153300600    0.0003808784    
0.3477804700    0.0162663470    0.0003942850    
0.3480220600    0.0160683920    0.0003920286    
0.3482636500    0.0157166330    0.0003872690    
0.3485052400    0.0157699390    0.0003916864    
0.3487468300    0.0161376640    0.0003919727    
0.3489884200    0.0168674160    0.0004005845    
0.3492300100    0.0155596350    0.0003832841    
0.3494715900    0.0158509900    0.0003895168    
0.3497131800    0.0163810480    0.0003932710    
0.3499547700    0.0160724530    0.0003917781    
0.3501963600    0.0159451560    0.0003884444    
0.3504379500    0.0156877430    0.0003863226    
0.3506795400    0.0162958140    0.0003941895    
0.3509211300    0.0159467080    0.0003906911    
0.3511627100    0.0152788240    0.0003825688    
0.3514043000    0.0154652200    0.0003821194    
0.3516458900    0.0156210910    0.0003849148    
0.3518874800    0.0157673480    0.0003858339    
0.3521290700    0.0159588090    0.0003883163    
0.3523706600    0.0154051670    0.0003823906    
0.3526122400    0.0159314600    0.0003885722    
0.3528538300    0.0155997450    0.0003850909    
0.3530954200    0.0161337140    0.0003922240    
0.3533370100    0.0162243070    0.0003925746    
0.3535786000    0.0156478330    0.0003880556    
0.3538201900    0.0162026560    0.0003906807    
0.3540617800    0.0161947880    0.0003926658    
0.3543033600    0.0162817020    0.0003913373    
0.3545449500    0.0159425320    0.0003882652    
0.3547865400    0.0157807000    0.0003851243    
0.3550281300    0.0163127130    0.0003937926    
0.3552697200    0.0163804540    0.0003937108    
0.3555113100    0.0152343150    0.0003802642    
0.3557529000    0.0156377700    0.0003855599    
0.3559944800    0.0156749080    0.0003836868    
0.3562360700    0.0153613480    0.0003846352    
0.3564776600    0.0161406120    0.0003896381    
0.3567192500    0.0162808850    0.0003917706    
0.3569608400    0.0163857470    0.0003921427    
0.3572024300    0.0158006940    0.0003865342    
0.3574440200    0.0153881360    0.0003804472    
0.3576856000    0.0160993060    0.0003904655    
0.3579271900    0.0164287400    0.0003933970    
0.3581687800    0.0161929850    0.0003920464    
0.3584103700    0.0160829120    0.0003893814    
0.3586519600    0.0159807910    0.0003914087    
0.3588935500    0.0159236200    0.0003880349    
0.3591351400    0.0166675170    0.0003972964    
0.3593767200    0.0160009730    0.0003875111    
0.3596183100    0.0164114670    0.0003918615    
0.3598599000    0.0155738400    0.0003831693    
0.3601014900    0.0159750620    0.0003883670    
0.3603430800    0.0157082590    0.0003849647    
0.3605846700    0.0165669590    0.0003948994    
0.3608262500    0.0160492490    0.0003897102    
0.3610678400    0.0158283760    0.0003862878    
0.3613094300    0.0163178150    0.0003946063    
0.3615510200    0.0159995230    0.0003879314    
0.3617926100    0.0162919000    0.0003910181    
0.3620342000    0.0158378030    0.0003864028    
0.3622757900    0.0156609090    0.0003838043    
0.3625173700    0.0162403370    0.0003911347    
0.3627589600    0.0162394250    0.0003915673    
0.3630005500    0.0164950140    0.0003937442    
0.3632421400    0.0155528150    0.0003821896    
0.3634837300    0.0162318890    0.0003920700    
0.3637253200    0.0155950030    0.0003847394    
0.3639669100    0.0160655510    0.0003907980    
0.3642084900    0.0159113530    0.0003861342    
0.3644500800    0.0158233280    0.0003859348    
0.3646916700    0.0158403400    0.0003865798    
0.3649332600    0.0162318040    0.0003891277    
0.3651748500    0.0158695870    0.0003859169    
0.3654164400    0.0156612650    0.0003849709    
0.3656580300    0.0158120370    0.0003862343    
0.3658996100    0.0154682890    0.0003811496    
0.3661412000    0.0155644130    0.0003830533    
0.3663827900    0.0162800570    0.0003956648    
0.3666243800    0.0162057750    0.0003879467    
0.3668659700    0.0158883560    0.0003861451    
0.3671075600    0.0152898450    0.0003789447    
0.3673491500    0.0157097230    0.0003833921    
0.3675907300    0.0157579070    0.0003857184    
0.3678323200    0.0157048900    0.0003830461    
0.3680739100    0.0155926660    0.0003839813    
0.3683155000    0.0158934870    0.0003864981    
0.3685570900    0.0157876100    0.0003850637    
0.3687986800    0.0156306620    0.0003856192    
0.3690402600    0.0164332850    0.0003950948    
0.3692818500    0.0165146770    0.0003926505    
0.3695234400    0.0155622070    0.0003823049    
0.3697650300    0.0156699060    0.0003827625    
0.3700066200    0.0162092630    0.0003906130    
0.3702482100    0.0159732120    0.0003861600    
0.3704898000    0.0162853750    0.0003910868    
0.3707313800    0.0158686430    0.0003869250    
0.3709729700    0.0157288160    0.0003842015    
0.3712145600    0.0158038220    0.0003873067    
0.3714561500    0.0159039450    0.0003888274    
0.3716977400    0.0157145690    0.0003837390    
0.3719393300    0.0161280360    0.0003883175    
0.3721809200    0.0158082760    0.0003848814    
0.3724225000    0.0156114920    0.0003824784    
0.3726640900    0.0159795740    0.0003871064    
0.3729056800    0.0157169980    0.0003839128    
0.3731472700    0.0154806680    0.0003803019    
0.3733888600    0.0157246760    0.0003850203    
0.3736304500    0.0156991180    0.0003854358    
0.3738720400    0.0154974730    0.0003839727    
0.3741136200    0.0157812400    0.0003857122    
0.3743552100    0.0159190950    0.0003866638    
0.3745968000    0.0154855140    0.0003800770    
0.3748383900    0.0164237790    0.0003921555    
0.3750799800    0.0156677160    0.0003831665    
0.3753215700    0.0157525040    0.0003847801    
0.3755631500    0.0152980320    0.0003783352    
0.3758047400    0.0157124750    0.0003841463    
0.3760463300    0.0160236730    0.0003885169    
0.3762879200    0.0155241700    0.0003829919    
0.3765295100    0.0161662260    0.0003923194    
0.3767711000    0.0163769610    0.0003915961    
0.3770126900    0.0158195000    0.0003845852    
0.3772542700    0.0156535830    0.0003827065    
0.3774958600    0.0161851610    0.0003885682    
0.3777374500    0.0158151440    0.0003848206    
0.3779790400    0.0166893280    0.0003963551    
0.3782206300    0.0154987340    0.0003816681    
0.3784622200    0.0158151440    0.0003848206    
0.3787038100    0.0164252720    0.0003936527    
0.3789453900    0.0153300600    0.0003808784    
0.3791869800    0.0155926370    0.0003845640    
0.3794285700    0.0160345400    0.0003871903    
0.3796701600    0.0155833240    0.0003827083    
0.3799117500    0.0158425130    0.0003845769    
0.3801533400    0.0168145760    0.0003975399    
0.3803949300    0.0159921750    0.0003853816    
0.3806365100    0.0165143900    0.0003930883    
0.3808781000    0.0161560850    0.0003886550    
0.3811196900    0.0154720050    0.0003826377    
0.3813612800    0.0154825560    0.0003810387    
0.3816028700    0.0158643220    0.0003871651    
0.3818444600    0.0155292260    0.0003821873    
0.3820860500    0.0155393880    0.0003800282    
0.3823276300    0.0158089110    0.0003833097    
0.3825692200    0.0163833840    0.0003891990    
0.3828108100    0.0160307770    0.0003844189    
0.3830524000    0.0160040830    0.0003856685    
0.3832939900    0.0156415030    0.0003807082    
0.3835355800    0.0159750900    0.0003847465    
0.3837771600    0.0157750940    0.0003814819    
0.3840187500    0.0161582600    0.0003878106    
0.3842603400    0.0153311870    0.0003784613    
0.3845019300    0.0156500580    0.0003780163    
0.3847435200    0.0161382300    0.0003845707    
0.3849851100    0.0153670530    0.0003763767    
0.3852267000    0.0150477560    0.0003817212    
0.3854682800    0.0154611990    0.0003945005    
0.3857098700    0.0165598760    0.0004129658    
0.3859514600    0.0159862550    0.0004101737    
0.3861930500    0.0159855190    0.0004126068    
0.3864346400    0.0157543380    0.0004138719    
0.3866762300    0.0161424070    0.0004218886    
0.3869178200    0.0161259070    0.0004239258    
0.3871594000    0.0158588290    0.0004253669    
0.3874009900    0.0153382620    0.0004194792    
0.3876425800    0.0157534860    0.0004282800    
0.3878841700    0.0158516380    0.0004314269    
0.3881257600    0.0165115030    0.0004430324    
0.3883673500    0.0158463290    0.0004371505    
0.3886089400    0.0159101990    0.0004405922    
0.3888505200    0.0148697140    0.0004278280    
0.3890921100    0.0153314570    0.0004367954    
0.3893337000    0.0162605600    0.0004548520    
0.3895752900    0.0160442350    0.0004534369    
0.3898168800    0.0162096900    0.0004373019    
0.3900584700    0.0157442180    0.0004230544    
0.3903000600    0.0154185670    0.0004173282    
0.3905416400    0.0160921970    0.0004221653    
0.3907832300    0.0159108560    0.0004188518    
0.3910248200    0.0160729230    0.0004194999    
0.3912664100    0.0158137680    0.0004142911    
0.3915080000    0.0156746900    0.0004105066    
0.3917495900    0.0160711340    0.0004174673    
0.3919911700    0.0150498580    0.0004046889    
0.3922327600    0.0159412410    0.0004094233    
0.3924743500    0.0155862280    0.0004063822    
0.3927159400    0.0158562620    0.0004076443    
0.3929575300    0.0157428730    0.0004089403    
0.3931991200    0.0160494000    0.0004109830    
0.3934407100    0.0154815000    0.0004029674    
0.3936822900    0.0159875550    0.0004108839    
0.3939238800    0.0154989020    0.0004050703    
0.3941654700    0.0159435420    0.0004108396    
0.3944070600    0.0162772390    0.0004159998    
0.3946486500    0.0162860500    0.0004171798    
0.3948902400    0.0158417490    0.0004084879    
0.3951318300    0.0153523830    0.0004017902    
0.3953734100    0.0167442550    0.0004203174    
0.3956150000    0.0160024480    0.0004119474    
0.3958565900    0.0156232060    0.0004058318    
0.3960981800    0.0156260230    0.0004074198    
0.3963397700    0.0148627230    0.0003983628    
0.3965813600    0.0157596110    0.0004102063    
0.3968229500    0.0155134280    0.0004083895    
0.3970645300    0.0156696630    0.0004115055    
0.3973061200    0.0156502930    0.0004093066    
0.3975477100    0.0157697150    0.0004096375    
0.3977893000    0.0159023690    0.0004129441    
0.3980308900    0.0152946250    0.0004044556    
0.3982724800    0.0159345380    0.0004133616    
0.3985140700    0.0165492500    0.0004214404    
0.3987556500    0.0156263530    0.0004102267    
0.3989972400    0.0161982790    0.0004171269    
0.3992388300    0.0162653480    0.0004205306    
0.3994804200    0.0159252990    0.0004159303    
0.3997220100    0.0154373110    0.0004118447    
0.3999636000    0.0161078460    0.0004163193    
0.4002051800    0.0159361620    0.0004160722    
0.4004467700    0.0162229810    0.0004176246    
0.4006883600    0.0163297670    0.0004219141    
0.4009299500    0.0158748860    0.0004161780    
0.4011715400    0.0158619290    0.0004165547    
0.4014131300    0.0157034880    0.0004148327    
0.4016547200    0.0153245040    0.0004125218    
0.4018963000    0.0158857970    0.0004183371    
0.4021378900    0.0157757900    0.0004204262    
0.4023794800    0.0152798890    0.0004102815    
0.4026210700    0.0161488860    0.0004223465    
0.4028626600    0.0152810230    0.0004095744    
0.4031042500    0.0155246640    0.0004144703    
0.4033458400    0.0157570360    0.0004175606    
0.4035874200    0.0158857970    0.0004224587    
0.4038290100    0.0163153620    0.0004264088    
0.4040706000    0.0147297450    0.0004058844    
0.4043121900    0.0150501330    0.0004117533    
0.4045537800    0.0152000340    0.0004149238    
0.4047953700    0.0161723370    0.0004305358    
0.4050369600    0.0161343310    0.0004251769    
0.4052785400    0.0160930380    0.0004261655    
0.4055201300    0.0165858870    0.0004324465    
0.4057617200    0.0162730270    0.0004310830    
0.4060033100    0.0155823900    0.0004191602    
0.4062449000    0.0166308020    0.0004365957    
0.4064864900    0.0162730270    0.0004310830    
0.4067280800    0.0159788730    0.0004287410    
0.4069696600    0.0157181230    0.0004270031    
0.4072112500    0.0164786450    0.0004388458    
0.4074528400    0.0154406700    0.0004257977    
0.4076944300    0.0154656940    0.0004237574    
0.4079360200    0.0154348530    0.0004219631    
0.4081776100    0.0159830870    0.0004311886    
0.4084191900    0.0151555130    0.0004206620    
0.4086607800    0.0154485630    0.0004231292    
0.4089023700    0.0162179560    0.0004372068    
0.4091439600    0.0158857970    0.0004333206    
0.4093855500    0.0153556940    0.0004270416    
0.4096271400    0.0149422040    0.0004224604    
0.4098687300    0.0158052260    0.0004410809    
0.4101103100    0.0157459610    0.0004299864    
0.4103519000    0.0154108310    0.0004292394    
0.4105934900    0.0156021220    0.0004310702    
0.4108350800    0.0156592940    0.0004341437    
0.4110766700    0.0161973470    0.0004413266    
0.4113182600    0.0150749820    0.0004274119    
0.4115598500    0.0159590030    0.0004412674    
0.4118014300    0.0154822240    0.0004363354    
0.4120430200    0.0161176170    0.0004434549    
0.4122846100    0.0163193540    0.0004501998    
0.4125262000    0.0154722360    0.0004427874    
0.4127677900    0.0154768160    0.0004349755    
0.4130093800    0.0165148150    0.0004513188    
0.4132509700    0.0162175470    0.0004479028    
0.4134925500    0.0151814610    0.0004366168    
0.4137341400    0.0158267920    0.0004444606    
0.4139757300    0.0154155920    0.0004415281    
0.4142173200    0.0158869350    0.0004459738    
0.4144589100    0.0164165620    0.0004579633    
0.4147005000    0.0159933680    0.0004510994    
0.4149420800    0.0151720530    0.0004429914    
0.4151836700    0.0157494930    0.0004492526    
0.4154252600    0.0156179290    0.0004444163    
0.4156668500    0.0161938190    0.0004491357    
0.4159084400    0.0155585230    0.0004402376    
0.4161500300    0.0152925560    0.0004351576    
0.4163916200    0.0157696200    0.0004423321    
0.4166332000    0.0155008690    0.0004361686    
0.4168747900    0.0161542200    0.0004439581    
0.4171163800    0.0159502170    0.0004453006    
0.4173579700    0.0160496480    0.0004436042    
0.4175995600    0.0160858350    0.0004510244    
0.4178411500    0.0161160740    0.0004440853    
0.4180827400    0.0147611780    0.0004264740    
0.4183243200    0.0161010180    0.0004467337    
0.4185659100    0.0149880120    0.0004323065    
0.4188075000    0.0156706340    0.0004418209    
0.4190490900    0.0161074540    0.0004510989    
0.4192906800    0.0158353660    0.0004468207    
0.4195322700    0.0150959340    0.0004398325    
0.4197738600    0.0161851990    0.0004554245    
0.4200154400    0.0148840320    0.0004408270    
0.4202570300    0.0148130110    0.0004404657    
0.4204986200    0.0150012950    0.0004402634    
0.4207402100    0.0164763640    0.0004645378    
0.4209818000    0.0158456510    0.0004536597    
0.4212233900    0.0158057700    0.0004557040    
0.4214649800    0.0150969100    0.0004465447    
0.4217065600    0.0165448880    0.0004687107    
0.4219481500    0.0153014380    0.0004521989    
0.4221897400    0.0167006730    0.0004744586    
0.4224313300    0.0157252960    0.0004639154    
0.4226729200    0.0154509120    0.0004608621    
0.4229145100    0.0152323700    0.0004588563    
0.4231560900    0.0155541150    0.0004618902    
0.4233976800    0.0156881310    0.0004646423    
0.4236392700    0.0163371550    0.0004759965    
0.4238808600    0.0164607620    0.0004793945    
0.4241224500    0.0158082860    0.0004700602    
0.4243640400    0.0181758510    0.0005080305    
0.4246056300    0.0154630400    0.0004696564    
0.4248472100    0.0155516760    0.0004734417    
0.4250888000    0.0156892030    0.0004771864    
0.4253303900    0.0162830780    0.0004936533    
0.4255719800    0.0160603660    0.0004833602    
0.4258135700    0.0162189070    0.0004865916    
0.4260551600    0.0153792340    0.0004780403    
0.4262967500    0.0158268510    0.0004829391    
0.4265383300    0.0155421140    0.0004828700    
0.4267799200    0.0162837680    0.0004966503    
0.4270215100    0.0159940590    0.0004910221    
0.4272631000    0.0150057400    0.0004805683    
0.4275046900    0.0150121910    0.0004827595    
0.4277462800    0.0164149390    0.0005102336    
0.4279878700    0.0160157690    0.0005072245    
0.4282294500    0.0156374470    0.0004954915    
0.4284710400    0.0165737980    0.0005117223    
0.4287126300    0.0154383090    0.0004967195    
0.4289542200    0.0152196180    0.0004950942    
0.4291958100    0.0153258340    0.0004990778    
0.4294374000    0.0154779670    0.0005061837    
0.4296789900    0.0151128850    0.0004985281    
0.4299205700    0.0167654560    0.0005307012    
0.4301621600    0.0147448620    0.0005027956    
0.4304037500    0.0146772310    0.0005037213    
0.4306453400    0.0155756030    0.0005247554    
0.4308869300    0.0150296850    0.0005086778    
0.4311285200    0.0158113120    0.0005250060    
0.4313701000    0.0159822300    0.0005315611    
0.4316116900    0.0160990620    0.0005369338    
0.4318532800    0.0158137520    0.0005336883    
0.4320948700    0.0149086940    0.0005215892    
0.4323364600    0.0149520330    0.0005269899    
0.4325780500    0.0156961100    0.0005431863    
0.4328196400    0.0155782290    0.0005456815    
0.4330612200    0.0157746570    0.0005577184    
0.4333028100    0.0151114890    0.0005445803    
0.4335444000    0.0149780370    0.0005404733    
0.4337859900    0.0154986010    0.0005528168    
0.4340275800    0.0158475480    0.0005634739    
0.4342691700    0.0157910840    0.0005679658    
0.4345107600    0.0151978140    0.0005613441    
0.4347523400    0.0160209710    0.0005792394    
0.4349939300    0.0148033780    0.0005615242    
0.4352355200    0.0159256810    0.0005910575    
0.4354771100    0.0158309900    0.0005945453    
0.4357187000    0.0161144300    0.0006125787    
0.4359602900    0.0162578630    0.0006063160    
0.4362018800    0.0154699490    0.0005963227    
0.4364434600    0.0162612020    0.0006159369    
0.4366850500    0.0162118600    0.0006226127    
0.4369266400    0.0143564190    0.0005950927    
0.4371682300    0.0157140090    0.0006250697    
0.4374098200    0.0151984530    0.0006241257    
0.4376514100    0.0158714640    0.0006458007    
0.4378930000    0.0152103800    0.0006410411    
0.4381345800    0.0163157610    0.0006757298    
0.4383761700    0.0146929070    0.0006538258    
0.4386177600    0.0152366670    0.0006544709    
0.4388593500    0.0152618430    0.0006648163    
0.4391009400    0.0143973540    0.0006564628    
0.4393425300    0.0177695100    0.0007391142    
0.4395841100    0.0148500190    0.0006893949    
0.4398257000    0.0165080510    0.0007442404    
0.4400672900    0.0156633070    0.0007400217    
0.4403088800    0.0162965780    0.0007769089    
0.4405504700    0.0162063940    0.0008013546    
0.4407920600    0.0159130920    0.0008261666    
0.4410336500    0.0154773050    0.0008381430    
0.4412752300    0.0151334870    0.0008318117    
0.4415168200    0.0170802170    0.0009290414    
0.4417584100    0.0163007240    0.0012322189    
0.4420000000    0.0182921430    0.0019840614    