# Diamond Light Source Ltd.
# Data extracted from: /dls/b21/data/2017/mx13440-2/processed/b21-369037_00309.dat
q(1/A)          Column          Error           
0.0040000000    0.8179451800    0.0210771420    
0.0042415885    0.8628991600    0.0203613650    
0.0044831771    0.6808063000    0.0168369990    
0.0047247656    0.5141180600    0.0141667420    
0.0049663541    0.4667097200    0.0127258180    
0.0052079426    0.3762253900    0.0117570430    
0.0054495312    0.2882496400    0.0094878525    
0.0056911197    0.2734329100    0.0087122969    
0.0059327082    0.2120840000    0.0076729299    
0.0061742967    0.1715718600    0.0066136090    
0.0064158853    0.1553987200    0.0062309211    
0.0066574738    0.1271492800    0.0053256971    
0.0068990623    0.1181048500    0.0051792401    
0.0071406509    0.0979624710    0.0046334659    
0.0073822394    0.0974774550    0.0044678718    
0.0076238279    0.0813922670    0.0039857965    
0.0078654164    0.0652800360    0.0036266687    
0.0081070050    0.0803823950    0.0038147797    
0.0083485935    0.0675235610    0.0033761780    
0.0085901820    0.0571545320    0.0031273568    
0.0088317705    0.0536987690    0.0029515513    
0.0090733591    0.0480456100    0.0027739146    
0.0093149476    0.0486290210    0.0026891910    
0.0095565361    0.0426805170    0.0025193513    
0.0097981247    0.0446137810    0.0025757779    
0.0100397130    0.0387247620    0.0023183909    
0.0102813020    0.0339894760    0.0022219616    
0.0105228900    0.0386227880    0.0022188212    
0.0107644790    0.0390370580    0.0022538056    
0.0110060670    0.0347545770    0.0020732843    
0.0112476560    0.0339239690    0.0020382938    
0.0114892440    0.0354530850    0.0020537421    
0.0117308330    0.0319367330    0.0019400184    
0.0119724210    0.0285364480    0.0018084239    
0.0122140100    0.0276846600    0.0017651094    
0.0124555980    0.0300651510    0.0017840385    
0.0126971870    0.0274595810    0.0017579196    
0.0129387760    0.0262933480    0.0016275174    
0.0131803640    0.0248796190    0.0016093287    
0.0134219530    0.0264362590    0.0015999952    
0.0136635410    0.0290826090    0.0016847103    
0.0139051300    0.0255692730    0.0015796750    
0.0141467180    0.0238650440    0.0014915652    
0.0143883070    0.0235353860    0.0014596027    
0.0146298950    0.0240785100    0.0014763482    
0.0148714840    0.0245244580    0.0015008725    
0.0151130720    0.0238154140    0.0014629693    
0.0153546610    0.0251502760    0.0014472357    
0.0155962490    0.0231991660    0.0014040774    
0.0158378380    0.0243347900    0.0014049697    
0.0160794260    0.0237669780    0.0013884817    
0.0163210150    0.0215697930    0.0012936702    
0.0165626030    0.0231300870    0.0013653259    
0.0168041920    0.0194484030    0.0012061387    
0.0170457800    0.0233181360    0.0013286741    
0.0172873690    0.0225152660    0.0012977584    
0.0175289580    0.0246880520    0.0013508701    
0.0177705460    0.0247695710    0.0013297003    
0.0180121350    0.0237973400    0.0012886982    
0.0182537230    0.0204101950    0.0011803521    
0.0184953120    0.0216570810    0.0012125638    
0.0187369000    0.0183983350    0.0011176193    
0.0189784890    0.0196392620    0.0011245409    
0.0192200770    0.0222594290    0.0012161625    
0.0194616660    0.0202519530    0.0011303538    
0.0197032540    0.0190260620    0.0011040041    
0.0199448430    0.0204994600    0.0011459547    
0.0201864310    0.0222077490    0.0011836770    
0.0204280200    0.0192229090    0.0010796661    
0.0206696080    0.0200341130    0.0010865023    
0.0209111970    0.0205531070    0.0011246160    
0.0211527850    0.0198944420    0.0010726364    
0.0213943740    0.0213233120    0.0011130678    
0.0216359620    0.0198227620    0.0010782161    
0.0218775510    0.0213814140    0.0011145833    
0.0221191400    0.0204463160    0.0010702091    
0.0223607280    0.0221094840    0.0011054742    
0.0226023170    0.0202332920    0.0010893238    
0.0228439050    0.0199440830    0.0010340526    
0.0230854940    0.0196453160    0.0010240829    
0.0233270820    0.0208906400    0.0010537934    
0.0235686710    0.0200300490    0.0010385097    
0.0238102590    0.0202863660    0.0010233118    
0.0240518480    0.0198340120    0.0010056243    
0.0242934360    0.0200499580    0.0010258451    
0.0245350250    0.0188913760    0.0009834458    
0.0247766130    0.0193193930    0.0009884661    
0.0250182020    0.0197185540    0.0010088890    
0.0252597900    0.0201640240    0.0009958302    
0.0255013790    0.0191251330    0.0009622899    
0.0257429670    0.0189079110    0.0009586691    
0.0259845560    0.0188090340    0.0009451895    
0.0262261450    0.0182573320    0.0009365814    
0.0264677330    0.0195831020    0.0009589886    
0.0267093220    0.0197556430    0.0009560426    
0.0269509100    0.0194161850    0.0009531030    
0.0271924990    0.0196366490    0.0009513987    
0.0274340870    0.0193437360    0.0009495467    
0.0276756760    0.0189407240    0.0009242127    
0.0279172640    0.0188725920    0.0009208882    
0.0281588530    0.0196363250    0.0009277292    
0.0284004410    0.0187377880    0.0009143104    
0.0286420300    0.0181153420    0.0008818410    
0.0288836180    0.0203376230    0.0009441504    
0.0291252070    0.0185485170    0.0008832627    
0.0293667950    0.0176609040    0.0008722099    
0.0296083840    0.0194317800    0.0009040482    
0.0298499720    0.0182508170    0.0008791109    
0.0300915610    0.0182540970    0.0008762247    
0.0303331490    0.0182000590    0.0008676538    
0.0305747380    0.0192616400    0.0008810069    
0.0308163270    0.0178109730    0.0008471816    
0.0310579150    0.0181070920    0.0008583585    
0.0312995040    0.0187778260    0.0008670795    
0.0315410920    0.0186783030    0.0008606508    
0.0317826810    0.0184028330    0.0008515815    
0.0320242690    0.0172874950    0.0008176704    
0.0322658580    0.0200506270    0.0008931259    
0.0325074460    0.0184879510    0.0008429780    
0.0327490350    0.0170378260    0.0008067644    
0.0329906230    0.0187003870    0.0008363067    
0.0332322120    0.0195327250    0.0008598803    
0.0334738000    0.0189773070    0.0008362401    
0.0337153890    0.0169374910    0.0007888576    
0.0339569770    0.0190510060    0.0008378623    
0.0341985660    0.0172594620    0.0007986726    
0.0344401540    0.0171358060    0.0007854184    
0.0346817430    0.0175838480    0.0008025892    
0.0349233310    0.0169584240    0.0007847423    
0.0351649200    0.0180904510    0.0007956171    
0.0354065090    0.0174815250    0.0007865310    
0.0356480970    0.0188238200    0.0008048484    
0.0358896860    0.0181923690    0.0008000995    
0.0361312740    0.0185495550    0.0007967716    
0.0363728630    0.0167465790    0.0007549941    
0.0366144510    0.0182360380    0.0007943743    
0.0368560400    0.0184691460    0.0007875270    
0.0370976280    0.0174817200    0.0007756259    
0.0373392170    0.0182988850    0.0007860044    
0.0375808050    0.0178785600    0.0007686593    
0.0378223940    0.0194317800    0.0008013531    
0.0380639820    0.0176884720    0.0007676143    
0.0383055710    0.0176487540    0.0007518622    
0.0385471590    0.0178501240    0.0007590645    
0.0387887480    0.0182172940    0.0007698212    
0.0390303360    0.0172279580    0.0007400041    
0.0392719250    0.0181036840    0.0007576156    
0.0395135140    0.0199742920    0.0007957948    
0.0397551020    0.0188531480    0.0007882897    
0.0399966910    0.0184170920    0.0007500020    
0.0402382790    0.0182573320    0.0007522803    
0.0404798680    0.0174091920    0.0007291908    
0.0407214560    0.0189091230    0.0007674976    
0.0409630450    0.0178024070    0.0007329135    
0.0412046330    0.0170121400    0.0007208275    
0.0414462220    0.0192783010    0.0007608539    
0.0416878100    0.0186329400    0.0007471128    
0.0419293990    0.0173630860    0.0007203422    
0.0421709870    0.0182185300    0.0007352400    
0.0424125760    0.0188126790    0.0007507076    
0.0426541640    0.0177210090    0.0007175027    
0.0428957530    0.0178787910    0.0007215293    
0.0431373410    0.0176338560    0.0007157361    
0.0433789300    0.0181074650    0.0007202763    
0.0436205180    0.0189374300    0.0007349148    
0.0438621070    0.0172479330    0.0007029733    
0.0441036960    0.0179107020    0.0007147148    
0.0443452840    0.0179377480    0.0007096063    
0.0445868730    0.0188523920    0.0007349428    
0.0448284610    0.0179692730    0.0007086390    
0.0450700500    0.0183194000    0.0007399136    
0.0453116380    0.0181972750    0.0007392138    
0.0455532270    0.0182768930    0.0007621991    
0.0457948150    0.0175012840    0.0007449041    
0.0460364040    0.0180048470    0.0007574696    
0.0462779920    0.0181460680    0.0007723480    
0.0465195810    0.0188364080    0.0007869022    
0.0467611690    0.0183898720    0.0007806066    
0.0470027580    0.0183236020    0.0007791988    
0.0472443460    0.0180131220    0.0007884129    
0.0474859350    0.0180475370    0.0007795349    
0.0477275230    0.0181388630    0.0007879019    
0.0479691120    0.0187034700    0.0008011686    
0.0482107000    0.0176005740    0.0007847708    
0.0484522890    0.0186858830    0.0008041124    
0.0486938780    0.0184570720    0.0008047666    
0.0489354660    0.0181731840    0.0008008062    
0.0491770550    0.0181240260    0.0008089149    
0.0494186430    0.0191541830    0.0008152562    
0.0496602320    0.0190820520    0.0007909765    
0.0499018200    0.0193751280    0.0007857652    
0.0501434090    0.0181980160    0.0007492005    
0.0503849970    0.0187226650    0.0007525274    
0.0506265860    0.0171129520    0.0007142808    
0.0508681740    0.0178961380    0.0007269809    
0.0511097630    0.0176992380    0.0007195763    
0.0513513510    0.0174829630    0.0007021327    
0.0515929400    0.0179661460    0.0007232898    
0.0518345280    0.0184417060    0.0007211278    
0.0520761170    0.0177136290    0.0007148639    
0.0523177050    0.0186020070    0.0007107461    
0.0525592940    0.0181033260    0.0007144813    
0.0528008830    0.0187244130    0.0007077163    
0.0530424710    0.0173378380    0.0006832065    
0.0532840600    0.0192039020    0.0007151907    
0.0535256480    0.0176590670    0.0006858213    
0.0537672370    0.0181223610    0.0006889088    
0.0540088250    0.0179093810    0.0006862890    
0.0542504140    0.0176106030    0.0006834239    
0.0544920020    0.0173425600    0.0006725156    
0.0547335910    0.0184036440    0.0006877765    
0.0549751790    0.0181259420    0.0006797759    
0.0552167680    0.0171922720    0.0006627134    
0.0554583560    0.0186628370    0.0006828375    
0.0556999450    0.0176823130    0.0006626727    
0.0559415330    0.0187881580    0.0006878834    
0.0561831220    0.0179477890    0.0006656466    
0.0564247100    0.0180628840    0.0006658067    
0.0566662990    0.0183847040    0.0006690879    
0.0569078870    0.0182535110    0.0006732909    
0.0571494760    0.0178246410    0.0006588177    
0.0573910650    0.0175452760    0.0006436738    
0.0576326530    0.0176708250    0.0006509132    
0.0578742420    0.0191557760    0.0006764140    
0.0581158300    0.0182807690    0.0006545565    
0.0583574190    0.0175819990    0.0006407237    
0.0585990070    0.0177105750    0.0006466987    
0.0588405960    0.0173380410    0.0006386550    
0.0590821840    0.0185646110    0.0006547233    
0.0593237730    0.0173678630    0.0006350320    
0.0595653610    0.0176149240    0.0006419235    
0.0598069500    0.0177079930    0.0006296238    
0.0600485380    0.0176289090    0.0006316212    
0.0602901270    0.0187491240    0.0006519709    
0.0605317150    0.0188835640    0.0006507706    
0.0607733040    0.0166928570    0.0006091310    
0.0610148920    0.0186029840    0.0006464984    
0.0612564810    0.0182590450    0.0006376335    
0.0614980690    0.0176240030    0.0006203943    
0.0617396580    0.0177443770    0.0006365760    
0.0619812470    0.0179855410    0.0006403022    
0.0622228350    0.0182088540    0.0006401892    
0.0624644240    0.0190817020    0.0006506806    
0.0627060120    0.0178133000    0.0006337688    
0.0629476010    0.0191374360    0.0006610918    
0.0631891890    0.0181289790    0.0006393598    
0.0634307780    0.0180562110    0.0006352153    
0.0636723660    0.0168640090    0.0006133381    
0.0639139550    0.0180042800    0.0006326059    
0.0641555430    0.0171926280    0.0006116863    
0.0643971320    0.0170625920    0.0006152928    
0.0646387200    0.0183313750    0.0006261878    
0.0648803090    0.0175408330    0.0006178495    
0.0651218970    0.0180577460    0.0006146928    
0.0653634860    0.0182916500    0.0006233778    
0.0656050740    0.0170996850    0.0006011929    
0.0658466630    0.0182042160    0.0006171807    
0.0660882520    0.0174469630    0.0006026953    
0.0663298400    0.0178395440    0.0006104566    
0.0665714290    0.0173314200    0.0005987040    
0.0668130170    0.0181964740    0.0006155049    
0.0670546060    0.0183159050    0.0006139505    
0.0672961940    0.0173498040    0.0005950934    
0.0675377830    0.0197017900    0.0006290297    
0.0677793710    0.0178222610    0.0006021584    
0.0680209600    0.0179731830    0.0005974488    
0.0682625480    0.0178426710    0.0005957494    
0.0685041370    0.0188563820    0.0006104979    
0.0687457250    0.0185651360    0.0006140801    
0.0689873140    0.0177329220    0.0005910974    
0.0692289020    0.0175161870    0.0005874740    
0.0694704910    0.0177443410    0.0005908219    
0.0697120790    0.0179656000    0.0005926304    
0.0699536680    0.0178004050    0.0005926887    
0.0701952560    0.0182255040    0.0005992509    
0.0704368450    0.0186386460    0.0006079256    
0.0706784340    0.0170600790    0.0005872321    
0.0709200220    0.0181122020    0.0005997549    
0.0711616110    0.0182024230    0.0006007695    
0.0714031990    0.0189392700    0.0006177309    
0.0716447880    0.0176188100    0.0005987116    
0.0718863760    0.0181339820    0.0005991636    
0.0721279650    0.0176207090    0.0005850860    
0.0723695530    0.0181035860    0.0005898467    
0.0726111420    0.0180373100    0.0005924230    
0.0728527300    0.0187472370    0.0005952254    
0.0730943190    0.0200789390    0.0006202405    
0.0733359070    0.0175075290    0.0005756440    
0.0735774960    0.0184612510    0.0005933671    
0.0738190840    0.0182989860    0.0005845397    
0.0740606730    0.0186815180    0.0005919466    
0.0743022610    0.0185781180    0.0005907498    
0.0745438500    0.0181885930    0.0005819046    
0.0747854380    0.0184915980    0.0005807049    
0.0750270270    0.0185709830    0.0005866797    
0.0752686160    0.0168124870    0.0005513032    
0.0755102040    0.0188012450    0.0005838445    
0.0757517930    0.0189386810    0.0005881124    
0.0759933810    0.0187908700    0.0005766132    
0.0762349700    0.0175031280    0.0005637378    
0.0764765580    0.0187288780    0.0005777107    
0.0767181470    0.0182846690    0.0005700060    
0.0769597350    0.0175655830    0.0005543649    
0.0772013240    0.0176140430    0.0005539665    
0.0774429120    0.0180476300    0.0005580259    
0.0776845010    0.0182928730    0.0005594909    
0.0779260890    0.0189197080    0.0005725364    
0.0781676780    0.0173450570    0.0005444308    
0.0784092660    0.0190638120    0.0005719429    
0.0786508550    0.0178093390    0.0005483042    
0.0788924430    0.0188066140    0.0005688536    
0.0791340320    0.0177194300    0.0005484026    
0.0793756210    0.0180039770    0.0005542966    
0.0796172090    0.0179434600    0.0005477802    
0.0798587980    0.0177749090    0.0005503833    
0.0801003860    0.0182272220    0.0005569622    
0.0803419750    0.0177367850    0.0005417233    
0.0805835630    0.0176029290    0.0005440159    
0.0808251520    0.0169520390    0.0005331463    
0.0810667400    0.0187964750    0.0005614015    
0.0813083290    0.0184185330    0.0005491346    
0.0815499170    0.0191508120    0.0005681958    
0.0817915060    0.0177480870    0.0005433371    
0.0820330940    0.0189413710    0.0005554200    
0.0822746830    0.0193681110    0.0005631121    
0.0825162710    0.0176346110    0.0005348735    
0.0827578600    0.0188275990    0.0005544729    
0.0829994480    0.0182046960    0.0005382331    
0.0832410370    0.0175244330    0.0005342418    
0.0834826250    0.0184911340    0.0005424509    
0.0837242140    0.0179768630    0.0005338354    
0.0839658030    0.0186581210    0.0005452422    
0.0842073910    0.0191731820    0.0005509626    
0.0844489800    0.0176355650    0.0005250913    
0.0846905680    0.0174516350    0.0005184671    
0.0849321570    0.0175957200    0.0005264783    
0.0851737450    0.0185149940    0.0005333718    
0.0854153340    0.0181233070    0.0005309755    
0.0856569220    0.0179244360    0.0005244741    
0.0858985110    0.0179462710    0.0005303609    
0.0861400990    0.0187070960    0.0005358022    
0.0863816880    0.0181657600    0.0005299497    
0.0866232760    0.0183371060    0.0005367788    
0.0868648650    0.0184163060    0.0005309697    
0.0871064530    0.0185760560    0.0005349089    
0.0873480420    0.0186468280    0.0005316825    
0.0875896300    0.0187682560    0.0005347103    
0.0878312190    0.0178867610    0.0005213669    
0.0880728080    0.0190323360    0.0005361753    
0.0883143960    0.0176666260    0.0005162680    
0.0885559850    0.0184794410    0.0005299343    
0.0887975730    0.0175187030    0.0005134823    
0.0890391620    0.0182179220    0.0005239450    
0.0892807500    0.0178476500    0.0005167266    
0.0895223390    0.0177030040    0.0005134002    
0.0897639270    0.0182675060    0.0005181359    
0.0900055160    0.0186491930    0.0005247572    
0.0902471040    0.0182985630    0.0005219646    
0.0904886930    0.0179479050    0.0005123792    
0.0907302810    0.0180693510    0.0005096534    
0.0909718700    0.0194301260    0.0005378614    
0.0912134580    0.0179525440    0.0005085890    
0.0914550470    0.0175477350    0.0005093258    
0.0916966350    0.0183847890    0.0005146753    
0.0919382240    0.0188756190    0.0005233142    
0.0921798120    0.0182507200    0.0005113230    
0.0924214010    0.0172049570    0.0004964575    
0.0926629900    0.0176755550    0.0005003406    
0.0929045780    0.0185932060    0.0005184821    
0.0931461670    0.0188225740    0.0005157354    
0.0933877550    0.0188724900    0.0005172973    
0.0936293440    0.0183518840    0.0005121511    
0.0938709320    0.0185243740    0.0005133789    
0.0941125210    0.0183316630    0.0005066780    
0.0943541090    0.0194800170    0.0005223069    
0.0945956980    0.0189415360    0.0005159056    
0.0948372860    0.0188629850    0.0005122483    
0.0950788750    0.0175135030    0.0004922165    
0.0953204630    0.0183474170    0.0005057629    
0.0955620520    0.0178971230    0.0004986838    
0.0958036400    0.0183113040    0.0005019151    
0.0960452290    0.0185314250    0.0005049228    
0.0962868170    0.0190570240    0.0005143039    
0.0965284060    0.0189991820    0.0005112556    
0.0967699940    0.0186002130    0.0005058591    
0.0970115830    0.0191487930    0.0005079774    
0.0972531720    0.0196804420    0.0005166556    
0.0974947600    0.0181490600    0.0004956097    
0.0977363490    0.0185766030    0.0004995227    
0.0979779370    0.0192723800    0.0005107170    
0.0982195260    0.0188190800    0.0005049487    
0.0984611140    0.0193737620    0.0005093070    
0.0987027030    0.0205558840    0.0005251783    
0.0989442910    0.0191944800    0.0005077620    
0.0991858800    0.0198321600    0.0005144707    
0.0994274680    0.0186980890    0.0004974233    
0.0996690570    0.0196188750    0.0005060514    
0.0999106450    0.0199578000    0.0005144515    
0.1001522300    0.0199060440    0.0005097416    
0.1003938200    0.0199080780    0.0005116422    
0.1006354100    0.0207849920    0.0005206019    
0.1008770000    0.0210161770    0.0005245854    
0.1011185900    0.0208066700    0.0005219641    
0.1013601800    0.0209815990    0.0005247040    
0.1016017700    0.0200775880    0.0005098068    
0.1018433500    0.0208558550    0.0005312839    
0.1020849400    0.0215894930    0.0005480202    
0.1023265300    0.0206030880    0.0005395772    
0.1025681200    0.0214306020    0.0005475263    
0.1028097100    0.0213240490    0.0005542923    
0.1030513000    0.0214581410    0.0005579663    
0.1032928800    0.0217018330    0.0005664132    
0.1035344700    0.0212707000    0.0005532795    
0.1037760600    0.0209488020    0.0005584858    
0.1040176500    0.0227315790    0.0005842069    
0.1042592400    0.0218418710    0.0005743885    
0.1045008300    0.0223420700    0.0005774475    
0.1047424200    0.0211996870    0.0005676000    
0.1049840000    0.0217303100    0.0005774765    
0.1052255900    0.0213087330    0.0005736118    
0.1054671800    0.0200723880    0.0005533133    
0.1057087700    0.0199127650    0.0005548475    
0.1059503600    0.0200305860    0.0005585643    
0.1061919500    0.0191967040    0.0005464735    
0.1064335400    0.0186785850    0.0005257924    
0.1066751200    0.0185080530    0.0005155066    
0.1069167100    0.0188876900    0.0005192768    
0.1071583000    0.0189603600    0.0005135688    
0.1073998900    0.0179915930    0.0004986136    
0.1076414800    0.0177353550    0.0004986486    
0.1078830700    0.0190987850    0.0005100723    
0.1081246600    0.0186136970    0.0005066007    
0.1083662400    0.0190672290    0.0005063484    
0.1086078300    0.0185110380    0.0005043674    
0.1088494200    0.0179009810    0.0004895659    
0.1090910100    0.0178055600    0.0004869562    
0.1093326000    0.0183161220    0.0004912767    
0.1095741900    0.0175521870    0.0004821957    
0.1098157700    0.0177249350    0.0004797537    
0.1100573600    0.0184874240    0.0004935686    
0.1102989500    0.0185241970    0.0004896881    
0.1105405400    0.0185050210    0.0004891812    
0.1107821300    0.0179089130    0.0004834952    
0.1110237200    0.0186609940    0.0004887154    
0.1112653100    0.0187508550    0.0004949885    
0.1115068900    0.0182680740    0.0004815733    
0.1117484800    0.0181872350    0.0004797757    
0.1119900700    0.0184176450    0.0004808604    
0.1122316600    0.0186239960    0.0004852566    
0.1124732500    0.0182563700    0.0004777910    
0.1127148400    0.0179328680    0.0004730656    
0.1129564300    0.0178706470    0.0004739041    
0.1131980100    0.0181281260    0.0004749229    
0.1134396000    0.0173685600    0.0004660287    
0.1136811900    0.0186506930    0.0004817194    
0.1139227800    0.0178366950    0.0004692243    
0.1141643700    0.0181356980    0.0004696728    
0.1144059600    0.0179098680    0.0004669668    
0.1146475500    0.0175378310    0.0004645885    
0.1148891300    0.0188157870    0.0004751704    
0.1151307200    0.0185477750    0.0004768396    
0.1153723100    0.0181090030    0.0004657133    
0.1156139000    0.0176298360    0.0004633018    
0.1158554900    0.0185828320    0.0004706400    
0.1160970800    0.0173085830    0.0004588377    
0.1163386700    0.0186181340    0.0004719884    
0.1165802500    0.0181884330    0.0004660638    
0.1168218400    0.0191502550    0.0004750594    
0.1170634300    0.0187377880    0.0004703594    
0.1173050200    0.0187140390    0.0004713998    
0.1175466100    0.0184898400    0.0004672370    
0.1177882000    0.0181476680    0.0004605058    
0.1180297800    0.0185155550    0.0004653677    
0.1182713700    0.0177528300    0.0004576140    
0.1185129600    0.0186153190    0.0004659658    
0.1187545500    0.0190224860    0.0004701570    
0.1189961400    0.0184078360    0.0004616408    
0.1192377300    0.0179534690    0.0004533935    
0.1194793200    0.0187263700    0.0004624147    
0.1197209000    0.0182977730    0.0004573014    
0.1199624900    0.0181399550    0.0004544942    
0.1202040800    0.0189790950    0.0004615340    
0.1204456700    0.0185655660    0.0004616929    
0.1206872600    0.0176256530    0.0004449731    
0.1209288500    0.0183046760    0.0004567613    
0.1211704400    0.0178293920    0.0004485470    
0.1214120200    0.0178135030    0.0004467358    
0.1216536100    0.0182804970    0.0004515424    
0.1218952000    0.0195985350    0.0004650526    
0.1221367900    0.0185027260    0.0004550921    
0.1223783800    0.0178486680    0.0004440022    
0.1226199700    0.0179646940    0.0004470268    
0.1228615600    0.0182325620    0.0004499467    
0.1231031400    0.0177346710    0.0004433668    
0.1233447300    0.0176857260    0.0004425582    
0.1235863200    0.0179556500    0.0004479125    
0.1238279100    0.0191804130    0.0004578460    
0.1240695000    0.0177973650    0.0004398771    
0.1243110900    0.0187921010    0.0004518063    
0.1245526800    0.0182791710    0.0004467646    
0.1247942600    0.0179100140    0.0004387917    
0.1250358500    0.0176317380    0.0004372551    
0.1252774400    0.0180198030    0.0004410846    
0.1255190300    0.0181631410    0.0004416916    
0.1257606200    0.0186403650    0.0004491980    
0.1260022100    0.0182731260    0.0004443662    
0.1262437900    0.0182226600    0.0004422246    
0.1264853800    0.0185076470    0.0004450960    
0.1267269700    0.0180649870    0.0004374974    
0.1269685600    0.0183454290    0.0004410673    
0.1272101500    0.0184302640    0.0004420859    
0.1274517400    0.0179745160    0.0004395812    
0.1276933300    0.0189308540    0.0004444793    
0.1279349100    0.0182836360    0.0004420156    
0.1281765000    0.0186101030    0.0004449937    
0.1284180900    0.0185325720    0.0004416274    
0.1286596800    0.0179014690    0.0004353283    
0.1289012700    0.0178124650    0.0004327801    
0.1291428600    0.0186163540    0.0004433722    
0.1293844500    0.0180103090    0.0004326352    
0.1296260300    0.0183969100    0.0004392685    
0.1298676200    0.0183549560    0.0004387674    
0.1301092100    0.0182860870    0.0004357537    
0.1303508000    0.0181023460    0.0004324818    
0.1305923900    0.0174569770    0.0004289818    
0.1308339800    0.0178260500    0.0004322181    
0.1310755700    0.0183013000    0.0004361162    
0.1313171500    0.0177183610    0.0004282247    
0.1315587400    0.0184796920    0.0004367855    
0.1318003300    0.0182653200    0.0004355062    
0.1320419200    0.0188450360    0.0004387315    
0.1322835100    0.0183310050    0.0004344865    
0.1325251000    0.0179043120    0.0004292230    
0.1327666900    0.0181485490    0.0004312535    
0.1330082700    0.0192757890    0.0004444447    
0.1332498600    0.0183522370    0.0004343801    
0.1334914500    0.0182134000    0.0004348868    
0.1337330400    0.0185000890    0.0004325805    
0.1339746300    0.0184379430    0.0004329062    
0.1342162200    0.0186159160    0.0004348137    
0.1344578000    0.0186764530    0.0004369433    
0.1346993900    0.0190457930    0.0004385592    
0.1349409800    0.0177112700    0.0004253292    
0.1351825700    0.0186924910    0.0004337717    
0.1354241600    0.0188034280    0.0004357598    
0.1356657500    0.0183936040    0.0004315085    
0.1359073400    0.0180153300    0.0004296678    
0.1361489200    0.0179633330    0.0004250560    
0.1363905100    0.0180248280    0.0004254406    
0.1366321000    0.0175989720    0.0004202159    
0.1368736900    0.0177795770    0.0004223666    
0.1371152800    0.0186433790    0.0004304356    
0.1373568700    0.0177109910    0.0004212130    
0.1375984600    0.0182294570    0.0004283655    
0.1378400400    0.0192043510    0.0004389638    
0.1380816300    0.0189661770    0.0004339734    
0.1383232200    0.0185521660    0.0004314457    
0.1385648100    0.0188281630    0.0004348178    
0.1388064000    0.0179360130    0.0004213537    
0.1390479900    0.0181244800    0.0004217277    
0.1392895800    0.0186477030    0.0004320350    
0.1395311600    0.0185017210    0.0004265969    
0.1397727500    0.0180984410    0.0004219221    
0.1400143400    0.0190375530    0.0004325600    
0.1402559300    0.0182565610    0.0004278229    
0.1404975200    0.0179870990    0.0004201263    
0.1407391100    0.0189294410    0.0004313300    
0.1409806900    0.0178355430    0.0004216782    
0.1412222800    0.0182099630    0.0004218933    
0.1414638700    0.0186053140    0.0004272852    
0.1417054600    0.0181243050    0.0004184513    
0.1419470500    0.0181008510    0.0004227833    
0.1421886400    0.0183407600    0.0004214318    
0.1424302300    0.0187718660    0.0004275175    
0.1426718100    0.0184738760    0.0004249395    
0.1429134000    0.0182266250    0.0004212630    
0.1431549900    0.0180481440    0.0004201790    
0.1433965800    0.0177881720    0.0004173053    
0.1436381700    0.0178924380    0.0004157661    
0.1438797600    0.0177394040    0.0004136644    
0.1441213500    0.0183265530    0.0004211054    
0.1443629300    0.0175754180    0.0004117480    
0.1446045200    0.0184238010    0.0004218945    
0.1448461100    0.0180373550    0.0004174464    
0.1450877000    0.0176451080    0.0004103514    
0.1453292900    0.0187717600    0.0004268514    
0.1455708800    0.0181760870    0.0004177583    
0.1458124700    0.0181904140    0.0004216668    
0.1460540500    0.0188797410    0.0004226925    
0.1462956400    0.0181045600    0.0004167753    
0.1465372300    0.0185375370    0.0004204399    
0.1467788200    0.0189994230    0.0004251590    
0.1470204100    0.0185756800    0.0004208722    
0.1472620000    0.0181431640    0.0004154681    
0.1475035900    0.0179552680    0.0004126830    
0.1477451700    0.0179438950    0.0004142860    
0.1479867600    0.0179724020    0.0004120983    
0.1482283500    0.0188382970    0.0004246480    
0.1484699400    0.0180353580    0.0004137595    
0.1487115300    0.0185563310    0.0004209744    
0.1489531200    0.0178801380    0.0004082692    
0.1491947000    0.0178955340    0.0004115275    
0.1494362900    0.0183676240    0.0004148823    
0.1496778800    0.0184358700    0.0004170627    
0.1499194700    0.0180322990    0.0004118509    
0.1501610600    0.0182892900    0.0004155584    
0.1504026500    0.0178361690    0.0004082241    
0.1506442400    0.0184095560    0.0004185071    
0.1508858200    0.0178077440    0.0004100512    
0.1511274100    0.0183517780    0.0004131565    
0.1513690000    0.0180169250    0.0004093699    
0.1516105900    0.0185366080    0.0004164741    
0.1518521800    0.0187890990    0.0004186742    
0.1520937700    0.0184779280    0.0004141118    
0.1523353600    0.0193605220    0.0004242017    
0.1525769400    0.0184149650    0.0004151054    
0.1528185300    0.0184763740    0.0004153305    
0.1530601200    0.0185518970    0.0004152485    
0.1533017100    0.0181648530    0.0004130510    
0.1535433000    0.0179363190    0.0004064905    
0.1537848900    0.0185122530    0.0004128129    
0.1540264800    0.0180119470    0.0004080996    
0.1542680600    0.0184192600    0.0004123830    
0.1545096500    0.0186189050    0.0004126342    
0.1547512400    0.0185208190    0.0004135183    
0.1549928300    0.0191111610    0.0004197468    
0.1552344200    0.0184618270    0.0004120985    
0.1554760100    0.0181164170    0.0004083756    
0.1557176000    0.0179819700    0.0004083649    
0.1559591800    0.0179426840    0.0004061136    
0.1562007700    0.0187059910    0.0004122423    
0.1564423600    0.0184705580    0.0004090453    
0.1566839500    0.0183866860    0.0004121705    
0.1569255400    0.0182321000    0.0004075803    
0.1571671300    0.0179262730    0.0004042949    
0.1574087100    0.0183995610    0.0004073731    
0.1576503000    0.0186916590    0.0004152677    
0.1578918900    0.0191697830    0.0004153626    
0.1581334800    0.0187651030    0.0004133443    
0.1583750700    0.0189799490    0.0004164634    
0.1586166600    0.0185989900    0.0004219422    
0.1588582500    0.0192057550    0.0004282776    
0.1590998300    0.0186693660    0.0004271820    
0.1593414200    0.0189507740    0.0004332808    
0.1595830100    0.0186826920    0.0004326135    
0.1598246000    0.0188674960    0.0004338789    
0.1600661900    0.0186869250    0.0004359968    
0.1603077800    0.0190562480    0.0004424513    
0.1605493700    0.0184388900    0.0004359429    
0.1607909500    0.0185927750    0.0004388458    
0.1610325400    0.0181242080    0.0004360007    
0.1612741300    0.0183913750    0.0004393869    
0.1615157200    0.0179755730    0.0004362284    
0.1617573100    0.0190190410    0.0004492826    
0.1619989000    0.0181013290    0.0004418903    
0.1622404900    0.0180806030    0.0004395545    
0.1624820700    0.0187922900    0.0004525964    
0.1627236600    0.0187161010    0.0004505002    
0.1629652500    0.0183754700    0.0004458017    
0.1632068400    0.0186379790    0.0004425089    
0.1634484300    0.0188752290    0.0004383665    
0.1636900200    0.0189307520    0.0004384751    
0.1639316100    0.0180560490    0.0004254670    
0.1641731900    0.0185876460    0.0004313387    
0.1644147800    0.0179989160    0.0004210921    
0.1646563700    0.0185542300    0.0004290641    
0.1648979600    0.0174886020    0.0004131294    
0.1651395500    0.0186294200    0.0004284041    
0.1653811400    0.0177398020    0.0004155991    
0.1656227200    0.0184427050    0.0004259160    
0.1658643100    0.0184182290    0.0004223209    
0.1661059000    0.0178924380    0.0004157661    
0.1663474900    0.0178849880    0.0004128160    
0.1665890800    0.0185949700    0.0004207696    
0.1668306700    0.0187233630    0.0004243272    
0.1670722600    0.0185378420    0.0004201228    
0.1673138400    0.0184095560    0.0004185071    
0.1675554300    0.0180312350    0.0004121492    
0.1677970200    0.0180437960    0.0004141711    
0.1680386100    0.0180279150    0.0004144622    
0.1682802000    0.0181682650    0.0004135564    
0.1685217900    0.0189247920    0.0004206548    
0.1687633800    0.0175949560    0.0004051514    
0.1690049600    0.0184165150    0.0004171589    
0.1692465500    0.0177152240    0.0004039773    
0.1694881400    0.0185790720    0.0004164832    
0.1697297300    0.0186449810    0.0004159795    
0.1699713200    0.0180864870    0.0004116950    
0.1702129100    0.0176247430    0.0004026475    
0.1704545000    0.0181413970    0.0004095635    
0.1706960800    0.0181691290    0.0004115553    
0.1709376700    0.0177400790    0.0004020431    
0.1711792600    0.0187240200    0.0004145568    
0.1714208500    0.0181930850    0.0004064035    
0.1716624400    0.0187607680    0.0004152686    
0.1719040300    0.0183177800    0.0004067606    
0.1721456200    0.0182461260    0.0004075884    
0.1723872000    0.0179456660    0.0004042186    
0.1726287900    0.0171615430    0.0003948575    
0.1728703800    0.0177477470    0.0004024236    
0.1731119700    0.0182364880    0.0004058570    
0.1733535600    0.0181231380    0.0004047401    
0.1735951500    0.0175672350    0.0003961974    
0.1738367300    0.0181797940    0.0004044951    
0.1740783200    0.0180289350    0.0004009401    
0.1743199100    0.0174957510    0.0003953905    
0.1745615000    0.0174298800    0.0003938013    
0.1748030900    0.0173557100    0.0003921256    
0.1750446800    0.0173925810    0.0003969295    
0.1752862700    0.0179526360    0.0003979660    
0.1755278500    0.0177716420    0.0004015229    
0.1757694400    0.0178075430    0.0003971970    
0.1760110300    0.0181554270    0.0004017710    
0.1762526200    0.0179724420    0.0003976243    
0.1764942100    0.0186364070    0.0004053309    
0.1767358000    0.0183812550    0.0004022628    
0.1769773900    0.0177252900    0.0003941874    
0.1772189700    0.0176029640    0.0003935159    
0.1774605600    0.0189589610    0.0004095467    
0.1777021500    0.0182026730    0.0003996006    
0.1779437400    0.0177326460    0.0003945462    
0.1781853300    0.0184290200    0.0004032116    
0.1784269200    0.0178628380    0.0003933744    
0.1786685100    0.0176104740    0.0003915373    
0.1789100900    0.0176960790    0.0003911273    
0.1791516800    0.0189720100    0.0004056850    
0.1793932700    0.0176483310    0.0003914127    
0.1796348600    0.0178258480    0.0003916114    
0.1798764500    0.0181269600    0.0003949051    
0.1801180400    0.0175540320    0.0003887481    
0.1803596200    0.0176560910    0.0003924545    
0.1806012100    0.0182956360    0.0003963289    
0.1808428000    0.0179827860    0.0003927908    
0.1810843900    0.0180002140    0.0003917722    
0.1813259800    0.0180361910    0.0003928344    
0.1815675700    0.0180854830    0.0003926990    
0.1818091600    0.0178990370    0.0003904031    
0.1820507400    0.0175568170    0.0003869168    
0.1822923300    0.0184108430    0.0003954067    
0.1825339200    0.0182165820    0.0003945239    
0.1827755100    0.0174326690    0.0003843676    
0.1830171000    0.0177606510    0.0003910293    
0.1832586900    0.0179190650    0.0003889021    
0.1835002800    0.0186236110    0.0003968764    
0.1837418600    0.0179849120    0.0003889596    
0.1839834500    0.0178140350    0.0003885491    
0.1842250400    0.0180709930    0.0003905473    
0.1844666300    0.0178743930    0.0003880240    
0.1847082200    0.0178166710    0.0003871360    
0.1849498100    0.0176335820    0.0003855314    
0.1851914000    0.0178053690    0.0003893803    
0.1854329800    0.0184259130    0.0003940977    
0.1856745700    0.0177115810    0.0003867747    
0.1859161600    0.0180465720    0.0003876727    
0.1861577500    0.0179632930    0.0003867772    
0.1863993400    0.0176577280    0.0003845002    
0.1866409300    0.0167968220    0.0003732627    
0.1868825200    0.0183287030    0.0003931895    
0.1871241000    0.0184265290    0.0003910813    
0.1873656900    0.0177939770    0.0003863694    
0.1876072800    0.0174406840    0.0003795940    
0.1878488700    0.0177661990    0.0003865873    
0.1880904600    0.0177581990    0.0003855925    
0.1883320500    0.0178514020    0.0003836572    
0.1885736300    0.0177816520    0.0003836675    
0.1888152200    0.0177533300    0.0003832348    
0.1890568100    0.0176233350    0.0003828447    
0.1892984000    0.0180136220    0.0003850155    
0.1895399900    0.0174041080    0.0003796984    
0.1897815800    0.0179094150    0.0003851710    
0.1900231700    0.0171804480    0.0003772507    
0.1902647500    0.0177160270    0.0003820736    
0.1905063400    0.0181161160    0.0003888080    
0.1907479300    0.0175117200    0.0003802406    
0.1909895200    0.0175049850    0.0003786688    
0.1912311100    0.0173621230    0.0003776160    
0.1914727000    0.0169754850    0.0003730200    
0.1917142900    0.0174308840    0.0003791115    
0.1919558700    0.0170638300    0.0003719208    
0.1921974600    0.0183378840    0.0003888498    
0.1924390500    0.0179105130    0.0003849276    
0.1926806400    0.0170798670    0.0003744109    
0.1929222300    0.0175972990    0.0003806657    
0.1931638200    0.0175307280    0.0003768524    
0.1934054100    0.0178561070    0.0003835812    
0.1936469900    0.0177562850    0.0003795152    
0.1938885800    0.0182377860    0.0003866403    
0.1941301700    0.0181529940    0.0003839808    
0.1943717600    0.0179954940    0.0003841895    
0.1946133500    0.0178639220    0.0003793115    
0.1948549400    0.0174232850    0.0003771663    
0.1950965300    0.0176988370    0.0003797649    
0.1953381100    0.0181152300    0.0003839558    
0.1955797000    0.0183987350    0.0003877071    
0.1958212900    0.0170086430    0.0003707180    
0.1960628800    0.0178766990    0.0003801832    
0.1963044700    0.0180930470    0.0003818595    
0.1965460600    0.0183486970    0.0003876870    
0.1967876400    0.0181480950    0.0003815792    
0.1970292300    0.0177651270    0.0003778959    
0.1972708200    0.0175048250    0.0003768184    
0.1975124100    0.0180248930    0.0003821270    
0.1977540000    0.0173331620    0.0003746015    
0.1979955900    0.0176422240    0.0003776817    
0.1982371800    0.0171783360    0.0003735304    
0.1984787600    0.0182811560    0.0003810228    
0.1987203500    0.0175528690    0.0003755108    
0.1989619400    0.0170124150    0.0003699225    
0.1992035300    0.0182690430    0.0003826030    
0.1994451200    0.0177068290    0.0003769117    
0.1996867100    0.0180464600    0.0003797782    
0.1999283000    0.0173698610    0.0003733081    
0.2001698800    0.0178328720    0.0003787376    
0.2004114700    0.0176051070    0.0003774064    
0.2006530600    0.0178421000    0.0003768991    
0.2008946500    0.0181059980    0.0003805259    
0.2011362400    0.0177158700    0.0003738990    
0.2013778300    0.0173137000    0.0003727041    
0.2016194200    0.0177495080    0.0003746090    
0.2018610000    0.0179924220    0.0003787249    
0.2021025900    0.0184023290    0.0003833818    
0.2023441800    0.0175299240    0.0003732306    
0.2025857700    0.0180650270    0.0003792463    
0.2028273600    0.0181115890    0.0003813177    
0.2030689500    0.0180721400    0.0003795630    
0.2033105400    0.0179693610    0.0003763269    
0.2035521200    0.0174266200    0.0003721293    
0.2037937100    0.0178862500    0.0003764067    
0.2040353000    0.0181171730    0.0003796723    
0.2042768900    0.0177935900    0.0003749552    
0.2045184800    0.0177111670    0.0003725572    
0.2047600700    0.0180579320    0.0003789304    
0.2050016500    0.0188174560    0.0003871872    
0.2052432400    0.0182805750    0.0003812592    
0.2054848300    0.0186431530    0.0003834384    
0.2057264200    0.0177713460    0.0003767518    
0.2059680100    0.0176042970    0.0003709663    
0.2062096000    0.0183796410    0.0003803589    
0.2064511900    0.0173066740    0.0003683939    
0.2066927700    0.0180692880    0.0003780881    
0.2069343600    0.0179920640    0.0003768023    
0.2071759500    0.0183040430    0.0003799351    
0.2074175400    0.0181785690    0.0003783919    
0.2076591300    0.0187181590    0.0003833628    
0.2079007200    0.0186420650    0.0003856245    
0.2081423100    0.0176498380    0.0003716785    
0.2083838900    0.0177511750    0.0003735641    
0.2086254800    0.0179649330    0.0003763993    
0.2088670700    0.0178780400    0.0003746609    
0.2091086600    0.0177969460    0.0003751092    
0.2093502500    0.0181849470    0.0003776258    
0.2095918400    0.0177628520    0.0003752250    
0.2098334300    0.0182482210    0.0003795951    
0.2100750100    0.0181497490    0.0003797717    
0.2103166000    0.0175395570    0.0003736899    
0.2105581900    0.0180202710    0.0003759121    
0.2107997800    0.0183531180    0.0003815295    
0.2110413700    0.0179923570    0.0003757388    
0.2112829600    0.0179978240    0.0003784197    
0.2115245400    0.0182754170    0.0003784452    
0.2117661300    0.0175155860    0.0003728409    
0.2120077200    0.0183565070    0.0003798802    
0.2122493100    0.0180455740    0.0003800121    
0.2124909000    0.0175612480    0.0003723814    
0.2127324900    0.0174213810    0.0003733820    
0.2129740800    0.0178162580    0.0003746021    
0.2132156600    0.0179107730    0.0003755944    
0.2134572500    0.0172695580    0.0003702131    
0.2136988400    0.0180799050    0.0003785589    
0.2139404300    0.0185023890    0.0003810271    
0.2141820200    0.0176057630    0.0003733253    
0.2144236100    0.0184233020    0.0003829886    
0.2146652000    0.0179158510    0.0003771967    
0.2149067800    0.0179860730    0.0003762645    
0.2151483700    0.0175453830    0.0003772546    
0.2153899600    0.0183801650    0.0003909789    
0.2156315500    0.0184112870    0.0003951429    
0.2158731400    0.0188146870    0.0004009483    
0.2161147300    0.0176252590    0.0003929357    
0.2163563200    0.0171399920    0.0003884433    
0.2165979000    0.0169149420    0.0003887722    
0.2168394900    0.0173955400    0.0003945389    
0.2170810800    0.0182847870    0.0004090648    
0.2173226700    0.0165126470    0.0003884522    
0.2175642600    0.0178323130    0.0004059093    
0.2178058500    0.0180675840    0.0004100977    
0.2180474400    0.0177273480    0.0004081999    
0.2182890200    0.0174675910    0.0004084380    
0.2185306100    0.0176017360    0.0004073647    
0.2187722000    0.0179352930    0.0004164247    
0.2190137900    0.0172593760    0.0004077144    
0.2192553800    0.0181539190    0.0004220700    
0.2194969700    0.0172017450    0.0004082943    
0.2197385500    0.0171822880    0.0004055541    
0.2199801400    0.0177397510    0.0004077296    
0.2202217300    0.0175014710    0.0004010893    
0.2204633200    0.0181459730    0.0004064682    
0.2207049100    0.0175155630    0.0003967511    
0.2209465000    0.0167696460    0.0003882112    
0.2211880900    0.0171807540    0.0003909769    
0.2214296700    0.0174779560    0.0003937835    
0.2216712600    0.0178177080    0.0003970289    
0.2219128500    0.0177437180    0.0003950860    
0.2221544400    0.0170852380    0.0003896112    
0.2223960300    0.0163185900    0.0003788879    
0.2226376200    0.0167004890    0.0003862999    
0.2228792100    0.0168582870    0.0003852379    
0.2231207900    0.0164885490    0.0003809900    
0.2233623800    0.0170209180    0.0003846597    
0.2236039700    0.0176113290    0.0003929182    
0.2238455600    0.0169712190    0.0003838306    
0.2240871500    0.0172568840    0.0003877217    
0.2243287400    0.0169230630    0.0003819608    
0.2245703300    0.0170780310    0.0003862464    
0.2248119100    0.0173614190    0.0003888943    
0.2250535000    0.0170359360    0.0003850974    
0.2252950900    0.0171675330    0.0003880722    
0.2255366800    0.0175884680    0.0003891292    
0.2257782700    0.0170422170    0.0003839662    
0.2260198600    0.0174576730    0.0003872795    
0.2262614500    0.0174714310    0.0003872989    
0.2265030300    0.0170296830    0.0003818468    
0.2267446200    0.0170727820    0.0003837792    
0.2269862100    0.0169933530    0.0003802682    
0.2272278000    0.0165645470    0.0003764670    
0.2274693900    0.0169392670    0.0003795333    
0.2277109800    0.0171059690    0.0003848170    
0.2279525600    0.0167152970    0.0003768877    
0.2281941500    0.0171026610    0.0003821406    
0.2284357400    0.0168090860    0.0003783298    
0.2286773300    0.0177218060    0.0003897963    
0.2289189200    0.0172345300    0.0003820474    
0.2291605100    0.0165272950    0.0003763012    
0.2294021000    0.0173441390    0.0003839116    
0.2296436800    0.0171287260    0.0003849395    
0.2298852700    0.0173120870    0.0003832960    
0.2301268600    0.0171871340    0.0003858626    
0.2303684500    0.0172094830    0.0003838573    
0.2306100400    0.0166300550    0.0003778582    
0.2308516300    0.0168866670    0.0003799797    
0.2310932200    0.0166126170    0.0003788335    
0.2313348000    0.0163934260    0.0003745174    
0.2315763900    0.0169673220    0.0003814085    
0.2318179800    0.0166211840    0.0003793249    
0.2320595700    0.0166386410    0.0003779558    
0.2323011600    0.0172778130    0.0003863436    
0.2325427500    0.0169754510    0.0003829482    
0.2327843400    0.0166442050    0.0003806441    
0.2330259200    0.0171346230    0.0003827593    
0.2332675100    0.0166415220    0.0003777290    
0.2335091000    0.0165234400    0.0003776848    
0.2337506900    0.0162172010    0.0003722441    
0.2339922800    0.0169785540    0.0003831157    
0.2342338700    0.0172301500    0.0003852779    
0.2344754600    0.0169389950    0.0003831999    
0.2347170400    0.0164271800    0.0003752885    
0.2349586300    0.0173593760    0.0003867200    
0.2352002200    0.0162762090    0.0003775986    
0.2354418100    0.0166990960    0.0003802129    
0.2356834000    0.0165981790    0.0003787999    
0.2359249900    0.0179394360    0.0003913774    
0.2361665700    0.0161577590    0.0003746491    
0.2364081600    0.0168305030    0.0003802593    
0.2366497500    0.0168005940    0.0003820291    
0.2368913400    0.0171095390    0.0003839270    
0.2371329300    0.0168622650    0.0003835306    
0.2373745200    0.0177032920    0.0003914780    
0.2376161100    0.0174695570    0.0003888851    
0.2378576900    0.0169725390    0.0003846483    
0.2380992800    0.0165868430    0.0003781475    
0.2383408700    0.0169563330    0.0003833959    
0.2385824600    0.0172117700    0.0003846746    
0.2388240500    0.0162914660    0.0003759347    
0.2390656400    0.0162854250    0.0003759955    
0.2393072300    0.0167133650    0.0003798492    
0.2395488100    0.0160584880    0.0003728487    
0.2397904000    0.0163770530    0.0003777086    
0.2400319900    0.0167635500    0.0003826736    
0.2402735800    0.0174588180    0.0003910760    
0.2405151700    0.0165685170    0.0003803081    
0.2407567600    0.0166931180    0.0003790954    
0.2409983500    0.0169837050    0.0003845066    
0.2412399300    0.0170759480    0.0003839473    
0.2414815200    0.0167403150    0.0003825421    
0.2417231100    0.0166500840    0.0003782157    
0.2419647000    0.0169269930    0.0003848038    
0.2422062900    0.0168622650    0.0003835306    
0.2424478800    0.0171097440    0.0003864697    
0.2426894600    0.0163884020    0.0003800992    
0.2429310500    0.0168413920    0.0003827589    
0.2431726400    0.0162359420    0.0003755544    
0.2434142300    0.0172937670    0.0003861216    
0.2436558200    0.0163977640    0.0003798059    
0.2438974100    0.0171050350    0.0003844071    
0.2441390000    0.0172253400    0.0003875023    
0.2443805800    0.0169002370    0.0003840963    
0.2446221700    0.0170232190    0.0003858960    
0.2448637600    0.0164389700    0.0003801489    
0.2451053500    0.0166297330    0.0003802137    
0.2453469400    0.0167534740    0.0003856727    
0.2455885300    0.0170383040    0.0003848561    
0.2458301200    0.0164533360    0.0003805829    
0.2460717000    0.0165027680    0.0003781023    
0.2463132900    0.0165892580    0.0003794867    
0.2465548800    0.0166441070    0.0003822446    
0.2467964700    0.0170849660    0.0003855168    
0.2470380600    0.0168163000    0.0003836779    
0.2472796500    0.0167082980    0.0003823099    
0.2475212400    0.0169007500    0.0003868147    
0.2477628200    0.0158793310    0.0003757435    
0.2480044100    0.0166558120    0.0003809095    
0.2482460000    0.0168679320    0.0003834611    
0.2484875900    0.0167667720    0.0003832468    
0.2487291800    0.0161710880    0.0003763773    
0.2489707700    0.0172863610    0.0003881881    
0.2492123600    0.0168587160    0.0003856507    
0.2494539400    0.0164713330    0.0003803891    
0.2496955300    0.0166528730    0.0003831538    
0.2499371200    0.0166324680    0.0003815750    
0.2501787100    0.0163933270    0.0003830049    
0.2504203000    0.0167897570    0.0003829726    
0.2506618900    0.0165780610    0.0003784393    
0.2509034700    0.0172836170    0.0003891088    
0.2511450600    0.0174589220    0.0003903934    
0.2513866500    0.0166675080    0.0003823789    
0.2516282400    0.0168692000    0.0003820121    
0.2518698300    0.0170494630    0.0003861933    
0.2521114200    0.0169140640    0.0003837175    
0.2523530100    0.0167548150    0.0003825739    
0.2525945900    0.0170469970    0.0003849542    
0.2528361800    0.0168498940    0.0003855498    
0.2530777700    0.0168146310    0.0003816582    
0.2533193600    0.0163474770    0.0003759283    
0.2535609500    0.0166703200    0.0003809426    
0.2538025400    0.0169283820    0.0003837462    
0.2540441300    0.0170936650    0.0003856150    
0.2542857100    0.0169278140    0.0003833395    
0.2545273000    0.0167464590    0.0003832834    
0.2547688900    0.0165089500    0.0003776497    
0.2550104800    0.0169833140    0.0003859844    
0.2552520700    0.0169210320    0.0003867728    
0.2554936600    0.0170343530    0.0003842770    
0.2557352500    0.0164141280    0.0003786643    
0.2559768300    0.0165374190    0.0003784990    
0.2562184200    0.0169007500    0.0003845054    
0.2564600100    0.0162376860    0.0003747935    
0.2567016000    0.0167404920    0.0003829463    
0.2569431900    0.0162472400    0.0003758157    
0.2571847800    0.0169563330    0.0003833959    
0.2574263700    0.0169079090    0.0003833806    
0.2576679500    0.0163240920    0.0003774924    
0.2579095400    0.0170757060    0.0003864905    
0.2581511300    0.0169847730    0.0003834513    
0.2583927200    0.0164398390    0.0003768584    
0.2586343100    0.0170507430    0.0003826077    
0.2588759000    0.0165948330    0.0003802116    
0.2591174800    0.0168215700    0.0003797668    
0.2593590700    0.0168476860    0.0003804534    
0.2596006600    0.0168778510    0.0003821101    
0.2598422500    0.0164968820    0.0003781660    
0.2600838400    0.0172229660    0.0003866670    
0.2603254300    0.0173871990    0.0003898632    
0.2605670200    0.0162941060    0.0003760957    
0.2608086000    0.0170374600    0.0003815419    
0.2610501900    0.0170759480    0.0003839473    
0.2612917800    0.0166905110    0.0003805109    
0.2615333700    0.0168860230    0.0003818062    
0.2617749600    0.0167020140    0.0003803779    
0.2620165500    0.0169058210    0.0003817662    
0.2622581400    0.0171359320    0.0003867654    
0.2624997200    0.0164999880    0.0003779394    
0.2627413100    0.0169147710    0.0003864278    
0.2629829000    0.0161563660    0.0003719270    
0.2632244900    0.0166326140    0.0003803790    
0.2634660800    0.0166874000    0.0003791612    
0.2637076700    0.0162835660    0.0003754526    
0.2639492600    0.0162143110    0.0003746533    
0.2641908400    0.0164444290    0.0003779579    
0.2644324300    0.0164669370    0.0003788758    
0.2646740200    0.0169507820    0.0003816157    
0.2649156100    0.0162578510    0.0003777832    
0.2651572000    0.0165139240    0.0003787558    
0.2653987900    0.0165914360    0.0003816393    
0.2656403800    0.0163509200    0.0003774071    
0.2658819600    0.0167853950    0.0003807984    
0.2661235500    0.0168827780    0.0003838978    
0.2663651400    0.0168692000    0.0003820121    
0.2666067300    0.0168700900    0.0003828184    
0.2668483200    0.0169445740    0.0003831301    
0.2670899100    0.0166411290    0.0003828836    
0.2673314900    0.0170477130    0.0003838952    
0.2675730800    0.0161674830    0.0003765995    
0.2678146700    0.0165675920    0.0003823064    
0.2680562600    0.0167599100    0.0003813012    
0.2682978500    0.0164701020    0.0003786481    
0.2685394400    0.0171428070    0.0003849644    
0.2687810300    0.0169906750    0.0003852573    
0.2690226100    0.0160129960    0.0003712924    
0.2692642000    0.0174744670    0.0003929079    
0.2695057900    0.0161118070    0.0003739859    
0.2697473800    0.0161925070    0.0003750517    
0.2699889700    0.0171828940    0.0003885187    
0.2702305600    0.0161239310    0.0003770197    
0.2704721500    0.0164889020    0.0003805920    
0.2707137300    0.0166615790    0.0003796540    
0.2709553200    0.0162876310    0.0003778636    
0.2711969100    0.0166790740    0.0003814415    
0.2714385000    0.0167107910    0.0003808743    
0.2716800900    0.0160697090    0.0003749328    
0.2719216800    0.0170061080    0.0003942137    
0.2721632700    0.0170697360    0.0003977242    
0.2724048500    0.0161424480    0.0003917424    
0.2726464400    0.0163074460    0.0004009758    
0.2728880300    0.0173997270    0.0004145143    
0.2731296200    0.0162164500    0.0004024044    
0.2733712100    0.0165915430    0.0004103249    
0.2736128000    0.0155366190    0.0004024977    
0.2738543800    0.0166867320    0.0004147132    
0.2740959700    0.0164211730    0.0004153600    
0.2743375600    0.0172988790    0.0004293967    
0.2745791500    0.0163619700    0.0004193998    
0.2748207400    0.0163397000    0.0004220299    
0.2750623300    0.0163833020    0.0004225927    
0.2753039200    0.0168450820    0.0004330656    
0.2755455000    0.0176036730    0.0004413348    
0.2757870900    0.0162758890    0.0004307057    
0.2760286800    0.0171410420    0.0004398031    
0.2762702700    0.0160158040    0.0004330177    
0.2765118600    0.0162167430    0.0004184356    
0.2767534500    0.0171736270    0.0004289387    
0.2769950400    0.0164871450    0.0004168954    
0.2772366200    0.0160122920    0.0004065815    
0.2774782100    0.0169731970    0.0004191232    
0.2777198000    0.0168291650    0.0004183823    
0.2779613900    0.0162280320    0.0004098197    
0.2782029800    0.0164434670    0.0004045650    
0.2784445700    0.0164600990    0.0004081992    
0.2786861600    0.0167900240    0.0004111055    
0.2789277400    0.0164392470    0.0004022756    
0.2791693300    0.0169285880    0.0004085409    
0.2794109200    0.0163737910    0.0004037070    
0.2796525100    0.0168476380    0.0004088558    
0.2798941000    0.0160609610    0.0003946766    
0.2801356900    0.0167778930    0.0004075234    
0.2803772800    0.0164811940    0.0004074713    
0.2806188600    0.0161369290    0.0003949960    
0.2808604500    0.0166143630    0.0003986427    
0.2811020400    0.0159907360    0.0003925954    
0.2813436300    0.0164515060    0.0004000680    
0.2815852200    0.0169927420    0.0004025405    
0.2818268100    0.0163473710    0.0003969492    
0.2820683900    0.0158643700    0.0003921015    
0.2823099800    0.0163139220    0.0003973101    
0.2825515700    0.0169124940    0.0004009772    
0.2827931600    0.0167564220    0.0004039158    
0.2830347500    0.0163606780    0.0003968047    
0.2832763400    0.0169226100    0.0004015557    
0.2835179300    0.0166939260    0.0003988333    
0.2837595100    0.0165497850    0.0003993992    
0.2840011000    0.0169070010    0.0004041546    
0.2842426900    0.0157213690    0.0003858658    
0.2844842800    0.0159570330    0.0003908268    
0.2847258700    0.0159676870    0.0003915578    
0.2849674600    0.0160444120    0.0003935576    
0.2852090500    0.0171846690    0.0004052717    
0.2854506300    0.0158654320    0.0003910542    
0.2856922200    0.0165057300    0.0003976419    
0.2859338100    0.0165180810    0.0003984021    
0.2861754000    0.0167508790    0.0003990567    
0.2864169900    0.0161776690    0.0003920204    
0.2866585800    0.0156363940    0.0003871771    
0.2869001700    0.0161563920    0.0003926593    
0.2871417500    0.0163479580    0.0003945285    
0.2873833400    0.0165053840    0.0003980959    
0.2876249300    0.0163606780    0.0003968047    
0.2878665200    0.0165746110    0.0004018752    
0.2881081100    0.0161604020    0.0003898886    
0.2883497000    0.0166494690    0.0003979984    
0.2885912900    0.0167984130    0.0003996225    
0.2888328700    0.0162974520    0.0003937685    
0.2890744600    0.0169052070    0.0004001302    
0.2893160500    0.0168488220    0.0003999175    
0.2895576400    0.0168572930    0.0004021629    
0.2897992300    0.0162544670    0.0003910217    
0.2900408200    0.0160542120    0.0003894864    
0.2902824000    0.0161952820    0.0003941870    
0.2905239900    0.0163735630    0.0003946870    
0.2907655800    0.0166182990    0.0003947796    
0.2910071700    0.0164213550    0.0003924333    
0.2912487600    0.0163203120    0.0003918129    
0.2914903500    0.0155329480    0.0003812412    
0.2917319400    0.0169904150    0.0003973891    
0.2919735200    0.0160729830    0.0003876667    
0.2922151100    0.0170563710    0.0003986047    
0.2924567000    0.0160075320    0.0003868766    
0.2926982900    0.0160008080    0.0003869402    
0.2929398800    0.0164635320    0.0003945696    
0.2931814700    0.0155314210    0.0003793798    
0.2934230600    0.0162487390    0.0003891983    
0.2936646400    0.0164627810    0.0003890052    
0.2939062300    0.0159285240    0.0003862099    
0.2941478200    0.0158298020    0.0003825812    
0.2943894100    0.0163103720    0.0003902271    
0.2946310000    0.0164205250    0.0003905224    
0.2948725900    0.0168579450    0.0003965752    
0.2951141800    0.0156055290    0.0003808493    
0.2953557600    0.0165427630    0.0003947715    
0.2955973500    0.0166373050    0.0003923631    
0.2958389400    0.0165205980    0.0003902624    
0.2960805300    0.0156679110    0.0003803384    
0.2963221200    0.0167968590    0.0003930770    
0.2965637100    0.0169131860    0.0003942907    
0.2968053000    0.0162073860    0.0003851268    
0.2970468800    0.0164594280    0.0003892521    
0.2972884700    0.0165185380    0.0003888061    
0.2975300600    0.0159053850    0.0003815217    
0.2977716500    0.0160043300    0.0003841162    
0.2980132400    0.0162144140    0.0003874879    
0.2982548300    0.0165129610    0.0003880304    
0.2984964100    0.0157193770    0.0003780401    
0.2987380000    0.0158248470    0.0003801371    
0.2989795900    0.0163830640    0.0003859382    
0.2992211800    0.0159300680    0.0003801503    
0.2994627700    0.0164337750    0.0003872402    
0.2997043600    0.0161697110    0.0003851023    
0.2999459500    0.0159195590    0.0003819716    
0.3001875300    0.0158090090    0.0003800858    
0.3004291200    0.0159530090    0.0003857843    
0.3006707100    0.0165015910    0.0003869096    
0.3009123000    0.0162375850    0.0003856267    
0.3011538900    0.0166016170    0.0003872377    
0.3013954800    0.0162448950    0.0003851491    
0.3016370700    0.0160114630    0.0003820927    
0.3018786500    0.0161664710    0.0003839378    
0.3021202400    0.0165373620    0.0003881753    
0.3023618300    0.0163249010    0.0003873728    
0.3026034200    0.0163629620    0.0003869708    
0.3028450100    0.0164602920    0.0003884046    
0.3030866000    0.0166160090    0.0003906676    
0.3033281900    0.0165771320    0.0003879351    
0.3035697700    0.0161600310    0.0003840015    
0.3038113600    0.0161745350    0.0003844547    
0.3040529500    0.0155944120    0.0003761240    
0.3042945400    0.0162448550    0.0003837486    
0.3045361300    0.0159154170    0.0003822025    
0.3047777200    0.0160245420    0.0003819700    
0.3050193100    0.0156193820    0.0003773855    
0.3052608900    0.0161761780    0.0003850380    
0.3055024800    0.0161106440    0.0003891415    
0.3057440700    0.0156261140    0.0003756885    
0.3059856600    0.0161477910    0.0003827394    
0.3062272500    0.0152364200    0.0003727303    
0.3064688400    0.0158554040    0.0003812012    
0.3067104200    0.0164694110    0.0003854142    
0.3069520100    0.0151979730    0.0003721240    
0.3071936000    0.0161158700    0.0003840379    
0.3074351900    0.0160779940    0.0003840086    
0.3076767800    0.0160480010    0.0003815549    
0.3079183700    0.0161310730    0.0003864908    
0.3081599600    0.0154828670    0.0003786459    
0.3084015400    0.0157687090    0.0003778088    
0.3086431300    0.0160893690    0.0003813546    
0.3088847200    0.0156308390    0.0003782146    
0.3091263100    0.0154964600    0.0003756235    
0.3093679000    0.0166466800    0.0003898830    
0.3096094900    0.0162159150    0.0003828514    
0.3098510800    0.0166527360    0.0003919647    
0.3100926600    0.0155805550    0.0003773295    
0.3103342500    0.0164304040    0.0003874837    
0.3105758400    0.0161152390    0.0003864444    
0.3108174300    0.0159804940    0.0003810284    
0.3110590200    0.0152984000    0.0003745829    
0.3113006100    0.0153280440    0.0003720881    
0.3115422000    0.0159679340    0.0003826920    
0.3117837800    0.0157696060    0.0003789195    
0.3120253700    0.0166497060    0.0003904897    
0.3122669600    0.0159044900    0.0003794319    
0.3125085500    0.0164506760    0.0003887192    
0.3127501400    0.0160426580    0.0003831646    
0.3129917300    0.0157694710    0.0003815691    
0.3132333100    0.0160006010    0.0003833648    
0.3134749000    0.0163749580    0.0003872545    
0.3137164900    0.0168194600    0.0003910445    
0.3139580800    0.0163620640    0.0003855505    
0.3141996700    0.0152850130    0.0003729161    
0.3144412600    0.0168503320    0.0003919742    
0.3146828500    0.0163566420    0.0003870378    
0.3149244300    0.0159441540    0.0003805949    
0.3151660200    0.0163835180    0.0003877824    
0.3154076100    0.0159188290    0.0003829475    
0.3156492000    0.0153710230    0.0003778364    
0.3158907900    0.0160389300    0.0003814470    
0.3161323800    0.0159961160    0.0003810760    
0.3163739700    0.0164438290    0.0003865126    
0.3166155500    0.0167873690    0.0003925327    
0.3168571400    0.0157308260    0.0003783154    
0.3170987300    0.0156627990    0.0003783241    
0.3173403200    0.0161562590    0.0003842374    
0.3175819100    0.0160989860    0.0003844003    
0.3178235000    0.0162202260    0.0003849973    
0.3180650900    0.0158224060    0.0003820678    
0.3183066700    0.0159796660    0.0003829731    
0.3185482600    0.0157617860    0.0003804931    
0.3187898500    0.0163236620    0.0003845388    
0.3190314400    0.0155143770    0.0003763896    
0.3192730300    0.0148972930    0.0003684245    
0.3195146200    0.0160191870    0.0003826040    
0.3197562100    0.0165041750    0.0003875031    
0.3199977900    0.0160987920    0.0003834133    
0.3202393800    0.0165668910    0.0003903769    
0.3204809700    0.0156471140    0.0003799455    
0.3207225600    0.0156125220    0.0003791055    
0.3209641500    0.0164013140    0.0003884212    
0.3212057400    0.0165012540    0.0003873278    
0.3214473200    0.0166891960    0.0003898111    
0.3216889100    0.0162403260    0.0003843932    
0.3219305000    0.0164448620    0.0003883650    
0.3221720900    0.0157199890    0.0003791528    
0.3224136800    0.0152224680    0.0003716115    
0.3226552700    0.0160715600    0.0003860635    
0.3228968600    0.0163784180    0.0003870118    
0.3231384400    0.0167521420    0.0003951812    
0.3233800300    0.0156375520    0.0003770549    
0.3236216200    0.0164706800    0.0003872507    
0.3238632100    0.0160831540    0.0003833671    
0.3241048000    0.0159536790    0.0003822406    
0.3243463900    0.0161067190    0.0003839288    
0.3245879800    0.0160648780    0.0003831492    
0.3248295600    0.0158132880    0.0003798594    
0.3250711500    0.0167348930    0.0003907719    
0.3253127400    0.0157593840    0.0003803243    
0.3255543300    0.0159781730    0.0003833780    
0.3257959200    0.0163147580    0.0003895524    
0.3260375100    0.0164467050    0.0003866870    
0.3262791000    0.0160727360    0.0003836642    
0.3265206800    0.0157196820    0.0003785952    
0.3267622700    0.0164998930    0.0003890143    
0.3270038600    0.0164727810    0.0003882672    
0.3272454500    0.0157950380    0.0003796402    
0.3274870400    0.0153064110    0.0003739951    
0.3277286300    0.0154836450    0.0003775376    
0.3279702200    0.0153117120    0.0003750213    
0.3282118000    0.0158012690    0.0003838019    
0.3284533900    0.0156604810    0.0003781578    
0.3286949800    0.0164175920    0.0004009063    
0.3289365700    0.0165753490    0.0004083044    
0.3291781600    0.0161749620    0.0004067966    
0.3294197500    0.0159577470    0.0004087701    
0.3296613300    0.0156335240    0.0004087283    
0.3299029200    0.0154594790    0.0004069693    
0.3301445100    0.0155238630    0.0004137124    
0.3303861000    0.0160003060    0.0004228212    
0.3306276900    0.0162019750    0.0004287497    
0.3308692800    0.0159441540    0.0004255180    
0.3311108700    0.0157360480    0.0004262336    
0.3313524500    0.0161992720    0.0004373392    
0.3315940400    0.0160004110    0.0004340317    
0.3318356300    0.0163698920    0.0004447093    
0.3320772200    0.0157721820    0.0004369378    
0.3323188100    0.0162283180    0.0004473481    
0.3325604000    0.0163279410    0.0004480561    
0.3328019900    0.0173881650    0.0004672280    
0.3330435700    0.0166722050    0.0004527549    
0.3332851600    0.0161807300    0.0004402207    
0.3335267500    0.0158087790    0.0004216049    
0.3337683400    0.0159324610    0.0004232509    
0.3340099300    0.0162971050    0.0004252062    
0.3342515200    0.0157236370    0.0004136367    
0.3344931100    0.0154869200    0.0004062864    
0.3347346900    0.0168489850    0.0004252300    
0.3349762800    0.0160503390    0.0004129067    
0.3352178700    0.0158019380    0.0004081403    
0.3354594600    0.0162175010    0.0004113944    
0.3357010500    0.0166453230    0.0004178340    
0.3359426400    0.0160820800    0.0004120902    
0.3361842300    0.0160159850    0.0004033089    
0.3364258100    0.0165916990    0.0004098278    
0.3366674000    0.0159116450    0.0004018297    
0.3369089900    0.0159976380    0.0004014492    
0.3371505800    0.0158531220    0.0003988286    
0.3373921700    0.0160206320    0.0004018997    
0.3376337600    0.0160149450    0.0004015045    
0.3378753400    0.0159271200    0.0004005634    
0.3381169300    0.0156946440    0.0003957192    
0.3383585200    0.0163770820    0.0004086615    
0.3386001100    0.0158672340    0.0003963095    
0.3388417000    0.0164398040    0.0004048427    
0.3390832900    0.0157174560    0.0003919577    
0.3393248800    0.0157661350    0.0003955153    
0.3395664600    0.0160200180    0.0003978978    
0.3398080500    0.0155285540    0.0003912828    
0.3400496400    0.0158693600    0.0003941558    
0.3402912300    0.0165126760    0.0004014369    
0.3405328200    0.0157802290    0.0003947525    
0.3407744100    0.0160397840    0.0003981431    
0.3410160000    0.0155826280    0.0003928948    
0.3412575800    0.0158159140    0.0003915022    
0.3414991700    0.0158204410    0.0003912548    
0.3417407600    0.0165293360    0.0004010133    
0.3419823500    0.0158377210    0.0003896617    
0.3422239400    0.0159919000    0.0003932170    
0.3424655300    0.0164647750    0.0003999180    
0.3427071200    0.0155617280    0.0003875925    
0.3429487000    0.0166816150    0.0004017625    
0.3431902900    0.0161906200    0.0003975029    
0.3434318800    0.0166558120    0.0004063602    
0.3436734700    0.0161237690    0.0003925627    
0.3439150600    0.0163259940    0.0003941132    
0.3441566500    0.0155161020    0.0003865760    
0.3443982300    0.0168928370    0.0004028962    
0.3446398200    0.0156363280    0.0003865833    
0.3448814100    0.0162105890    0.0003946765    
0.3451230000    0.0164214490    0.0003976942    
0.3453645900    0.0166911270    0.0004009464    
0.3456061800    0.0156458860    0.0003867015    
0.3458477700    0.0161522640    0.0003954899    
0.3460893500    0.0164625890    0.0003988075    
0.3463309400    0.0160310600    0.0003905371    
0.3465725300    0.0160908850    0.0003914142    
0.3468141200    0.0165598680    0.0003985993    
0.3470557100    0.0153929470    0.0003832698    
0.3472973000    0.0160294610    0.0003920133    
0.3475388900    0.0160812560    0.0003902574    
0.3477804700    0.0161552450    0.0003930961    
0.3480220600    0.0161484790    0.0003931643    
0.3482636500    0.0163024490    0.0003945809    
0.3485052400    0.0162598630    0.0003978860    
0.3487468300    0.0163890140    0.0003951742    
0.3489884200    0.0158623750    0.0003886250    
0.3492300100    0.0156856920    0.0003849902    
0.3494715900    0.0159980090    0.0003914783    
0.3497131800    0.0158274310    0.0003867257    
0.3499547700    0.0165156330    0.0003973044    
0.3501963600    0.0158066050    0.0003869104    
0.3504379500    0.0165383830    0.0003968196    
0.3506795400    0.0157842130    0.0003881103    
0.3509211300    0.0162375000    0.0003943977    
0.3511627100    0.0163937670    0.0003964429    
0.3514043000    0.0153360720    0.0003806755    
0.3516458900    0.0163457300    0.0003939016    
0.3518874800    0.0151281890    0.0003780866    
0.3521290700    0.0158015870    0.0003865560    
0.3523706600    0.0156646960    0.0003857551    
0.3526122400    0.0160487660    0.0003901589    
0.3528538300    0.0158217530    0.0003879792    
0.3530954200    0.0158987290    0.0003895157    
0.3533370100    0.0161804750    0.0003922035    
0.3535786000    0.0161806650    0.0003947678    
0.3538201900    0.0158387340    0.0003864255    
0.3540617800    0.0157887180    0.0003878695    
0.3543033600    0.0154948000    0.0003819188    
0.3545449500    0.0157283860    0.0003858057    
0.3547865400    0.0156994820    0.0003842883    
0.3550281300    0.0153555670    0.0003822206    
0.3552697200    0.0157308400    0.0003859820    
0.3555113100    0.0150947250    0.0003786721    
0.3557529000    0.0165638430    0.0003969737    
0.3559944800    0.0168250020    0.0003976753    
0.3562360700    0.0164052030    0.0003976508    
0.3564776600    0.0161255120    0.0003896142    
0.3567192500    0.0168791050    0.0003990656    
0.3569608400    0.0157604050    0.0003847436    
0.3572024300    0.0155769690    0.0003839441    
0.3574440200    0.0159372390    0.0003873331    
0.3576856000    0.0159228550    0.0003884779    
0.3579271900    0.0159518680    0.0003878032    
0.3581687800    0.0166526450    0.0003977336    
0.3584103700    0.0160771350    0.0003894699    
0.3586519600    0.0159074510    0.0003906684    
0.3588935500    0.0164476140    0.0003945282    
0.3591351400    0.0157427750    0.0003862749    
0.3593767200    0.0160985310    0.0003888489    
0.3596183100    0.0159378890    0.0003863234    
0.3598599000    0.0160393960    0.0003890125    
0.3601014900    0.0160164150    0.0003890276    
0.3603430800    0.0164292020    0.0003938600    
0.3605846700    0.0164579770    0.0003937585    
0.3608262500    0.0159391950    0.0003885298    
0.3610678400    0.0157752170    0.0003857955    
0.3613094300    0.0158631330    0.0003892280    
0.3615510200    0.0164173340    0.0003931238    
0.3617926100    0.0159482530    0.0003870297    
0.3620342000    0.0155299090    0.0003827842    
0.3622757900    0.0151370830    0.0003774845    
0.3625173700    0.0160084350    0.0003884902    
0.3627589600    0.0155628530    0.0003834797    
0.3630005500    0.0158405800    0.0003860113    
0.3632421400    0.0158004620    0.0003853771    
0.3634837300    0.0157712090    0.0003866236    
0.3637253200    0.0156361970    0.0003854040    
0.3639669100    0.0165543290    0.0003968597    
0.3642084900    0.0155773100    0.0003822149    
0.3644500800    0.0162695630    0.0003914981    
0.3646916700    0.0159759830    0.0003883894    
0.3649332600    0.0151806890    0.0003764707    
0.3651748500    0.0149244840    0.0003744013    
0.3654164400    0.0154561890    0.0003825977    
0.3656580300    0.0154000160    0.0003813241    
0.3658996100    0.0159508530    0.0003872068    
0.3661412000    0.0159073060    0.0003874074    
0.3663827900    0.0164280450    0.0003976208    
0.3666243800    0.0155497620    0.0003801682    
0.3668659700    0.0157791900    0.0003849728    
0.3671075600    0.0159414540    0.0003870927    
0.3673491500    0.0159097960    0.0003859828    
0.3675907300    0.0152321300    0.0003793832    
0.3678323200    0.0158672790    0.0003851780    
0.3680739100    0.0161069270    0.0003904208    
0.3683155000    0.0159628650    0.0003874984    
0.3685570900    0.0159414540    0.0003870927    
0.3687986800    0.0156909930    0.0003865199    
0.3690402600    0.0165987710    0.0003972408    
0.3692818500    0.0161824230    0.0003888388    
0.3695234400    0.0157346660    0.0003845739    
0.3697650300    0.0152990180    0.0003783595    
0.3700066200    0.0159681000    0.0003878541    
0.3702482100    0.0158554110    0.0003848900    
0.3704898000    0.0158286610    0.0003857209    
0.3707313800    0.0157588150    0.0003857406    
0.3709729700    0.0161642770    0.0003896421    
0.3712145600    0.0163486610    0.0003940867    
0.3714561500    0.0162213400    0.0003928480    
0.3716977400    0.0157273630    0.0003840514    
0.3719393300    0.0162440950    0.0003898707    
0.3721809200    0.0158680370    0.0003857652    
0.3724225000    0.0162525460    0.0003904111    
0.3726640900    0.0159362710    0.0003867389    
0.3729056800    0.0167809490    0.0003968558    
0.3731472700    0.0154839210    0.0003804966    
0.3733888600    0.0160771350    0.0003894699    
0.3736304500    0.0160812560    0.0003902574    
0.3738720400    0.0161289700    0.0003918771    
0.3741136200    0.0161526150    0.0003903831    
0.3743552100    0.0163550290    0.0003920818    
0.3745968000    0.0163103720    0.0003902271    
0.3748383900    0.0156405940    0.0003828469    
0.3750799800    0.0155866890    0.0003823300    
0.3753215700    0.0151539040    0.0003775520    
0.3755631500    0.0155633200    0.0003817568    
0.3758047400    0.0161764400    0.0003899353    
0.3760463300    0.0162347020    0.0003912260    
0.3762879200    0.0159812580    0.0003887475    
0.3765295100    0.0162460860    0.0003934473    
0.3767711000    0.0162497250    0.0003902307    
0.3770126900    0.0156545910    0.0003827311    
0.3772542700    0.0161719940    0.0003891503    
0.3774958600    0.0162076730    0.0003889966    
0.3777374500    0.0157811630    0.0003845634    
0.3779790400    0.0161470930    0.0003900219    
0.3782206300    0.0156242300    0.0003833662    
0.3784622200    0.0161091560    0.0003885392    
0.3787038100    0.0163914340    0.0003934070    
0.3789453900    0.0147553570    0.0003738230    
0.3791869800    0.0152825930    0.0003808764    
0.3794285700    0.0159633790    0.0003864874    
0.3796701600    0.0156242300    0.0003833662    
0.3799117500    0.0156498600    0.0003823870    
0.3801533400    0.0153232210    0.0003796554    
0.3803949300    0.0156241180    0.0003810761    
0.3806365100    0.0161439010    0.0003888122    
0.3808781000    0.0160008080    0.0003869402    
0.3811196900    0.0153898940    0.0003817763    
0.3813612800    0.0160958210    0.0003886700    
0.3816028700    0.0157826740    0.0003863247    
0.3818444600    0.0156924860    0.0003843474    
0.3820860500    0.0151148700    0.0003749538    
0.3823276300    0.0160357140    0.0003862066    
0.3825692200    0.0158970470    0.0003835349    
0.3828108100    0.0158131800    0.0003819564    
0.3830524000    0.0154404210    0.0003789702    
0.3832939900    0.0160901080    0.0003862862    
0.3835355800    0.0153018310    0.0003767050    
0.3837771600    0.0157233080    0.0003810102    
0.3840187500    0.0160782610    0.0003870069    
0.3842603400    0.0151473140    0.0003763380    
0.3845019300    0.0156171080    0.0003777718    
0.3847435200    0.0156836110    0.0003792696    
0.3849851100    0.0158777610    0.0003827356    
0.3852267000    0.0160872660    0.0003948464    
0.3854682800    0.0160983790    0.0004027113    
0.3857098700    0.0153880730    0.0003982487    
0.3859514600    0.0158518110    0.0004086115    
0.3861930500    0.0161370940    0.0004147271    
0.3864346400    0.0167900160    0.0004274331    
0.3866762300    0.0167735210    0.0004302317    
0.3869178200    0.0154809820    0.0004155313    
0.3871594000    0.0162257140    0.0004304342    
0.3874009900    0.0156148230    0.0004234163    
0.3876425800    0.0150904450    0.0004193408    
0.3878841700    0.0160643190    0.0004344883    
0.3881257600    0.0160133730    0.0004364759    
0.3883673500    0.0148091890    0.0004227747    
0.3886089400    0.0158620960    0.0004401047    
0.3888505200    0.0157318580    0.0004402350    
0.3890921100    0.0156428460    0.0004413884    
0.3893337000    0.0148348780    0.0004346313    
0.3895752900    0.0144413070    0.0004303654    
0.3898168800    0.0161048160    0.0004360623    
0.3900584700    0.0152109430    0.0004159972    
0.3903000600    0.0156346070    0.0004204127    
0.3905416400    0.0165043280    0.0004277111    
0.3907832300    0.0162217600    0.0004230964    
0.3910248200    0.0155271610    0.0004124840    
0.3912664100    0.0153812800    0.0004087529    
0.3915080000    0.0152463080    0.0004050231    
0.3917495900    0.0153570630    0.0004082535    
0.3919911700    0.0159116000    0.0004162831    
0.3922327600    0.0157858370    0.0004075885    
0.3924743500    0.0164260520    0.0004173568    
0.3927159400    0.0156803770    0.0004055421    
0.3929575300    0.0156919010    0.0004084439    
0.3931991200    0.0152198450    0.0004003836    
0.3934407100    0.0158615110    0.0004080490    
0.3936822900    0.0167192220    0.0004203517    
0.3939238800    0.0161154510    0.0004132167    
0.3941654700    0.0161472370    0.0004136240    
0.3944070600    0.0159074350    0.0004114145    
0.3946486500    0.0161816630    0.0004160099    
0.3948902400    0.0162130620    0.0004134156    
0.3951318300    0.0153122620    0.0004014282    
0.3953734100    0.0159236880    0.0004100558    
0.3956150000    0.0162595820    0.0004154129    
0.3958565900    0.0158469360    0.0004088936    
0.3960981800    0.0161171560    0.0004139413    
0.3963397700    0.0156869530    0.0004094262    
0.3965813600    0.0163815390    0.0004183922    
0.3968229500    0.0159779590    0.0004146275    
0.3970645300    0.0157256820    0.0004124082    
0.3973061200    0.0158773020    0.0004124322    
0.3975477100    0.0158677490    0.0004110761    
0.3977893000    0.0157436050    0.0004110448    
0.3980308900    0.0153927100    0.0004059155    
0.3982724800    0.0159153150    0.0004132803    
0.3985140700    0.0151234200    0.0004030405    
0.3987556500    0.0155205150    0.0004090015    
0.3989972400    0.0162329660    0.0004177432    
0.3992388300    0.0154733650    0.0004103316    
0.3994804200    0.0156229770    0.0004121311    
0.3997220100    0.0155158560    0.0004130591    
0.3999636000    0.0165732500    0.0004224627    
0.4002051800    0.0154490260    0.0004098303    
0.4004467700    0.0159134010    0.0004137890    
0.4006883600    0.0153175280    0.0004087946    
0.4009299500    0.0161607960    0.0004200799    
0.4011715400    0.0157872570    0.0004157421    
0.4014131300    0.0158917500    0.0004174818    
0.4016547200    0.0159815770    0.0004214443    
0.4018963000    0.0159207800    0.0004189679    
0.4021378900    0.0158222730    0.0004212165    
0.4023794800    0.0165382070    0.0004270147    
0.4026210700    0.0156866790    0.0004164279    
0.4028626600    0.0163591710    0.0004239493    
0.4031042500    0.0158806080    0.0004193654    
0.4033458400    0.0159138310    0.0004198038    
0.4035874200    0.0150779320    0.0004117441    
0.4038290100    0.0151352250    0.0004108648    
0.4040706000    0.0153685680    0.0004147612    
0.4043121900    0.0152427730    0.0004145488    
0.4045537800    0.0158131970    0.0004233822    
0.4047953700    0.0153366530    0.0004194352    
0.4050369600    0.0157662060    0.0004204695    
0.4052785400    0.0155527030    0.0004191205    
0.4055201300    0.0160125990    0.0004250800    
0.4057617200    0.0154519610    0.0004202379    
0.4060033100    0.0158884710    0.0004234292    
0.4062449000    0.0157266650    0.0004247349    
0.4064864900    0.0157719720    0.0004245672    
0.4067280800    0.0158076700    0.0004266115    
0.4069696600    0.0161140330    0.0004325233    
0.4072112500    0.0150884810    0.0004200981    
0.4074528400    0.0161348280    0.0004354407    
0.4076944300    0.0160709210    0.0004321452    
0.4079360200    0.0166365700    0.0004382600    
0.4081776100    0.0156235550    0.0004264848    
0.4084191900    0.0159390980    0.0004315753    
0.4086607800    0.0155191340    0.0004242672    
0.4089023700    0.0145679370    0.0004145382    
0.4091439600    0.0154728700    0.0004278259    
0.4093855500    0.0155464810    0.0004298612    
0.4096271400    0.0149065530    0.0004221278    
0.4098687300    0.0154608310    0.0004364264    
0.4101103100    0.0165461310    0.0004409559    
0.4103519000    0.0153635500    0.0004287549    
0.4105934900    0.0164372840    0.0004426372    
0.4108350800    0.0157081810    0.0004349978    
0.4110766700    0.0161142570    0.0004403723    
0.4113182600    0.0158877040    0.0004389605    
0.4115598500    0.0163505360    0.0004468294    
0.4118014300    0.0151625320    0.0004319827    
0.4120430200    0.0155323990    0.0004355069    
0.4122846100    0.0159970370    0.0004459131    
0.4125262000    0.0160428440    0.0004510619    
0.4127677900    0.0156851740    0.0004380718    
0.4130093800    0.0160715420    0.0004454019    
0.4132509700    0.0162555110    0.0004486093    
0.4134925500    0.0164882480    0.0004552056    
0.4137341400    0.0159895790    0.0004469223    
0.4139757300    0.0158584590    0.0004480077    
0.4142173200    0.0154738670    0.0004403169    
0.4144589100    0.0161997800    0.0004551146    
0.4147005000    0.0167831500    0.0004622913    
0.4149420800    0.0158187060    0.0004525175    
0.4151836700    0.0156212360    0.0004476017    
0.4154252600    0.0160356480    0.0004505036    
0.4156668500    0.0165560760    0.0004543164    
0.4159084400    0.0160823330    0.0004477692    
0.4161500300    0.0156148230    0.0004398978    
0.4163916200    0.0154347720    0.0004377888    
0.4166332000    0.0153292430    0.0004339237    
0.4168747900    0.0155690320    0.0004360201    
0.4171163800    0.0157143600    0.0004421759    
0.4173579700    0.0156700430    0.0004385052    
0.4175995600    0.0155293930    0.0004433352    
0.4178411500    0.0155168480    0.0004359284    
0.4180827400    0.0169558790    0.0004572661    
0.4183243200    0.0157915950    0.0004426004    
0.4185659100    0.0162855900    0.0004508149    
0.4188075000    0.0152345820    0.0004358078    
0.4190490900    0.0155642490    0.0004436078    
0.4192906800    0.0158104030    0.0004466501    
0.4195322700    0.0151723500    0.0004411238    
0.4197738600    0.0158520920    0.0004508970    
0.4200154400    0.0154057550    0.0004486690    
0.4202570300    0.0151265530    0.0004452840    
0.4204986200    0.0159575090    0.0004542632    
0.4207402100    0.0157164100    0.0004538828    
0.4209818000    0.0162485150    0.0004595774    
0.4212233900    0.0158449370    0.0004564540    
0.4214649800    0.0158758970    0.0004581068    
0.4217065600    0.0156945590    0.0004566928    
0.4219481500    0.0156616340    0.0004576765    
0.4221897400    0.0152438450    0.0004534770    
0.4224313300    0.0158476760    0.0004659066    
0.4226729200    0.0159587620    0.0004685654    
0.4229145100    0.0164068040    0.0004764109    
0.4231560900    0.0155255960    0.0004616544    
0.4233976800    0.0153703580    0.0004600996    
0.4236392700    0.0155593040    0.0004647157    
0.4238808600    0.0151467280    0.0004600491    
0.4241224500    0.0160449740    0.0004737588    
0.4243640400    0.0150214960    0.0004620359    
0.4246056300    0.0161037900    0.0004794834    
0.4248472100    0.0163144250    0.0004851103    
0.4250888000    0.0152662130    0.0004709014    
0.4253303900    0.0154126170    0.0004804727    
0.4255719800    0.0160443220    0.0004833153    
0.4258135700    0.0158960730    0.0004819205    
0.4260551600    0.0155702100    0.0004811950    
0.4262967500    0.0153382920    0.0004756202    
0.4265383300    0.0153145380    0.0004795168    
0.4267799200    0.0151600230    0.0004794020    
0.4270215100    0.0162937290    0.0004958024    
0.4272631000    0.0151873890    0.0004836650    
0.4275046900    0.0156925090    0.0004937780    
0.4277462800    0.0156822830    0.0004989199    
0.4279878700    0.0162056550    0.0005104301    
0.4282294500    0.0157444560    0.0004973863    
0.4284710400    0.0160654790    0.0005040189    
0.4287126300    0.0154508780    0.0004971238    
0.4289542200    0.0156833270    0.0005027844    
0.4291958100    0.0157124160    0.0005055387    
0.4294374000    0.0160041590    0.0005149254    
0.4296789900    0.0157506040    0.0005091447    
0.4299205700    0.0161065960    0.0005203805    
0.4301621600    0.0161639160    0.0005266488    
0.4304037500    0.0153293450    0.0005149994    
0.4306453400    0.0159244660    0.0005308155    
0.4308869300    0.0149213100    0.0005070467    
0.4311285200    0.0148995070    0.0005098506    
0.4313701000    0.0160660170    0.0005331695    
0.4316116900    0.0153594300    0.0005246681    
0.4318532800    0.0150154670    0.0005202551    
0.4320948700    0.0161261860    0.0005426894    
0.4323364600    0.0143879440    0.0005171640    
0.4325780500    0.0152009370    0.0005347671    
0.4328196400    0.0161265500    0.0005554279    
0.4330612200    0.0162611240    0.0005664831    
0.4333028100    0.0163611920    0.0005668817    
0.4335444000    0.0164736390    0.0005670460    
0.4337859900    0.0146231710    0.0005371956    
0.4340275800    0.0158203480    0.0005632193    
0.4342691700    0.0157426040    0.0005673241    
0.4345107600    0.0164552230    0.0005843421    
0.4347523400    0.0162436080    0.0005834876    
0.4349939300    0.0149006980    0.0005635962    
0.4352355200    0.0157849670    0.0005886800    
0.4354771100    0.0167600970    0.0006119922    
0.4357187000    0.0161974660    0.0006144049    
0.4359602900    0.0156374540    0.0005948768    
0.4362018800    0.0148614010    0.0005847140    
0.4364434600    0.0159942490    0.0006111088    
0.4366850500    0.0154114120    0.0006072947    
0.4369266400    0.0165899780    0.0006399723    
0.4371682300    0.0161747170    0.0006344246    
0.4374098200    0.0159803450    0.0006402390    
0.4376514100    0.0146746470    0.0006212273    
0.4378930000    0.0150334920    0.0006375621    
0.4381345800    0.0164970960    0.0006797510    
0.4383761700    0.0160734410    0.0006841311    
0.4386177600    0.0163463290    0.0006781600    
0.4388593500    0.0168393730    0.0006986149    
0.4391009400    0.0147086390    0.0006637916    
0.4393425300    0.0162763380    0.0007076669    
0.4395841100    0.0161433250    0.0007190809    
0.4398257000    0.0163200090    0.0007402906    
0.4400672900    0.0162009260    0.0007529209    
0.4403088800    0.0159762350    0.0007695482    
0.4405504700    0.0166954680    0.0008136873    
0.4407920600    0.0157543370    0.0008223697    
0.4410336500    0.0164438290    0.0008642684    
0.4412752300    0.0156491420    0.0008462087    
0.4415168200    0.0152228720    0.0008774318    
0.4417584100    0.0139834240    0.0011417418    
0.4420000000    0.0178762810    0.0019621767    