# Diamond Light Source Ltd.
# Data extracted from: /dls/b21/data/2017/mx13440-2/processed/b21-369037_00348.dat
q(1/A)          Column          Error           
0.0040000000    0.8323554700    0.0211350330    
0.0042415885    0.8697150800    0.0203195580    
0.0044831771    0.6784600500    0.0167075950    
0.0047247656    0.5392399600    0.0144220990    
0.0049663541    0.4296090800    0.0121366240    
0.0052079426    0.3721087000    0.0116227230    
0.0054495312    0.2931490500    0.0095110111    
0.0056911197    0.2932176200    0.0089681160    
0.0059327082    0.2133987900    0.0076507174    
0.0061742967    0.1675137400    0.0064959043    
0.0064158853    0.1528078000    0.0061418640    
0.0066574738    0.1258557200    0.0052668980    
0.0068990623    0.1223090800    0.0052391453    
0.0071406509    0.0991780350    0.0046342852    
0.0073822394    0.0932815960    0.0043445571    
0.0076238279    0.0850517970    0.0040500856    
0.0078654164    0.0784385230    0.0039516757    
0.0081070050    0.0781730800    0.0037395256    
0.0083485935    0.0715567240    0.0034547912    
0.0085901820    0.0659426850    0.0033391376    
0.0088317705    0.0585095850    0.0030625316    
0.0090733591    0.0606078740    0.0030969177    
0.0093149476    0.0540746120    0.0028188340    
0.0095565361    0.0528990770    0.0027880261    
0.0097981247    0.0481969370    0.0026612306    
0.0100397130    0.0466295570    0.0025288428    
0.0102813020    0.0373164030    0.0023142651    
0.0105228900    0.0410597600    0.0022740898    
0.0107644790    0.0366436310    0.0021705814    
0.0110060670    0.0382514450    0.0021620995    
0.0112476560    0.0404176610    0.0022115560    
0.0114892440    0.0342080700    0.0020053126    
0.0117308330    0.0305084610    0.0018848190    
0.0119724210    0.0338586450    0.0019580960    
0.0122140100    0.0325813830    0.0019034247    
0.0124555980    0.0333682590    0.0018682639    
0.0126971870    0.0330261800    0.0019163734    
0.0129387760    0.0316541250    0.0017750752    
0.0131803640    0.0345607300    0.0018854424    
0.0134219530    0.0316711010    0.0017408011    
0.0136635410    0.0281577380    0.0016478070    
0.0139051300    0.0302792110    0.0017087547    
0.0141467180    0.0280022970    0.0016060419    
0.0143883070    0.0291583800    0.0016149333    
0.0146298950    0.0280850650    0.0015849319    
0.0148714840    0.0264106420    0.0015482193    
0.0151130720    0.0282382120    0.0015835203    
0.0153546610    0.0255091100    0.0014488201    
0.0155962490    0.0257778040    0.0014712170    
0.0158378380    0.0286937420    0.0015165114    
0.0160794260    0.0253274370    0.0014247796    
0.0163210150    0.0243029090    0.0013649874    
0.0165626030    0.0250047680    0.0014111007    
0.0168041920    0.0239471270    0.0013303959    
0.0170457800    0.0261823710    0.0013995066    
0.0172873690    0.0245384140    0.0013467204    
0.0175289580    0.0282650100    0.0014367912    
0.0177705460    0.0273664560    0.0013893213    
0.0180121350    0.0282719460    0.0013962519    
0.0182537230    0.0252932740    0.0013061391    
0.0184953120    0.0244179070    0.0012798461    
0.0187369000    0.0228079350    0.0012369340    
0.0189784890    0.0227138820    0.0012021461    
0.0192200770    0.0243579610    0.0012646023    
0.0194616660    0.0240628460    0.0012247666    
0.0197032540    0.0222176120    0.0011858884    
0.0199448430    0.0233569770    0.0012159157    
0.0201864310    0.0249355920    0.0012467796    
0.0204280200    0.0222895140    0.0011556575    
0.0206696080    0.0248609030    0.0012031034    
0.0209111970    0.0239565930    0.0012069157    
0.0211527850    0.0230862020    0.0011485815    
0.0213943740    0.0219305630    0.0011220652    
0.0216359620    0.0224262280    0.0011399893    
0.0218775510    0.0209545960    0.0010968137    
0.0221191400    0.0215866190    0.0010930809    
0.0223607280    0.0223377660    0.0011045315    
0.0226023170    0.0229477690    0.0011531688    
0.0228439050    0.0203952810    0.0010394398    
0.0230854940    0.0227345460    0.0010950846    
0.0233270820    0.0215348010    0.0010635280    
0.0235686710    0.0230369400    0.0011070847    
0.0238102590    0.0197897920    0.0010046745    
0.0240518480    0.0218649520    0.0010495513    
0.0242934360    0.0206928740    0.0010359394    
0.0245350250    0.0219545620    0.0010538527    
0.0247766130    0.0225874060    0.0010624222    
0.0250182020    0.0191777370    0.0009890163    
0.0252597900    0.0220621080    0.0010354261    
0.0255013790    0.0207632290    0.0009966669    
0.0257429670    0.0210841590    0.0010062920    
0.0259845560    0.0228558880    0.0010356991    
0.0262261450    0.0209358270    0.0009969441    
0.0264677330    0.0202779790    0.0009700273    
0.0267093220    0.0196575580    0.0009479716    
0.0269509100    0.0210341520    0.0009860963    
0.0271924990    0.0194939280    0.0009422746    
0.0274340870    0.0223834150    0.0010153323    
0.0276756760    0.0212996760    0.0009742245    
0.0279172640    0.0207790620    0.0009605125    
0.0281588530    0.0218278300    0.0009722888    
0.0284004410    0.0199253190    0.0009372082    
0.0286420300    0.0200628690    0.0009224917    
0.0288836180    0.0216545930    0.0009684228    
0.0291252070    0.0200315920    0.0009124140    
0.0293667950    0.0204299880    0.0009324971    
0.0296083840    0.0205303040    0.0009237020    
0.0298499720    0.0200000350    0.0009147803    
0.0300915610    0.0211536940    0.0009376210    
0.0303331490    0.0190051320    0.0008813419    
0.0305747380    0.0206647680    0.0009070827    
0.0308163270    0.0202267870    0.0008974185    
0.0310579150    0.0192986860    0.0008808605    
0.0312995040    0.0200180050    0.0008899089    
0.0315410920    0.0196314350    0.0008770678    
0.0317826810    0.0194686400    0.0008706641    
0.0320242690    0.0197566310    0.0008688957    
0.0322658580    0.0196153370    0.0008781031    
0.0325074460    0.0209263320    0.0008914917    
0.0327490350    0.0187222830    0.0008406553    
0.0329906230    0.0196233400    0.0008515804    
0.0332322120    0.0182902570    0.0008271140    
0.0334738000    0.0192246790    0.0008366468    
0.0337153890    0.0189140130    0.0008286380    
0.0339569770    0.0200257080    0.0008538990    
0.0341985660    0.0200119190    0.0008548668    
0.0344401540    0.0195640200    0.0008342126    
0.0346817430    0.0196186800    0.0008426945    
0.0349233310    0.0185505580    0.0008158526    
0.0351649200    0.0190160080    0.0008108453    
0.0354065090    0.0187769240    0.0008102841    
0.0356480970    0.0192797460    0.0008096732    
0.0358896860    0.0183582150    0.0007989388    
0.0361312740    0.0185654020    0.0007923520    
0.0363728630    0.0188005530    0.0007951787    
0.0366144510    0.0190104530    0.0008062228    
0.0368560400    0.0184151360    0.0007816790    
0.0370976280    0.0171375520    0.0007633672    
0.0373392170    0.0182811580    0.0007809324    
0.0375808050    0.0184493690    0.0007761708    
0.0378223940    0.0201800180    0.0008117594    
0.0380639820    0.0198148190    0.0008075917    
0.0383055710    0.0183247830    0.0007615520    
0.0385471590    0.0197107150    0.0007928813    
0.0387887480    0.0192861220    0.0007873526    
0.0390303360    0.0184047510    0.0007602932    
0.0392719250    0.0191099030    0.0007737374    
0.0395135140    0.0187026430    0.0007654482    
0.0397551020    0.0199965020    0.0008069932    
0.0399966910    0.0178960120    0.0007349011    
0.0402382790    0.0192650650    0.0007681484    
0.0404798680    0.0189220900    0.0007556755    
0.0407214560    0.0186531910    0.0007577341    
0.0409630450    0.0208401920    0.0007882485    
0.0412046330    0.0189522690    0.0007562779    
0.0414462220    0.0188410570    0.0007476846    
0.0416878100    0.0179670810    0.0007292613    
0.0419293990    0.0187509090    0.0007441071    
0.0421709870    0.0185293360    0.0007370574    
0.0424125760    0.0202462650    0.0007741353    
0.0426541640    0.0188304310    0.0007352048    
0.0428957530    0.0184139750    0.0007278763    
0.0431373410    0.0192897100    0.0007441167    
0.0433789300    0.0179484790    0.0007128252    
0.0436205180    0.0182046900    0.0007162539    
0.0438621070    0.0178069290    0.0007100088    
0.0441036960    0.0199518890    0.0007498379    
0.0443452840    0.0192774540    0.0007312355    
0.0445868730    0.0185712970    0.0007250873    
0.0448284610    0.0185284830    0.0007152842    
0.0450700500    0.0172449300    0.0007136003    
0.0453116380    0.0183366510    0.0007376083    
0.0455532270    0.0179336400    0.0007504995    
0.0457948150    0.0193605250    0.0007787945    
0.0460364040    0.0192388900    0.0007783222    
0.0462779920    0.0198139520    0.0008022435    
0.0465195810    0.0184497130    0.0007741328    
0.0467611690    0.0193822970    0.0007966075    
0.0470027580    0.0176470570    0.0007601126    
0.0472443460    0.0181737070    0.0007871906    
0.0474859350    0.0180655340    0.0007752663    
0.0477275230    0.0200533400    0.0008234919    
0.0479691120    0.0179721220    0.0007806591    
0.0482107000    0.0174255780    0.0007761970    
0.0484522890    0.0187369210    0.0008004016    
0.0486938780    0.0187920500    0.0008071877    
0.0489354660    0.0188284850    0.0008102490    
0.0491770550    0.0175871590    0.0007920858    
0.0494186430    0.0183089580    0.0007923061    
0.0496602320    0.0181421160    0.0007666443    
0.0499018200    0.0195222780    0.0007840336    
0.0501434090    0.0179813320    0.0007402797    
0.0503849970    0.0179020040    0.0007314561    
0.0506265860    0.0181464450    0.0007311411    
0.0508681740    0.0178581280    0.0007218720    
0.0511097630    0.0175173990    0.0007115957    
0.0513513510    0.0182221200    0.0007125413    
0.0515929400    0.0191045000    0.0007413984    
0.0518345280    0.0195595230    0.0007382266    
0.0520761170    0.0183864000    0.0007239638    
0.0523177050    0.0180316850    0.0006955874    
0.0525592940    0.0190579970    0.0007287007    
0.0528008830    0.0188450600    0.0007057530    
0.0530424710    0.0189935050    0.0007108140    
0.0532840600    0.0176593440    0.0006817314    
0.0535256480    0.0189226050    0.0007056941    
0.0537672370    0.0179583310    0.0006816889    
0.0540088250    0.0173843070    0.0006721161    
0.0542504140    0.0177415940    0.0006818648    
0.0544920020    0.0174452840    0.0006704767    
0.0547335910    0.0177527560    0.0006714709    
0.0549751790    0.0189429070    0.0006907768    
0.0552167680    0.0189311620    0.0006912683    
0.0554583560    0.0174284820    0.0006559296    
0.0556999450    0.0187968750    0.0006791587    
0.0559415330    0.0183404800    0.0006755803    
0.0561831220    0.0196367780    0.0006921055    
0.0564247100    0.0190845460    0.0006802906    
0.0566662990    0.0179251910    0.0006567282    
0.0569078870    0.0178153150    0.0006611884    
0.0571494760    0.0177086450    0.0006527493    
0.0573910650    0.0181763490    0.0006512353    
0.0576326530    0.0179342420    0.0006518311    
0.0578742420    0.0177712580    0.0006476206    
0.0581158300    0.0184104670    0.0006529520    
0.0583574190    0.0182955000    0.0006496922    
0.0585990070    0.0194129950    0.0006730245    
0.0588405960    0.0174105370    0.0006361672    
0.0590821840    0.0189823920    0.0006580960    
0.0593237730    0.0194094380    0.0006673102    
0.0595653610    0.0188845080    0.0006606853    
0.0598069500    0.0185589170    0.0006407250    
0.0600485380    0.0196103520    0.0006621945    
0.0602901270    0.0189739040    0.0006519510    
0.0605317150    0.0190354370    0.0006494807    
0.0607733040    0.0170870920    0.0006126019    
0.0610148920    0.0184480770    0.0006399567    
0.0612564810    0.0185476800    0.0006388160    
0.0614980690    0.0188815180    0.0006383118    
0.0617396580    0.0179392660    0.0006362402    
0.0619812470    0.0196633980    0.0006655052    
0.0622228350    0.0185257970    0.0006418808    
0.0624644240    0.0177363810    0.0006235779    
0.0627060120    0.0177794370    0.0006293852    
0.0629476010    0.0180746570    0.0006386366    
0.0631891890    0.0191607970    0.0006533777    
0.0634307780    0.0180178610    0.0006307513    
0.0636723660    0.0178093560    0.0006265310    
0.0639139550    0.0178338290    0.0006258447    
0.0641555430    0.0185146770    0.0006309785    
0.0643971320    0.0176925330    0.0006228067    
0.0646387200    0.0181765090    0.0006198138    
0.0648803090    0.0183426470    0.0006280403    
0.0651218970    0.0172224740    0.0005967234    
0.0653634860    0.0188925270    0.0006297509    
0.0656050740    0.0180656460    0.0006142504    
0.0658466630    0.0177600310    0.0006059644    
0.0660882520    0.0178769490    0.0006064340    
0.0663298400    0.0179573790    0.0006088122    
0.0665714290    0.0175337670    0.0005985929    
0.0668130170    0.0183295300    0.0006140624    
0.0670546060    0.0177724630    0.0006011625    
0.0672961940    0.0174054100    0.0005924870    
0.0675377830    0.0183360790    0.0006032127    
0.0677793710    0.0178512850    0.0005990499    
0.0680209600    0.0169349930    0.0005764739    
0.0682625480    0.0176105630    0.0005883276    
0.0685041370    0.0184170260    0.0005997409    
0.0687457250    0.0191669550    0.0006202281    
0.0689873140    0.0183589280    0.0005978489    
0.0692289020    0.0187872380    0.0006047826    
0.0694704910    0.0191852870    0.0006106744    
0.0697120790    0.0189686100    0.0006053127    
0.0699536680    0.0190119110    0.0006088685    
0.0701952560    0.0188651120    0.0006060347    
0.0704368450    0.0175742490    0.0005867871    
0.0706784340    0.0184747310    0.0006074454    
0.0709200220    0.0179946570    0.0005942359    
0.0711616110    0.0171040350    0.0005788839    
0.0714031990    0.0179771540    0.0005982422    
0.0716447880    0.0180322100    0.0006020780    
0.0718863760    0.0181136720    0.0005952522    
0.0721279650    0.0174300950    0.0005784380    
0.0723695530    0.0169195660    0.0005668268    
0.0726111420    0.0185531290    0.0005972463    
0.0728527300    0.0178144240    0.0005767633    
0.0730943190    0.0188743690    0.0005977573    
0.0733359070    0.0180097310    0.0005803555    
0.0735774960    0.0184487210    0.0005896237    
0.0738190840    0.0180810990    0.0005775795    
0.0740606730    0.0176436160    0.0005718329    
0.0743022610    0.0188766180    0.0005919210    
0.0745438500    0.0180823920    0.0005767387    
0.0747854380    0.0188119930    0.0005822166    
0.0750270270    0.0190274470    0.0005903000    
0.0752686160    0.0190773520    0.0005837575    
0.0755102040    0.0175920780    0.0005613858    
0.0757517930    0.0186951320    0.0005808295    
0.0759933810    0.0181650130    0.0005635442    
0.0762349700    0.0179226380    0.0005670472    
0.0764765580    0.0187171670    0.0005740814    
0.0767181470    0.0181898580    0.0005651314    
0.0769597350    0.0182380800    0.0005615041    
0.0772013240    0.0182822750    0.0005610066    
0.0774429120    0.0185828710    0.0005628589    
0.0776845010    0.0187175770    0.0005625690    
0.0779260890    0.0181637280    0.0005576315    
0.0781676780    0.0181516440    0.0005536199    
0.0784092660    0.0184638120    0.0005595095    
0.0786508550    0.0181977590    0.0005509416    
0.0788924430    0.0189907200    0.0005682178    
0.0791340320    0.0181792660    0.0005521559    
0.0793756210    0.0175535320    0.0005440504    
0.0796172090    0.0169201510    0.0005287547    
0.0798587980    0.0187420060    0.0005617829    
0.0801003860    0.0191032450    0.0005667845    
0.0803419750    0.0184574570    0.0005493193    
0.0805835630    0.0184399200    0.0005534744    
0.0808251520    0.0180590580    0.0005469931    
0.0810667400    0.0181253300    0.0005479958    
0.0813083290    0.0181183380    0.0005413889    
0.0815499170    0.0182231730    0.0005509540    
0.0817915060    0.0178161650    0.0005411275    
0.0820330940    0.0183778890    0.0005438292    
0.0822746830    0.0184418800    0.0005462013    
0.0825162710    0.0188352770    0.0005494815    
0.0827578600    0.0190229230    0.0005540135    
0.0829994480    0.0185539860    0.0005401274    
0.0832410370    0.0187319290    0.0005490425    
0.0834826250    0.0185697100    0.0005403562    
0.0837242140    0.0180760890    0.0005321102    
0.0839658030    0.0178849260    0.0005306376    
0.0842073910    0.0188197350    0.0005426011    
0.0844489800    0.0181207480    0.0005290870    
0.0846905680    0.0181265760    0.0005252425    
0.0849321570    0.0171994270    0.0005174076    
0.0851737450    0.0182641710    0.0005265834    
0.0854153340    0.0179689970    0.0005255531    
0.0856569220    0.0183175510    0.0005270283    
0.0858985110    0.0179648890    0.0005274673    
0.0861400990    0.0181204250    0.0005241848    
0.0863816880    0.0184535720    0.0005309419    
0.0866232760    0.0188640100    0.0005411852    
0.0868648650    0.0185449300    0.0005296390    
0.0871064530    0.0187810200    0.0005346402    
0.0873480420    0.0185895740    0.0005276957    
0.0875896300    0.0176115220    0.0005148776    
0.0878312190    0.0180341660    0.0005203847    
0.0880728080    0.0180445340    0.0005189584    
0.0883143960    0.0183357910    0.0005228139    
0.0885559850    0.0184696290    0.0005266300    
0.0887975730    0.0167301300    0.0004987961    
0.0890391620    0.0183136730    0.0005221832    
0.0892807500    0.0179603450    0.0005152601    
0.0895223390    0.0189928070    0.0005285986    
0.0897639270    0.0187324970    0.0005215558    
0.0900055160    0.0184563170    0.0005189192    
0.0902471040    0.0184043390    0.0005203452    
0.0904886930    0.0179799050    0.0005097734    
0.0907302810    0.0181098680    0.0005071777    
0.0909718700    0.0186397260    0.0005236622    
0.0912134580    0.0173401590    0.0004968547    
0.0914550470    0.0180983710    0.0005141666    
0.0916966350    0.0192478610    0.0005234728    
0.0919382240    0.0186652030    0.0005172818    
0.0921798120    0.0190384100    0.0005191221    
0.0924214010    0.0176653800    0.0005000526    
0.0926629900    0.0178709310    0.0005000941    
0.0929045780    0.0185718210    0.0005150896    
0.0931461670    0.0182912720    0.0005053686    
0.0933877550    0.0190400650    0.0005164862    
0.0936293440    0.0188112510    0.0005154251    
0.0938709320    0.0184303280    0.0005090163    
0.0941125210    0.0188191040    0.0005103046    
0.0943541090    0.0176429100    0.0004941003    
0.0945956980    0.0191741800    0.0005159647    
0.0948372860    0.0182260290    0.0005005187    
0.0950788750    0.0193689900    0.0005145434    
0.0953204630    0.0188728480    0.0005098908    
0.0955620520    0.0191805740    0.0005131725    
0.0958036400    0.0184331140    0.0005005747    
0.0960452290    0.0191128020    0.0005097200    
0.0962868170    0.0181718120    0.0004992181    
0.0965284060    0.0193438950    0.0005127923    
0.0967699940    0.0188409270    0.0005060817    
0.0970115830    0.0182017710    0.0004922995    
0.0972531720    0.0195533210    0.0005119092    
0.0974947600    0.0203935590    0.0005222255    
0.0977363490    0.0189393860    0.0005013649    
0.0979779370    0.0192836140    0.0005078153    
0.0982195260    0.0191572690    0.0005064234    
0.0984611140    0.0200559130    0.0005151015    
0.0987027030    0.0200459660    0.0005155266    
0.0989442910    0.0192977350    0.0005060858    
0.0991858800    0.0197938250    0.0005109041    
0.0994274680    0.0193122720    0.0005025082    
0.0996690570    0.0202752160    0.0005113747    
0.0999106450    0.0195629250    0.0005062953    
0.1001522300    0.0195916360    0.0005026803    
0.1003938200    0.0195800830    0.0005043801    
0.1006354100    0.0204859680    0.0005137572    
0.1008770000    0.0204812950    0.0005147744    
0.1011185900    0.0199767020    0.0005083937    
0.1013601800    0.0204594960    0.0005150406    
0.1016017700    0.0204652730    0.0005116318    
0.1018433500    0.0208482350    0.0005280150    
0.1020849400    0.0214011520    0.0005423665    
0.1023265300    0.0212234610    0.0005443703    
0.1025681200    0.0206640100    0.0005344339    
0.1028097100    0.0206145730    0.0005417390    
0.1030513000    0.0210162730    0.0005488943    
0.1032928800    0.0210928550    0.0005550751    
0.1035344700    0.0215151350    0.0005531267    
0.1037760600    0.0214790850    0.0005621333    
0.1040176500    0.0219565080    0.0005707322    
0.1042592400    0.0223877590    0.0005780495    
0.1045008300    0.0218105990    0.0005671312    
0.1047424200    0.0215178690    0.0005684289    
0.1049840000    0.0209863330    0.0005641161    
0.1052255900    0.0203226610    0.0005568375    
0.1054671800    0.0199539540    0.0005483842    
0.1057087700    0.0194312450    0.0005448251    
0.1059503600    0.0185454580    0.0005342494    
0.1061919500    0.0187375600    0.0005366748    
0.1064335400    0.0187632940    0.0005238365    
0.1066751200    0.0187133020    0.0005152619    
0.1069167100    0.0196502440    0.0005264927    
0.1071583000    0.0188445600    0.0005089408    
0.1073998900    0.0187877550    0.0005064839    
0.1076414800    0.0180367450    0.0004998649    
0.1078830700    0.0190867410    0.0005068666    
0.1081246600    0.0187871520    0.0005059165    
0.1083662400    0.0185611790    0.0004966007    
0.1086078300    0.0184671510    0.0005007609    
0.1088494200    0.0190504710    0.0005020240    
0.1090910100    0.0187646970    0.0004969146    
0.1093326000    0.0194781690    0.0005035961    
0.1095741900    0.0179976530    0.0004853606    
0.1098157700    0.0187199680    0.0004900918    
0.1100573600    0.0186188380    0.0004923620    
0.1102989500    0.0185722350    0.0004873948    
0.1105405400    0.0182719030    0.0004831876    
0.1107821300    0.0190886250    0.0004961852    
0.1110237200    0.0182996840    0.0004810712    
0.1112653100    0.0182177190    0.0004849874    
0.1115068900    0.0189787980    0.0004879207    
0.1117484800    0.0197214760    0.0004966193    
0.1119900700    0.0185580950    0.0004798081    
0.1122316600    0.0186271140    0.0004823994    
0.1124732500    0.0178536590    0.0004696705    
0.1127148400    0.0176576870    0.0004666189    
0.1129564300    0.0190486350    0.0004863525    
0.1131980100    0.0181581530    0.0004724778    
0.1134396000    0.0183355220    0.0004759665    
0.1136811900    0.0181335650    0.0004721578    
0.1139227800    0.0188683830    0.0004797219    
0.1141643700    0.0184966490    0.0004714914    
0.1144059600    0.0192966480    0.0004818143    
0.1146475500    0.0191774350    0.0004829194    
0.1148891300    0.0183308940    0.0004662071    
0.1151307200    0.0179514240    0.0004663101    
0.1153723100    0.0179880530    0.0004613838    
0.1156139000    0.0176364630    0.0004606218    
0.1158554900    0.0180906770    0.0004615930    
0.1160970800    0.0179077370    0.0004639248    
0.1163386700    0.0186920210    0.0004701001    
0.1165802500    0.0188686860    0.0004718646    
0.1168218400    0.0175831210    0.0004524884    
0.1170634300    0.0176980240    0.0004543934    
0.1173050200    0.0176581680    0.0004551739    
0.1175466100    0.0187246730    0.0004673871    
0.1177882000    0.0182202430    0.0004586704    
0.1180297800    0.0187342640    0.0004653129    
0.1182713700    0.0176929680    0.0004541139    
0.1185129600    0.0183706160    0.0004601290    
0.1187545500    0.0175559320    0.0004489729    
0.1189961400    0.0185318360    0.0004604272    
0.1192377300    0.0182374940    0.0004542372    
0.1194793200    0.0182777430    0.0004541142    
0.1197209000    0.0178314580    0.0004487410    
0.1199624900    0.0181827520    0.0004523128    
0.1202040800    0.0186533010    0.0004548233    
0.1204456700    0.0188323310    0.0004622214    
0.1206872600    0.0180373800    0.0004474523    
0.1209288500    0.0183344850    0.0004544033    
0.1211704400    0.0166581920    0.0004309755    
0.1214120200    0.0173578550    0.0004383520    
0.1216536100    0.0181840580    0.0004476605    
0.1218952000    0.0178931590    0.0004417054    
0.1221367900    0.0176077450    0.0004412983    
0.1223783800    0.0182254700    0.0004459853    
0.1226199700    0.0182783660    0.0004482200    
0.1228615600    0.0171267620    0.0004334847    
0.1231031400    0.0182682530    0.0004473001    
0.1233447300    0.0187006990    0.0004523627    
0.1235863200    0.0182276280    0.0004485972    
0.1238279100    0.0185956680    0.0004481209    
0.1240695000    0.0175961940    0.0004347722    
0.1243110900    0.0178599550    0.0004378282    
0.1245526800    0.0177054690    0.0004370722    
0.1247942600    0.0186952560    0.0004456307    
0.1250358500    0.0186003930    0.0004464237    
0.1252774400    0.0190534210    0.0004508502    
0.1255190300    0.0169598470    0.0004242614    
0.1257606200    0.0181403190    0.0004404859    
0.1260022100    0.0186428060    0.0004461585    
0.1262437900    0.0180799110    0.0004378588    
0.1264853800    0.0179382420    0.0004355790    
0.1267269700    0.0182895900    0.0004375801    
0.1269685600    0.0184308530    0.0004394531    
0.1272101500    0.0170687090    0.0004229024    
0.1274517400    0.0175586690    0.0004318721    
0.1276933300    0.0179423770    0.0004301356    
0.1279349100    0.0190162150    0.0004480920    
0.1281765000    0.0176946060    0.0004313193    
0.1284180900    0.0184262890    0.0004377297    
0.1286596800    0.0176464740    0.0004296357    
0.1289012700    0.0185250670    0.0004387166    
0.1291428600    0.0185303270    0.0004397052    
0.1293844500    0.0178163970    0.0004277304    
0.1296260300    0.0183125860    0.0004356436    
0.1298676200    0.0177218570    0.0004285595    
0.1301092100    0.0187865740    0.0004390393    
0.1303508000    0.0179276390    0.0004278198    
0.1305923900    0.0182907300    0.0004364845    
0.1308339800    0.0187217760    0.0004402991    
0.1310755700    0.0186687090    0.0004378419    
0.1313171500    0.0180289290    0.0004293819    
0.1315587400    0.0190961300    0.0004413594    
0.1318003300    0.0184685060    0.0004353069    
0.1320419200    0.0180251910    0.0004265198    
0.1322835100    0.0186011700    0.0004350630    
0.1325251000    0.0185655130    0.0004344668    
0.1327666900    0.0179527060    0.0004263591    
0.1330082700    0.0185096140    0.0004329216    
0.1332498600    0.0188854780    0.0004380143    
0.1334914500    0.0174219570    0.0004227933    
0.1337330400    0.0183197860    0.0004278969    
0.1339746300    0.0183389210    0.0004291641    
0.1342162200    0.0188357990    0.0004347623    
0.1344578000    0.0183025610    0.0004299647    
0.1346993900    0.0182302960    0.0004265053    
0.1349409800    0.0179545440    0.0004256831    
0.1351825700    0.0181019130    0.0004243154    
0.1354241600    0.0182203180    0.0004263886    
0.1356657500    0.0183546360    0.0004284772    
0.1359073400    0.0181855950    0.0004291156    
0.1361489200    0.0182463480    0.0004258333    
0.1363905100    0.0175919200    0.0004177908    
0.1366321000    0.0178752140    0.0004209722    
0.1368736900    0.0179346990    0.0004216720    
0.1371152800    0.0179696940    0.0004200637    
0.1373568700    0.0172823450    0.0004136000    
0.1375984600    0.0175747700    0.0004180915    
0.1378400400    0.0176670170    0.0004185134    
0.1380816300    0.0186912870    0.0004282444    
0.1383232200    0.0173993350    0.0004153307    
0.1385648100    0.0185047550    0.0004284932    
0.1388064000    0.0176539840    0.0004155317    
0.1390479900    0.0182771230    0.0004209710    
0.1392895800    0.0190091930    0.0004335977    
0.1395311600    0.0179704130    0.0004179166    
0.1397727500    0.0181550740    0.0004200583    
0.1400143400    0.0179562750    0.0004175878    
0.1402559300    0.0181679600    0.0004242350    
0.1404975200    0.0189267610    0.0004283871    
0.1407391100    0.0178106040    0.0004158905    
0.1409806900    0.0184999010    0.0004268955    
0.1412222800    0.0177420250    0.0004139507    
0.1414638700    0.0177729260    0.0004151239    
0.1417054600    0.0185671800    0.0004210039    
0.1419470500    0.0180902300    0.0004201353    
0.1421886400    0.0179788520    0.0004147616    
0.1424302300    0.0176536410    0.0004121129    
0.1426718100    0.0183891210    0.0004214320    
0.1429134000    0.0180384610    0.0004165804    
0.1431549900    0.0184131870    0.0004218727    
0.1433965800    0.0177988530    0.0004149379    
0.1436381700    0.0177939460    0.0004121443    
0.1438797600    0.0183002210    0.0004176435    
0.1441213500    0.0183856050    0.0004192647    
0.1443629300    0.0188244460    0.0004235831    
0.1446045200    0.0181662440    0.0004164336    
0.1448461100    0.0186149110    0.0004215447    
0.1450877000    0.0178970490    0.0004108027    
0.1453292900    0.0181166660    0.0004168332    
0.1455708800    0.0186901940    0.0004210956    
0.1458124700    0.0183311720    0.0004207674    
0.1460540500    0.0180003800    0.0004102667    
0.1462956400    0.0186094780    0.0004200239    
0.1465372300    0.0178268540    0.0004098398    
0.1467788200    0.0178331260    0.0004094434    
0.1470204100    0.0186371660    0.0004190508    
0.1472620000    0.0183971680    0.0004158681    
0.1475035900    0.0181444770    0.0004123745    
0.1477451700    0.0174656060    0.0004062868    
0.1479867600    0.0185426870    0.0004160859    
0.1482283500    0.0179802810    0.0004123874    
0.1484699400    0.0183270910    0.0004146019    
0.1487115300    0.0181655210    0.0004140307    
0.1489531200    0.0187725930    0.0004158361    
0.1491947000    0.0176543990    0.0004063048    
0.1494362900    0.0177414960    0.0004053148    
0.1496778800    0.0185799350    0.0004161890    
0.1499194700    0.0186448000    0.0004162864    
0.1501610600    0.0171292250    0.0003997619    
0.1504026500    0.0182884940    0.0004108996    
0.1506442400    0.0185851820    0.0004179877    
0.1508858200    0.0183047600    0.0004132516    
0.1511274100    0.0189420450    0.0004172419    
0.1513690000    0.0185192720    0.0004125593    
0.1516105900    0.0186302490    0.0004150316    
0.1518521800    0.0182243050    0.0004098714    
0.1520937700    0.0178452510    0.0004045305    
0.1523353600    0.0182299770    0.0004091720    
0.1525769400    0.0186579860    0.0004153404    
0.1528185300    0.0185146770    0.0004132782    
0.1530601200    0.0180187480    0.0004067945    
0.1533017100    0.0188580570    0.0004183455    
0.1535433000    0.0178592900    0.0004031946    
0.1537848900    0.0181008140    0.0004057622    
0.1540264800    0.0184644270    0.0004107265    
0.1542680600    0.0183185370    0.0004087982    
0.1545096500    0.0177918000    0.0004009563    
0.1547512400    0.0185557290    0.0004114363    
0.1549928300    0.0186012150    0.0004116361    
0.1552344200    0.0187964420    0.0004133333    
0.1554760100    0.0187830060    0.0004133377    
0.1557176000    0.0179053100    0.0004050602    
0.1559591800    0.0183375680    0.0004081066    
0.1562007700    0.0181960000    0.0004041560    
0.1564423600    0.0183580380    0.0004053624    
0.1566839500    0.0185694540    0.0004117406    
0.1569255400    0.0183571240    0.0004065332    
0.1571671300    0.0184516100    0.0004077268    
0.1574087100    0.0190003810    0.0004114989    
0.1576503000    0.0185876050    0.0004116374    
0.1578918900    0.0186302820    0.0004070309    
0.1581334800    0.0180558580    0.0004030366    
0.1583750700    0.0183656930    0.0004072226    
0.1586166600    0.0192666140    0.0004268840    
0.1588582500    0.0180805920    0.0004130617    
0.1590998300    0.0185050190    0.0004227579    
0.1593414200    0.0181280370    0.0004212407    
0.1595830100    0.0183909490    0.0004266594    
0.1598246000    0.0184653830    0.0004266674    
0.1600661900    0.0189267840    0.0004361659    
0.1603077800    0.0188293450    0.0004371830    
0.1605493700    0.0187794630    0.0004373234    
0.1607909500    0.0186681980    0.0004371092    
0.1610325400    0.0187789500    0.0004411560    
0.1612741300    0.0183279740    0.0004360097    
0.1615157200    0.0177929180    0.0004314148    
0.1617573100    0.0182892080    0.0004379471    
0.1619989000    0.0180989760    0.0004392231    
0.1622404900    0.0182771060    0.0004392977    
0.1624820700    0.0182884940    0.0004438223    
0.1627236600    0.0186111070    0.0004465523    
0.1629652500    0.0186589470    0.0004465448    
0.1632068400    0.0176063310    0.0004275195    
0.1634484300    0.0188919120    0.0004359414    
0.1636900200    0.0177821180    0.0004224270    
0.1639316100    0.0182273970    0.0004249284    
0.1641731900    0.0183267610    0.0004257435    
0.1644147800    0.0175120420    0.0004128775    
0.1646563700    0.0183235010    0.0004238418    
0.1648979600    0.0174442970    0.0004101419    
0.1651395500    0.0180084920    0.0004186889    
0.1653811400    0.0179614970    0.0004156908    
0.1656227200    0.0181356360    0.0004198334    
0.1658643100    0.0184764040    0.0004204616    
0.1661059000    0.0180325980    0.0004148990    
0.1663474900    0.0180957080    0.0004127612    
0.1665890800    0.0180160600    0.0004116949    
0.1668306700    0.0173886880    0.0004064820    
0.1670722600    0.0182606650    0.0004144802    
0.1673138400    0.0178331260    0.0004094434    
0.1675554300    0.0174069610    0.0004025336    
0.1677970200    0.0177631930    0.0004084842    
0.1680386100    0.0183310840    0.0004154370    
0.1682802000    0.0177752060    0.0004066159    
0.1685217900    0.0171011310    0.0003974858    
0.1687633800    0.0179938510    0.0004072717    
0.1690049600    0.0179824850    0.0004097524    
0.1692465500    0.0170036460    0.0003934175    
0.1694881400    0.0187360780    0.0004157418    
0.1697297300    0.0181753790    0.0004082551    
0.1699713200    0.0180655840    0.0004090000    
0.1702129100    0.0177239170    0.0004013677    
0.1704545000    0.0180715670    0.0004063335    
0.1706960800    0.0177593520    0.0004044582    
0.1709376700    0.0174478210    0.0003963367    
0.1711792600    0.0180204080    0.0004042646    
0.1714208500    0.0176445590    0.0003978402    
0.1716624400    0.0185010530    0.0004099217    
0.1719040300    0.0173856790    0.0003939102    
0.1721456200    0.0175610540    0.0003974758    
0.1723872000    0.0180558580    0.0004030366    
0.1726287900    0.0184832580    0.0004073337    
0.1728703800    0.0180142800    0.0004030131    
0.1731119700    0.0175641760    0.0003959271    
0.1733535600    0.0177019250    0.0003976204    
0.1735951500    0.0169784090    0.0003871750    
0.1738367300    0.0179366490    0.0003993819    
0.1740783200    0.0179376070    0.0003975352    
0.1743199100    0.0177112260    0.0003954423    
0.1745615000    0.0175036660    0.0003922775    
0.1748030900    0.0174116750    0.0003904120    
0.1750446800    0.0179463030    0.0004007909    
0.1752862700    0.0177127230    0.0003929375    
0.1755278500    0.0178916950    0.0004004711    
0.1757694400    0.0182783190    0.0004000102    
0.1760110300    0.0177811180    0.0003952336    
0.1762526200    0.0184190610    0.0004001308    
0.1764942100    0.0178395950    0.0003942031    
0.1767358000    0.0179797210    0.0003954692    
0.1769773900    0.0181292250    0.0003962731    
0.1772189700    0.0174194420    0.0003891216    
0.1774605600    0.0184360030    0.0004014472    
0.1777021500    0.0183326510    0.0003986301    
0.1779437400    0.0182327710    0.0003976824    
0.1781853300    0.0181834350    0.0003981244    
0.1784269200    0.0179411760    0.0003918820    
0.1786685100    0.0178394610    0.0003917214    
0.1789100900    0.0177074630    0.0003889168    
0.1791516800    0.0177260890    0.0003897963    
0.1793932700    0.0179099580    0.0003919488    
0.1796348600    0.0174350790    0.0003849826    
0.1798764500    0.0180301330    0.0003914971    
0.1801180400    0.0181616520    0.0003930578    
0.1803596200    0.0180664630    0.0003946185    
0.1806012100    0.0173312650    0.0003834388    
0.1808428000    0.0176075930    0.0003863507    
0.1810843900    0.0178280120    0.0003875655    
0.1813259800    0.0177707080    0.0003876041    
0.1815675700    0.0183335320    0.0003930218    
0.1818091600    0.0175344630    0.0003840994    
0.1820507400    0.0179880930    0.0003893016    
0.1822923300    0.0171595350    0.0003794538    
0.1825339200    0.0177632830    0.0003872580    
0.1827755100    0.0170911150    0.0003783109    
0.1830171000    0.0173450150    0.0003841193    
0.1832586900    0.0172386650    0.0003791695    
0.1835002800    0.0172318950    0.0003794798    
0.1837418600    0.0174964740    0.0003813506    
0.1839834500    0.0179285040    0.0003874679    
0.1842250400    0.0169134080    0.0003755754    
0.1844666300    0.0179279000    0.0003862839    
0.1847082200    0.0176045280    0.0003825264    
0.1849498100    0.0179649830    0.0003868136    
0.1851914000    0.0177027400    0.0003859381    
0.1854329800    0.0170155130    0.0003764531    
0.1856745700    0.0180264600    0.0003878677    
0.1859161600    0.0169841300    0.0003738423    
0.1861577500    0.0178234620    0.0003829683    
0.1863993400    0.0180679420    0.0003866183    
0.1866409300    0.0175803370    0.0003795889    
0.1868825200    0.0180854600    0.0003882395    
0.1871241000    0.0181251100    0.0003855534    
0.1873656900    0.0172836810    0.0003785151    
0.1876072800    0.0175024110    0.0003779945    
0.1878488700    0.0178206360    0.0003848671    
0.1880904600    0.0177287540    0.0003829721    
0.1883320500    0.0168892960    0.0003709470    
0.1885736300    0.0175453860    0.0003788343    
0.1888152200    0.0173130620    0.0003761932    
0.1890568100    0.0177668580    0.0003821051    
0.1892984000    0.0175633300    0.0003779027    
0.1895399900    0.0185310470    0.0003894590    
0.1897815800    0.0177370930    0.0003810246    
0.1900231700    0.0176797980    0.0003804087    
0.1902647500    0.0178714670    0.0003814547    
0.1905063400    0.0176695400    0.0003816930    
0.1907479300    0.0176295290    0.0003792393    
0.1909895200    0.0174665240    0.0003759939    
0.1912311100    0.0179100990    0.0003812386    
0.1914727000    0.0175184800    0.0003766762    
0.1917142900    0.0178425270    0.0003812715    
0.1919558700    0.0182863970    0.0003827147    
0.1921974600    0.0170440940    0.0003726431    
0.1924390500    0.0179016080    0.0003825340    
0.1926806400    0.0175252810    0.0003769967    
0.1929222300    0.0177945940    0.0003805079    
0.1931638200    0.0172899710    0.0003720209    
0.1934054100    0.0174155210    0.0003765573    
0.1936469900    0.0174246350    0.0003737093    
0.1938885800    0.0173402990    0.0003747557    
0.1941301700    0.0175997770    0.0003758269    
0.1943717600    0.0176029230    0.0003777069    
0.1946133500    0.0168235660    0.0003659027    
0.1948549400    0.0178370150    0.0003793393    
0.1950965300    0.0179792450    0.0003804758    
0.1953381100    0.0174251050    0.0003743225    
0.1955797000    0.0176953000    0.0003779529    
0.1958212900    0.0176524150    0.0003754134    
0.1960628800    0.0180393270    0.0003796281    
0.1963044700    0.0173679610    0.0003718956    
0.1965460600    0.0171994270    0.0003731080    
0.1967876400    0.0177100360    0.0003746950    
0.1970292300    0.0173153130    0.0003708533    
0.1972708200    0.0179055360    0.0003788312    
0.1975124100    0.0176741920    0.0003761318    
0.1977540000    0.0173187620    0.0003722099    
0.1979955900    0.0176398730    0.0003754014    
0.1982371800    0.0175676760    0.0003754840    
0.1984787600    0.0177888420    0.0003736129    
0.1987203500    0.0173121160    0.0003706998    
0.1989619400    0.0170005980    0.0003675859    
0.1992035300    0.0174497960    0.0003716931    
0.1994451200    0.0174325730    0.0003717482    
0.1996867100    0.0176420510    0.0003732566    
0.1999283000    0.0177496730    0.0003751140    
0.2001698800    0.0180497240    0.0003787581    
0.2004114700    0.0180190340    0.0003795374    
0.2006530600    0.0180780660    0.0003771177    
0.2008946500    0.0181274730    0.0003784779    
0.2011362400    0.0170838730    0.0003649767    
0.2013778300    0.0175831960    0.0003733508    
0.2016194200    0.0176240970    0.0003710542    
0.2018610000    0.0181799080    0.0003784197    
0.2021025900    0.0177175830    0.0003739352    
0.2023441800    0.0180671210    0.0003766437    
0.2025857700    0.0180387310    0.0003767072    
0.2028273600    0.0174755070    0.0003723253    
0.2030689500    0.0174237250    0.0003704661    
0.2033105400    0.0177865500    0.0003721720    
0.2035521200    0.0169757130    0.0003650902    
0.2037937100    0.0177985100    0.0003732402    
0.2040353000    0.0184753680    0.0003811177    
0.2042768900    0.0174880350    0.0003695022    
0.2045184800    0.0177480720    0.0003707182    
0.2047600700    0.0173793610    0.0003695228    
0.2050016500    0.0177589760    0.0003738939    
0.2052432400    0.0182043310    0.0003781914    
0.2054848300    0.0180393420    0.0003749257    
0.2057264200    0.0178754230    0.0003755971    
0.2059680100    0.0180435070    0.0003733228    
0.2062096000    0.0178963540    0.0003730837    
0.2064511900    0.0178909350    0.0003723240    
0.2066927700    0.0181277330    0.0003764377    
0.2069343600    0.0176920620    0.0003714165    
0.2071759500    0.0181094730    0.0003756538    
0.2074175400    0.0179232030    0.0003734811    
0.2076591300    0.0170057290    0.0003632244    
0.2079007200    0.0183728020    0.0003805434    
0.2081423100    0.0180815850    0.0003739506    
0.2083838900    0.0176874010    0.0003706658    
0.2086254800    0.0179847960    0.0003743584    
0.2088670700    0.0172307130    0.0003656192    
0.2091086600    0.0182959380    0.0003780604    
0.2093502500    0.0178754380    0.0003721627    
0.2095918400    0.0178567950    0.0003739694    
0.2098334300    0.0175081900    0.0003695982    
0.2100750100    0.0175253430    0.0003709535    
0.2103166000    0.0173543140    0.0003694917    
0.2105581900    0.0175887490    0.0003691663    
0.2107997800    0.0178916430    0.0003744530    
0.2110413700    0.0189023380    0.0003828236    
0.2112829600    0.0184360580    0.0003807121    
0.2115245400    0.0180810420    0.0003741795    
0.2117661300    0.0178010660    0.0003736226    
0.2120077200    0.0181146320    0.0003751157    
0.2122493100    0.0171269660    0.0003680029    
0.2124909000    0.0175862120    0.0003704208    
0.2127324900    0.0180521060    0.0003778113    
0.2129740800    0.0181722450    0.0003760669    
0.2132156600    0.0176274670    0.0003703870    
0.2134572500    0.0182715790    0.0003785281    
0.2136988400    0.0177863080    0.0003732306    
0.2139404300    0.0184681580    0.0003784014    
0.2141820200    0.0183582370    0.0003789435    
0.2144236100    0.0175824530    0.0003719124    
0.2146652000    0.0182125730    0.0003780365    
0.2149067800    0.0177408010    0.0003714588    
0.2151483700    0.0173124250    0.0003725041    
0.2153899600    0.0180051740    0.0003846592    
0.2156315500    0.0178987780    0.0003872779    
0.2158731400    0.0176873000    0.0003864288    
0.2161147300    0.0177875930    0.0003923840    
0.2163563200    0.0181015000    0.0003968063    
0.2165979000    0.0183822400    0.0004028636    
0.2168394900    0.0177896510    0.0003966007    
0.2170810800    0.0176691960    0.0003997187    
0.2173226700    0.0174988750    0.0003974964    
0.2175642600    0.0177021490    0.0004020102    
0.2178058500    0.0176041190    0.0004023864    
0.2180474400    0.0168475670    0.0003955656    
0.2182890200    0.0172029850    0.0004029122    
0.2185306100    0.0177554590    0.0004066965    
0.2187722000    0.0177217370    0.0004114663    
0.2190137900    0.0169491850    0.0004016214    
0.2192553800    0.0177535340    0.0004148973    
0.2194969700    0.0179544970    0.0004146413    
0.2197385500    0.0179140730    0.0004116275    
0.2199801400    0.0180007660    0.0004082657    
0.2202217300    0.0173748230    0.0003972491    
0.2204633200    0.0175520580    0.0003973740    
0.2207049100    0.0170406070    0.0003889982    
0.2209465000    0.0178042820    0.0003976191    
0.2211880900    0.0177234510    0.0003947326    
0.2214296700    0.0176380350    0.0003932205    
0.2216712600    0.0171247650    0.0003869077    
0.2219128500    0.0165241320    0.0003789899    
0.2221544400    0.0172944110    0.0003896482    
0.2223960300    0.0170630570    0.0003851205    
0.2226376200    0.0171020170    0.0003885819    
0.2228792100    0.0169185090    0.0003836209    
0.2231207900    0.0173186380    0.0003881308    
0.2233623800    0.0176686110    0.0003895698    
0.2236039700    0.0172543800    0.0003865936    
0.2238455600    0.0169835810    0.0003816776    
0.2240871500    0.0177572190    0.0003909537    
0.2243287400    0.0175478420    0.0003866251    
0.2245703300    0.0168833140    0.0003817449    
0.2248119100    0.0174301350    0.0003873363    
0.2250535000    0.0179254760    0.0003926647    
0.2252950900    0.0172664960    0.0003868651    
0.2255366800    0.0170813100    0.0003811881    
0.2257782700    0.0168734870    0.0003797793    
0.2260198600    0.0166555690    0.0003760192    
0.2262614500    0.0171616000    0.0003815573    
0.2265030300    0.0171314690    0.0003806993    
0.2267446200    0.0170740780    0.0003815020    
0.2269862100    0.0163790150    0.0003711020    
0.2272278000    0.0170690100    0.0003798745    
0.2274693900    0.0167291680    0.0003749201    
0.2277109800    0.0170049330    0.0003813877    
0.2279525600    0.0161216230    0.0003679240    
0.2281941500    0.0171605620    0.0003805012    
0.2284357400    0.0165163870    0.0003727820    
0.2286773300    0.0172735880    0.0003825374    
0.2289189200    0.0168535860    0.0003755455    
0.2291605100    0.0171940140    0.0003815244    
0.2294021000    0.0170872410    0.0003787824    
0.2296436800    0.0170017050    0.0003812195    
0.2298852700    0.0164854410    0.0003717995    
0.2301268600    0.0173762340    0.0003856627    
0.2303684500    0.0170976290    0.0003803231    
0.2306100400    0.0173142980    0.0003832511    
0.2308516300    0.0168799110    0.0003776351    
0.2310932200    0.0173452390    0.0003847853    
0.2313348000    0.0166378470    0.0003750460    
0.2315763900    0.0170279110    0.0003798073    
0.2318179800    0.0167910880    0.0003789821    
0.2320595700    0.0162963090    0.0003718138    
0.2323011600    0.0164660270    0.0003749063    
0.2325427500    0.0164916350    0.0003751977    
0.2327843400    0.0169707120    0.0003820644    
0.2330259200    0.0167193910    0.0003758353    
0.2332675100    0.0169093090    0.0003784823    
0.2335091000    0.0163864060    0.0003738695    
0.2337506900    0.0165306600    0.0003735802    
0.2339922800    0.0171436940    0.0003826755    
0.2342338700    0.0163354780    0.0003729017    
0.2344754600    0.0166173830    0.0003772782    
0.2347170400    0.0173752470    0.0003836614    
0.2349586300    0.0168973030    0.0003792601    
0.2352002200    0.0166363760    0.0003794740    
0.2354418100    0.0164745980    0.0003753935    
0.2356834000    0.0171436940    0.0003826755    
0.2359249900    0.0171858720    0.0003807817    
0.2361665700    0.0168923890    0.0003807839    
0.2364081600    0.0168593070    0.0003783120    
0.2366497500    0.0164031280    0.0003752290    
0.2368913400    0.0171526780    0.0003821153    
0.2371329300    0.0168166360    0.0003807242    
0.2373745200    0.0172786540    0.0003844450    
0.2376161100    0.0167568730    0.0003785958    
0.2378576900    0.0168307410    0.0003807509    
0.2380992800    0.0167556330    0.0003777972    
0.2383408700    0.0164375040    0.0003752307    
0.2385824600    0.0163782050    0.0003730034    
0.2388240500    0.0167489250    0.0003789001    
0.2390656400    0.0164260390    0.0003753604    
0.2393072300    0.0173503120    0.0003847085    
0.2395488100    0.0165601360    0.0003763667    
0.2397904000    0.0167157150    0.0003793153    
0.2400319900    0.0168401560    0.0003812567    
0.2402735800    0.0168527700    0.0003819340    
0.2405151700    0.0165954990    0.0003783448    
0.2407567600    0.0167750710    0.0003777556    
0.2409983500    0.0169363060    0.0003816769    
0.2412399300    0.0169238050    0.0003799506    
0.2414815200    0.0165064370    0.0003775922    
0.2417231100    0.0167744160    0.0003773583    
0.2419647000    0.0170884760    0.0003843262    
0.2422062900    0.0163511830    0.0003754184    
0.2424478800    0.0167162560    0.0003797188    
0.2426894600    0.0160800250    0.0003742578    
0.2429310500    0.0171565900    0.0003840172    
0.2431726400    0.0172013970    0.0003842509    
0.2434142300    0.0172922910    0.0003837996    
0.2436558200    0.0168979020    0.0003832522    
0.2438974100    0.0171830540    0.0003829821    
0.2441390000    0.0162536380    0.0003741663    
0.2443805800    0.0171734090    0.0003848760    
0.2446221700    0.0164315600    0.0003768667    
0.2448637600    0.0168425800    0.0003824897    
0.2451053500    0.0170759350    0.0003829802    
0.2453469400    0.0167733060    0.0003835966    
0.2455885300    0.0167924810    0.0003797882    
0.2458301200    0.0162139340    0.0003755480    
0.2460717000    0.0174875100    0.0003868956    
0.2463132900    0.0164260390    0.0003753604    
0.2465548800    0.0165239910    0.0003785885    
0.2467964700    0.0165720970    0.0003774192    
0.2470380600    0.0166160680    0.0003791094    
0.2472796500    0.0162673300    0.0003749786    
0.2475212400    0.0164983140    0.0003798995    
0.2477628200    0.0168850340    0.0003851459    
0.2480044100    0.0166124250    0.0003781415    
0.2482460000    0.0163397730    0.0003751564    
0.2484875900    0.0168700820    0.0003821301    
0.2487291800    0.0159006360    0.0003709881    
0.2489707700    0.0166154040    0.0003783074    
0.2492123600    0.0166928470    0.0003814574    
0.2494539400    0.0163272890    0.0003764607    
0.2496955300    0.0167071980    0.0003814866    
0.2499371200    0.0165814700    0.0003787145    
0.2501787100    0.0161450810    0.0003778243    
0.2504203000    0.0161410000    0.0003732585    
0.2506618900    0.0167989320    0.0003786772    
0.2509034700    0.0163507360    0.0003762022    
0.2511450600    0.0164747420    0.0003769658    
0.2513866500    0.0162870210    0.0003757321    
0.2516282400    0.0164033540    0.0003744511    
0.2518698300    0.0162068250    0.0003742806    
0.2521114200    0.0166954650    0.0003789533    
0.2523530100    0.0162532110    0.0003745536    
0.2525945900    0.0168440180    0.0003803706    
0.2528361800    0.0168148830    0.0003828492    
0.2530777700    0.0166486580    0.0003775021    
0.2533193600    0.0159563630    0.0003691862    
0.2535609500    0.0167900810    0.0003800256    
0.2538025400    0.0167697930    0.0003796637    
0.2540441300    0.0163915920    0.0003753581    
0.2542857100    0.0168206080    0.0003798419    
0.2545273000    0.0163130250    0.0003760319    
0.2547688900    0.0162611620    0.0003725667    
0.2550104800    0.0167637570    0.0003811914    
0.2552520700    0.0167807000    0.0003828656    
0.2554936600    0.0164974640    0.0003759145    
0.2557352500    0.0157957380    0.0003692448    
0.2559768300    0.0163319480    0.0003738943    
0.2562184200    0.0160425960    0.0003723794    
0.2564600100    0.0161469180    0.0003715127    
0.2567016000    0.0165411630    0.0003783866    
0.2569431900    0.0160881420    0.0003717380    
0.2571847800    0.0165145950    0.0003761096    
0.2574263700    0.0167753020    0.0003795939    
0.2576679500    0.0165609970    0.0003779513    
0.2579095400    0.0165871450    0.0003786467    
0.2581511300    0.0162607530    0.0003729491    
0.2583927200    0.0169696530    0.0003805965    
0.2586343100    0.0168053030    0.0003775758    
0.2588759000    0.0171719110    0.0003844565    
0.2591174800    0.0168161220    0.0003774380    
0.2593590700    0.0170715340    0.0003806857    
0.2596006600    0.0168051040    0.0003790089    
0.2598422500    0.0167544330    0.0003788308    
0.2600838400    0.0163316860    0.0003742808    
0.2603254300    0.0162991350    0.0003752136    
0.2605670200    0.0164088840    0.0003751644    
0.2608086000    0.0165982010    0.0003743426    
0.2610501900    0.0164375870    0.0003744529    
0.2612917800    0.0164403470    0.0003753935    
0.2615333700    0.0161902130    0.0003716246    
0.2617749600    0.0165459410    0.0003763358    
0.2620165500    0.0162530500    0.0003720880    
0.2622581400    0.0167248820    0.0003798168    
0.2624997200    0.0166884430    0.0003778220    
0.2627413100    0.0169663350    0.0003847054    
0.2629829000    0.0165646500    0.0003743484    
0.2632244900    0.0170448490    0.0003827646    
0.2634660800    0.0158843160    0.0003677161    
0.2637076700    0.0167055500    0.0003780156    
0.2639492600    0.0170134870    0.0003814837    
0.2641908400    0.0156220270    0.0003661860    
0.2644324300    0.0159177120    0.0003702795    
0.2646740200    0.0173177170    0.0003834207    
0.2649156100    0.0165326650    0.0003786879    
0.2651572000    0.0165061310    0.0003764052    
0.2653987900    0.0162550970    0.0003754955    
0.2656403800    0.0161217990    0.0003725157    
0.2658819600    0.0160050800    0.0003696215    
0.2661235500    0.0163194820    0.0003751853    
0.2663651400    0.0160187000    0.0003700347    
0.2666067300    0.0170383090    0.0003824250    
0.2668483200    0.0168369720    0.0003796311    
0.2670899100    0.0166518930    0.0003807204    
0.2673314900    0.0166397190    0.0003770088    
0.2675730800    0.0173618440    0.0003879318    
0.2678146700    0.0161000980    0.0003746236    
0.2680562600    0.0165946360    0.0003771508    
0.2682978500    0.0170309220    0.0003827415    
0.2685394400    0.0162724150    0.0003728246    
0.2687810300    0.0166761570    0.0003793957    
0.2690226100    0.0161711010    0.0003708929    
0.2692642000    0.0163760180    0.0003780871    
0.2695057900    0.0169835810    0.0003816776    
0.2697473800    0.0170554770    0.0003826176    
0.2699889700    0.0166831730    0.0003805415    
0.2702305600    0.0159580750    0.0003728359    
0.2704721500    0.0167178940    0.0003809372    
0.2707137300    0.0165230240    0.0003758146    
0.2709553200    0.0166913600    0.0003802339    
0.2711969100    0.0169976460    0.0003827677    
0.2714385000    0.0159285410    0.0003696324    
0.2716800900    0.0164661340    0.0003772630    
0.2719216800    0.0162347670    0.0003828699    
0.2721632700    0.0168664860    0.0003929885    
0.2724048500    0.0166077870    0.0003949759    
0.2726464400    0.0165224370    0.0004012002    
0.2728880300    0.0161680210    0.0003971875    
0.2731296200    0.0160726930    0.0003982246    
0.2733712100    0.0163538790    0.0004049429    
0.2736128000    0.0173504260    0.0004228040    
0.2738543800    0.0163250970    0.0004077454    
0.2740959700    0.0162048840    0.0004101517    
0.2743375600    0.0166505710    0.0004187581    
0.2745791500    0.0162839930    0.0004159009    
0.2748207400    0.0170067920    0.0004279877    
0.2750623300    0.0168775440    0.0004263583    
0.2753039200    0.0172165590    0.0004352003    
0.2755455000    0.0167818300    0.0004283365    
0.2757870900    0.0164086890    0.0004298769    
0.2760286800    0.0172379950    0.0004384116    
0.2762702700    0.0159523520    0.0004295785    
0.2765118600    0.0171118070    0.0004272614    
0.2767534500    0.0167044940    0.0004205134    
0.2769950400    0.0164887390    0.0004144260    
0.2772366200    0.0164744920    0.0004099452    
0.2774782100    0.0164847610    0.0004105822    
0.2777198000    0.0164643420    0.0004113515    
0.2779613900    0.0169858480    0.0004167757    
0.2782029800    0.0162968500    0.0004003524    
0.2784445700    0.0161640830    0.0004020966    
0.2786861600    0.0163215600    0.0004029094    
0.2789277400    0.0156501790    0.0003901587    
0.2791693300    0.0168634070    0.0004053189    
0.2794109200    0.0167787720    0.0004062288    
0.2796525100    0.0170293850    0.0004086007    
0.2798941000    0.0164830460    0.0003974415    
0.2801356900    0.0165781180    0.0004026710    
0.2803772800    0.0164840350    0.0004050731    
0.2806188600    0.0175306670    0.0004092422    
0.2808604500    0.0167284220    0.0003976201    
0.2811020400    0.0164670150    0.0003960202    
0.2813436300    0.0164574910    0.0003977514    
0.2815852200    0.0166679200    0.0003962940    
0.2818268100    0.0165527310    0.0003970496    
0.2820683900    0.0163936520    0.0003962086    
0.2823099800    0.0158902110    0.0003897752    
0.2825515700    0.0162320450    0.0003904823    
0.2827931600    0.0161143590    0.0003937365    
0.2830347500    0.0166983940    0.0003984854    
0.2832763400    0.0158549280    0.0003863609    
0.2835179300    0.0160055690    0.0003881921    
0.2837595100    0.0170670270    0.0004031706    
0.2840011000    0.0159229080    0.0003898741    
0.2842426900    0.0169191490    0.0003979049    
0.2844842800    0.0166466570    0.0003967991    
0.2847258700    0.0161285940    0.0003911759    
0.2849674600    0.0164352340    0.0003959435    
0.2852090500    0.0168100610    0.0003984367    
0.2854506300    0.0172670310    0.0004055261    
0.2856922200    0.0165079740    0.0003952943    
0.2859338100    0.0162169580    0.0003923968    
0.2861754000    0.0159878130    0.0003875335    
0.2864169900    0.0167547270    0.0003965685    
0.2866585800    0.0166816810    0.0003975211    
0.2869001700    0.0165014950    0.0003944612    
0.2871417500    0.0162661970    0.0003911907    
0.2873833400    0.0159957700    0.0003895618    
0.2876249300    0.0162799830    0.0003934613    
0.2878665200    0.0161558130    0.0003943963    
0.2881081100    0.0158564450    0.0003838984    
0.2883497000    0.0164136210    0.0003928098    
0.2885912900    0.0169365610    0.0003988663    
0.2888328700    0.0159905890    0.0003877147    
0.2890744600    0.0164699680    0.0003925875    
0.2893160500    0.0159541360    0.0003868309    
0.2895576400    0.0154241570    0.0003823910    
0.2897992300    0.0162003420    0.0003880391    
0.2900408200    0.0157696870    0.0003837145    
0.2902824000    0.0168272150    0.0003994046    
0.2905239900    0.0153795440    0.0003802348    
0.2907655800    0.0160312270    0.0003854284    
0.2910071700    0.0161609590    0.0003869848    
0.2912487600    0.0163676440    0.0003900376    
0.2914903500    0.0158472690    0.0003827798    
0.2917319400    0.0160717680    0.0003841887    
0.2919735200    0.0163527830    0.0003886915    
0.2922151100    0.0157763640    0.0003810672    
0.2924567000    0.0167685320    0.0003936015    
0.2926982900    0.0160044470    0.0003846734    
0.2929398800    0.0161180000    0.0003880758    
0.2931814700    0.0163994990    0.0003875099    
0.2934230600    0.0165434630    0.0003903671    
0.2936646400    0.0162304280    0.0003839438    
0.2939062300    0.0158313900    0.0003827314    
0.2941478200    0.0159793580    0.0003820889    
0.2943894100    0.0168080420    0.0003937703    
0.2946310000    0.0158762780    0.0003817031    
0.2948725900    0.0154404200    0.0003772695    
0.2951141800    0.0157595170    0.0003804383    
0.2953557600    0.0165319590    0.0003922860    
0.2955973500    0.0160460530    0.0003830273    
0.2958389400    0.0161052640    0.0003830246    
0.2960805300    0.0167585420    0.0003910044    
0.2963221200    0.0159151690    0.0003803367    
0.2965637100    0.0160851080    0.0003822211    
0.2968053000    0.0163761070    0.0003848145    
0.2970468800    0.0162634450    0.0003846173    
0.2972884700    0.0164846180    0.0003860873    
0.2975300600    0.0157159990    0.0003769790    
0.2977716500    0.0161325920    0.0003833495    
0.2980132400    0.0161860460    0.0003848370    
0.2982548300    0.0157217090    0.0003763588    
0.2984964100    0.0168437740    0.0003889903    
0.2987380000    0.0159522170    0.0003793848    
0.2989795900    0.0160532400    0.0003797523    
0.2992211800    0.0158300260    0.0003766919    
0.2994627700    0.0166528410    0.0003874850    
0.2997043600    0.0167021780    0.0003890545    
0.2999459500    0.0161375170    0.0003822811    
0.3001875300    0.0161173850    0.0003814832    
0.3004291200    0.0161317820    0.0003856233    
0.3006707100    0.0166546940    0.0003863792    
0.3009123000    0.0160713910    0.0003813572    
0.3011538900    0.0160469460    0.0003784404    
0.3013954800    0.0157086030    0.0003764767    
0.3016370700    0.0155144880    0.0003738702    
0.3018786500    0.0166316760    0.0003870973    
0.3021202400    0.0164484880    0.0003848192    
0.3023618300    0.0158035510    0.0003788611    
0.3026034200    0.0164665330    0.0003858755    
0.3028450100    0.0165903100    0.0003876071    
0.3030866000    0.0159462190    0.0003804275    
0.3033281900    0.0163259260    0.0003826856    
0.3035697700    0.0159045000    0.0003786786    
0.3038113600    0.0159187390    0.0003791251    
0.3040529500    0.0166636570    0.0003864832    
0.3042945400    0.0159349830    0.0003778015    
0.3045361300    0.0161430930    0.0003826280    
0.3047777200    0.0158877160    0.0003780647    
0.3050193100    0.0161721870    0.0003817126    
0.3052608900    0.0168348170    0.0003904530    
0.3055024800    0.0157237760    0.0003821452    
0.3057440700    0.0153865040    0.0003705709    
0.3059856600    0.0160093020    0.0003788189    
0.3062272500    0.0155505270    0.0003743042    
0.3064688400    0.0157843390    0.0003780748    
0.3067104200    0.0163178690    0.0003813461    
0.3069520100    0.0161063730    0.0003807962    
0.3071936000    0.0157612120    0.0003775208    
0.3074351900    0.0161131160    0.0003821322    
0.3076767800    0.0157941710    0.0003762651    
0.3079183700    0.0153442610    0.0003746964    
0.3081599600    0.0162683940    0.0003858147    
0.3084015400    0.0157598360    0.0003754471    
0.3086431300    0.0164068800    0.0003827995    
0.3088847200    0.0165750440    0.0003871448    
0.3091263100    0.0163375380    0.0003833793    
0.3093679000    0.0161507170    0.0003817379    
0.3096094900    0.0160406940    0.0003785036    
0.3098510800    0.0158892570    0.0003805878    
0.3100926600    0.0161896200    0.0003823372    
0.3103342500    0.0163611780    0.0003843576    
0.3105758400    0.0158317880    0.0003807435    
0.3108174300    0.0163916610    0.0003835947    
0.3110590200    0.0161946780    0.0003830981    
0.3113006100    0.0162611430    0.0003809578    
0.3115422000    0.0162581160    0.0003838477    
0.3117837800    0.0160766410    0.0003803059    
0.3120253700    0.0162252280    0.0003831781    
0.3122669600    0.0162517720    0.0003812618    
0.3125085500    0.0160823570    0.0003820479    
0.3127501400    0.0163308940    0.0003842829    
0.3129917300    0.0165578410    0.0003886560    
0.3132333100    0.0152383050    0.0003718873    
0.3134749000    0.0160804400    0.0003814646    
0.3137164900    0.0161520570    0.0003809193    
0.3139580800    0.0152964890    0.0003705587    
0.3141996700    0.0162896790    0.0003826779    
0.3144412600    0.0156316130    0.0003752788    
0.3146828500    0.0167048360    0.0003888001    
0.3149244300    0.0162390550    0.0003818049    
0.3151660200    0.0157168430    0.0003775427    
0.3154076100    0.0160205660    0.0003818753    
0.3156492000    0.0161332350    0.0003847796    
0.3158907900    0.0155162940    0.0003729404    
0.3161323800    0.0159132930    0.0003778185    
0.3163739700    0.0162570080    0.0003820159    
0.3166155500    0.0155989440    0.0003761239    
0.3168571400    0.0156603870    0.0003752135    
0.3170987300    0.0161354440    0.0003816969    
0.3173403200    0.0164695300    0.0003856282    
0.3175819100    0.0158528800    0.0003791731    
0.3178235000    0.0156839760    0.0003763191    
0.3180650900    0.0155246160    0.0003761955    
0.3183066700    0.0158800880    0.0003794983    
0.3185482600    0.0165906030    0.0003880378    
0.3187898500    0.0160845420    0.0003794326    
0.3190314400    0.0159341710    0.0003791701    
0.3192730300    0.0159983370    0.0003795169    
0.3195146200    0.0161896200    0.0003823372    
0.3197562100    0.0161368510    0.0003808786    
0.3199977900    0.0157717620    0.0003772328    
0.3202393800    0.0161423990    0.0003830422    
0.3204809700    0.0155884280    0.0003769678    
0.3207225600    0.0162998290    0.0003850473    
0.3209641500    0.0159333470    0.0003805538    
0.3212057400    0.0153076220    0.0003708284    
0.3214473200    0.0162925560    0.0003828512    
0.3216889100    0.0157143260    0.0003758591    
0.3219305000    0.0156871780    0.0003770477    
0.3221720900    0.0157406380    0.0003771362    
0.3224136800    0.0164216350    0.0003836663    
0.3226552700    0.0164391640    0.0003881222    
0.3228968600    0.0163189390    0.0003840016    
0.3231384400    0.0155486440    0.0003784481    
0.3233800300    0.0154962720    0.0003731064    
0.3236216200    0.0157617660    0.0003765632    
0.3238632100    0.0158735930    0.0003785871    
0.3241048000    0.0151936180    0.0003707967    
0.3243463900    0.0154718500    0.0003740393    
0.3245879800    0.0159909740    0.0003799843    
0.3248295600    0.0157422090    0.0003767416    
0.3250711500    0.0156610630    0.0003757693    
0.3253127400    0.0168051410    0.0003903952    
0.3255543300    0.0156152260    0.0003767356    
0.3257959200    0.0152473810    0.0003743450    
0.3260375100    0.0156220390    0.0003746174    
0.3262791000    0.0160623420    0.0003812498    
0.3265206800    0.0159919960    0.0003795802    
0.3267622700    0.0159681160    0.0003804089    
0.3270038600    0.0165840870    0.0003872504    
0.3272454500    0.0155709020    0.0003746861    
0.3274870400    0.0161896200    0.0003823372    
0.3277286300    0.0158632260    0.0003798554    
0.3279702200    0.0155831860    0.0003760721    
0.3282118000    0.0159539400    0.0003833487    
0.3284533900    0.0162048540    0.0003823772    
0.3286949800    0.0154675910    0.0003868107    
0.3289365700    0.0158115140    0.0003964043    
0.3291781600    0.0158812760    0.0004006797    
0.3294197500    0.0159022400    0.0004056219    
0.3296613300    0.0165243620    0.0004177029    
0.3299029200    0.0160693420    0.0004124414    
0.3301445100    0.0161234020    0.0004191079    
0.3303861000    0.0166488570    0.0004287299    
0.3306276900    0.0160539010    0.0004242375    
0.3308692800    0.0162255900    0.0004266938    
0.3311108700    0.0166666310    0.0004360364    
0.3313524500    0.0154463970    0.0004245054    
0.3315940400    0.0156004910    0.0004260140    
0.3318356300    0.0161391640    0.0004389274    
0.3320772200    0.0169239460    0.0004499077    
0.3323188100    0.0160594560    0.0004423572    
0.3325604000    0.0153681540    0.0004320922    
0.3328019900    0.0164988410    0.0004524052    
0.3330435700    0.0165951760    0.0004490105    
0.3332851600    0.0157750490    0.0004320715    
0.3335267500    0.0167648650    0.0004315742    
0.3337683400    0.0159649510    0.0004211523    
0.3340099300    0.0159276650    0.0004178489    
0.3342515200    0.0161922780    0.0004172492    
0.3344931100    0.0162714310    0.0004139630    
0.3347346900    0.0158106430    0.0004094593    
0.3349762800    0.0153869140    0.0004018690    
0.3352178700    0.0153429640    0.0003997679    
0.3354594600    0.0164162440    0.0004114360    
0.3357010500    0.0164782180    0.0004132489    
0.3359426400    0.0161305670    0.0004102465    
0.3361842300    0.0161664740    0.0004027797    
0.3364258100    0.0164941660    0.0004061814    
0.3366674000    0.0158324800    0.0003984354    
0.3369089900    0.0159664200    0.0003986625    
0.3371505800    0.0160410960    0.0003987905    
0.3373921700    0.0165073010    0.0004055224    
0.3376337600    0.0161524770    0.0004008170    
0.3378753400    0.0157076130    0.0003954182    
0.3381169300    0.0162274540    0.0003999774    
0.3383585200    0.0161216230    0.0004030406    
0.3386001100    0.0158445730    0.0003936616    
0.3388417000    0.0159189770    0.0003959994    
0.3390832900    0.0158973180    0.0003918402    
0.3393248800    0.0166176210    0.0004036305    
0.3395664600    0.0164932960    0.0004013217    
0.3398080500    0.0158502390    0.0003929543    
0.3400496400    0.0161157010    0.0003948314    
0.3402912300    0.0157278320    0.0003894412    
0.3405328200    0.0157191800    0.0003916356    
0.3407744100    0.0156437300    0.0003908490    
0.3410160000    0.0157396780    0.0003925119    
0.3412575800    0.0163266220    0.0003953977    
0.3414991700    0.0159380150    0.0003903610    
0.3417407600    0.0162460040    0.0003951875    
0.3419823500    0.0151091890    0.0003783213    
0.3422239400    0.0160785350    0.0003919263    
0.3424655300    0.0157792270    0.0003891659    
0.3427071200    0.0161013780    0.0003919014    
0.3429487000    0.0163491340    0.0003953636    
0.3431902900    0.0159014070    0.0003915843    
0.3434318800    0.0157227810    0.0003924568    
0.3436734700    0.0162528740    0.0003917777    
0.3439150600    0.0158777810    0.0003863447    
0.3441566500    0.0158262180    0.0003880887    
0.3443982300    0.0153719290    0.0003820366    
0.3446398200    0.0165550770    0.0003954033    
0.3448814100    0.0166252300    0.0003973055    
0.3451230000    0.0164733520    0.0003959437    
0.3453645900    0.0163781850    0.0003947984    
0.3456061800    0.0155351410    0.0003830295    
0.3458477700    0.0158929600    0.0003899599    
0.3460893500    0.0156269790    0.0003862342    
0.3463309400    0.0157179690    0.0003843955    
0.3465725300    0.0153254110    0.0003797096    
0.3468141200    0.0156611600    0.0003853177    
0.3470557100    0.0161714650    0.0003904966    
0.3472973000    0.0163406590    0.0003934368    
0.3475388900    0.0157119750    0.0003834471    
0.3477804700    0.0164259870    0.0003940094    
0.3480220600    0.0157859490    0.0003864048    
0.3482636500    0.0161177720    0.0003899968    
0.3485052400    0.0157295380    0.0003890067    
0.3487468300    0.0156007220    0.0003832511    
0.3489884200    0.0159275140    0.0003870968    
0.3492300100    0.0161431550    0.0003882316    
0.3494715900    0.0148325660    0.0003746983    
0.3497131800    0.0162645320    0.0003896884    
0.3499547700    0.0157617930    0.0003858135    
0.3501963600    0.0157306910    0.0003836754    
0.3504379500    0.0160310010    0.0003883523    
0.3506795400    0.0162091820    0.0003909518    
0.3509211300    0.0159495040    0.0003885503    
0.3511627100    0.0163596040    0.0003936648    
0.3514043000    0.0157696870    0.0003837145    
0.3516458900    0.0161604800    0.0003893244    
0.3518874800    0.0155175960    0.0003806352    
0.3521290700    0.0155106550    0.0003806941    
0.3523706600    0.0162197020    0.0003901854    
0.3526122400    0.0161669540    0.0003892545    
0.3528538300    0.0159811880    0.0003876007    
0.3530954200    0.0156905640    0.0003846466    
0.3533370100    0.0164950650    0.0003936332    
0.3535786000    0.0162735020    0.0003935346    
0.3538201900    0.0162090760    0.0003885828    
0.3540617800    0.0164104150    0.0003930709    
0.3543033600    0.0152917000    0.0003771420    
0.3545449500    0.0158870890    0.0003854319    
0.3547865400    0.0155869040    0.0003806215    
0.3550281300    0.0159153840    0.0003868019    
0.3552697200    0.0160114290    0.0003870839    
0.3555113100    0.0159756550    0.0003872388    
0.3557529000    0.0158965820    0.0003865734    
0.3559944800    0.0159745390    0.0003851804    
0.3562360700    0.0158479540    0.0003885049    
0.3564776600    0.0157753790    0.0003830601    
0.3567192500    0.0158763820    0.0003847195    
0.3569608400    0.0162131030    0.0003878999    
0.3572024300    0.0164855430    0.0003926242    
0.3574440200    0.0164822950    0.0003915487    
0.3576856000    0.0162951630    0.0003906466    
0.3579271900    0.0157712440    0.0003832988    
0.3581687800    0.0162760200    0.0003908622    
0.3584103700    0.0164637060    0.0003917710    
0.3586519600    0.0155379190    0.0003837986    
0.3588935500    0.0164481400    0.0003921786    
0.3591351400    0.0154710400    0.0003806401    
0.3593767200    0.0153778540    0.0003777761    
0.3596183100    0.0155353040    0.0003791354    
0.3598599000    0.0165103190    0.0003923252    
0.3601014900    0.0150694340    0.0003750984    
0.3603430800    0.0159163710    0.0003853493    
0.3605846700    0.0155452540    0.0003803992    
0.3608262500    0.0163202410    0.0003907989    
0.3610678400    0.0158390920    0.0003842674    
0.3613094300    0.0155138270    0.0003826203    
0.3615510200    0.0159707110    0.0003854243    
0.3617926100    0.0157305150    0.0003820833    
0.3620342000    0.0156712850    0.0003822265    
0.3622757900    0.0163241690    0.0003896660    
0.3625173700    0.0159855020    0.0003858937    
0.3627589600    0.0159377480    0.0003857538    
0.3630005500    0.0158099730    0.0003833354    
0.3632421400    0.0154544380    0.0003788581    
0.3634837300    0.0151058040    0.0003761202    
0.3637253200    0.0170738640    0.0004003275    
0.3639669100    0.0158683800    0.0003862303    
0.3642084900    0.0156883620    0.0003812845    
0.3644500800    0.0162061600    0.0003884014    
0.3646916700    0.0167373800    0.0003951630    
0.3649332600    0.0155995610    0.0003793504    
0.3651748500    0.0157119540    0.0003818578    
0.3654164400    0.0165729050    0.0003938124    
0.3656580300    0.0163455350    0.0003905099    
0.3658996100    0.0153615630    0.0003777180    
0.3661412000    0.0155500910    0.0003807456    
0.3663827900    0.0165367350    0.0003965518    
0.3666243800    0.0163381000    0.0003873589    
0.3668659700    0.0155170630    0.0003794822    
0.3671075600    0.0152779750    0.0003766889    
0.3673491500    0.0158776540    0.0003832902    
0.3675907300    0.0157790240    0.0003838281    
0.3678323200    0.0158354070    0.0003824933    
0.3680739100    0.0161582630    0.0003887074    
0.3683155000    0.0156054930    0.0003808484    
0.3685570900    0.0162810280    0.0003888578    
0.3687986800    0.0159275140    0.0003870968    
0.3690402600    0.0156120720    0.0003829526    
0.3692818500    0.0163220890    0.0003881813    
0.3695234400    0.0155566010    0.0003801083    
0.3697650300    0.0156346160    0.0003802029    
0.3700066200    0.0153404660    0.0003778853    
0.3702482100    0.0155373730    0.0003787351    
0.3704898000    0.0161045650    0.0003867448    
0.3707313800    0.0160936340    0.0003874892    
0.3709729700    0.0166771300    0.0003934117    
0.3712145600    0.0160225870    0.0003878072    
0.3714561500    0.0153795440    0.0003802348    
0.3716977400    0.0157995620    0.0003826334    
0.3719393300    0.0161523800    0.0003864471    
0.3721809200    0.0155493630    0.0003795916    
0.3724225000    0.0158829610    0.0003836419    
0.3726640900    0.0155703190    0.0003799900    
0.3729056800    0.0158392530    0.0003832576    
0.3731472700    0.0157153020    0.0003810400    
0.3733888600    0.0158390920    0.0003842674    
0.3736304500    0.0157026170    0.0003833329    
0.3738720400    0.0163132370    0.0003917559    
0.3741136200    0.0158111240    0.0003839280    
0.3743552100    0.0157330640    0.0003822580    
0.3745968000    0.0159870130    0.0003840326    
0.3748383900    0.0161858740    0.0003871377    
0.3750799800    0.0165501570    0.0003916169    
0.3753215700    0.0159493900    0.0003850219    
0.3755631500    0.0156740940    0.0003808253    
0.3758047400    0.0157516390    0.0003824836    
0.3760463300    0.0151564170    0.0003757533    
0.3762879200    0.0159871880    0.0003864978    
0.3765295100    0.0161656240    0.0003901282    
0.3767711000    0.0150839750    0.0003737277    
0.3770126900    0.0158380230    0.0003826681    
0.3772542700    0.0152947330    0.0003761885    
0.3774958600    0.0162084140    0.0003866826    
0.3777374500    0.0155099190    0.0003789677    
0.3779790400    0.0161503090    0.0003877315    
0.3782206300    0.0151035890    0.0003746739    
0.3784622200    0.0163340280    0.0003889054    
0.3787038100    0.0155805040    0.0003812618    
0.3789453900    0.0151692150    0.0003767659    
0.3791869800    0.0159259990    0.0003864896    
0.3794285700    0.0157455650    0.0003815495    
0.3796701600    0.0160702190    0.0003864776    
0.3799117500    0.0153619660    0.0003765912    
0.3801533400    0.0156705550    0.0003816415    
0.3803949300    0.0158146200    0.0003811028    
0.3806365100    0.0157851270    0.0003821717    
0.3808781000    0.0163280500    0.0003885429    
0.3811196900    0.0156651850    0.0003828757    
0.3813612800    0.0159412620    0.0003844897    
0.3816028700    0.0160899690    0.0003877382    
0.3818444600    0.0161381380    0.0003874393    
0.3820860500    0.0160102100    0.0003835950    
0.3823276300    0.0150727580    0.0003721952    
0.3825692200    0.0158906210    0.0003811676    
0.3828108100    0.0158710250    0.0003803694    
0.3830524000    0.0159918280    0.0003833747    
0.3832939900    0.0156694370    0.0003789268    
0.3835355800    0.0154495150    0.0003762583    
0.3837771600    0.0155634580    0.0003768050    
0.3840187500    0.0160340880    0.0003841671    
0.3842603400    0.0160940950    0.0003856049    
0.3845019300    0.0164243830    0.0003850993    
0.3847435200    0.0156237410    0.0003762846    
0.3849851100    0.0161900870    0.0003841738    
0.3852267000    0.0156275940    0.0003868406    
0.3854682800    0.0162650440    0.0004023734    
0.3857098700    0.0159381020    0.0004028834    
0.3859514600    0.0165580950    0.0004151215    
0.3861930500    0.0159554810    0.0004099242    
0.3864346400    0.0159019790    0.0004134920    
0.3866762300    0.0157996270    0.0004150617    
0.3869178200    0.0161672800    0.0004221064    
0.3871594000    0.0158181460    0.0004224561    
0.3874009900    0.0163932030    0.0004312508    
0.3876425800    0.0164306240    0.0004349527    
0.3878841700    0.0154666350    0.0004237832    
0.3881257600    0.0155053070    0.0004269313    
0.3883673500    0.0164813420    0.0004433417    
0.3886089400    0.0162282440    0.0004424971    
0.3888505200    0.0150576300    0.0004281262    
0.3890921100    0.0156904040    0.0004394192    
0.3893337000    0.0153125120    0.0004389360    
0.3895752900    0.0155366150    0.0004437222    
0.3898168800    0.0153413990    0.0004230601    
0.3900584700    0.0164462490    0.0004299765    
0.3903000600    0.0160516380    0.0004234391    
0.3905416400    0.0160887670    0.0004197705    
0.3907832300    0.0159195690    0.0004166342    
0.3910248200    0.0156887520    0.0004121490    
0.3912664100    0.0166900420    0.0004232454    
0.3915080000    0.0157345520    0.0004090002    
0.3917495900    0.0166004750    0.0004219248    
0.3919911700    0.0157759470    0.0004120296    
0.3922327600    0.0155146860    0.0004016600    
0.3924743500    0.0160732960    0.0004103858    
0.3927159400    0.0150273060    0.0003946364    
0.3929575300    0.0154105140    0.0004023482    
0.3931991200    0.0159960980    0.0004080159    
0.3934407100    0.0157037650    0.0004035904    
0.3936822900    0.0166976700    0.0004175722    
0.3939238800    0.0158293420    0.0004070868    
0.3941654700    0.0153687000    0.0004011198    
0.3944070600    0.0158547030    0.0004082794    
0.3946486500    0.0157036590    0.0004073723    
0.3948902400    0.0152804670    0.0003989529    
0.3951318300    0.0161697960    0.0004100524    
0.3953734100    0.0162975060    0.0004123639    
0.3956150000    0.0158772140    0.0004080481    
0.3958565900    0.0155748460    0.0004029475    
0.3960981800    0.0159987820    0.0004099557    
0.3963397700    0.0159013990    0.0004097537    
0.3965813600    0.0158908400    0.0004096176    
0.3968229500    0.0157026570    0.0004085855    
0.3970645300    0.0151430290    0.0004022794    
0.3973061200    0.0156882510    0.0004075214    
0.3975477100    0.0161102420    0.0004117318    
0.3977893000    0.0157576230    0.0004087722    
0.3980308900    0.0156325010    0.0004066223    
0.3982724800    0.0148244660    0.0003964838    
0.3985140700    0.0162487650    0.0004152721    
0.3987556500    0.0165071900    0.0004192830    
0.3989972400    0.0159653240    0.0004118113    
0.3992388300    0.0157084450    0.0004109681    
0.3994804200    0.0160063060    0.0004146656    
0.3997220100    0.0158852450    0.0004154514    
0.3999636000    0.0158438820    0.0004105956    
0.4002051800    0.0157270010    0.0004110318    
0.4004467700    0.0157026570    0.0004085855    
0.4006883600    0.0161915830    0.0004177865    
0.4009299500    0.0144470580    0.0003948109    
0.4011715400    0.0162267110    0.0004189719    
0.4014131300    0.0159409360    0.0004156306    
0.4016547200    0.0161866150    0.0004216065    
0.4018963000    0.0159382010    0.0004166939    
0.4021378900    0.0162432770    0.0004242352    
0.4023794800    0.0156549520    0.0004129746    
0.4026210700    0.0158822070    0.0004165131    
0.4028626600    0.0155021740    0.0004102310    
0.4031042500    0.0163371230    0.0004228104    
0.4033458400    0.0160526190    0.0004191127    
0.4035874200    0.0167870850    0.0004318601    
0.4038290100    0.0154509390    0.0004126491    
0.4040706000    0.0150086120    0.0004074278    
0.4043121900    0.0159636170    0.0004217045    
0.4045537800    0.0158937240    0.0004219242    
0.4047953700    0.0155280730    0.0004195244    
0.4050369600    0.0159773570    0.0004207483    
0.4052785400    0.0153005560    0.0004132268    
0.4055201300    0.0159445880    0.0004216434    
0.4057617200    0.0158664960    0.0004232947    
0.4060033100    0.0157327370    0.0004188329    
0.4062449000    0.0158000980    0.0004231832    
0.4064864900    0.0161714040    0.0004273426    
0.4067280800    0.0155966960    0.0004212247    
0.4069696600    0.0157386220    0.0004249029    
0.4072112500    0.0159836440    0.0004297983    
0.4074528400    0.0152692380    0.0004210702    
0.4076944300    0.0157877090    0.0004257629    
0.4079360200    0.0153889700    0.0004189899    
0.4081776100    0.0160126940    0.0004291852    
0.4084191900    0.0154721960    0.0004226682    
0.4086607800    0.0158042340    0.0004255899    
0.4089023700    0.0160961720    0.0004331375    
0.4091439600    0.0158613740    0.0004305771    
0.4093855500    0.0157724140    0.0004303880    
0.4096271400    0.0160401470    0.0004352697    
0.4098687300    0.0156419200    0.0004363535    
0.4101103100    0.0157453130    0.0004275840    
0.4103519000    0.0155825950    0.0004292221    
0.4105934900    0.0155937860    0.0004285560    
0.4108350800    0.0160210580    0.0004366854    
0.4110766700    0.0167072070    0.0004457237    
0.4113182600    0.0152431510    0.0004273967    
0.4115598500    0.0160593250    0.0004401881    
0.4118014300    0.0155535450    0.0004349047    
0.4120430200    0.0156973570    0.0004351990    
0.4122846100    0.0166539980    0.0004522605    
0.4125262000    0.0152753920    0.0004375125    
0.4127677900    0.0153775180    0.0004311642    
0.4130093800    0.0155508650    0.0004355113    
0.4132509700    0.0153524410    0.0004333667    
0.4134925500    0.0160187350    0.0004459985    
0.4137341400    0.0160090240    0.0004445236    
0.4139757300    0.0162073770    0.0004502049    
0.4142173200    0.0152648590    0.0004347216    
0.4144589100    0.0155773430    0.0004436208    
0.4147005000    0.0158535460    0.0004466231    
0.4149420800    0.0155663980    0.0004462136    
0.4151836700    0.0160561910    0.0004510807    
0.4154252600    0.0161323430    0.0004491616    
0.4156668500    0.0145481260    0.0004233330    
0.4159084400    0.0153365090    0.0004346521    
0.4161500300    0.0156738010    0.0004380960    
0.4163916200    0.0156190750    0.0004377651    
0.4166332000    0.0153409060    0.0004314967    
0.4168747900    0.0166867370    0.0004487044    
0.4171163800    0.0155149550    0.0004367379    
0.4173579700    0.0153743350    0.0004317544    
0.4175995600    0.0153194730    0.0004376992    
0.4178411500    0.0156467170    0.0004351349    
0.4180827400    0.0159497940    0.0004408443    
0.4183243200    0.0157874240    0.0004398994    
0.4185659100    0.0157340840    0.0004404698    
0.4188075000    0.0159401140    0.0004431230    
0.4190490900    0.0160160700    0.0004473134    
0.4192906800    0.0165821690    0.0004546901    
0.4195322700    0.0159041200    0.0004489395    
0.4197738600    0.0158661020    0.0004484026    
0.4200154400    0.0161002800    0.0004559321    
0.4202570300    0.0152572850    0.0004445336    
0.4204986200    0.0152819560    0.0004418891    
0.4207402100    0.0155292740    0.0004484784    
0.4209818000    0.0156954110    0.0004489904    
0.4212233900    0.0154613790    0.0004482030    
0.4214649800    0.0160134000    0.0004573391    
0.4217065600    0.0158359580    0.0004560061    
0.4219481500    0.0164134390    0.0004657349    
0.4221897400    0.0158221180    0.0004592395    
0.4224313300    0.0153612270    0.0004559613    
0.4226729200    0.0158231160    0.0004637837    
0.4229145100    0.0154733220    0.0004598967    
0.4231560900    0.0147574860    0.0004474020    
0.4233976800    0.0155683870    0.0004602890    
0.4236392700    0.0154837560    0.0004608179    
0.4238808600    0.0152839280    0.0004593685    
0.4241224500    0.0159921470    0.0004701540    
0.4243640400    0.0155447460    0.0004672075    
0.4246056300    0.0156722330    0.0004701905    
0.4248472100    0.0154787830    0.0004697014    
0.4250888000    0.0145821020    0.0004574812    
0.4253303900    0.0159690940    0.0004861492    
0.4255719800    0.0158101240    0.0004769100    
0.4258135700    0.0149994150    0.0004653359    
0.4260551600    0.0159872770    0.0004846855    
0.4262967500    0.0155054040    0.0004753487    
0.4265383300    0.0167195840    0.0004980392    
0.4267799200    0.0156985290    0.0004849292    
0.4270215100    0.0162189760    0.0004917099    
0.4272631000    0.0156153380    0.0004875035    
0.4275046900    0.0152293200    0.0004835314    
0.4277462800    0.0156053400    0.0004947225    
0.4279878700    0.0151866420    0.0004911711    
0.4282294500    0.0157277720    0.0004941542    
0.4284710400    0.0159366840    0.0004989969    
0.4287126300    0.0157252270    0.0004985232    
0.4289542200    0.0160062370    0.0005049010    
0.4291958100    0.0162324860    0.0005107688    
0.4294374000    0.0156990050    0.0005069473    
0.4296789900    0.0154167010    0.0005007112    
0.4299205700    0.0147020990    0.0004942056    
0.4301621600    0.0157679940    0.0005170529    
0.4304037500    0.0162922320    0.0005277572    
0.4306453400    0.0156299540    0.0005227438    
0.4308869300    0.0147266170    0.0005007200    
0.4311285200    0.0172045140    0.0005445994    
0.4313701000    0.0154726050    0.0005201059    
0.4316116900    0.0157963570    0.0005289012    
0.4318532800    0.0156559890    0.0005280634    
0.4320948700    0.0156093520    0.0005307339    
0.4323364600    0.0154105300    0.0005320306    
0.4325780500    0.0157635000    0.0005413208    
0.4328196400    0.0148004000    0.0005289231    
0.4330612200    0.0147610430    0.0005364992    
0.4333028100    0.0152930450    0.0005447922    
0.4335444000    0.0157567610    0.0005512593    
0.4337859900    0.0160090040    0.0005587181    
0.4340275800    0.0154338500    0.0005529751    
0.4342691700    0.0162016050    0.0005720986    
0.4345107600    0.0158082120    0.0005693189    
0.4347523400    0.0165058140    0.0005846659    
0.4349939300    0.0155026190    0.0005714341    
0.4352355200    0.0148811580    0.0005681653    
0.4354771100    0.0151032070    0.0005774855    
0.4357187000    0.0157973490    0.0006031456    
0.4359602900    0.0145791900    0.0005709652    
0.4362018800    0.0165029530    0.0006124820    
0.4364434600    0.0153423800    0.0005949520    
0.4366850500    0.0157008240    0.0006093102    
0.4369266400    0.0146117150    0.0005970185    
0.4371682300    0.0160067130    0.0006273525    
0.4374098200    0.0160435190    0.0006376726    
0.4376514100    0.0156432780    0.0006375724    
0.4378930000    0.0154956890    0.0006434235    
0.4381345800    0.0146678310    0.0006371299    
0.4383761700    0.0159683690    0.0006778195    
0.4386177600    0.0163740910    0.0006746827    
0.4388593500    0.0147773750    0.0006505377    
0.4391009400    0.0158950940    0.0006859239    
0.4393425300    0.0157481160    0.0006919325    
0.4395841100    0.0156979140    0.0007048571    
0.4398257000    0.0151634540    0.0007093165    
0.4400672900    0.0152819560    0.0007268885    
0.4403088800    0.0147970910    0.0007361828    
0.4405504700    0.0156346160    0.0007827098    
0.4407920600    0.0142942640    0.0007786582    
0.4410336500    0.0168315240    0.0008691762    
0.4412752300    0.0158697230    0.0008470631    
0.4415168200    0.0164908050    0.0009077889    
0.4417584100    0.0172250970    0.0012596239    
0.4420000000    0.0161737410    0.0018552553    