# Diamond Light Source Ltd.
# Data extracted from: /dls/b21/data/2017/mx13440-2/processed/b21-369037_00367.dat
q(1/A)          Column          Error           
0.0040000000    0.8158976200    0.0209756870    
0.0042415885    0.8815626700    0.0205070040    
0.0044831771    0.6829884600    0.0168038320    
0.0047247656    0.5833256800    0.0150363650    
0.0049663541    0.4496065000    0.0124459290    
0.0052079426    0.3640627100    0.0115242040    
0.0054495312    0.2911589700    0.0095016139    
0.0056911197    0.2891262700    0.0089268822    
0.0059327082    0.2144330200    0.0076877962    
0.0061742967    0.1850315900    0.0068436404    
0.0064158853    0.1503236100    0.0061064792    
0.0066574738    0.1415263800    0.0055986972    
0.0068990623    0.1271864900    0.0053555174    
0.0071406509    0.1050985800    0.0047821510    
0.0073822394    0.1036967000    0.0045917668    
0.0076238279    0.0885647300    0.0041428833    
0.0078654164    0.0760180080    0.0038996415    
0.0081070050    0.0825065010    0.0038510737    
0.0083485935    0.0784402030    0.0036258997    
0.0085901820    0.0718690790    0.0034943942    
0.0088317705    0.0673302350    0.0032932295    
0.0090733591    0.0620146900    0.0031402359    
0.0093149476    0.0664443110    0.0031322149    
0.0095565361    0.0538937190    0.0028209262    
0.0097981247    0.0521218710    0.0027741673    
0.0100397130    0.0511276670    0.0026544162    
0.0102813020    0.0421123010    0.0024644360    
0.0105228900    0.0518898430    0.0025626567    
0.0107644790    0.0474153990    0.0024750637    
0.0110060670    0.0445768960    0.0023396803    
0.0112476560    0.0449910500    0.0023389733    
0.0114892440    0.0414612500    0.0022130378    
0.0117308330    0.0388469380    0.0021320027    
0.0119724210    0.0436947540    0.0022297886    
0.0122140100    0.0401140070    0.0021171363    
0.0124555980    0.0363679370    0.0019551524    
0.0126971870    0.0358679560    0.0020019541    
0.0129387760    0.0352083400    0.0018766108    
0.0131803640    0.0384491080    0.0019934934    
0.0134219530    0.0359589060    0.0018593907    
0.0136635410    0.0330422020    0.0017893356    
0.0139051300    0.0348832630    0.0018385094    
0.0141467180    0.0348948330    0.0017971753    
0.0143883070    0.0362201740    0.0018042554    
0.0146298950    0.0311870980    0.0016742111    
0.0148714840    0.0327401090    0.0017279568    
0.0151130720    0.0323904070    0.0017000555    
0.0153546610    0.0315034630    0.0016139713    
0.0155962490    0.0345088550    0.0017063531    
0.0158378380    0.0339872720    0.0016544745    
0.0160794260    0.0331013480    0.0016327691    
0.0163210150    0.0295821630    0.0015096084    
0.0165626030    0.0281666720    0.0015012887    
0.0168041920    0.0280737160    0.0014439561    
0.0170457800    0.0321724700    0.0015551150    
0.0172873690    0.0295590980    0.0014816637    
0.0175289580    0.0319247220    0.0015306733    
0.0177705460    0.0346573530    0.0015672597    
0.0180121350    0.0300026380    0.0014418348    
0.0182537230    0.0292112910    0.0014070584    
0.0184953120    0.0276369820    0.0013648932    
0.0187369000    0.0291873490    0.0014026545    
0.0189784890    0.0296008260    0.0013756671    
0.0192200770    0.0271809070    0.0013391072    
0.0194616660    0.0316963970    0.0014090767    
0.0197032540    0.0307211240    0.0013978595    
0.0199448430    0.0249330860    0.0012593110    
0.0201864310    0.0279379310    0.0013228994    
0.0204280200    0.0271540050    0.0012786322    
0.0206696080    0.0277896020    0.0012750744    
0.0209111970    0.0264555280    0.0012713715    
0.0211527850    0.0283085580    0.0012749533    
0.0213943740    0.0279210330    0.0012691378    
0.0216359620    0.0268439180    0.0012502459    
0.0218775510    0.0262480780    0.0012305289    
0.0221191400    0.0244721650    0.0011666647    
0.0223607280    0.0258486010    0.0011910407    
0.0226023170    0.0274844450    0.0012650741    
0.0228439050    0.0257640430    0.0011710929    
0.0230854940    0.0249648880    0.0011503213    
0.0233270820    0.0251753250    0.0011526990    
0.0235686710    0.0262493220    0.0011846153    
0.0238102590    0.0251133870    0.0011345072    
0.0240518480    0.0251096220    0.0011274553    
0.0242934360    0.0261087060    0.0011664509    
0.0245350250    0.0241958960    0.0011090171    
0.0247766130    0.0244543760    0.0011081335    
0.0250182020    0.0266509410    0.0011687211    
0.0252597900    0.0256848250    0.0011199116    
0.0255013790    0.0248539500    0.0010930755    
0.0257429670    0.0240337090    0.0010769762    
0.0259845560    0.0237212090    0.0010576764    
0.0262261450    0.0251398010    0.0010951069    
0.0264677330    0.0246193660    0.0010714204    
0.0267093220    0.0260002330    0.0010928713    
0.0269509100    0.0236445520    0.0010480264    
0.0271924990    0.0238905300    0.0010456601    
0.0274340870    0.0238802840    0.0010512709    
0.0276756760    0.0246267720    0.0010500891    
0.0279172640    0.0248504910    0.0010529491    
0.0281588530    0.0242836470    0.0010280088    
0.0284004410    0.0250273570    0.0010529088    
0.0286420300    0.0235272230    0.0010013851    
0.0288836180    0.0233697460    0.0010084790    
0.0291252070    0.0240959440    0.0010031273    
0.0293667950    0.0252763320    0.0010397294    
0.0296083840    0.0245135510    0.0010117825    
0.0298499720    0.0240490870    0.0010055428    
0.0300915610    0.0219243850    0.0009568586    
0.0303331490    0.0225470630    0.0009622852    
0.0305747380    0.0220852320    0.0009400099    
0.0308163270    0.0220852320    0.0009400099    
0.0310579150    0.0231090570    0.0009662382    
0.0312995040    0.0228977320    0.0009540722    
0.0315410920    0.0232309000    0.0009564010    
0.0317826810    0.0240624820    0.0009702929    
0.0320242690    0.0230011140    0.0009398000    
0.0322658580    0.0235418820    0.0009643131    
0.0325074460    0.0220963110    0.0009182914    
0.0327490350    0.0213922230    0.0009007751    
0.0329906230    0.0214266330    0.0008920024    
0.0332322120    0.0211977490    0.0008925862    
0.0334738000    0.0229765340    0.0009168635    
0.0337153890    0.0219969750    0.0008957861    
0.0339569770    0.0220984500    0.0008991732    
0.0341985660    0.0225674760    0.0009100085    
0.0344401540    0.0220893820    0.0008885653    
0.0346817430    0.0221507020    0.0008975917    
0.0349233310    0.0227146830    0.0009049746    
0.0351649200    0.0216096010    0.0008664660    
0.0354065090    0.0221004190    0.0008812014    
0.0356480970    0.0222432860    0.0008717831    
0.0358896860    0.0217313450    0.0008713476    
0.0361312740    0.0211699460    0.0008481560    
0.0363728630    0.0210545790    0.0008435339    
0.0366144510    0.0203738010    0.0008366517    
0.0368560400    0.0216051180    0.0008487292    
0.0370976280    0.0212865850    0.0008528290    
0.0373392170    0.0206156940    0.0008313050    
0.0375808050    0.0205731270    0.0008216116    
0.0378223940    0.0212621800    0.0008352573    
0.0380639820    0.0202085200    0.0008175492    
0.0383055710    0.0230885460    0.0008568963    
0.0385471590    0.0216650800    0.0008332723    
0.0387887480    0.0208976590    0.0008215717    
0.0390303360    0.0211765180    0.0008175104    
0.0392719250    0.0217208810    0.0008268998    
0.0395135140    0.0204617000    0.0008025739    
0.0397551020    0.0211406280    0.0008317669    
0.0399966910    0.0215004480    0.0008074663    
0.0402382790    0.0196969740    0.0007785913    
0.0404798680    0.0217127230    0.0008114425    
0.0407214560    0.0207231130    0.0008006037    
0.0409630450    0.0211808630    0.0007965883    
0.0412046330    0.0215307730    0.0008080355    
0.0414462220    0.0192007020    0.0007566137    
0.0416878100    0.0217720640    0.0008047186    
0.0419293990    0.0192275210    0.0007553284    
0.0421709870    0.0219187310    0.0008035797    
0.0424125760    0.0209987390    0.0007902980    
0.0426541640    0.0206234900    0.0007712748    
0.0428957530    0.0204113620    0.0007681917    
0.0431373410    0.0207388660    0.0007734292    
0.0433789300    0.0202827860    0.0007595963    
0.0436205180    0.0219458380    0.0007883178    
0.0438621070    0.0199983150    0.0007542507    
0.0441036960    0.0211529560    0.0007739462    
0.0443452840    0.0209038280    0.0007632999    
0.0445868730    0.0198560800    0.0007515637    
0.0448284610    0.0198114040    0.0007414232    
0.0450700500    0.0205034220    0.0007799869    
0.0453116380    0.0214964380    0.0008005692    
0.0455532270    0.0192513800    0.0007794656    
0.0457948150    0.0195802730    0.0007850974    
0.0460364040    0.0195536120    0.0007865616    
0.0462779920    0.0206933230    0.0008218368    
0.0465195810    0.0194530290    0.0007968271    
0.0467611690    0.0199697170    0.0008105458    
0.0470027580    0.0175680870    0.0007602455    
0.0472443460    0.0204203070    0.0008364484    
0.0474859350    0.0216967840    0.0008516733    
0.0477275230    0.0185534360    0.0007940138    
0.0479691120    0.0191836650    0.0008084951    
0.0482107000    0.0198030100    0.0008294568    
0.0484522890    0.0195492290    0.0008195463    
0.0486938780    0.0197541180    0.0008295950    
0.0489354660    0.0190949190    0.0008179364    
0.0491770550    0.0193930330    0.0008337716    
0.0494186430    0.0198447010    0.0008268625    
0.0496602320    0.0184579160    0.0007751596    
0.0499018200    0.0206926570    0.0008091469    
0.0501434090    0.0197834520    0.0007783695    
0.0503849970    0.0192801120    0.0007609253    
0.0506265860    0.0195960500    0.0007616221    
0.0508681740    0.0194987090    0.0007561275    
0.0511097630    0.0201003120    0.0007640992    
0.0513513510    0.0195983220    0.0007407469    
0.0515929400    0.0178093470    0.0007175590    
0.0518345280    0.0187863920    0.0007252406    
0.0520761170    0.0191916130    0.0007414367    
0.0523177050    0.0200064780    0.0007344609    
0.0525592940    0.0197103120    0.0007428604    
0.0528008830    0.0187504800    0.0007056836    
0.0530424710    0.0205557310    0.0007412586    
0.0532840600    0.0193316580    0.0007150072    
0.0535256480    0.0195961130    0.0007198812    
0.0537672370    0.0205935580    0.0007317602    
0.0540088250    0.0189308000    0.0007030723    
0.0542504140    0.0194602360    0.0007158564    
0.0544920020    0.0192129020    0.0007053278    
0.0547335910    0.0189106520    0.0006947002    
0.0549751790    0.0192878340    0.0006987245    
0.0552167680    0.0189975470    0.0006941553    
0.0554583560    0.0181082900    0.0006702179    
0.0556999450    0.0175071290    0.0006570309    
0.0559415330    0.0190045020    0.0006893657    
0.0561831220    0.0188005010    0.0006788468    
0.0564247100    0.0188115290    0.0006770417    
0.0566662990    0.0198495360    0.0006927536    
0.0569078870    0.0182715250    0.0006712213    
0.0571494760    0.0191725730    0.0006808380    
0.0573910650    0.0183582240    0.0006560694    
0.0576326530    0.0204255680    0.0006973174    
0.0578742420    0.0197308690    0.0006840448    
0.0581158300    0.0199657050    0.0006816179    
0.0583574190    0.0186391820    0.0006573533    
0.0585990070    0.0190147120    0.0006676969    
0.0588405960    0.0182423630    0.0006527631    
0.0590821840    0.0183407590    0.0006484437    
0.0593237730    0.0189041060    0.0006601600    
0.0595653610    0.0195102400    0.0006731672    
0.0598069500    0.0196268720    0.0006604968    
0.0600485380    0.0191886030    0.0006566205    
0.0602901270    0.0189758200    0.0006535620    
0.0605317150    0.0193058300    0.0006556604    
0.0607733040    0.0186044070    0.0006407698    
0.0610148920    0.0186044070    0.0006442179    
0.0612564810    0.0194998060    0.0006565926    
0.0614980690    0.0191031270    0.0006436007    
0.0617396580    0.0196134210    0.0006668763    
0.0619812470    0.0183780760    0.0006449440    
0.0622228350    0.0188837530    0.0006496208    
0.0624644240    0.0179545200    0.0006289194    
0.0627060120    0.0192312700    0.0006561625    
0.0629476010    0.0189105130    0.0006548175    
0.0631891890    0.0186491830    0.0006461559    
0.0634307780    0.0191258190    0.0006514280    
0.0636723660    0.0198668490    0.0006633348    
0.0639139550    0.0186044070    0.0006407698    
0.0641555430    0.0188204860    0.0006377079    
0.0643971320    0.0185493320    0.0006392522    
0.0646387200    0.0183495520    0.0006242644    
0.0648803090    0.0190581730    0.0006417221    
0.0651218970    0.0175967980    0.0006046331    
0.0653634860    0.0188997150    0.0006313952    
0.0656050740    0.0193913960    0.0006379301    
0.0658466630    0.0199444230    0.0006437035    
0.0660882520    0.0187077650    0.0006218671    
0.0663298400    0.0197658860    0.0006402799    
0.0665714290    0.0179062280    0.0006063814    
0.0668130170    0.0182529910    0.0006142620    
0.0670546060    0.0185328910    0.0006153745    
0.0672961940    0.0185841410    0.0006137024    
0.0675377830    0.0187639300    0.0006116866    
0.0677793710    0.0184630060    0.0006107019    
0.0680209600    0.0179044000    0.0005941784    
0.0682625480    0.0175181630    0.0005882023    
0.0685041370    0.0194286530    0.0006174831    
0.0687457250    0.0183119800    0.0006077044    
0.0689873140    0.0182131470    0.0005969118    
0.0692289020    0.0180175170    0.0005936974    
0.0694704910    0.0194735890    0.0006167348    
0.0697120790    0.0199145770    0.0006217237    
0.0699536680    0.0185162350    0.0006023332    
0.0701952560    0.0188978520    0.0006080284    
0.0704368450    0.0187422180    0.0006074388    
0.0706784340    0.0187850320    0.0006140080    
0.0709200220    0.0190086360    0.0006122270    
0.0711616110    0.0190178380    0.0006118889    
0.0714031990    0.0185043830    0.0006084204    
0.0716447880    0.0193114150    0.0006245758    
0.0718863760    0.0186142350    0.0006048814    
0.0721279650    0.0180932440    0.0005907654    
0.0723695530    0.0184326740    0.0005930616    
0.0726111420    0.0182759800    0.0005942034    
0.0728527300    0.0183323310    0.0005865032    
0.0730943190    0.0181288340    0.0005872505    
0.0733359070    0.0197131550    0.0006086511    
0.0735774960    0.0190872700    0.0006011925    
0.0738190840    0.0177979380    0.0005744260    
0.0740606730    0.0194983130    0.0006025925    
0.0743022610    0.0189867530    0.0005950820    
0.0745438500    0.0176154990    0.0005706220    
0.0747854380    0.0181607980    0.0005734354    
0.0750270270    0.0192484770    0.0005951556    
0.0752686160    0.0181467010    0.0005707187    
0.0755102040    0.0186134080    0.0005788495    
0.0757517930    0.0180966840    0.0005728405    
0.0759933810    0.0189381970    0.0005768053    
0.0762349700    0.0195418380    0.0005935411    
0.0764765580    0.0181886170    0.0005672874    
0.0767181470    0.0204304440    0.0006003763    
0.0769597350    0.0190560550    0.0005753468    
0.0772013240    0.0184746690    0.0005653157    
0.0774429120    0.0190669480    0.0005715228    
0.0776845010    0.0185534360    0.0005614525    
0.0779260890    0.0192150930    0.0005749312    
0.0781676780    0.0184941210    0.0005601708    
0.0784092660    0.0189962580    0.0005688931    
0.0786508550    0.0185373640    0.0005574044    
0.0788924430    0.0190827570    0.0005709716    
0.0791340320    0.0190762580    0.0005669829    
0.0793756210    0.0184519120    0.0005591489    
0.0796172090    0.0192768560    0.0005657442    
0.0798587980    0.0189512830    0.0005662779    
0.0801003860    0.0184016340    0.0005576253    
0.0803419750    0.0189247480    0.0005575757    
0.0805835630    0.0185125950    0.0005559062    
0.0808251520    0.0188791030    0.0005606281    
0.0810667400    0.0182298220    0.0005509033    
0.0813083290    0.0183199360    0.0005457101    
0.0815499170    0.0178762990    0.0005470059    
0.0817915060    0.0188108470    0.0005573737    
0.0820330940    0.0190005900    0.0005543042    
0.0822746830    0.0197829300    0.0005670813    
0.0825162710    0.0189748840    0.0005528490    
0.0827578600    0.0188232820    0.0005524325    
0.0829994480    0.0182489090    0.0005369649    
0.0832410370    0.0185801510    0.0005481371    
0.0834826250    0.0186913070    0.0005434346    
0.0837242140    0.0182896120    0.0005365392    
0.0839658030    0.0186835070    0.0005436676    
0.0842073910    0.0188480640    0.0005443236    
0.0844489800    0.0185035070    0.0005359397    
0.0846905680    0.0187496940    0.0005354870    
0.0849321570    0.0189250380    0.0005440566    
0.0851737450    0.0178950140    0.0005224961    
0.0854153340    0.0189982740    0.0005417034    
0.0856569220    0.0182844300    0.0005278260    
0.0858985110    0.0183320720    0.0005341201    
0.0861400990    0.0186044070    0.0005324245    
0.0863816880    0.0186197570    0.0005346180    
0.0866232760    0.0179725590    0.0005295216    
0.0868648650    0.0184068110    0.0005289401    
0.0871064530    0.0188873350    0.0005374489    
0.0873480420    0.0183184170    0.0005251008    
0.0875896300    0.0178632560    0.0005197993    
0.0878312190    0.0186194960    0.0005300421    
0.0880728080    0.0183569480    0.0005246984    
0.0883143960    0.0183497570    0.0005242788    
0.0885559850    0.0175481960    0.0005145678    
0.0887975730    0.0175882630    0.0005126662    
0.0890391620    0.0190308050    0.0005335973    
0.0892807500    0.0187455180    0.0005276765    
0.0895223390    0.0183013560    0.0005201432    
0.0897639270    0.0184876740    0.0005193905    
0.0900055160    0.0187949960    0.0005249262    
0.0902471040    0.0186413650    0.0005249527    
0.0904886930    0.0186915470    0.0005210219    
0.0907302810    0.0177409110    0.0005031997    
0.0909718700    0.0196761750    0.0005393264    
0.0912134580    0.0190550330    0.0005221047    
0.0914550470    0.0192575800    0.0005316610    
0.0916966350    0.0190407270    0.0005219087    
0.0919382240    0.0194327100    0.0005290874    
0.0921798120    0.0182772650    0.0005098702    
0.0924214010    0.0178221120    0.0005034816    
0.0926629900    0.0187450300    0.0005134180    
0.0929045780    0.0184464990    0.0005145912    
0.0931461670    0.0173977860    0.0004940639    
0.0933877550    0.0184284290    0.0005093526    
0.0936293440    0.0189024180    0.0005179231    
0.0938709320    0.0186750390    0.0005136246    
0.0941125210    0.0182706960    0.0005040312    
0.0943541090    0.0186739300    0.0005095628    
0.0945956980    0.0188625110    0.0005129927    
0.0948372860    0.0182314900    0.0005018053    
0.0950788750    0.0187348920    0.0005072756    
0.0953204630    0.0191165820    0.0005144147    
0.0955620520    0.0187078800    0.0005080363    
0.0958036400    0.0187136840    0.0005055906    
0.0960452290    0.0196835170    0.0005185262    
0.0962868170    0.0190178380    0.0005119430    
0.0965284060    0.0186317260    0.0005044823    
0.0967699940    0.0188502800    0.0005074325    
0.0970115830    0.0193335980    0.0005086028    
0.0972531720    0.0195942180    0.0005136845    
0.0974947600    0.0188395660    0.0005031493    
0.0977363490    0.0196579900    0.0005120241    
0.0979779370    0.0195651980    0.0005127475    
0.0982195260    0.0186447640    0.0005008126    
0.0984611140    0.0190231560    0.0005028781    
0.0987027030    0.0199033180    0.0005149324    
0.0989442910    0.0198713740    0.0005147955    
0.0991858800    0.0192404550    0.0005049310    
0.0994274680    0.0190379840    0.0005001344    
0.0996690570    0.0204771600    0.0005151589    
0.0999106450    0.0195524020    0.0005073841    
0.1001522300    0.0198291490    0.0005069421    
0.1003938200    0.0210719390    0.0005245087    
0.1006354100    0.0202874780    0.0005124996    
0.1008770000    0.0207105660    0.0005189005    
0.1011185900    0.0198265000    0.0005077046    
0.1013601800    0.0204023120    0.0005155651    
0.1016017700    0.0203588120    0.0005115344    
0.1018433500    0.0212045900    0.0005337973    
0.1020849400    0.0214220010    0.0005439439    
0.1023265300    0.0207791300    0.0005399454    
0.1025681200    0.0215558340    0.0005471658    
0.1028097100    0.0214154540    0.0005534984    
0.1030513000    0.0217807690    0.0005601409    
0.1032928800    0.0221638300    0.0005703696    
0.1035344700    0.0201190520    0.0005361745    
0.1037760600    0.0209327300    0.0005562810    
0.1040176500    0.0216306050    0.0005678517    
0.1042592400    0.0212064750    0.0005639541    
0.1045008300    0.0210568400    0.0005585939    
0.1047424200    0.0207168300    0.0005590981    
0.1049840000    0.0213927830    0.0005709311    
0.1052255900    0.0207737710    0.0005643463    
0.1054671800    0.0203838270    0.0005556012    
0.1057087700    0.0201547740    0.0005562187    
0.1059503600    0.0187435920    0.0005383956    
0.1061919500    0.0193844180    0.0005471809    
0.1064335400    0.0186631890    0.0005237017    
0.1066751200    0.0181909760    0.0005092496    
0.1069167100    0.0189658640    0.0005184950    
0.1071583000    0.0173751630    0.0004898787    
0.1073998900    0.0186455670    0.0005057849    
0.1076414800    0.0189454530    0.0005135420    
0.1078830700    0.0187599510    0.0005037250    
0.1081246600    0.0190698600    0.0005109424    
0.1083662400    0.0182773110    0.0004939814    
0.1086078300    0.0183246930    0.0005000330    
0.1088494200    0.0182654200    0.0004927610    
0.1090910100    0.0185382930    0.0004951032    
0.1093326000    0.0185782410    0.0004930153    
0.1095741900    0.0184663040    0.0004928292    
0.1098157700    0.0187720140    0.0004919604    
0.1100573600    0.0196641520    0.0005072193    
0.1102989500    0.0177754020    0.0004779785    
0.1105405400    0.0183989750    0.0004860384    
0.1107821300    0.0189219330    0.0004952096    
0.1110237200    0.0192525110    0.0004946307    
0.1112653100    0.0173978450    0.0004750957    
0.1115068900    0.0188943130    0.0004880118    
0.1117484800    0.0178944110    0.0004742009    
0.1119900700    0.0182740780    0.0004772748    
0.1122316600    0.0187299430    0.0004848998    
0.1124732500    0.0180519240    0.0004734142    
0.1127148400    0.0182141050    0.0004750608    
0.1129564300    0.0186293630    0.0004821344    
0.1131980100    0.0189997200    0.0004844724    
0.1134396000    0.0182257390    0.0004756879    
0.1136811900    0.0190985480    0.0004857308    
0.1139227800    0.0178690550    0.0004679752    
0.1141643700    0.0183326780    0.0004705329    
0.1144059600    0.0181933940    0.0004689704    
0.1146475500    0.0186227370    0.0004770359    
0.1148891300    0.0184197330    0.0004684665    
0.1151307200    0.0184766050    0.0004742270    
0.1153723100    0.0188600760    0.0004735784    
0.1156139000    0.0184230780    0.0004719214    
0.1158554900    0.0184505540    0.0004672898    
0.1160970800    0.0175356050    0.0004601903    
0.1163386700    0.0189726940    0.0004747626    
0.1165802500    0.0184502600    0.0004677327    
0.1168218400    0.0189203310    0.0004705153    
0.1170634300    0.0188857590    0.0004705293    
0.1173050200    0.0178262760    0.0004584423    
0.1175466100    0.0186044070    0.0004670113    
0.1177882000    0.0189002680    0.0004682819    
0.1180297800    0.0187786060    0.0004669908    
0.1182713700    0.0180129540    0.0004593109    
0.1185129600    0.0177184830    0.0004529819    
0.1187545500    0.0181140580    0.0004571576    
0.1189961400    0.0181043810    0.0004561875    
0.1192377300    0.0174618820    0.0004455490    
0.1194793200    0.0182642900    0.0004550457    
0.1197209000    0.0185079520    0.0004582805    
0.1199624900    0.0187005100    0.0004598177    
0.1202040800    0.0183313860    0.0004519729    
0.1204456700    0.0187070050    0.0004617958    
0.1206872600    0.0185040240    0.0004543003    
0.1209288500    0.0187515220    0.0004606545    
0.1211704400    0.0179601710    0.0004485839    
0.1214120200    0.0180092890    0.0004475825    
0.1216536100    0.0181614450    0.0004484649    
0.1218952000    0.0183304910    0.0004481528    
0.1221367900    0.0177708760    0.0004444108    
0.1223783800    0.0188401840    0.0004545415    
0.1226199700    0.0176380160    0.0004413644    
0.1228615600    0.0182240500    0.0004482378    
0.1231031400    0.0191161520    0.0004586702    
0.1233447300    0.0182745420    0.0004482610    
0.1235863200    0.0185711260    0.0004539003    
0.1238279100    0.0183277010    0.0004459572    
0.1240695000    0.0179081590    0.0004396709    
0.1243110900    0.0180112230    0.0004407425    
0.1245526800    0.0175636010    0.0004363712    
0.1247942600    0.0180920650    0.0004394438    
0.1250358500    0.0182491150    0.0004432584    
0.1252774400    0.0180844910    0.0004403001    
0.1255190300    0.0179378690    0.0004373789    
0.1257606200    0.0179702880    0.0004394778    
0.1260022100    0.0184541990    0.0004449702    
0.1262437900    0.0183912980    0.0004426821    
0.1264853800    0.0179295260    0.0004365271    
0.1267269700    0.0181152330    0.0004365433    
0.1269685600    0.0190466170    0.0004478149    
0.1272101500    0.0181832550    0.0004375477    
0.1274517400    0.0182308250    0.0004411257    
0.1276933300    0.0172729300    0.0004230564    
0.1279349100    0.0180898280    0.0004380990    
0.1281765000    0.0179177030    0.0004350803    
0.1284180900    0.0187977130    0.0004431895    
0.1286596800    0.0181629470    0.0004369326    
0.1289012700    0.0178840340    0.0004321025    
0.1291428600    0.0187144920    0.0004429543    
0.1293844500    0.0178614690    0.0004293077    
0.1296260300    0.0184742340    0.0004386212    
0.1298676200    0.0185783720    0.0004398557    
0.1301092100    0.0180734420    0.0004316680    
0.1303508000    0.0184966890    0.0004356083    
0.1305923900    0.0181491090    0.0004358437    
0.1308339800    0.0182610370    0.0004359000    
0.1310755700    0.0189449200    0.0004421366    
0.1313171500    0.0186300970    0.0004375384    
0.1315587400    0.0175896210    0.0004246175    
0.1318003300    0.0180425120    0.0004312985    
0.1320419200    0.0177068930    0.0004237603    
0.1322835100    0.0179142190    0.0004279872    
0.1325251000    0.0179709790    0.0004284881    
0.1327666900    0.0185687960    0.0004346626    
0.1330082700    0.0180397120    0.0004284254    
0.1332498600    0.0183440990    0.0004327353    
0.1334914500    0.0179909620    0.0004306819    
0.1337330400    0.0183081430    0.0004287962    
0.1339746300    0.0178626530    0.0004245798    
0.1342162200    0.0185539890    0.0004325421    
0.1344578000    0.0181679700    0.0004294176    
0.1346993900    0.0184489940    0.0004300944    
0.1349409800    0.0184674980    0.0004327660    
0.1351825700    0.0181996380    0.0004264889    
0.1354241600    0.0190706450    0.0004372805    
0.1356657500    0.0179912960    0.0004252418    
0.1359073400    0.0187621150    0.0004369194    
0.1361489200    0.0180551630    0.0004246217    
0.1363905100    0.0181457780    0.0004253436    
0.1366321000    0.0174936220    0.0004174625    
0.1368736900    0.0186193500    0.0004306851    
0.1371152800    0.0185600050    0.0004279408    
0.1373568700    0.0179529300    0.0004225681    
0.1375984600    0.0179197970    0.0004231974    
0.1378400400    0.0178422990    0.0004216023    
0.1380816300    0.0182198960    0.0004238331    
0.1383232200    0.0186791240    0.0004313759    
0.1385648100    0.0182853600    0.0004269764    
0.1388064000    0.0184078470    0.0004253379    
0.1390479900    0.0187359390    0.0004272537    
0.1392895800    0.0184354570    0.0004280376    
0.1395311600    0.0178231200    0.0004172077    
0.1397727500    0.0182039970    0.0004216419    
0.1400143400    0.0179457140    0.0004184754    
0.1402559300    0.0179374750    0.0004225557    
0.1404975200    0.0175765120    0.0004138228    
0.1407391100    0.0190874480    0.0004315821    
0.1409806900    0.0178768600    0.0004206611    
0.1412222800    0.0185073580    0.0004238079    
0.1414638700    0.0185215910    0.0004248027    
0.1417054600    0.0183022470    0.0004190012    
0.1419470500    0.0178641530    0.0004185123    
0.1421886400    0.0176910120    0.0004124238    
0.1424302300    0.0176521940    0.0004130935    
0.1426718100    0.0179735850    0.0004176517    
0.1429134000    0.0175265210    0.0004116203    
0.1431549900    0.0182498990    0.0004210145    
0.1433965800    0.0186238470    0.0004254726    
0.1436381700    0.0179952910    0.0004154727    
0.1438797600    0.0174311560    0.0004085926    
0.1441213500    0.0183594230    0.0004199801    
0.1443629300    0.0180920080    0.0004162658    
0.1446045200    0.0191463760    0.0004285548    
0.1448461100    0.0183214320    0.0004192207    
0.1450877000    0.0174437040    0.0004065480    
0.1453292900    0.0176647910    0.0004125981    
0.1455708800    0.0178941700    0.0004130279    
0.1458124700    0.0185461770    0.0004242522    
0.1460540500    0.0175332440    0.0004058882    
0.1462956400    0.0178423220    0.0004122707    
0.1465372300    0.0183771780    0.0004171248    
0.1467788200    0.0179951230    0.0004122943    
0.1470204100    0.0179605900    0.0004123699    
0.1472620000    0.0181934950    0.0004145606    
0.1475035900    0.0181664900    0.0004136232    
0.1477451700    0.0181960410    0.0004156992    
0.1479867600    0.0186044070    0.0004177866    
0.1482283500    0.0184285800    0.0004185072    
0.1484699400    0.0183593640    0.0004159711    
0.1487115300    0.0187561250    0.0004217256    
0.1489531200    0.0179842600    0.0004079963    
0.1491947000    0.0188675000    0.0004210489    
0.1494362900    0.0180600920    0.0004099276    
0.1496778800    0.0174334350    0.0004041195    
0.1499194700    0.0186324260    0.0004171555    
0.1501610600    0.0179247300    0.0004099290    
0.1504026500    0.0183678510    0.0004127868    
0.1506442400    0.0190436580    0.0004241360    
0.1508858200    0.0187684670    0.0004194660    
0.1511274100    0.0185813190    0.0004142500    
0.1513690000    0.0183412030    0.0004115648    
0.1516105900    0.0188413170    0.0004183861    
0.1518521800    0.0183959930    0.0004127942    
0.1520937700    0.0178764490    0.0004058639    
0.1523353600    0.0185951790    0.0004142503    
0.1525769400    0.0185811810    0.0004154878    
0.1528185300    0.0185951370    0.0004151776    
0.1530601200    0.0184936670    0.0004131180    
0.1533017100    0.0184178970    0.0004144351    
0.1535433000    0.0180921910    0.0004067973    
0.1537848900    0.0191573750    0.0004184469    
0.1540264800    0.0184253860    0.0004112850    
0.1542680600    0.0189390020    0.0004166697    
0.1545096500    0.0187860020    0.0004130039    
0.1547512400    0.0182331440    0.0004088313    
0.1549928300    0.0188378200    0.0004152484    
0.1552344200    0.0186226740    0.0004124140    
0.1554760100    0.0183256380    0.0004092625    
0.1557176000    0.0181209960    0.0004084788    
0.1559591800    0.0188918920    0.0004152315    
0.1562007700    0.0183292870    0.0004066153    
0.1564423600    0.0186178980    0.0004092093    
0.1566839500    0.0185034960    0.0004120034    
0.1569255400    0.0184913240    0.0004090040    
0.1571671300    0.0187945250    0.0004124940    
0.1574087100    0.0189044060    0.0004114517    
0.1576503000    0.0187051700    0.0004139365    
0.1578918900    0.0183452680    0.0004048830    
0.1581334800    0.0186044070    0.0004101032    
0.1583750700    0.0187268940    0.0004122028    
0.1586166600    0.0190273430    0.0004252517    
0.1588582500    0.0185380310    0.0004192665    
0.1590998300    0.0187014570    0.0004260245    
0.1593414200    0.0184912950    0.0004264699    
0.1595830100    0.0182115310    0.0004256007    
0.1598246000    0.0179902040    0.0004221611    
0.1600661900    0.0185741070    0.0004331288    
0.1603077800    0.0185636080    0.0004351377    
0.1605493700    0.0174377940    0.0004224319    
0.1607909500    0.0180079140    0.0004303486    
0.1610325400    0.0182034720    0.0004353951    
0.1612741300    0.0188232820    0.0004429314    
0.1615157200    0.0187200280    0.0004435826    
0.1617573100    0.0185569870    0.0004422092    
0.1619989000    0.0181974020    0.0004414817    
0.1622404900    0.0179200700    0.0004360385    
0.1624820700    0.0178035190    0.0004389579    
0.1627236600    0.0181952820    0.0004426041    
0.1629652500    0.0185131300    0.0004458731    
0.1632068400    0.0182445240    0.0004362522    
0.1634484300    0.0190744450    0.0004391025    
0.1636900200    0.0183422310    0.0004300667    
0.1639316100    0.0176089870    0.0004186687    
0.1641731900    0.0178491000    0.0004211756    
0.1644147800    0.0175284420    0.0004140705    
0.1646563700    0.0185502240    0.0004274881    
0.1648979600    0.0190210680    0.0004293137    
0.1651395500    0.0178512320    0.0004178657    
0.1653811400    0.0182998920    0.0004206038    
0.1656227200    0.0180575060    0.0004199420    
0.1658643100    0.0179602230    0.0004155500    
0.1661059000    0.0185516490    0.0004218463    
0.1663474900    0.0185145310    0.0004185210    
0.1665890800    0.0191432540    0.0004254057    
0.1668306700    0.0179121720    0.0004135536    
0.1670722600    0.0181695480    0.0004144455    
0.1673138400    0.0183351890    0.0004161718    
0.1675554300    0.0179496520    0.0004097496    
0.1677970200    0.0176888170    0.0004086147    
0.1680386100    0.0173035650    0.0004046027    
0.1682802000    0.0188333990    0.0004195572    
0.1685217900    0.0174903710    0.0004029569    
0.1687633800    0.0186368270    0.0004154875    
0.1690049600    0.0178069410    0.0004087344    
0.1692465500    0.0175159490    0.0004002665    
0.1694881400    0.0182799660    0.0004116441    
0.1697297300    0.0176092230    0.0004028189    
0.1699713200    0.0175204290    0.0004037565    
0.1702129100    0.0182482110    0.0004082466    
0.1704545000    0.0179020940    0.0004054026    
0.1706960800    0.0181878910    0.0004102996    
0.1709376700    0.0180661320    0.0004042743    
0.1711792600    0.0181988740    0.0004072447    
0.1714208500    0.0177300720    0.0003997683    
0.1716624400    0.0182347830    0.0004079462    
0.1719040300    0.0175865230    0.0003971378    
0.1721456200    0.0182880060    0.0004066010    
0.1723872000    0.0183603260    0.0004074041    
0.1726287900    0.0179684750    0.0004025933    
0.1728703800    0.0184368000    0.0004086988    
0.1731119700    0.0183667510    0.0004058517    
0.1733535600    0.0178954110    0.0004007551    
0.1735951500    0.0171671570    0.0003902635    
0.1738367300    0.0181665510    0.0004029061    
0.1740783200    0.0188390090    0.0004083873    
0.1743199100    0.0180277330    0.0003999256    
0.1745615000    0.0180920350    0.0003997813    
0.1748030900    0.0178479160    0.0003962292    
0.1750446800    0.0175116170    0.0003968654    
0.1752862700    0.0177810480    0.0003946475    
0.1755278500    0.0174740010    0.0003967268    
0.1757694400    0.0173377240    0.0003905249    
0.1760110300    0.0182733680    0.0004016367    
0.1762526200    0.0172767690    0.0003884627    
0.1764942100    0.0176547110    0.0003931042    
0.1767358000    0.0183902620    0.0004009268    
0.1769773900    0.0180778260    0.0003966687    
0.1772189700    0.0178445090    0.0003947939    
0.1774605600    0.0180070980    0.0003977103    
0.1777021500    0.0182385900    0.0003985685    
0.1779437400    0.0176500000    0.0003922222    
0.1781853300    0.0177635300    0.0003944530    
0.1784269200    0.0184925910    0.0003988215    
0.1786685100    0.0179345620    0.0003937148    
0.1789100900    0.0173898630    0.0003863460    
0.1791516800    0.0171832370    0.0003847100    
0.1793932700    0.0174796100    0.0003881484    
0.1796348600    0.0182541860    0.0003948755    
0.1798764500    0.0174683250    0.0003862821    
0.1801180400    0.0176085820    0.0003879634    
0.1803596200    0.0178595380    0.0003933018    
0.1806012100    0.0184552310    0.0003966345    
0.1808428000    0.0176844090    0.0003881297    
0.1810843900    0.0178974820    0.0003892597    
0.1813259800    0.0180777070    0.0003918840    
0.1815675700    0.0184647150    0.0003953801    
0.1818091600    0.0174165320    0.0003837320    
0.1820507400    0.0180583390    0.0003910051    
0.1822923300    0.0181617460    0.0003913224    
0.1825339200    0.0174930630    0.0003852313    
0.1827755100    0.0171150450    0.0003794919    
0.1830171000    0.0183436980    0.0003959789    
0.1832586900    0.0179172170    0.0003874955    
0.1835002800    0.0183902740    0.0003929761    
0.1837418600    0.0172304790    0.0003793567    
0.1839834500    0.0178639330    0.0003877056    
0.1842250400    0.0182105300    0.0003906544    
0.1844666300    0.0178391550    0.0003862592    
0.1847082200    0.0175562130    0.0003829257    
0.1849498100    0.0176670730    0.0003845214    
0.1851914000    0.0174165320    0.0003837320    
0.1854329800    0.0172402510    0.0003798481    
0.1856745700    0.0178203130    0.0003865769    
0.1859161600    0.0173641130    0.0003789160    
0.1861577500    0.0177940820    0.0003835787    
0.1863993400    0.0178645540    0.0003853665    
0.1866409300    0.0173855260    0.0003783936    
0.1868825200    0.0173021400    0.0003806577    
0.1871241000    0.0171663260    0.0003761254    
0.1873656900    0.0178672280    0.0003857834    
0.1876072800    0.0173247390    0.0003769812    
0.1878488700    0.0179487640    0.0003871830    
0.1880904600    0.0174073410    0.0003804031    
0.1883320500    0.0177079570    0.0003807502    
0.1885736300    0.0182633060    0.0003874426    
0.1888152200    0.0176187430    0.0003804182    
0.1890568100    0.0172749310    0.0003776900    
0.1892984000    0.0174441850    0.0003775302    
0.1895399900    0.0175763120    0.0003802117    
0.1897815800    0.0171404000    0.0003754673    
0.1900231700    0.0178641790    0.0003833126    
0.1902647500    0.0183098780    0.0003870396    
0.1905063400    0.0176308970    0.0003821982    
0.1907479300    0.0175838080    0.0003796639    
0.1909895200    0.0174373110    0.0003765886    
0.1912311100    0.0179805910    0.0003829126    
0.1914727000    0.0180916870    0.0003837155    
0.1917142900    0.0176424630    0.0003800455    
0.1919558700    0.0177472280    0.0003779429    
0.1921974600    0.0176097160    0.0003796926    
0.1924390500    0.0177665930    0.0003820110    
0.1926806400    0.0175205760    0.0003778585    
0.1929222300    0.0175292680    0.0003785745    
0.1931638200    0.0178483270    0.0003788950    
0.1934054100    0.0176308260    0.0003797948    
0.1936469900    0.0180486910    0.0003812631    
0.1938885800    0.0172941230    0.0003751622    
0.1941301700    0.0174108860    0.0003747094    
0.1943717600    0.0175660780    0.0003782246    
0.1946133500    0.0173529180    0.0003725140    
0.1948549400    0.0181909760    0.0003840118    
0.1950965300    0.0172411360    0.0003734858    
0.1953381100    0.0178004380    0.0003792481    
0.1955797000    0.0179027370    0.0003810818    
0.1958212900    0.0179706220    0.0003796987    
0.1960628800    0.0179340870    0.0003794352    
0.1963044700    0.0173561110    0.0003726685    
0.1965460600    0.0172014520    0.0003740330    
0.1967876400    0.0172860470    0.0003710785    
0.1970292300    0.0179419590    0.0003784179    
0.1972708200    0.0172835750    0.0003730944    
0.1975124100    0.0175507200    0.0003757228    
0.1977540000    0.0178849880    0.0003791610    
0.1979955900    0.0178778920    0.0003788403    
0.1982371800    0.0177334600    0.0003781646    
0.1984787600    0.0171496440    0.0003677270    
0.1987203500    0.0169653050    0.0003678561    
0.1989619400    0.0172347330    0.0003710042    
0.1992035300    0.0179162390    0.0003775397    
0.1994451200    0.0176445140    0.0003749064    
0.1996867100    0.0180052890    0.0003779922    
0.1999283000    0.0178675590    0.0003772686    
0.2001698800    0.0182410240    0.0003816816    
0.2004114700    0.0178573390    0.0003787451    
0.2006530600    0.0180392000    0.0003776239    
0.2008946500    0.0181200410    0.0003793162    
0.2011362400    0.0173077010    0.0003682490    
0.2013778300    0.0176604460    0.0003750756    
0.2016194200    0.0178272610    0.0003740900    
0.2018610000    0.0173498660    0.0003705748    
0.2021025900    0.0179541250    0.0003773341    
0.2023441800    0.0176655080    0.0003733353    
0.2025857700    0.0179048150    0.0003762147    
0.2028273600    0.0175602010    0.0003741297    
0.2030689500    0.0179118370    0.0003765285    
0.2033105400    0.0174893160    0.0003699424    
0.2035521200    0.0174761500    0.0003713290    
0.2037937100    0.0174050110    0.0003699845    
0.2040353000    0.0176011120    0.0003728915    
0.2042768900    0.0180905600    0.0003767232    
0.2045184800    0.0174216930    0.0003681826    
0.2047600700    0.0184504560    0.0003816610    
0.2050016500    0.0178529540    0.0003757892    
0.2052432400    0.0179688650    0.0003766470    
0.2054848300    0.0184869550    0.0003804674    
0.2057264200    0.0176131240    0.0003737336    
0.2059680100    0.0177351150    0.0003710145    
0.2062096000    0.0175923210    0.0003707963    
0.2064511900    0.0171289790    0.0003651911    
0.2066927700    0.0180663440    0.0003767093    
0.2069343600    0.0172920310    0.0003680822    
0.2071759500    0.0174455470    0.0003695958    
0.2074175400    0.0174470080    0.0003693781    
0.2076591300    0.0180392200    0.0003750042    
0.2079007200    0.0178678340    0.0003761858    
0.2081423100    0.0183945830    0.0003780862    
0.2083838900    0.0178433710    0.0003731976    
0.2086254800    0.0180406370    0.0003758466    
0.2088670700    0.0179378760    0.0003739493    
0.2091086600    0.0182982590    0.0003789995    
0.2093502500    0.0180710730    0.0003750994    
0.2095918400    0.0182738720    0.0003792272    
0.2098334300    0.0176949630    0.0003724636    
0.2100750100    0.0185649580    0.0003827216    
0.2103166000    0.0181656800    0.0003789454    
0.2105581900    0.0184681540    0.0003791981    
0.2107997800    0.0182933490    0.0003795497    
0.2110413700    0.0181992860    0.0003765459    
0.2112829600    0.0181225100    0.0003783743    
0.2115245400    0.0176862470    0.0003709676    
0.2117661300    0.0185413680    0.0003822353    
0.2120077200    0.0182258400    0.0003771761    
0.2122493100    0.0179091750    0.0003772234    
0.2124909000    0.0186828070    0.0003827191    
0.2127324900    0.0173768260    0.0003715746    
0.2129740800    0.0171732990    0.0003664693    
0.2132156600    0.0176112340    0.0003711125    
0.2134572500    0.0174066650    0.0003703546    
0.2136988400    0.0183761800    0.0003802873    
0.2139404300    0.0170929940    0.0003649218    
0.2141820200    0.0179677540    0.0003757991    
0.2144236100    0.0173909900    0.0003707772    
0.2146652000    0.0178514000    0.0003751751    
0.2149067800    0.0182097330    0.0003772468    
0.2151483700    0.0178876140    0.0003795580    
0.2153899600    0.0180016010    0.0003855519    
0.2156315500    0.0181034060    0.0003904281    
0.2158731400    0.0182141640    0.0003930911    
0.2161147300    0.0179085900    0.0003946692    
0.2163563200    0.0175249410    0.0003913807    
0.2165979000    0.0178148070    0.0003975569    
0.2168394900    0.0178047910    0.0003977297    
0.2170810800    0.0174458910    0.0003981462    
0.2173226700    0.0177742180    0.0004015811    
0.2175642600    0.0177695940    0.0004037502    
0.2178058500    0.0172180880    0.0003989133    
0.2180474400    0.0174611720    0.0004036793    
0.2182890200    0.0177035820    0.0004097217    
0.2185306100    0.0180474450    0.0004110193    
0.2187722000    0.0172604350    0.0004070586    
0.2190137900    0.0173947140    0.0004078505    
0.2192553800    0.0169042400    0.0004058317    
0.2194969700    0.0172813630    0.0004077790    
0.2197385500    0.0177157670    0.0004103335    
0.2199801400    0.0175297340    0.0004038638    
0.2202217300    0.0170757150    0.0003947681    
0.2204633200    0.0172755210    0.0003951853    
0.2207049100    0.0169804250    0.0003892505    
0.2209465000    0.0176674950    0.0003970474    
0.2211880900    0.0173764810    0.0003917957    
0.2214296700    0.0176530450    0.0003943400    
0.2216712600    0.0174624940    0.0003916499    
0.2219128500    0.0171020790    0.0003864938    
0.2221544400    0.0175281920    0.0003932223    
0.2223960300    0.0172243620    0.0003878731    
0.2226376200    0.0169364870    0.0003876327    
0.2228792100    0.0172802030    0.0003886382    
0.2231207900    0.0173501280    0.0003894237    
0.2233623800    0.0164423080    0.0003767171    
0.2236039700    0.0169724420    0.0003843501    
0.2238455600    0.0173417040    0.0003866142    
0.2240871500    0.0178519280    0.0003929436    
0.2243287400    0.0171278670    0.0003828950    
0.2245703300    0.0166615690    0.0003801476    
0.2248119100    0.0177048910    0.0003913221    
0.2250535000    0.0170875320    0.0003843050    
0.2252950900    0.0171759790    0.0003867836    
0.2255366800    0.0174889120    0.0003866428    
0.2257782700    0.0171528170    0.0003838366    
0.2260198600    0.0174016460    0.0003852789    
0.2262614500    0.0169549440    0.0003801710    
0.2265030300    0.0176055410    0.0003868649    
0.2267446200    0.0170112120    0.0003817206    
0.2269862100    0.0170329180    0.0003793532    
0.2272278000    0.0168628990    0.0003784879    
0.2274693900    0.0171141970    0.0003801278    
0.2277109800    0.0168982510    0.0003811097    
0.2279525600    0.0166891230    0.0003752497    
0.2281941500    0.0168876640    0.0003783772    
0.2284357400    0.0175433510    0.0003851266    
0.2286773300    0.0170082840    0.0003805071    
0.2289189200    0.0171118500    0.0003793279    
0.2291605100    0.0173539050    0.0003842219    
0.2294021000    0.0165963120    0.0003742049    
0.2296436800    0.0174362630    0.0003869950    
0.2298852700    0.0163631150    0.0003713140    
0.2301268600    0.0167723500    0.0003798189    
0.2303684500    0.0167809460    0.0003776964    
0.2306100400    0.0169464200    0.0003800754    
0.2308516300    0.0182690780    0.0003938179    
0.2310932200    0.0172491760    0.0003846470    
0.2313348000    0.0171602290    0.0003818101    
0.2315763900    0.0168805950    0.0003790761    
0.2318179800    0.0174139660    0.0003868815    
0.2320595700    0.0163582390    0.0003734213    
0.2323011600    0.0166830670    0.0003782824    
0.2325427500    0.0170518950    0.0003824410    
0.2327843400    0.0171653210    0.0003851787    
0.2330259200    0.0164693360    0.0003739170    
0.2332675100    0.0168295190    0.0003785022    
0.2335091000    0.0172115410    0.0003840943    
0.2337506900    0.0176712180    0.0003871879    
0.2339922800    0.0173469470    0.0003858690    
0.2342338700    0.0174582050    0.0003864364    
0.2344754600    0.0162503450    0.0003739914    
0.2347170400    0.0165996770    0.0003759087    
0.2349586300    0.0170561780    0.0003819611    
0.2352002200    0.0170475170    0.0003850642    
0.2354418100    0.0162364170    0.0003735719    
0.2356834000    0.0163083610    0.0003741395    
0.2359249900    0.0168961420    0.0003784721    
0.2361665700    0.0169570070    0.0003824348    
0.2364081600    0.0169580750    0.0003803368    
0.2366497500    0.0170777590    0.0003837941    
0.2368913400    0.0173726670    0.0003854886    
0.2371329300    0.0170020720    0.0003837441    
0.2373745200    0.0169240370    0.0003814004    
0.2376161100    0.0165200600    0.0003768209    
0.2378576900    0.0168950000    0.0003824004    
0.2380992800    0.0171706650    0.0003833731    
0.2383408700    0.0162589520    0.0003740904    
0.2385824600    0.0169014570    0.0003798320    
0.2388240500    0.0172607550    0.0003855768    
0.2390656400    0.0173330840    0.0003865181    
0.2393072300    0.0171686830    0.0003836158    
0.2395488100    0.0166060130    0.0003777999    
0.2397904000    0.0164767060    0.0003775052    
0.2400319900    0.0171039120    0.0003851607    
0.2402735800    0.0168126780    0.0003824027    
0.2405151700    0.0173779810    0.0003880986    
0.2407567600    0.0172153810    0.0003836073    
0.2409983500    0.0165516560    0.0003782310    
0.2412399300    0.0166115370    0.0003773401    
0.2414815200    0.0163000120    0.0003761319    
0.2417231100    0.0159685700    0.0003690737    
0.2419647000    0.0172581500    0.0003871643    
0.2422062900    0.0168548310    0.0003820788    
0.2424478800    0.0171786330    0.0003858662    
0.2426894600    0.0173658640    0.0003898751    
0.2429310500    0.0159959900    0.0003716983    
0.2431726400    0.0165861260    0.0003782294    
0.2434142300    0.0168111600    0.0003793385    
0.2436558200    0.0173291750    0.0003890515    
0.2438974100    0.0175579630    0.0003880746    
0.2441390000    0.0168776900    0.0003822044    
0.2443805800    0.0163725720    0.0003767046    
0.2446221700    0.0175013450    0.0003898826    
0.2448637600    0.0169940330    0.0003851354    
0.2451053500    0.0165199880    0.0003776059    
0.2453469400    0.0164402840    0.0003806886    
0.2455885300    0.0162437920    0.0003744360    
0.2458301200    0.0166596190    0.0003815958    
0.2460717000    0.0167637490    0.0003797215    
0.2463132900    0.0158936890    0.0003701214    
0.2465548800    0.0172577770    0.0003878397    
0.2467964700    0.0165833160    0.0003784607    
0.2470380600    0.0164358490    0.0003779605    
0.2472796500    0.0170410120    0.0003847210    
0.2475212400    0.0159805400    0.0003747956    
0.2477628200    0.0163136150    0.0003794890    
0.2480044100    0.0168659200    0.0003819379    
0.2482460000    0.0161073750    0.0003733805    
0.2484875900    0.0166387240    0.0003804193    
0.2487291800    0.0164995610    0.0003788251    
0.2489707700    0.0163497210    0.0003761788    
0.2492123600    0.0167825070    0.0003834061    
0.2494539400    0.0167727500    0.0003824852    
0.2496955300    0.0170157460    0.0003859249    
0.2499371200    0.0169921120    0.0003843032    
0.2501787100    0.0171650980    0.0003905195    
0.2504203000    0.0163493270    0.0003765687    
0.2506618900    0.0168546150    0.0003802223    
0.2509034700    0.0169344460    0.0003837850    
0.2511450600    0.0162685640    0.0003755062    
0.2513866500    0.0166446730    0.0003807544    
0.2516282400    0.0169896200    0.0003820063    
0.2518698300    0.0168499300    0.0003825580    
0.2521114200    0.0165257270    0.0003779346    
0.2523530100    0.0161585130    0.0003743648    
0.2525945900    0.0164682020    0.0003770136    
0.2528361800    0.0171854270    0.0003879813    
0.2530777700    0.0165573200    0.0003773764    
0.2533193600    0.0174413630    0.0003869177    
0.2535609500    0.0161886430    0.0003740602    
0.2538025400    0.0161600950    0.0003736001    
0.2540441300    0.0168856160    0.0003818946    
0.2542857100    0.0166090770    0.0003783595    
0.2545273000    0.0167753220    0.0003822458    
0.2547688900    0.0165115190    0.0003763324    
0.2550104800    0.0170366200    0.0003852113    
0.2552520700    0.0166689170    0.0003825119    
0.2554936600    0.0170163830    0.0003827048    
0.2557352500    0.0163233070    0.0003762689    
0.2559768300    0.0164283020    0.0003759032    
0.2562184200    0.0166067350    0.0003797872    
0.2564600100    0.0162079950    0.0003731155    
0.2567016000    0.0165082580    0.0003789249    
0.2569431900    0.0166667180    0.0003792791    
0.2571847800    0.0163450240    0.0003750793    
0.2574263700    0.0163559970    0.0003757270    
0.2576679500    0.0168406070    0.0003820510    
0.2579095400    0.0165719930    0.0003793897    
0.2581511300    0.0162364170    0.0003735719    
0.2583927200    0.0169403890    0.0003811885    
0.2586343100    0.0171083830    0.0003818873    
0.2588759000    0.0165977950    0.0003788898    
0.2591174800    0.0175871450    0.0003869280    
0.2593590700    0.0169580750    0.0003803368    
0.2596006600    0.0165086200    0.0003765599    
0.2598422500    0.0168270260    0.0003805695    
0.2600838400    0.0168504130    0.0003810984    
0.2603254300    0.0168728560    0.0003826841    
0.2605670200    0.0168504130    0.0003810984    
0.2608086000    0.0160847950    0.0003693996    
0.2610501900    0.0168686810    0.0003802494    
0.2612917800    0.0164252800    0.0003761295    
0.2615333700    0.0158915320    0.0003690718    
0.2617749600    0.0167637490    0.0003797215    
0.2620165500    0.0165458100    0.0003763328    
0.2622581400    0.0163292350    0.0003762057    
0.2624997200    0.0165458460    0.0003771148    
0.2627413100    0.0162947430    0.0003779269    
0.2629829000    0.0172059950    0.0003824499    
0.2632244900    0.0171879160    0.0003852979    
0.2634660800    0.0163889860    0.0003744159    
0.2637076700    0.0160301310    0.0003711912    
0.2639492600    0.0172678470    0.0003852549    
0.2641908400    0.0174831400    0.0003883225    
0.2644324300    0.0165661020    0.0003786599    
0.2646740200    0.0166168660    0.0003764910    
0.2649156100    0.0164820490    0.0003790229    
0.2651572000    0.0169570070    0.0003824348    
0.2653987900    0.0171706170    0.0003868591    
0.2656403800    0.0167361820    0.0003804661    
0.2658819600    0.0166830670    0.0003782824    
0.2661235500    0.0158091960    0.0003701667    
0.2663651400    0.0163883700    0.0003751859    
0.2666067300    0.0166206270    0.0003786226    
0.2668483200    0.0160756530    0.0003718467    
0.2670899100    0.0163652310    0.0003783426    
0.2673314900    0.0168147790    0.0003799041    
0.2675730800    0.0159043290    0.0003721902    
0.2678146700    0.0170190030    0.0003860982    
0.2680562600    0.0173296610    0.0003863457    
0.2682978500    0.0164652240    0.0003772421    
0.2685394400    0.0158706110    0.0003690840    
0.2687810300    0.0169391180    0.0003833007    
0.2690226100    0.0171726410    0.0003831309    
0.2692642000    0.0163676680    0.0003789056    
0.2695057900    0.0167211260    0.0003796336    
0.2697473800    0.0164826250    0.0003770475    
0.2699889700    0.0164849180    0.0003791891    
0.2702305600    0.0166918860    0.0003822347    
0.2704721500    0.0167553050    0.0003822862    
0.2707137300    0.0160705660    0.0003715303    
0.2709553200    0.0163022480    0.0003766852    
0.2711969100    0.0162312190    0.0003749439    
0.2714385000    0.0166176960    0.0003784577    
0.2716800900    0.0172928920    0.0003875538    
0.2719216800    0.0173931470    0.0003972529    
0.2721632700    0.0166353950    0.0003912316    
0.2724048500    0.0167543490    0.0003976751    
0.2726464400    0.0165535660    0.0004025499    
0.2728880300    0.0158051670    0.0003936557    
0.2731296200    0.0157936690    0.0003957083    
0.2733712100    0.0163827600    0.0004062813    
0.2736128000    0.0166787420    0.0004155426    
0.2738543800    0.0169056550    0.0004159364    
0.2740959700    0.0167319700    0.0004177774    
0.2743375600    0.0161809660    0.0004138097    
0.2745791500    0.0164589760    0.0004191415    
0.2748207400    0.0163640860    0.0004208389    
0.2750623300    0.0172732020    0.0004323708    
0.2753039200    0.0167251740    0.0004299829    
0.2755455000    0.0163358450    0.0004236294    
0.2757870900    0.0164089970    0.0004309214    
0.2760286800    0.0168845780    0.0004349442    
0.2762702700    0.0167503600    0.0004412575    
0.2765118600    0.0167552220    0.0004238095    
0.2767534500    0.0170620180    0.0004260182    
0.2769950400    0.0160662530    0.0004100723    
0.2772366200    0.0157240550    0.0004014689    
0.2774782100    0.0172325830    0.0004208079    
0.2777198000    0.0180002670    0.0004311519    
0.2779613900    0.0169037560    0.0004167737    
0.2782029800    0.0164548940    0.0004032626    
0.2784445700    0.0165238490    0.0004075307    
0.2786861600    0.0162207640    0.0004026355    
0.2789277400    0.0173680230    0.0004120090    
0.2791693300    0.0161326300    0.0003973988    
0.2794109200    0.0160002840    0.0003976530    
0.2796525100    0.0168853340    0.0004078536    
0.2798941000    0.0165821890    0.0003995998    
0.2801356900    0.0157837710    0.0003938565    
0.2803772800    0.0162338460    0.0004029602    
0.2806188600    0.0158300660    0.0003898274    
0.2808604500    0.0166290540    0.0003973969    
0.2811020400    0.0170349000    0.0004037658    
0.2813436300    0.0165372510    0.0003996791    
0.2815852200    0.0160102050    0.0003893365    
0.2818268100    0.0174368470    0.0004085016    
0.2820683900    0.0165981910    0.0003996375    
0.2823099800    0.0172257690    0.0004068071    
0.2825515700    0.0165372510    0.0003950902    
0.2827931600    0.0163954660    0.0003981171    
0.2830347500    0.0164926590    0.0003969815    
0.2832763400    0.0158750040    0.0003875412    
0.2835179300    0.0165372510    0.0003955420    
0.2837595100    0.0162979970    0.0003949362    
0.2840011000    0.0162302950    0.0003945720    
0.2842426900    0.0158351390    0.0003858787    
0.2844842800    0.0160810510    0.0003909437    
0.2847258700    0.0165499620    0.0003972118    
0.2849674600    0.0162944320    0.0003951980    
0.2852090500    0.0165593930    0.0003964119    
0.2854506300    0.0165659610    0.0003981696    
0.2856922200    0.0162360550    0.0003929739    
0.2859338100    0.0163718780    0.0003952209    
0.2861754000    0.0159425890    0.0003879217    
0.2864169900    0.0167321770    0.0003972607    
0.2866585800    0.0161818840    0.0003924683    
0.2869001700    0.0162119380    0.0003919313    
0.2871417500    0.0164773790    0.0003946748    
0.2873833400    0.0161495600    0.0003923774    
0.2876249300    0.0169608740    0.0004025771    
0.2878665200    0.0163502070    0.0003977223    
0.2881081100    0.0164469680    0.0003919279    
0.2883497000    0.0167009860    0.0003971924    
0.2885912900    0.0170658390    0.0004013548    
0.2888328700    0.0159263930    0.0003878722    
0.2890744600    0.0161360440    0.0003895278    
0.2893160500    0.0170210530    0.0004005231    
0.2895576400    0.0161181040    0.0003918445    
0.2897992300    0.0161200840    0.0003880136    
0.2900408200    0.0158179680    0.0003852316    
0.2902824000    0.0167372980    0.0003993001    
0.2905239900    0.0167104320    0.0003973048    
0.2907655800    0.0164162010    0.0003909728    
0.2910071700    0.0160437400    0.0003865120    
0.2912487600    0.0162601770    0.0003896959    
0.2914903500    0.0167137720    0.0003940569    
0.2917319400    0.0165833930    0.0003912005    
0.2919735200    0.0166084250    0.0003926660    
0.2922151100    0.0163152740    0.0003884589    
0.2924567000    0.0158564510    0.0003836737    
0.2926982900    0.0161749180    0.0003876526    
0.2929398800    0.0160271120    0.0003879167    
0.2931814700    0.0163869680    0.0003882993    
0.2934230600    0.0163459620    0.0003889691    
0.2936646400    0.0158710150    0.0003805878    
0.2939062300    0.0163729940    0.0003901651    
0.2941478200    0.0157722040    0.0003805229    
0.2943894100    0.0168338830    0.0003950266    
0.2946310000    0.0161192090    0.0003855432    
0.2948725900    0.0162840670    0.0003883769    
0.2951141800    0.0166572200    0.0003920703    
0.2953557600    0.0169301040    0.0003979425    
0.2955973500    0.0165372510    0.0003897867    
0.2958389400    0.0161833170    0.0003848809    
0.2960805300    0.0154097110    0.0003758466    
0.2963221200    0.0163393640    0.0003863047    
0.2965637100    0.0162269490    0.0003848318    
0.2968053000    0.0159375480    0.0003805456    
0.2970468800    0.0161046260    0.0003836610    
0.2972884700    0.0160556710    0.0003819532    
0.2975300600    0.0156376970    0.0003769488    
0.2977716500    0.0164670740    0.0003882405    
0.2980132400    0.0164115970    0.0003884470    
0.2982548300    0.0161328730    0.0003821711    
0.2984964100    0.0163115790    0.0003837222    
0.2987380000    0.0164103200    0.0003857250    
0.2989795900    0.0166184930    0.0003873154    
0.2992211800    0.0159067460    0.0003785175    
0.2994627700    0.0158275620    0.0003786758    
0.2997043600    0.0160819300    0.0003826862    
0.2999459500    0.0158335380    0.0003795800    
0.3001875300    0.0168396880    0.0003908814    
0.3004291200    0.0164415350    0.0003902502    
0.3006707100    0.0158076660    0.0003773368    
0.3009123000    0.0164311650    0.0003865354    
0.3011538900    0.0162413020    0.0003816468    
0.3013954800    0.0163831210    0.0003854052    
0.3016370700    0.0162686710    0.0003837762    
0.3018786500    0.0161509790    0.0003823855    
0.3021202400    0.0167272300    0.0003890054    
0.3023618300    0.0154146890    0.0003750766    
0.3026034200    0.0156376970    0.0003769488    
0.3028450100    0.0162612250    0.0003846724    
0.3030866000    0.0163062160    0.0003856288    
0.3033281900    0.0160805530    0.0003807181    
0.3035697700    0.0162533750    0.0003837358    
0.3038113600    0.0158779380    0.0003795553    
0.3040529500    0.0156995800    0.0003760446    
0.3042945400    0.0162372280    0.0003822906    
0.3045361300    0.0168136820    0.0003914395    
0.3047777200    0.0159556750    0.0003797894    
0.3050193100    0.0159880210    0.0003804515    
0.3052608900    0.0161975270    0.0003839182    
0.3055024800    0.0161266190    0.0003879462    
0.3057440700    0.0162682070    0.0003819628    
0.3059856600    0.0159067460    0.0003785175    
0.3062272500    0.0158069560    0.0003782911    
0.3064688400    0.0167253120    0.0003901229    
0.3067104200    0.0166118770    0.0003856974    
0.3069520100    0.0159763590    0.0003801741    
0.3071936000    0.0161737950    0.0003833557    
0.3074351900    0.0163186970    0.0003854930    
0.3076767800    0.0161679550    0.0003816127    
0.3079183700    0.0161265780    0.0003850591    
0.3081599600    0.0162001310    0.0003859363    
0.3084015400    0.0157733020    0.0003765165    
0.3086431300    0.0153914900    0.0003716624    
0.3088847200    0.0157467340    0.0003782607    
0.3091263100    0.0151782310    0.0003704212    
0.3093679000    0.0160295280    0.0003812235    
0.3096094900    0.0159120180    0.0003778948    
0.3098510800    0.0164883960    0.0003886352    
0.3100926600    0.0158144270    0.0003787955    
0.3103342500    0.0161682780    0.0003830098    
0.3105758400    0.0160465310    0.0003842447    
0.3108174300    0.0167146500    0.0003882930    
0.3110590200    0.0156357160    0.0003773398    
0.3113006100    0.0161067800    0.0003800630    
0.3115422000    0.0155719710    0.0003765698    
0.3117837800    0.0161093550    0.0003816140    
0.3120253700    0.0156764410    0.0003775538    
0.3122669600    0.0153868330    0.0003718753    
0.3125085500    0.0159687830    0.0003816179    
0.3127501400    0.0159557210    0.0003807625    
0.3129917300    0.0162530740    0.0003859945    
0.3132333100    0.0163518150    0.0003861676    
0.3134749000    0.0162402110    0.0003842828    
0.3137164900    0.0153908370    0.0003727349    
0.3139580800    0.0162004920    0.0003822743    
0.3141996700    0.0157814510    0.0003775726    
0.3144412600    0.0160151810    0.0003807746    
0.3146828500    0.0161038150    0.0003826657    
0.3149244300    0.0160651870    0.0003806745    
0.3151660200    0.0159023710    0.0003806836    
0.3154076100    0.0164457840    0.0003878464    
0.3156492000    0.0159808860    0.0003838854    
0.3158907900    0.0161409330    0.0003812937    
0.3161323800    0.0154225490    0.0003728474    
0.3163739700    0.0152623790    0.0003710411    
0.3166155500    0.0163853660    0.0003864215    
0.3168571400    0.0163324920    0.0003841079    
0.3170987300    0.0159595960    0.0003805301    
0.3173403200    0.0156601840    0.0003769437    
0.3175819100    0.0167134370    0.0003902708    
0.3178235000    0.0163678860    0.0003853668    
0.3180650900    0.0156364960    0.0003784623    
0.3183066700    0.0169139260    0.0003926047    
0.3185482600    0.0154763130    0.0003756874    
0.3187898500    0.0162164590    0.0003819075    
0.3190314400    0.0161655250    0.0003828372    
0.3192730300    0.0162115720    0.0003829624    
0.3195146200    0.0153789170    0.0003735433    
0.3197562100    0.0163595930    0.0003844264    
0.3199977900    0.0165281840    0.0003871077    
0.3202393800    0.0156361050    0.0003778998    
0.3204809700    0.0155632140    0.0003775744    
0.3207225600    0.0158121470    0.0003801612    
0.3209641500    0.0159283680    0.0003814152    
0.3212057400    0.0166004390    0.0003871049    
0.3214473200    0.0161455160    0.0003820421    
0.3216889100    0.0159350200    0.0003794052    
0.3219305000    0.0160910360    0.0003827946    
0.3221720900    0.0160893160    0.0003822132    
0.3224136800    0.0158527020    0.0003778740    
0.3226552700    0.0159019110    0.0003826513    
0.3228968600    0.0158441630    0.0003792902    
0.3231384400    0.0163829850    0.0003894094    
0.3233800300    0.0163386590    0.0003840406    
0.3236216200    0.0161545560    0.0003821490    
0.3238632100    0.0164132520    0.0003859005    
0.3241048000    0.0155946030    0.0003765670    
0.3243463900    0.0160920170    0.0003823853    
0.3245879800    0.0155875990    0.0003760691    
0.3248295600    0.0162443160    0.0003836289    
0.3250711500    0.0161990160    0.0003830936    
0.3253127400    0.0155378470    0.0003762952    
0.3255543300    0.0164489630    0.0003875981    
0.3257959200    0.0163833300    0.0003889783    
0.3260375100    0.0157338580    0.0003768656    
0.3262791000    0.0165220960    0.0003876035    
0.3265206800    0.0163682570    0.0003849490    
0.3267622700    0.0159817590    0.0003814925    
0.3270038600    0.0156649560    0.0003772772    
0.3272454500    0.0157550830    0.0003778078    
0.3274870400    0.0159868160    0.0003808544    
0.3277286300    0.0157664470    0.0003796114    
0.3279702200    0.0166983670    0.0003902382    
0.3282118000    0.0163274500    0.0003887488    
0.3284533900    0.0155580710    0.0003755754    
0.3286949800    0.0164076480    0.0003993559    
0.3289365700    0.0160978550    0.0004009456    
0.3291781600    0.0162528260    0.0004063207    
0.3294197500    0.0159897060    0.0004077203    
0.3296613300    0.0157662670    0.0004089964    
0.3299029200    0.0158919290    0.0004111510    
0.3301445100    0.0159059740    0.0004172799    
0.3303861000    0.0161526640    0.0004233148    
0.3306276900    0.0160415840    0.0004251011    
0.3308692800    0.0154472960    0.0004173421    
0.3311108700    0.0158647560    0.0004264473    
0.3313524500    0.0160605150    0.0004339095    
0.3315940400    0.0159800340    0.0004322086    
0.3318356300    0.0167451660    0.0004481741    
0.3320772200    0.0159122970    0.0004373095    
0.3323188100    0.0157577310    0.0004392425    
0.3325604000    0.0160774310    0.0004430204    
0.3328019900    0.0162048440    0.0004494415    
0.3330435700    0.0167976800    0.0004528351    
0.3332851600    0.0160179840    0.0004364395    
0.3335267500    0.0162432720    0.0004258357    
0.3337683400    0.0161986170    0.0004252499    
0.3340099300    0.0167428650    0.0004294454    
0.3342515200    0.0160330660    0.0004161977    
0.3344931100    0.0162021320    0.0004140803    
0.3347346900    0.0157913700    0.0004102000    
0.3349762800    0.0160204620    0.0004110514    
0.3352178700    0.0164953840    0.0004155127    
0.3354594600    0.0155321670    0.0004011726    
0.3357010500    0.0160373840    0.0004086704    
0.3359426400    0.0153909660    0.0004017010    
0.3361842300    0.0161137360    0.0004030954    
0.3364258100    0.0160615030    0.0004017888    
0.3366674000    0.0162114760    0.0004041518    
0.3369089900    0.0157937410    0.0003974605    
0.3371505800    0.0157402750    0.0003959896    
0.3373921700    0.0161568540    0.0004021657    
0.3376337600    0.0160708500    0.0004007706    
0.3378753400    0.0160037910    0.0004000948    
0.3381169300    0.0157414290    0.0003948955    
0.3383585200    0.0158048870    0.0004000276    
0.3386001100    0.0156953190    0.0003927513    
0.3388417000    0.0165702460    0.0004049965    
0.3390832900    0.0159258380    0.0003931407    
0.3393248800    0.0162351410    0.0003999240    
0.3395664600    0.0157587960    0.0003932333    
0.3398080500    0.0159662130    0.0003953438    
0.3400496400    0.0162618460    0.0003975776    
0.3402912300    0.0164338930    0.0003990502    
0.3405328200    0.0160502840    0.0003966965    
0.3407744100    0.0167989160    0.0004060031    
0.3410160000    0.0168192100    0.0004067312    
0.3412575800    0.0160978400    0.0003935679    
0.3414991700    0.0166205130    0.0003995962    
0.3417407600    0.0163343990    0.0003972202    
0.3419823500    0.0162770710    0.0003936210    
0.3422239400    0.0167996450    0.0004015883    
0.3424655300    0.0159039230    0.0003916462    
0.3427071200    0.0164765460    0.0003974003    
0.3429487000    0.0154772530    0.0003856081    
0.3431902900    0.0162013380    0.0003962167    
0.3434318800    0.0166750610    0.0004051452    
0.3436734700    0.0161038910    0.0003909218    
0.3439150600    0.0163231360    0.0003926736    
0.3441566500    0.0162949930    0.0003947475    
0.3443982300    0.0160665750    0.0003915185    
0.3446398200    0.0163316420    0.0003936764    
0.3448814100    0.0155513760    0.0003851900    
0.3451230000    0.0155204070    0.0003852511    
0.3453645900    0.0157786030    0.0003884423    
0.3456061800    0.0163601110    0.0003940194    
0.3458477700    0.0155565530    0.0003867445    
0.3460893500    0.0164988810    0.0003978234    
0.3463309400    0.0162381190    0.0003916497    
0.3465725300    0.0164868320    0.0003947880    
0.3468141200    0.0159656870    0.0003899874    
0.3470557100    0.0159182090    0.0003883645    
0.3472973000    0.0163532210    0.0003945406    
0.3475388900    0.0166250150    0.0003953857    
0.3477804700    0.0156698680    0.0003857655    
0.3480220600    0.0157484050    0.0003868791    
0.3482636500    0.0162812270    0.0003929180    
0.3485052400    0.0164341350    0.0003985863    
0.3487468300    0.0166318570    0.0003966718    
0.3489884200    0.0156265680    0.0003843503    
0.3492300100    0.0154989820    0.0003813275    
0.3494715900    0.0163501920    0.0003943528    
0.3497131800    0.0160337530    0.0003878503    
0.3499547700    0.0154870660    0.0003833620    
0.3501963600    0.0160232040    0.0003881634    
0.3504379500    0.0157305560    0.0003856270    
0.3506795400    0.0157666070    0.0003865108    
0.3509211300    0.0154561150    0.0003834190    
0.3511627100    0.0163056280    0.0003939661    
0.3514043000    0.0159305510    0.0003866001    
0.3516458900    0.0162388010    0.0003912112    
0.3518874800    0.0157053850    0.0003838582    
0.3521290700    0.0162148930    0.0003901826    
0.3523706600    0.0160719440    0.0003893441    
0.3526122400    0.0159816140    0.0003879535    
0.3528538300    0.0158319300    0.0003867202    
0.3530954200    0.0159182090    0.0003883645    
0.3533370100    0.0158010030    0.0003861953    
0.3535786000    0.0166201280    0.0003986663    
0.3538201900    0.0157540720    0.0003840173    
0.3540617800    0.0166223970    0.0003965590    
0.3543033600    0.0164687090    0.0003923346    
0.3545449500    0.0156352190    0.0003832898    
0.3547865400    0.0152421650    0.0003772998    
0.3550281300    0.0160114090    0.0003889061    
0.3552697200    0.0157034920    0.0003842714    
0.3555113100    0.0158172830    0.0003862472    
0.3557529000    0.0168615720    0.0003990975    
0.3559944800    0.0160426260    0.0003869346    
0.3562360700    0.0159726110    0.0003909739    
0.3564776600    0.0155714350    0.0003814970    
0.3567192500    0.0158971190    0.0003859024    
0.3569608400    0.0158347280    0.0003842747    
0.3572024300    0.0152969570    0.0003791210    
0.3574440200    0.0155247020    0.0003809241    
0.3576856000    0.0153389900    0.0003799295    
0.3579271900    0.0157727930    0.0003842454    
0.3581687800    0.0162605820    0.0003916223    
0.3584103700    0.0159345900    0.0003863570    
0.3586519600    0.0163181510    0.0003942687    
0.3588935500    0.0158983120    0.0003865012    
0.3591351400    0.0163929580    0.0003927654    
0.3593767200    0.0156109160    0.0003815493    
0.3596183100    0.0153502630    0.0003777829    
0.3598599000    0.0155224080    0.0003813273    
0.3601014900    0.0158648780    0.0003858024    
0.3603430800    0.0163403790    0.0003913933    
0.3605846700    0.0160789220    0.0003878100    
0.3608262500    0.0157411060    0.0003847313    
0.3610678400    0.0163093010    0.0003908733    
0.3613094300    0.0159872730    0.0003893549    
0.3615510200    0.0154686230    0.0003802355    
0.3617926100    0.0161797730    0.0003884389    
0.3620342000    0.0159626940    0.0003866975    
0.3622757900    0.0152256110    0.0003772369    
0.3625173700    0.0155013320    0.0003809245    
0.3627589600    0.0161181900    0.0003888702    
0.3630005500    0.0161854610    0.0003887996    
0.3632421400    0.0157439850    0.0003833162    
0.3634837300    0.0154236840    0.0003809769    
0.3637253200    0.0159021700    0.0003872823    
0.3639669100    0.0164270440    0.0003939215    
0.3642084900    0.0161182330    0.0003874083    
0.3644500800    0.0155738250    0.0003816701    
0.3646916700    0.0158153870    0.0003850546    
0.3649332600    0.0160830330    0.0003861164    
0.3651748500    0.0159466350    0.0003856302    
0.3654164400    0.0161736570    0.0003899815    
0.3656580300    0.0160872580    0.0003883501    
0.3658996100    0.0165185860    0.0003926325    
0.3661412000    0.0163186690    0.0003909855    
0.3663827900    0.0163971050    0.0003958298    
0.3666243800    0.0160389180    0.0003847248    
0.3668659700    0.0161517960    0.0003881029    
0.3671075600    0.0157906480    0.0003838838    
0.3673491500    0.0158337360    0.0003836861    
0.3675907300    0.0152644330    0.0003784312    
0.3678323200    0.0157636140    0.0003825489    
0.3680739100    0.0157761610    0.0003850135    
0.3683155000    0.0161200840    0.0003880136    
0.3685570900    0.0162572750    0.0003895145    
0.3687986800    0.0160141590    0.0003890876    
0.3690402600    0.0162540790    0.0003916930    
0.3692818500    0.0153900330    0.0003778473    
0.3695234400    0.0152586940    0.0003773623    
0.3697650300    0.0156267730    0.0003810275    
0.3700066200    0.0158357270    0.0003848660    
0.3702482100    0.0156961640    0.0003815868    
0.3704898000    0.0161452840    0.0003881706    
0.3707313800    0.0156653890    0.0003832242    
0.3709729700    0.0155083350    0.0003802936    
0.3712145600    0.0163737650    0.0003929829    
0.3714561500    0.0160114090    0.0003889061    
0.3716977400    0.0154384920    0.0003791514    
0.3719393300    0.0154688330    0.0003790971    
0.3721809200    0.0159599370    0.0003855012    
0.3724225000    0.0155502300    0.0003805210    
0.3726640900    0.0153569060    0.0003782902    
0.3729056800    0.0160837500    0.0003871390    
0.3731472700    0.0154943890    0.0003792681    
0.3733888600    0.0169931490    0.0003989838    
0.3736304500    0.0153743770    0.0003802232    
0.3738720400    0.0160897870    0.0003900053    
0.3741136200    0.0152226390    0.0003776272    
0.3743552100    0.0160519590    0.0003870471    
0.3745968000    0.0157585910    0.0003822020    
0.3748383900    0.0152873420    0.0003771492    
0.3750799800    0.0159133790    0.0003849385    
0.3753215700    0.0151487690    0.0003761421    
0.3755631500    0.0164008870    0.0003904973    
0.3758047400    0.0160706240    0.0003872721    
0.3760463300    0.0161097780    0.0003883284    
0.3762879200    0.0153886570    0.0003801117    
0.3765295100    0.0158087790    0.0003867320    
0.3767711000    0.0155664780    0.0003805769    
0.3770126900    0.0154130890    0.0003784134    
0.3772542700    0.0166426230    0.0003933646    
0.3774958600    0.0157585910    0.0003822020    
0.3777374500    0.0157246550    0.0003825056    
0.3779790400    0.0159573250    0.0003863408    
0.3782206300    0.0153542400    0.0003786844    
0.3784622200    0.0151384700    0.0003753083    
0.3787038100    0.0160685080    0.0003881237    
0.3789453900    0.0159573810    0.0003873653    
0.3791869800    0.0163424730    0.0003924580    
0.3794285700    0.0153016020    0.0003770423    
0.3796701600    0.0160173480    0.0003867752    
0.3799117500    0.0157147170    0.0003818123    
0.3801533400    0.0159799900    0.0003863238    
0.3803949300    0.0160020050    0.0003842818    
0.3806365100    0.0155362140    0.0003800642    
0.3808781000    0.0159054910    0.0003844105    
0.3811196900    0.0153085540    0.0003794084    
0.3813612800    0.0160464760    0.0003866901    
0.3816028700    0.0163087840    0.0003913107    
0.3818444600    0.0155901290    0.0003817259    
0.3820860500    0.0156075690    0.0003796574    
0.3823276300    0.0164849180    0.0003901824    
0.3825692200    0.0154347670    0.0003765698    
0.3828108100    0.0162502310    0.0003858182    
0.3830524000    0.0157460980    0.0003813386    
0.3832939900    0.0155520140    0.0003784180    
0.3835355800    0.0154875590    0.0003776330    
0.3837771600    0.0157488900    0.0003799604    
0.3840187500    0.0154366170    0.0003778539    
0.3842603400    0.0157079130    0.0003818724    
0.3845019300    0.0160594000    0.0003817180    
0.3847435200    0.0157267800    0.0003784370    
0.3849851100    0.0156273360    0.0003783515    
0.3852267000    0.0157321980    0.0003890725    
0.3854682800    0.0161638290    0.0004020903    
0.3857098700    0.0152683030    0.0003952814    
0.3859514600    0.0153102030    0.0004001386    
0.3861930500    0.0154190110    0.0004039492    
0.3864346400    0.0162491450    0.0004189928    
0.3866762300    0.0157556760    0.0004154871    
0.3869178200    0.0163453010    0.0004254512    
0.3871594000    0.0164843440    0.0004323042    
0.3874009900    0.0160964600    0.0004283641    
0.3876425800    0.0156887910    0.0004260491    
0.3878841700    0.0165333610    0.0004392141    
0.3881257600    0.0153560190    0.0004258993    
0.3883673500    0.0158901410    0.0004363711    
0.3886089400    0.0161977760    0.0004431515    
0.3888505200    0.0157299590    0.0004386389    
0.3890921100    0.0160632270    0.0004456852    
0.3893337000    0.0158165910    0.0004471819    
0.3895752900    0.0156501140    0.0004464179    
0.3898168800    0.0161308530    0.0004348587    
0.3900584700    0.0165598430    0.0004325031    
0.3903000600    0.0156804570    0.0004195276    
0.3905416400    0.0153743610    0.0004113380    
0.3907832300    0.0160295920    0.0004190833    
0.3910248200    0.0161564590    0.0004192595    
0.3912664100    0.0153796430    0.0004072738    
0.3915080000    0.0152766590    0.0004039805    
0.3917495900    0.0152154200    0.0004049175    
0.3919911700    0.0155928830    0.0004106235    
0.3922327600    0.0159242440    0.0004079119    
0.3924743500    0.0161722520    0.0004126434    
0.3927159400    0.0156312430    0.0004034625    
0.3929575300    0.0159074280    0.0004097730    
0.3931991200    0.0160004180    0.0004090587    
0.3934407100    0.0167179100    0.0004174263    
0.3936822900    0.0158971670    0.0004084260    
0.3939238800    0.0158850180    0.0004087890    
0.3941654700    0.0158639780    0.0004085182    
0.3944070600    0.0156991190    0.0004072545    
0.3946486500    0.0165230920    0.0004188770    
0.3948902400    0.0165686510    0.0004164345    
0.3951318300    0.0160078360    0.0004089811    
0.3953734100    0.0153175760    0.0004007421    
0.3956150000    0.0155115760    0.0004042984    
0.3958565900    0.0155770010    0.0004039507    
0.3960981800    0.0158440940    0.0004089564    
0.3963397700    0.0162331010    0.0004150073    
0.3965813600    0.0161588320    0.0004140569    
0.3968229500    0.0162594930    0.0004167731    
0.3970645300    0.0155707880    0.0004089089    
0.3973061200    0.0155621770    0.0004068630    
0.3975477100    0.0155327500    0.0004052635    
0.3977893000    0.0155569500    0.0004071440    
0.3980308900    0.0155382140    0.0004063754    
0.3982724800    0.0151307320    0.0004015279    
0.3985140700    0.0161248860    0.0004146873    
0.3987556500    0.0161484330    0.0004157055    
0.3989972400    0.0159466350    0.0004125663    
0.3992388300    0.0159682430    0.0004153554    
0.3994804200    0.0161810310    0.0004179318    
0.3997220100    0.0162897740    0.0004217263    
0.3999636000    0.0168188120    0.0004240635    
0.4002051800    0.0156844810    0.0004114692    
0.4004467700    0.0158749060    0.0004118146    
0.4006883600    0.0153276480    0.0004074716    
0.4009299500    0.0159807090    0.0004162433    
0.4011715400    0.0157183600    0.0004133549    
0.4014131300    0.0161270860    0.0004190621    
0.4016547200    0.0164747210    0.0004263715    
0.4018963000    0.0162453310    0.0004217078    
0.4021378900    0.0159434540    0.0004213189    
0.4023794800    0.0153257840    0.0004095988    
0.4026210700    0.0153774480    0.0004108329    
0.4028626600    0.0165699760    0.0004251508    
0.4031042500    0.0154047130    0.0004115613    
0.4033458400    0.0156136280    0.0004143427    
0.4035874200    0.0158860310    0.0004211269    
0.4038290100    0.0151935990    0.0004101886    
0.4040706000    0.0155592410    0.0004158382    
0.4043121900    0.0160969540    0.0004244869    
0.4045537800    0.0157231440    0.0004206696    
0.4047953700    0.0153527640    0.0004181592    
0.4050369600    0.0164556040    0.0004280324    
0.4052785400    0.0160139200    0.0004237733    
0.4055201300    0.0155849020    0.0004178693    
0.4057617200    0.0157504830    0.0004227651    
0.4060033100    0.0157081470    0.0004195183    
0.4062449000    0.0162069610    0.0004296345    
0.4064864900    0.0149788460    0.0004122792    
0.4067280800    0.0152264640    0.0004172026    
0.4069696600    0.0154460380    0.0004219536    
0.4072112500    0.0159682020    0.0004306304    
0.4074528400    0.0160083080    0.0004321837    
0.4076944300    0.0155757830    0.0004239191    
0.4079360200    0.0152457560    0.0004180451    
0.4081776100    0.0165526630    0.0004374177    
0.4084191900    0.0161737100    0.0004331898    
0.4086607800    0.0153971480    0.0004210897    
0.4089023700    0.0154480410    0.0004253545    
0.4091439600    0.0160439520    0.0004340962    
0.4093855500    0.0152351980    0.0004240187    
0.4096271400    0.0157974260    0.0004330094    
0.4098687300    0.0151183740    0.0004300271    
0.4101103100    0.0146781710    0.0004138392    
0.4103519000    0.0150284640    0.0004225415    
0.4105934900    0.0172907370    0.0004523644    
0.4108350800    0.0158594950    0.0004355295    
0.4110766700    0.0154379540    0.0004294954    
0.4113182600    0.0151002760    0.0004264186    
0.4115598500    0.0156279440    0.0004352867    
0.4118014300    0.0157877790    0.0004392278    
0.4120430200    0.0157734330    0.0004373082    
0.4122846100    0.0162040370    0.0004471888    
0.4125262000    0.0149716680    0.0004341895    
0.4127677900    0.0161323230    0.0004426881    
0.4130093800    0.0164228630    0.0004486384    
0.4132509700    0.0156358150    0.0004384065    
0.4134925500    0.0156097340    0.0004413335    
0.4137341400    0.0153424340    0.0004362239    
0.4139757300    0.0151298250    0.0004360343    
0.4142173200    0.0155503240    0.0004398296    
0.4144589100    0.0160717700    0.0004516966    
0.4147005000    0.0155384410    0.0004432324    
0.4149420800    0.0154490480    0.0004456044    
0.4151836700    0.0159047940    0.0004500356    
0.4154252600    0.0158335380    0.0004460594    
0.4156668500    0.0155593740    0.0004388585    
0.4159084400    0.0156707780    0.0004404268    
0.4161500300    0.0154298460    0.0004357253    
0.4163916200    0.0160892980    0.0004453812    
0.4166332000    0.0158421010    0.0004395499    
0.4168747900    0.0157128130    0.0004364670    
0.4171163800    0.0161089950    0.0004460974    
0.4173579700    0.0156194170    0.0004362353    
0.4175995600    0.0157078750    0.0004442858    
0.4178411500    0.0160265420    0.0004414506    
0.4180827400    0.0159413870    0.0004417948    
0.4183243200    0.0159624700    0.0004434020    
0.4185659100    0.0160829310    0.0004464038    
0.4188075000    0.0158440730    0.0004428553    
0.4190490900    0.0160685840    0.0004491306    
0.4192906800    0.0158607270    0.0004457653    
0.4195322700    0.0155864440    0.0004455088    
0.4197738600    0.0151025510    0.0004385387    
0.4200154400    0.0150495900    0.0004418712    
0.4202570300    0.0155654920    0.0004500878    
0.4204986200    0.0159337950    0.0004523070    
0.4207402100    0.0156305650    0.0004510277    
0.4209818000    0.0162619170    0.0004581276    
0.4212233900    0.0152882530    0.0004467653    
0.4214649800    0.0151853960    0.0004464362    
0.4217065600    0.0156356190    0.0004542092    
0.4219481500    0.0154040770    0.0004522793    
0.4221897400    0.0152023050    0.0004512441    
0.4224313300    0.0156804690    0.0004617899    
0.4226729200    0.0153260970    0.0004575464    
0.4229145100    0.0159191640    0.0004676044    
0.4231560900    0.0157013020    0.0004626040    
0.4233976800    0.0157805850    0.0004645369    
0.4236392700    0.0153658620    0.0004601713    
0.4238808600    0.0151498980    0.0004584567    
0.4241224500    0.0155002000    0.0004639864    
0.4243640400    0.0164102580    0.0004811999    
0.4246056300    0.0157481880    0.0004724693    
0.4248472100    0.0158259200    0.0004760886    
0.4250888000    0.0164699480    0.0004873704    
0.4253303900    0.0163587910    0.0004932361    
0.4255719800    0.0156265460    0.0004752807    
0.4258135700    0.0152171720    0.0004698359    
0.4260551600    0.0152674260    0.0004747944    
0.4262967500    0.0154634030    0.0004758533    
0.4265383300    0.0158018200    0.0004853491    
0.4267799200    0.0153079950    0.0004800183    
0.4270215100    0.0155486110    0.0004826062    
0.4272631000    0.0159815910    0.0004943811    
0.4275046900    0.0158430560    0.0004943719    
0.4277462800    0.0153972940    0.0004926031    
0.4279878700    0.0161222230    0.0005072993    
0.4282294500    0.0160068110    0.0004997251    
0.4284710400    0.0157156220    0.0004967233    
0.4287126300    0.0148962300    0.0004863792    
0.4289542200    0.0156036960    0.0004997182    
0.4291958100    0.0152614280    0.0004964543    
0.4294374000    0.0154789980    0.0005046009    
0.4296789900    0.0150175230    0.0004953824    
0.4299205700    0.0155913110    0.0005101633    
0.4301621600    0.0162021900    0.0005253920    
0.4304037500    0.0155466190    0.0005167871    
0.4306453400    0.0154773210    0.0005214442    
0.4308869300    0.0149348480    0.0005054680    
0.4311285200    0.0161446070    0.0005288342    
0.4313701000    0.0157935430    0.0005267442    
0.4316116900    0.0150899450    0.0005181908    
0.4318532800    0.0153202240    0.0005236345    
0.4320948700    0.0157575340    0.0005345377    
0.4323364600    0.0158358940    0.0005406285    
0.4325780500    0.0147004700    0.0005240152    
0.4328196400    0.0159167870    0.0005498363    
0.4330612200    0.0149501450    0.0005412316    
0.4333028100    0.0157376900    0.0005539929    
0.4335444000    0.0160269220    0.0005573107    
0.4337859900    0.0145974550    0.0005348094    
0.4340275800    0.0155882830    0.0005570798    
0.4342691700    0.0166861130    0.0005819950    
0.4345107600    0.0148752850    0.0005536008    
0.4347523400    0.0156701550    0.0005710522    
0.4349939300    0.0158105710    0.0005784785    
0.4352355200    0.0156072120    0.0005832689    
0.4354771100    0.0153539050    0.0005836679    
0.4357187000    0.0152028550    0.0005931199    
0.4359602900    0.0171214470    0.0006202446    
0.4362018800    0.0155550660    0.0005960714    
0.4364434600    0.0157876650    0.0006049846    
0.4366850500    0.0153254690    0.0006034398    
0.4369266400    0.0160551870    0.0006273281    
0.4371682300    0.0160348740    0.0006294239    
0.4374098200    0.0155864440    0.0006300446    
0.4376514100    0.0160063180    0.0006464891    
0.4378930000    0.0151144030    0.0006369961    
0.4381345800    0.0160181440    0.0006674227    
0.4383761700    0.0160168480    0.0006804906    
0.4386177600    0.0154198690    0.0006563132    
0.4388593500    0.0161439630    0.0006815987    
0.4391009400    0.0162993050    0.0006962718    
0.4393425300    0.0143886300    0.0006629931    
0.4395841100    0.0157739930    0.0007082732    
0.4398257000    0.0172040750    0.0007573672    
0.4400672900    0.0163635400    0.0007539921    
0.4403088800    0.0160465310    0.0007684895    
0.4405504700    0.0134266730    0.0007270951    
0.4407920600    0.0162388980    0.0008319440    
0.4410336500    0.0168228940    0.0008710564    
0.4412752300    0.0150379950    0.0008265629    
0.4415168200    0.0149638690    0.0008668336    
0.4417584100    0.0170309000    0.0012555346    
0.4420000000    0.0130444690    0.0016701732    