# Diamond Light Source Ltd.
# Data extracted from: /dls/b21/data/2017/mx13440-2/processed/b21-369037_00372.dat
q(1/A)          Column          Error           
0.0040000000    0.8131525100    0.0209189450    
0.0042415885    0.9064189500    0.0207728220    
0.0044831771    0.6844796000    0.0168049540    
0.0047247656    0.5469338600    0.0145448790    
0.0049663541    0.4462801500    0.0123871170    
0.0052079426    0.3553090600    0.0113731660    
0.0054495312    0.2918012100    0.0095023546    
0.0056911197    0.2794580200    0.0087673778    
0.0059327082    0.2170200600    0.0077261186    
0.0061742967    0.1737911800    0.0066257267    
0.0064158853    0.1477881800    0.0060485676    
0.0066574738    0.1394686900    0.0055521608    
0.0068990623    0.1185996200    0.0051662807    
0.0071406509    0.1029292600    0.0047276977    
0.0073822394    0.1091661100    0.0047064850    
0.0076238279    0.0937987700    0.0042591828    
0.0078654164    0.0818516710    0.0040423659    
0.0081070050    0.0792882000    0.0037713551    
0.0083485935    0.0759380630    0.0035639499    
0.0085901820    0.0751131970    0.0035687357    
0.0088317705    0.0681570070    0.0033099969    
0.0090733591    0.0620465350    0.0031378282    
0.0093149476    0.0624772570    0.0030341638    
0.0095565361    0.0534887830    0.0028074330    
0.0097981247    0.0545202470    0.0028343727    
0.0100397130    0.0477224080    0.0025618731    
0.0102813020    0.0441850450    0.0025217737    
0.0105228900    0.0473631490    0.0024458225    
0.0107644790    0.0515732070    0.0025786604    
0.0110060670    0.0459563230    0.0023731743    
0.0112476560    0.0470833040    0.0023902926    
0.0114892440    0.0420837370    0.0022273075    
0.0117308330    0.0468245800    0.0023383079    
0.0119724210    0.0413342690    0.0021665044    
0.0122140100    0.0412585660    0.0021449307    
0.0124555980    0.0387061290    0.0020149606    
0.0126971870    0.0359061030    0.0020009689    
0.0129387760    0.0351363270    0.0018727725    
0.0131803640    0.0387830520    0.0020000832    
0.0134219530    0.0372286590    0.0018899988    
0.0136635410    0.0373261090    0.0018998489    
0.0139051300    0.0369393100    0.0018899795    
0.0141467180    0.0338997620    0.0017695532    
0.0143883070    0.0350697810    0.0017735550    
0.0146298950    0.0308542320    0.0016635487    
0.0148714840    0.0343113510    0.0017671245    
0.0151130720    0.0353517640    0.0017742542    
0.0153546610    0.0353173320    0.0017071277    
0.0155962490    0.0346908760    0.0017090968    
0.0158378380    0.0342392510    0.0016588971    
0.0160794260    0.0308635500    0.0015749990    
0.0163210150    0.0327505880    0.0015867712    
0.0165626030    0.0311435620    0.0015770156    
0.0168041920    0.0305362800    0.0015044145    
0.0170457800    0.0294061050    0.0014852326    
0.0172873690    0.0303139280    0.0014989273    
0.0175289580    0.0298819430    0.0014793766    
0.0177705460    0.0328182420    0.0015235486    
0.0180121350    0.0314625370    0.0014749865    
0.0182537230    0.0334126740    0.0015033073    
0.0184953120    0.0296658060    0.0014126574    
0.0187369000    0.0300694220    0.0014222349    
0.0189784890    0.0303059050    0.0013905303    
0.0192200770    0.0314047910    0.0014379266    
0.0194616660    0.0266305290    0.0012902533    
0.0197032540    0.0286905720    0.0013494910    
0.0199448430    0.0312295600    0.0014079373    
0.0201864310    0.0301312560    0.0013724411    
0.0204280200    0.0281199160    0.0012998436    
0.0206696080    0.0292507660    0.0013068279    
0.0209111970    0.0282306150    0.0013119879    
0.0211527850    0.0264742460    0.0012316934    
0.0213943740    0.0291304660    0.0012950072    
0.0216359620    0.0258011310    0.0012244675    
0.0218775510    0.0272306530    0.0012520668    
0.0221191400    0.0278079030    0.0012423655    
0.0223607280    0.0297937960    0.0012773985    
0.0226023170    0.0287066640    0.0012915739    
0.0228439050    0.0284206000    0.0012287297    
0.0230854940    0.0256014690    0.0011637031    
0.0233270820    0.0291794620    0.0012397166    
0.0235686710    0.0260355780    0.0011785752    
0.0238102590    0.0270567540    0.0011763806    
0.0240518480    0.0273316950    0.0011750813    
0.0242934360    0.0276675090    0.0011995386    
0.0245350250    0.0272407990    0.0011755272    
0.0247766130    0.0245045810    0.0011081355    
0.0250182020    0.0266987250    0.0011685714    
0.0252597900    0.0258272120    0.0011218624    
0.0255013790    0.0269619930    0.0011373230    
0.0257429670    0.0254294040    0.0011066728    
0.0259845560    0.0251316430    0.0010875526    
0.0262261450    0.0243742910    0.0010772017    
0.0264677330    0.0256857840    0.0010932596    
0.0267093220    0.0253510960    0.0010780383    
0.0269509100    0.0265167410    0.0011087206    
0.0271924990    0.0251662030    0.0010721163    
0.0274340870    0.0238314400    0.0010491207    
0.0276756760    0.0238167680    0.0010316187    
0.0279172640    0.0242653790    0.0010394147    
0.0281588530    0.0260146110    0.0010629282    
0.0284004410    0.0245783170    0.0010423528    
0.0286420300    0.0242447240    0.0010154997    
0.0288836180    0.0235825280    0.0010120231    
0.0291252070    0.0243383860    0.0010071296    
0.0293667950    0.0236881080    0.0010055042    
0.0296083840    0.0242967110    0.0010062669    
0.0298499720    0.0239159820    0.0010017303    
0.0300915610    0.0241716850    0.0010036746    
0.0303331490    0.0237305060    0.0009862062    
0.0305747380    0.0232378890    0.0009632415    
0.0308163270    0.0244357180    0.0009877554    
0.0310579150    0.0242713260    0.0009892254    
0.0312995040    0.0261039770    0.0010176390    
0.0315410920    0.0223189190    0.0009364810    
0.0317826810    0.0234666230    0.0009572235    
0.0320242690    0.0239504060    0.0009580162    
0.0322658580    0.0226659320    0.0009452347    
0.0325074460    0.0238411030    0.0009528821    
0.0327490350    0.0248686950    0.0009702202    
0.0329906230    0.0233098540    0.0009294248    
0.0332322120    0.0237424290    0.0009436768    
0.0334738000    0.0222723230    0.0009017800    
0.0337153890    0.0238814290    0.0009324131    
0.0339569770    0.0224183710    0.0009047318    
0.0341985660    0.0220452570    0.0008984976    
0.0344401540    0.0225435850    0.0008967357    
0.0346817430    0.0218513110    0.0008905929    
0.0349233310    0.0213728960    0.0008769406    
0.0351649200    0.0217734280    0.0008688544    
0.0354065090    0.0221253440    0.0008807960    
0.0356480970    0.0223000840    0.0008720023    
0.0358896860    0.0218960950    0.0008737493    
0.0361312740    0.0230934930    0.0008849446    
0.0363728630    0.0213487780    0.0008485378    
0.0366144510    0.0237951060    0.0009032499    
0.0368560400    0.0213280170    0.0008424060    
0.0370976280    0.0222318880    0.0008706679    
0.0373392170    0.0224803430    0.0008671981    
0.0375808050    0.0231506400    0.0008706694    
0.0378223940    0.0224629970    0.0008576412    
0.0380639820    0.0218505360    0.0008492452    
0.0383055710    0.0228508980    0.0008516027    
0.0385471590    0.0218126680    0.0008352502    
0.0387887480    0.0218863800    0.0008399222    
0.0390303360    0.0223615130    0.0008392126    
0.0392719250    0.0215193790    0.0008222132    
0.0395135140    0.0212994730    0.0008180013    
0.0397551020    0.0213586560    0.0008351895    
0.0399966910    0.0213051570    0.0008029683    
0.0402382790    0.0218066360    0.0008183885    
0.0404798680    0.0213354200    0.0008035384    
0.0407214560    0.0208350610    0.0008019419    
0.0409630450    0.0203303080    0.0007796317    
0.0412046330    0.0212446310    0.0008018269    
0.0414462220    0.0220475460    0.0008099368    
0.0416878100    0.0208667420    0.0007870041    
0.0419293990    0.0215274960    0.0007984106    
0.0421709870    0.0204038800    0.0007745207    
0.0424125760    0.0211932490    0.0007931374    
0.0426541640    0.0216175690    0.0007888363    
0.0428957530    0.0210043610    0.0007784734    
0.0431373410    0.0210130830    0.0007777291    
0.0433789300    0.0214052470    0.0007795331    
0.0436205180    0.0213640240    0.0007770020    
0.0438621070    0.0192760780    0.0007397480    
0.0441036960    0.0200358380    0.0007524617    
0.0443452840    0.0200544440    0.0007468665    
0.0445868730    0.0208090790    0.0007686009    
0.0448284610    0.0203246890    0.0007501980    
0.0450700500    0.0187736340    0.0007455963    
0.0453116380    0.0210061640    0.0007905774    
0.0455532270    0.0200938660    0.0007955238    
0.0457948150    0.0199172060    0.0007910133    
0.0460364040    0.0217870490    0.0008294188    
0.0462779920    0.0219864720    0.0008462597    
0.0465195810    0.0191200880    0.0007891705    
0.0467611690    0.0201915260    0.0008142009    
0.0470027580    0.0196333860    0.0008028689    
0.0472443460    0.0219855730    0.0008670264    
0.0474859350    0.0217524940    0.0008518934    
0.0477275230    0.0196345560    0.0008159843    
0.0479691120    0.0208106390    0.0008412202    
0.0482107000    0.0200398750    0.0008335489    
0.0484522890    0.0211550150    0.0008516688    
0.0486938780    0.0211392200    0.0008573086    
0.0489354660    0.0208041070    0.0008528852    
0.0491770550    0.0197111010    0.0008397211    
0.0494186430    0.0199416400    0.0008280315    
0.0496602320    0.0204343600    0.0008147713    
0.0499018200    0.0192610140    0.0007798557    
0.0501434090    0.0211793970    0.0008045388    
0.0503849970    0.0203495640    0.0007809446    
0.0506265860    0.0189651550    0.0007484949    
0.0508681740    0.0181420640    0.0007286028    
0.0511097630    0.0191026190    0.0007441324    
0.0513513510    0.0193347140    0.0007349955    
0.0515929400    0.0198791270    0.0007573344    
0.0518345280    0.0194464750    0.0007371167    
0.0520761170    0.0185234760    0.0007276709    
0.0523177050    0.0199924660    0.0007334524    
0.0525592940    0.0195582370    0.0007392319    
0.0528008830    0.0197192970    0.0007229445    
0.0530424710    0.0189398160    0.0007107986    
0.0532840600    0.0194768580    0.0007169531    
0.0535256480    0.0190282040    0.0007086473    
0.0537672370    0.0205773850    0.0007307244    
0.0540088250    0.0195695890    0.0007141044    
0.0542504140    0.0191576400    0.0007095422    
0.0544920020    0.0181916680    0.0006856243    
0.0547335910    0.0189483780    0.0006946813    
0.0549751790    0.0185663550    0.0006848303    
0.0552167680    0.0194143070    0.0007010100    
0.0554583560    0.0189376820    0.0006846933    
0.0556999450    0.0193907060    0.0006907653    
0.0559415330    0.0188159020    0.0006852347    
0.0561831220    0.0202786670    0.0007043072    
0.0564247100    0.0198916540    0.0006954954    
0.0566662990    0.0196882980    0.0006892283    
0.0569078870    0.0186278730    0.0006770416    
0.0571494760    0.0191574860    0.0006798737    
0.0573910650    0.0206604800    0.0006952805    
0.0576326530    0.0179130280    0.0006523540    
0.0578742420    0.0190751840    0.0006718947    
0.0581158300    0.0182064060    0.0006502288    
0.0583574190    0.0198272470    0.0006772859    
0.0585990070    0.0183440730    0.0006551455    
0.0588405960    0.0192539970    0.0006699323    
0.0590821840    0.0191955290    0.0006627032    
0.0593237730    0.0187504080    0.0006567981    
0.0595653610    0.0196094080    0.0006741853    
0.0598069500    0.0187438110    0.0006448067    
0.0600485380    0.0190372400    0.0006533564    
0.0602901270    0.0192290370    0.0006572350    
0.0605317150    0.0187552400    0.0006455820    
0.0607733040    0.0193151750    0.0006522271    
0.0610148920    0.0202137290    0.0006708162    
0.0612564810    0.0188421470    0.0006447650    
0.0614980690    0.0191073320    0.0006430129    
0.0617396580    0.0185097840    0.0006471794    
0.0619812470    0.0181823790    0.0006408447    
0.0622228350    0.0180199570    0.0006339399    
0.0624644240    0.0188851370    0.0006443526    
0.0627060120    0.0199962540    0.0006684011    
0.0629476010    0.0192791400    0.0006604924    
0.0631891890    0.0185663550    0.0006440597    
0.0634307780    0.0185331410    0.0006405991    
0.0636723660    0.0188757940    0.0006459164    
0.0639139550    0.0195354170    0.0006559351    
0.0641555430    0.0185447910    0.0006323721    
0.0643971320    0.0196985830    0.0006580835    
0.0646387200    0.0190538270    0.0006354807    
0.0648803090    0.0192348300    0.0006440297    
0.0651218970    0.0188047830    0.0006244026    
0.0653634860    0.0191347120    0.0006346583    
0.0656050740    0.0193936200    0.0006373139    
0.0658466630    0.0190535790    0.0006285196    
0.0660882520    0.0194946720    0.0006341617    
0.0663298400    0.0186698460    0.0006216379    
0.0665714290    0.0195704950    0.0006332863    
0.0668130170    0.0180712520    0.0006105710    
0.0670546060    0.0194941620    0.0006304863    
0.0672961940    0.0191124240    0.0006217272    
0.0675377830    0.0182081610    0.0006019432    
0.0677793710    0.0186268310    0.0006127778    
0.0680209600    0.0186745840    0.0006062027    
0.0682625480    0.0186057740    0.0006055663    
0.0685041370    0.0182921680    0.0005985380    
0.0687457250    0.0184355350    0.0006091272    
0.0689873140    0.0181368490    0.0005950507    
0.0692289020    0.0193472740    0.0006145864    
0.0694704910    0.0185176240    0.0006007910    
0.0697120790    0.0190215550    0.0006070022    
0.0699536680    0.0200231140    0.0006257223    
0.0701952560    0.0188006300    0.0006058418    
0.0704368450    0.0186252950    0.0006049215    
0.0706784340    0.0199483160    0.0006320866    
0.0709200220    0.0192255730    0.0006150806    
0.0711616110    0.0190575280    0.0006119003    
0.0714031990    0.0185463910    0.0006084873    
0.0716447880    0.0189292150    0.0006177316    
0.0718863760    0.0190861730    0.0006118746    
0.0721279650    0.0195192160    0.0006129759    
0.0723695530    0.0189852880    0.0006012701    
0.0726111420    0.0188941090    0.0006035502    
0.0728527300    0.0201112100    0.0006136716    
0.0730943190    0.0183195620    0.0005897276    
0.0733359070    0.0191664790    0.0005995383    
0.0735774960    0.0186135970    0.0005930785    
0.0738190840    0.0185571040    0.0005859489    
0.0740606730    0.0182318260    0.0005820974    
0.0743022610    0.0195993700    0.0006039875    
0.0745438500    0.0189076140    0.0005905746    
0.0747854380    0.0185211810    0.0005785045    
0.0750270270    0.0186214480    0.0005847826    
0.0752686160    0.0181812350    0.0005706770    
0.0755102040    0.0182340100    0.0005723335    
0.0757517930    0.0177520410    0.0005667790    
0.0759933810    0.0189169940    0.0005758925    
0.0762349700    0.0200415880    0.0006004675    
0.0764765580    0.0180631300    0.0005647486    
0.0767181470    0.0180117410    0.0005631419    
0.0769597350    0.0190517490    0.0005746931    
0.0772013240    0.0185922490    0.0005665315    
0.0774429120    0.0186347390    0.0005644300    
0.0776845010    0.0181085540    0.0005541127    
0.0779260890    0.0192444600    0.0005747817    
0.0781676780    0.0192859810    0.0005714521    
0.0784092660    0.0191784320    0.0005710295    
0.0786508550    0.0181147410    0.0005504500    
0.0788924430    0.0174411210    0.0005453013    
0.0791340320    0.0182468250    0.0005539524    
0.0793756210    0.0191581780    0.0005691664    
0.0796172090    0.0192042880    0.0005641005    
0.0798587980    0.0191827000    0.0005691419    
0.0801003860    0.0185326280    0.0005590339    
0.0803419750    0.0192631050    0.0005619625    
0.0805835630    0.0184080950    0.0005537678    
0.0808251520    0.0182423780    0.0005505291    
0.0810667400    0.0196711980    0.0005716826    
0.0813083290    0.0185257990    0.0005482061    
0.0815499170    0.0189588960    0.0005627495    
0.0817915060    0.0193162610    0.0005642340    
0.0820330940    0.0194135810    0.0005597226    
0.0822746830    0.0185906880    0.0005491654    
0.0825162710    0.0182448590    0.0005415550    
0.0827578600    0.0184126460    0.0005458145    
0.0829994480    0.0181327450    0.0005347055    
0.0832410370    0.0195910950    0.0005622758    
0.0834826250    0.0183377240    0.0005377192    
0.0837242140    0.0189747520    0.0005459371    
0.0839658030    0.0192610140    0.0005514412    
0.0842073910    0.0190291410    0.0005463724    
0.0844489800    0.0195655450    0.0005505418    
0.0846905680    0.0185739860    0.0005324267    
0.0849321570    0.0190736320    0.0005456294    
0.0851737450    0.0192438480    0.0005412755    
0.0854153340    0.0183120210    0.0005312856    
0.0856569220    0.0176844150    0.0005185622    
0.0858985110    0.0185430590    0.0005366353    
0.0861400990    0.0183838840    0.0005287180    
0.0863816880    0.0188574110    0.0005374685    
0.0866232760    0.0182627540    0.0005332333    
0.0868648650    0.0180657910    0.0005234812    
0.0871064530    0.0183603160    0.0005293554    
0.0873480420    0.0196629110    0.0005434730    
0.0875896300    0.0183248410    0.0005259335    
0.0878312190    0.0180845030    0.0005218372    
0.0880728080    0.0185289370    0.0005266113    
0.0883143960    0.0188204830    0.0005304176    
0.0885559850    0.0186717600    0.0005302423    
0.0887975730    0.0184321400    0.0005242839    
0.0890391620    0.0186634040    0.0005278808    
0.0892807500    0.0183958850    0.0005221975    
0.0895223390    0.0181163950    0.0005169786    
0.0897639270    0.0186100400    0.0005205733    
0.0900055160    0.0186980310    0.0005230346    
0.0902471040    0.0183966980    0.0005209627    
0.0904886930    0.0181895200    0.0005134514    
0.0907302810    0.0182316330    0.0005095896    
0.0909718700    0.0180573840    0.0005161360    
0.0912134580    0.0193158610    0.0005251280    
0.0914550470    0.0188959350    0.0005261063    
0.0916966350    0.0187876370    0.0005178980    
0.0919382240    0.0191341990    0.0005244707    
0.0921798120    0.0182398820    0.0005088274    
0.0924214010    0.0184669930    0.0005119854    
0.0926629900    0.0184681200    0.0005090902    
0.0929045780    0.0178930380    0.0005062941    
0.0931461670    0.0187343760    0.0005121665    
0.0933877550    0.0196551870    0.0005254947    
0.0936293440    0.0190053760    0.0005188003    
0.0938709320    0.0184394770    0.0005098527    
0.0941125210    0.0190103930    0.0005136068    
0.0943541090    0.0184137160    0.0005054823    
0.0945956980    0.0180860100    0.0005018087    
0.0948372860    0.0179736650    0.0004977346    
0.0950788750    0.0195327100    0.0005174341    
0.0953204630    0.0190912960    0.0005135484    
0.0955620520    0.0193580230    0.0005162598    
0.0958036400    0.0193160970    0.0005131383    
0.0960452290    0.0194387820    0.0005147653    
0.0962868170    0.0188964230    0.0005097840    
0.0965284060    0.0189889370    0.0005087742    
0.0967699940    0.0186208810    0.0005038194    
0.0970115830    0.0191071220    0.0005050978    
0.0972531720    0.0195272620    0.0005122814    
0.0974947600    0.0183584970    0.0004961756    
0.0977363490    0.0199105850    0.0005147759    
0.0979779370    0.0191362860    0.0005065772    
0.0982195260    0.0184589570    0.0004978010    
0.0984611140    0.0200853600    0.0005161984    
0.0987027030    0.0201816870    0.0005179903    
0.0989442910    0.0194181440    0.0005083702    
0.0991858800    0.0193994600    0.0005064943    
0.0994274680    0.0194317350    0.0005047630    
0.0996690570    0.0205128790    0.0005150804    
0.0999106450    0.0204716070    0.0005186426    
0.1001522300    0.0196333860    0.0005039174    
0.1003938200    0.0201298370    0.0005121251    
0.1006354100    0.0208403130    0.0005189040    
0.1008770000    0.0200065120    0.0005094824    
0.1011185900    0.0201232820    0.0005109671    
0.1013601800    0.0216867500    0.0005310024    
0.1016017700    0.0211637200    0.0005210148    
0.1018433500    0.0213757810    0.0005353993    
0.1020849400    0.0214884530    0.0005442295    
0.1023265300    0.0207926370    0.0005395682    
0.1025681200    0.0218028190    0.0005497285    
0.1028097100    0.0210004670    0.0005475485    
0.1030513000    0.0211468120    0.0005513642    
0.1032928800    0.0213568010    0.0005593162    
0.1035344700    0.0213042500    0.0005511768    
0.1037760600    0.0224242030    0.0005751687    
0.1040176500    0.0222706990    0.0005756029    
0.1042592400    0.0216869390    0.0005697234    
0.1045008300    0.0209102550    0.0005560766    
0.1047424200    0.0211261930    0.0005640173    
0.1049840000    0.0218964380    0.0005770218    
0.1052255900    0.0211749770    0.0005691869    
0.1054671800    0.0194051280    0.0005415443    
0.1057087700    0.0191331490    0.0005413838    
0.1059503600    0.0200788260    0.0005566724    
0.1061919500    0.0183274350    0.0005315092    
0.1064335400    0.0195196030    0.0005350347    
0.1066751200    0.0199890640    0.0005332788    
0.1069167100    0.0187290310    0.0005147203    
0.1071583000    0.0188558080    0.0005098026    
0.1073998900    0.0181555940    0.0004985844    
0.1076414800    0.0189761620    0.0005134321    
0.1078830700    0.0179926940    0.0004928118    
0.1081246600    0.0181838250    0.0004984209    
0.1083662400    0.0181866340    0.0004922503    
0.1086078300    0.0194854810    0.0005150997    
0.1088494200    0.0193424400    0.0005065619    
0.1090910100    0.0182496580    0.0004907312    
0.1093326000    0.0180440940    0.0004853791    
0.1095741900    0.0192948330    0.0005032483    
0.1098157700    0.0189780820    0.0004941472    
0.1100573600    0.0193628020    0.0005028027    
0.1102989500    0.0179057900    0.0004792375    
0.1105405400    0.0189507510    0.0004927678    
0.1107821300    0.0183917490    0.0004877230    
0.1110237200    0.0183634440    0.0004825806    
0.1112653100    0.0190583500    0.0004967426    
0.1115068900    0.0190695080    0.0004897674    
0.1117484800    0.0190742490    0.0004890833    
0.1119900700    0.0187342910    0.0004827528    
0.1122316600    0.0182030450    0.0004775416    
0.1124732500    0.0182256310    0.0004751998    
0.1127148400    0.0184612500    0.0004777836    
0.1129564300    0.0187780430    0.0004835592    
0.1131980100    0.0187266220    0.0004804858    
0.1134396000    0.0191300980    0.0004868482    
0.1136811900    0.0182334920    0.0004741173    
0.1139227800    0.0176123520    0.0004641262    
0.1141643700    0.0187531630    0.0004754115    
0.1144059600    0.0189765270    0.0004784674    
0.1146475500    0.0184748950    0.0004746524    
0.1148891300    0.0182037070    0.0004652349    
0.1151307200    0.0190340060    0.0004808346    
0.1153723100    0.0186434920    0.0004703695    
0.1156139000    0.0179149030    0.0004648911    
0.1158554900    0.0184010050    0.0004661845    
0.1160970800    0.0176684690    0.0004614577    
0.1163386700    0.0184833630    0.0004681208    
0.1165802500    0.0186965200    0.0004703620    
0.1168218400    0.0180292150    0.0004588314    
0.1170634300    0.0193267910    0.0004755046    
0.1173050200    0.0181074900    0.0004615715    
0.1175466100    0.0175251410    0.0004527992    
0.1177882000    0.0183521500    0.0004609696    
0.1180297800    0.0185547650    0.0004637242    
0.1182713700    0.0178942960    0.0004573272    
0.1185129600    0.0190690850    0.0004694484    
0.1187545500    0.0181115510    0.0004566582    
0.1189961400    0.0182967780    0.0004581358    
0.1192377300    0.0181295660    0.0004535227    
0.1194793200    0.0189284040    0.0004627709    
0.1197209000    0.0184134750    0.0004566416    
0.1199624900    0.0180868220    0.0004517472    
0.1202040800    0.0177489680    0.0004442799    
0.1204456700    0.0184525900    0.0004581755    
0.1206872600    0.0181211180    0.0004491152    
0.1209288500    0.0181823790    0.0004531456    
0.1211704400    0.0181358790    0.0004503117    
0.1214120200    0.0185386020    0.0004536477    
0.1216536100    0.0181464010    0.0004478205    
0.1218952000    0.0176369430    0.0004391432    
0.1221367900    0.0181559870    0.0004487408    
0.1223783800    0.0186046580    0.0004512292    
0.1226199700    0.0184285810    0.0004506857    
0.1228615600    0.0187478920    0.0004541692    
0.1231031400    0.0180007420    0.0004446322    
0.1233447300    0.0184566240    0.0004500277    
0.1235863200    0.0190867000    0.0004596870    
0.1238279100    0.0184526500    0.0004470169    
0.1240695000    0.0178068950    0.0004379775    
0.1243110900    0.0179205680    0.0004391821    
0.1245526800    0.0184797980    0.0004471501    
0.1247942600    0.0193226430    0.0004536782    
0.1250358500    0.0180291340    0.0004401279    
0.1252774400    0.0186037970    0.0004461201    
0.1255190300    0.0187526030    0.0004467439    
0.1257606200    0.0179657100    0.0004389722    
0.1260022100    0.0177633120    0.0004361147    
0.1262437900    0.0187683940    0.0004467399    
0.1264853800    0.0177973970    0.0004344707    
0.1267269700    0.0180256890    0.0004350175    
0.1269685600    0.0179359180    0.0004341171    
0.1272101500    0.0183246870    0.0004387967    
0.1274517400    0.0190883000    0.0004509187    
0.1276933300    0.0176408800    0.0004271011    
0.1279349100    0.0187198830    0.0004452070    
0.1281765000    0.0179337700    0.0004348299    
0.1284180900    0.0178416360    0.0004313300    
0.1286596800    0.0179055180    0.0004333813    
0.1289012700    0.0184725850    0.0004387057    
0.1291428600    0.0181426080    0.0004356876    
0.1293844500    0.0179588030    0.0004300354    
0.1296260300    0.0181350620    0.0004341315    
0.1298676200    0.0179687810    0.0004321367    
0.1301092100    0.0189521890    0.0004415853    
0.1303508000    0.0181619590    0.0004312071    
0.1305923900    0.0184775700    0.0004393200    
0.1308339800    0.0184209800    0.0004373568    
0.1310755700    0.0182677280    0.0004337183    
0.1313171500    0.0188483620    0.0004396437    
0.1315587400    0.0182287840    0.0004318211    
0.1318003300    0.0182731200    0.0004336020    
0.1320419200    0.0182070710    0.0004292640    
0.1322835100    0.0175714550    0.0004234393    
0.1325251000    0.0183216580    0.0004322059    
0.1327666900    0.0189166630    0.0004382663    
0.1330082700    0.0179418910    0.0004268251    
0.1332498600    0.0181028320    0.0004294403    
0.1334914500    0.0183348540    0.0004343338    
0.1337330400    0.0180902940    0.0004258013    
0.1339746300    0.0175642650    0.0004205879    
0.1342162200    0.0176506160    0.0004214490    
0.1344578000    0.0187588040    0.0004358978    
0.1346993900    0.0179109540    0.0004233428    
0.1349409800    0.0177718830    0.0004241028    
0.1351825700    0.0186511320    0.0004313049    
0.1354241600    0.0175607400    0.0004191836    
0.1356657500    0.0178642230    0.0004233038    
0.1359073400    0.0183175850    0.0004312707    
0.1361489200    0.0177491560    0.0004205772    
0.1363905100    0.0183673580    0.0004274948    
0.1366321000    0.0182730710    0.0004262249    
0.1368736900    0.0182929540    0.0004264567    
0.1371152800    0.0184334210    0.0004260426    
0.1373568700    0.0185018360    0.0004285405    
0.1375984600    0.0182820990    0.0004270167    
0.1378400400    0.0184420820    0.0004281914    
0.1380816300    0.0187828140    0.0004298904    
0.1383232200    0.0182333030    0.0004257608    
0.1385648100    0.0183076590    0.0004267995    
0.1388064000    0.0184780830    0.0004257126    
0.1390479900    0.0178322570    0.0004163961    
0.1392895800    0.0180307870    0.0004228806    
0.1395311600    0.0183519400    0.0004229186    
0.1397727500    0.0181180330    0.0004202148    
0.1400143400    0.0182011630    0.0004210120    
0.1402559300    0.0179504560    0.0004222760    
0.1404975200    0.0185128770    0.0004242682    
0.1407391100    0.0190289310    0.0004304791    
0.1409806900    0.0183638480    0.0004259160    
0.1412222800    0.0183048570    0.0004210517    
0.1414638700    0.0173460990    0.0004106808    
0.1417054600    0.0186668680    0.0004227213    
0.1419470500    0.0182287840    0.0004223294    
0.1421886400    0.0184895940    0.0004211982    
0.1424302300    0.0185325890    0.0004228364    
0.1426718100    0.0182370610    0.0004202712    
0.1429134000    0.0177318570    0.0004136009    
0.1431549900    0.0182028790    0.0004200416    
0.1433965800    0.0183335480    0.0004217117    
0.1436381700    0.0190784970    0.0004273567    
0.1438797600    0.0181027930    0.0004159639    
0.1441213500    0.0171809490    0.0004058618    
0.1443629300    0.0188483150    0.0004244427    
0.1446045200    0.0180159210    0.0004152854    
0.1448461100    0.0181020760    0.0004162772    
0.1450877000    0.0178808130    0.0004111890    
0.1453292900    0.0181095290    0.0004173323    
0.1455708800    0.0178385420    0.0004119635    
0.1458124700    0.0184017080    0.0004221641    
0.1460540500    0.0173192210    0.0004029906    
0.1462956400    0.0182526370    0.0004165575    
0.1465372300    0.0185285600    0.0004184108    
0.1467788200    0.0179206090    0.0004110188    
0.1470204100    0.0181317220    0.0004139059    
0.1472620000    0.0179206090    0.0004110188    
0.1475035900    0.0188905960    0.0004213545    
0.1477451700    0.0186232190    0.0004201201    
0.1479867600    0.0175177250    0.0004049868    
0.1482283500    0.0182960400    0.0004165729    
0.1484699400    0.0184817050    0.0004169277    
0.1487115300    0.0188502440    0.0004223498    
0.1489531200    0.0186217760    0.0004147399    
0.1491947000    0.0191102170    0.0004233149    
0.1494362900    0.0183852870    0.0004131786    
0.1496778800    0.0187907210    0.0004191268    
0.1499194700    0.0185943160    0.0004163022    
0.1501610600    0.0176448200    0.0004062996    
0.1504026500    0.0174230260    0.0004016186    
0.1506442400    0.0180902940    0.0004129601    
0.1508858200    0.0182997180    0.0004137709    
0.1511274100    0.0181838760    0.0004093765    
0.1513690000    0.0180364140    0.0004077132    
0.1516105900    0.0176901890    0.0004049891    
0.1518521800    0.0192088050    0.0004213836    
0.1520937700    0.0180054100    0.0004069084    
0.1523353600    0.0187873830    0.0004159596    
0.1525769400    0.0187564220    0.0004170154    
0.1528185300    0.0180760620    0.0004089230    
0.1530601200    0.0186860780    0.0004148367    
0.1533017100    0.0182499350    0.0004121189    
0.1535433000    0.0178908820    0.0004041138    
0.1537848900    0.0183246410    0.0004088326    
0.1540264800    0.0180578760    0.0004067461    
0.1542680600    0.0183971120    0.0004102453    
0.1545096500    0.0181948460    0.0004060379    
0.1547512400    0.0183971120    0.0004102453    
0.1549928300    0.0192286230    0.0004191043    
0.1552344200    0.0185390110    0.0004110655    
0.1554760100    0.0181787000    0.0004072013    
0.1557176000    0.0182585230    0.0004096064    
0.1559591800    0.0186710950    0.0004123755    
0.1562007700    0.0180397450    0.0004029782    
0.1564423600    0.0180233210    0.0004022101    
0.1566839500    0.0184839590    0.0004113645    
0.1569255400    0.0180833490    0.0004040531    
0.1571671300    0.0186024930    0.0004099614    
0.1574087100    0.0176860720    0.0003975653    
0.1576503000    0.0183561000    0.0004096364    
0.1578918900    0.0181204770    0.0004019831    
0.1581334800    0.0183317940    0.0004066709    
0.1583750700    0.0183445180    0.0004075553    
0.1586166600    0.0182770700    0.0004163569    
0.1588582500    0.0186515210    0.0004201177    
0.1590998300    0.0185179290    0.0004234952    
0.1593414200    0.0186007090    0.0004272921    
0.1595830100    0.0184422810    0.0004278502    
0.1598246000    0.0181610190    0.0004237265    
0.1600661900    0.0189997710    0.0004376155    
0.1603077800    0.0186783230    0.0004360335    
0.1605493700    0.0178208410    0.0004266094    
0.1607909500    0.0190692570    0.0004423957    
0.1610325400    0.0184988030    0.0004384637    
0.1612741300    0.0182543150    0.0004357396    
0.1615157200    0.0185139070    0.0004406824    
0.1617573100    0.0189817450    0.0004467839    
0.1619989000    0.0182777580    0.0004420026    
0.1622404900    0.0176928310    0.0004328218    
0.1624820700    0.0177023010    0.0004372605    
0.1627236600    0.0183299770    0.0004437848    
0.1629652500    0.0184538310    0.0004447029    
0.1632068400    0.0187589410    0.0004419070    
0.1634484300    0.0195599900    0.0004442012    
0.1636900200    0.0180430750    0.0004261087    
0.1639316100    0.0172153520    0.0004135391    
0.1641731900    0.0189333180    0.0004333350    
0.1644147800    0.0186932540    0.0004271698    
0.1646563700    0.0182861630    0.0004240003    
0.1648979600    0.0184019650    0.0004218371    
0.1651395500    0.0180978030    0.0004203112    
0.1653811400    0.0175389100    0.0004113445    
0.1656227200    0.0187612770    0.0004276092    
0.1658643100    0.0187486600    0.0004241387    
0.1661059000    0.0181020760    0.0004162772    
0.1663474900    0.0182406290    0.0004149887    
0.1665890800    0.0175663370    0.0004070909    
0.1668306700    0.0185997040    0.0004209845    
0.1670722600    0.0184625790    0.0004173467    
0.1673138400    0.0187313260    0.0004202131    
0.1675554300    0.0182956540    0.0004132567    
0.1677970200    0.0184815770    0.0004172434    
0.1680386100    0.0180706850    0.0004130510    
0.1682802000    0.0173957550    0.0004028134    
0.1685217900    0.0180845930    0.0004093255    
0.1687633800    0.0180163430    0.0004080945    
0.1690049600    0.0181169420    0.0004118551    
0.1692465500    0.0174801220    0.0003994478    
0.1694881400    0.0181685700    0.0004099680    
0.1697297300    0.0180973680    0.0004079462    
0.1699713200    0.0185245700    0.0004147407    
0.1702129100    0.0174999510    0.0003993799    
0.1704545000    0.0175539770    0.0004010308    
0.1706960800    0.0176241810    0.0004034779    
0.1709376700    0.0183541930    0.0004070677    
0.1711792600    0.0186891300    0.0004122714    
0.1714208500    0.0182065410    0.0004046897    
0.1716624400    0.0182339180    0.0004075191    
0.1719040300    0.0182217870    0.0004038333    
0.1721456200    0.0179168030    0.0004020415    
0.1723872000    0.0181333200    0.0004044635    
0.1726287900    0.0186248670    0.0004094614    
0.1728703800    0.0178023630    0.0004011943    
0.1731119700    0.0179443440    0.0004007471    
0.1733535600    0.0183872290    0.0004058091    
0.1735951500    0.0167956010    0.0003856221    
0.1738367300    0.0180491360    0.0004011910    
0.1740783200    0.0179965090    0.0003987427    
0.1743199100    0.0177252460    0.0003961505    
0.1745615000    0.0172087010    0.0003895006    
0.1748030900    0.0178553030    0.0003959057    
0.1750446800    0.0180412730    0.0004024103    
0.1752862700    0.0183216000    0.0004001914    
0.1755278500    0.0182562410    0.0004050946    
0.1757694400    0.0178728590    0.0003961003    
0.1760110300    0.0179628930    0.0003978027    
0.1762526200    0.0180695080    0.0003968686    
0.1764942100    0.0180029440    0.0003965560    
0.1767358000    0.0175327100    0.0003910669    
0.1769773900    0.0174849460    0.0003897108    
0.1772189700    0.0174942130    0.0003904997    
0.1774605600    0.0178738420    0.0003958305    
0.1777021500    0.0180969800    0.0003966119    
0.1779437400    0.0178313550    0.0003938287    
0.1781853300    0.0175261490    0.0003914077    
0.1784269200    0.0179311670    0.0003923190    
0.1786685100    0.0177426210    0.0003912016    
0.1789100900    0.0178939400    0.0003915045    
0.1791516800    0.0171738780    0.0003842117    
0.1793932700    0.0186652720    0.0004006863    
0.1796348600    0.0180037380    0.0003917561    
0.1798764500    0.0176201350    0.0003875601    
0.1801180400    0.0183829520    0.0003959967    
0.1803596200    0.0177452170    0.0003916398    
0.1806012100    0.0180601930    0.0003919651    
0.1808428000    0.0174357110    0.0003849965    
0.1810843900    0.0177848360    0.0003876357    
0.1813259800    0.0182357210    0.0003931902    
0.1815675700    0.0173117000    0.0003824448    
0.1818091600    0.0178112130    0.0003876586    
0.1820507400    0.0176412050    0.0003860673    
0.1822923300    0.0182844720    0.0003922406    
0.1825339200    0.0178043970    0.0003882466    
0.1827755100    0.0174075320    0.0003823293    
0.1830171000    0.0180929190    0.0003928604    
0.1832586900    0.0182401890    0.0003905724    
0.1835002800    0.0169028830    0.0003763638    
0.1837418600    0.0170452050    0.0003769255    
0.1839834500    0.0173823400    0.0003820525    
0.1842250400    0.0183656370    0.0003919132    
0.1844666300    0.0177025120    0.0003843833    
0.1847082200    0.0174202830    0.0003810501    
0.1849498100    0.0179399590    0.0003870832    
0.1851914000    0.0173893460    0.0003830401    
0.1854329800    0.0183074450    0.0003910276    
0.1856745700    0.0179093980    0.0003871454    
0.1859161600    0.0175844010    0.0003809218    
0.1861577500    0.0180877550    0.0003863353    
0.1863993400    0.0181183730    0.0003876974    
0.1866409300    0.0176951580    0.0003813576    
0.1868825200    0.0173921150    0.0003812557    
0.1871241000    0.0173861680    0.0003781389    
0.1873656900    0.0181881280    0.0003888341    
0.1876072800    0.0174939590    0.0003784302    
0.1878488700    0.0178870470    0.0003861213    
0.1880904600    0.0173634410    0.0003795344    
0.1883320500    0.0176553980    0.0003797958    
0.1885736300    0.0178404330    0.0003825391    
0.1888152200    0.0178614070    0.0003826371    
0.1890568100    0.0174538570    0.0003792525    
0.1892984000    0.0174737360    0.0003774633    
0.1895399900    0.0182708690    0.0003872546    
0.1897815800    0.0177291450    0.0003814705    
0.1900231700    0.0173269560    0.0003771188    
0.1902647500    0.0174886240    0.0003778730    
0.1905063400    0.0179669060    0.0003854282    
0.1907479300    0.0176132900    0.0003795932    
0.1909895200    0.0179454470    0.0003816453    
0.1912311100    0.0177240940    0.0003797826    
0.1914727000    0.0172993590    0.0003748351    
0.1917142900    0.0178678180    0.0003820737    
0.1919558700    0.0175904460    0.0003758848    
0.1921974600    0.0171978770    0.0003748425    
0.1924390500    0.0175417210    0.0003791974    
0.1926806400    0.0176392570    0.0003787481    
0.1929222300    0.0175097330    0.0003779764    
0.1931638200    0.0184459500    0.0003847920    
0.1934054100    0.0173416610    0.0003762820    
0.1936469900    0.0178108410    0.0003783550    
0.1938885800    0.0176973260    0.0003791220    
0.1941301700    0.0175281840    0.0003755848    
0.1943717600    0.0169856340    0.0003715426    
0.1946133500    0.0176446210    0.0003752476    
0.1948549400    0.0178220820    0.0003797093    
0.1950965300    0.0173027600    0.0003737699    
0.1953381100    0.0179011110    0.0003799299    
0.1955797000    0.0173480260    0.0003747477    
0.1958212900    0.0177176980    0.0003766315    
0.1960628800    0.0173446200    0.0003727656    
0.1963044700    0.0180233390    0.0003793757    
0.1965460600    0.0178318170    0.0003804351    
0.1967876400    0.0178628130    0.0003768325    
0.1970292300    0.0174751530    0.0003730806    
0.1972708200    0.0178028030    0.0003782697    
0.1975124100    0.0179322250    0.0003793959    
0.1977540000    0.0180489510    0.0003805053    
0.1979955900    0.0169841090    0.0003688713    
0.1982371800    0.0176006140    0.0003763600    
0.1984787600    0.0176102990    0.0003722517    
0.1987203500    0.0171455210    0.0003694263    
0.1989619400    0.0177653590    0.0003762868    
0.1992035300    0.0173555920    0.0003712054    
0.1994451200    0.0180615530    0.0003789230    
0.1996867100    0.0178338370    0.0003758033    
0.1999283000    0.0175607270    0.0003736325    
0.2001698800    0.0180443130    0.0003792295    
0.2004114700    0.0179651120    0.0003794976    
0.2006530600    0.0180180810    0.0003770166    
0.2008946500    0.0176867710    0.0003743704    
0.2011362400    0.0171550140    0.0003662459    
0.2013778300    0.0184669840    0.0003831522    
0.2016194200    0.0178613030    0.0003740638    
0.2018610000    0.0184439220    0.0003816892    
0.2021025900    0.0173080210    0.0003701034    
0.2023441800    0.0178340940    0.0003747287    
0.2025857700    0.0179076370    0.0003758594    
0.2028273600    0.0179936140    0.0003783311    
0.2030689500    0.0178357070    0.0003753430    
0.2033105400    0.0173754530    0.0003683589    
0.2035521200    0.0177868510    0.0003742320    
0.2037937100    0.0179109790    0.0003749398    
0.2040353000    0.0187240310    0.0003842090    
0.2042768900    0.0180457290    0.0003758711    
0.2045184800    0.0177121940    0.0003708598    
0.2047600700    0.0180424150    0.0003770309    
0.2050016500    0.0178953770    0.0003758505    
0.2052432400    0.0184048390    0.0003807988    
0.2054848300    0.0183006740    0.0003781583    
0.2057264200    0.0179174030    0.0003765623    
0.2059680100    0.0180319040    0.0003737232    
0.2062096000    0.0175407400    0.0003698735    
0.2064511900    0.0180729610    0.0003747352    
0.2066927700    0.0179274870    0.0003748749    
0.2069343600    0.0172175670    0.0003669130    
0.2071759500    0.0178083850    0.0003730374    
0.2074175400    0.0180746860    0.0003755792    
0.2076591300    0.0178856270    0.0003730222    
0.2079007200    0.0177917680    0.0003750001    
0.2081423100    0.0179536800    0.0003731453    
0.2083838900    0.0180795090    0.0003752745    
0.2086254800    0.0181287640    0.0003763780    
0.2088670700    0.0180879000    0.0003751256    
0.2091086600    0.0177516280    0.0003729136    
0.2093502500    0.0180496510    0.0003744934    
0.2095918400    0.0180401510    0.0003764087    
0.2098334300    0.0178387220    0.0003735909    
0.2100750100    0.0173852890    0.0003699835    
0.2103166000    0.0182389680    0.0003793205    
0.2105581900    0.0181506610    0.0003755399    
0.2107997800    0.0179258640    0.0003753336    
0.2110413700    0.0179132670    0.0003731931    
0.2112829600    0.0178646960    0.0003752889    
0.2115245400    0.0185508240    0.0003795379    
0.2117661300    0.0181810300    0.0003781156    
0.2120077200    0.0173862400    0.0003680091    
0.2122493100    0.0181183520    0.0003790317    
0.2124909000    0.0178934900    0.0003741640    
0.2127324900    0.0174522940    0.0003719996    
0.2129740800    0.0180512730    0.0003753358    
0.2132156600    0.0187770700    0.0003828071    
0.2134572500    0.0176620210    0.0003726795    
0.2136988400    0.0177102920    0.0003729516    
0.2139404300    0.0178355180    0.0003723823    
0.2141820200    0.0182918200    0.0003787849    
0.2144236100    0.0181995240    0.0003789101    
0.2146652000    0.0177676750    0.0003739113    
0.2149067800    0.0179541050    0.0003742063    
0.2151483700    0.0178349530    0.0003786111    
0.2153899600    0.0179318190    0.0003844102    
0.2156315500    0.0181756170    0.0003908057    
0.2158731400    0.0177028030    0.0003871373    
0.2161147300    0.0179587600    0.0003948172    
0.2163563200    0.0180299060    0.0003965731    
0.2165979000    0.0176898310    0.0003957546    
0.2168394900    0.0178659050    0.0003980040    
0.2170810800    0.0176913100    0.0004005266    
0.2173226700    0.0176292090    0.0003995304    
0.2175642600    0.0177973340    0.0004036517    
0.2178058500    0.0179207290    0.0004065550    
0.2180474400    0.0168573370    0.0003962321    
0.2182890200    0.0179607240    0.0004122643    
0.2185306100    0.0181599970    0.0004118771    
0.2187722000    0.0175987580    0.0004106080    
0.2190137900    0.0171300980    0.0004043222    
0.2192553800    0.0164321230    0.0003997149    
0.2194969700    0.0175917050    0.0004110032    
0.2197385500    0.0176131390    0.0004087246    
0.2199801400    0.0176517330    0.0004048520    
0.2202217300    0.0174142110    0.0003982537    
0.2204633200    0.0174837680    0.0003971533    
0.2207049100    0.0172395500    0.0003918080    
0.2209465000    0.0172306460    0.0003917068    
0.2211880900    0.0175877860    0.0003937674    
0.2214296700    0.0177663840    0.0003951990    
0.2216712600    0.0173829470    0.0003903571    
0.2219128500    0.0172501480    0.0003877662    
0.2221544400    0.0175187510    0.0003927142    
0.2223960300    0.0170932490    0.0003859987    
0.2226376200    0.0175304640    0.0003939679    
0.2228792100    0.0170006220    0.0003850870    
0.2231207900    0.0166778810    0.0003814143    
0.2233623800    0.0161416600    0.0003728751    
0.2236039700    0.0167118910    0.0003809983    
0.2238455600    0.0173406400    0.0003862067    
0.2240871500    0.0167537400    0.0003802761    
0.2243287400    0.0167853170    0.0003786590    
0.2245703300    0.0178392810    0.0003929509    
0.2248119100    0.0176686790    0.0003905217    
0.2250535000    0.0171905900    0.0003850677    
0.2252950900    0.0171669240    0.0003862860    
0.2255366800    0.0177687650    0.0003893253    
0.2257782700    0.0170234440    0.0003819951    
0.2260198600    0.0173320030    0.0003841138    
0.2262614500    0.0170223480    0.0003805362    
0.2265030300    0.0171623190    0.0003815734    
0.2267446200    0.0166857850    0.0003776650    
0.2269862100    0.0164921840    0.0003729012    
0.2272278000    0.0174557640    0.0003846898    
0.2274693900    0.0165652160    0.0003735987    
0.2277109800    0.0173097270    0.0003853272    
0.2279525600    0.0173033370    0.0003817016    
0.2281941500    0.0176484010    0.0003864099    
0.2284357400    0.0169674800    0.0003783653    
0.2286773300    0.0173048110    0.0003834170    
0.2289189200    0.0170013260    0.0003777140    
0.2291605100    0.0166562360    0.0003760342    
0.2294021000    0.0167897100    0.0003759938    
0.2296436800    0.0172120220    0.0003841051    
0.2298852700    0.0169687060    0.0003777358    
0.2301268600    0.0170556390    0.0003826212    
0.2303684500    0.0171368680    0.0003812903    
0.2306100400    0.0173200910    0.0003838498    
0.2308516300    0.0168846660    0.0003782151    
0.2310932200    0.0171539760    0.0003831916    
0.2313348000    0.0168368860    0.0003778089    
0.2315763900    0.0160475150    0.0003692256    
0.2318179800    0.0164519600    0.0003756586    
0.2320595700    0.0168266890    0.0003783429    
0.2323011600    0.0169228600    0.0003806014    
0.2325427500    0.0170170180    0.0003816588    
0.2327843400    0.0170267060    0.0003832278    
0.2330259200    0.0166813380    0.0003759309    
0.2332675100    0.0170414580    0.0003804883    
0.2335091000    0.0164150350    0.0003747178    
0.2337506900    0.0168053870    0.0003771970    
0.2339922800    0.0176626630    0.0003889662    
0.2342338700    0.0171408000    0.0003825157    
0.2344754600    0.0165521000    0.0003770616    
0.2347170400    0.0173302970    0.0003836992    
0.2349586300    0.0168334950    0.0003790712    
0.2352002200    0.0167956500    0.0003818180    
0.2354418100    0.0170609740    0.0003825484    
0.2356834000    0.0168232160    0.0003796105    
0.2359249900    0.0175637970    0.0003854826    
0.2361665700    0.0163111920    0.0003746978    
0.2364081600    0.0170000050    0.0003804171    
0.2366497500    0.0168706790    0.0003810698    
0.2368913400    0.0165176530    0.0003754982    
0.2371329300    0.0167684950    0.0003807091    
0.2373745200    0.0166492470    0.0003779043    
0.2376161100    0.0169666200    0.0003814891    
0.2378576900    0.0167740690    0.0003806394    
0.2380992800    0.0162215350    0.0003722455    
0.2383408700    0.0168183770    0.0003800824    
0.2385824600    0.0166283660    0.0003763654    
0.2388240500    0.0170019670    0.0003822839    
0.2390656400    0.0164546840    0.0003762115    
0.2393072300    0.0174072940    0.0003858771    
0.2395488100    0.0162032080    0.0003728078    
0.2397904000    0.0174442600    0.0003880336    
0.2400319900    0.0161514300    0.0003738997    
0.2402735800    0.0166480920    0.0003801370    
0.2405151700    0.0175586770    0.0003897120    
0.2407567600    0.0172398820    0.0003834874    
0.2409983500    0.0164746750    0.0003769643    
0.2412399300    0.0163808200    0.0003743271    
0.2414815200    0.0166304650    0.0003795367    
0.2417231100    0.0169233900    0.0003795589    
0.2419647000    0.0166247750    0.0003796046    
0.2422062900    0.0172352470    0.0003859712    
0.2424478800    0.0167196660    0.0003802872    
0.2426894600    0.0167014210    0.0003819526    
0.2429310500    0.0167476450    0.0003799420    
0.2431726400    0.0171030810    0.0003836855    
0.2434142300    0.0166571850    0.0003772110    
0.2436558200    0.0169712170    0.0003846184    
0.2438974100    0.0169485390    0.0003808901    
0.2441390000    0.0159880540    0.0003716143    
0.2443805800    0.0163909820    0.0003765307    
0.2446221700    0.0170494960    0.0003844230    
0.2448637600    0.0166456970    0.0003807778    
0.2451053500    0.0166498550    0.0003786993    
0.2453469400    0.0166177890    0.0003823466    
0.2455885300    0.0164172910    0.0003760452    
0.2458301200    0.0169133950    0.0003840979    
0.2460717000    0.0170813900    0.0003829100    
0.2463132900    0.0167557370    0.0003796375    
0.2465548800    0.0169006450    0.0003834130    
0.2467964700    0.0165321580    0.0003774898    
0.2470380600    0.0171308340    0.0003854739    
0.2472796500    0.0165034260    0.0003782167    
0.2475212400    0.0170356060    0.0003865743    
0.2477628200    0.0165797770    0.0003821808    
0.2480044100    0.0166156360    0.0003787055    
0.2482460000    0.0161867170    0.0003739159    
0.2484875900    0.0164831730    0.0003782495    
0.2487291800    0.0171862470    0.0003862322    
0.2489707700    0.0165926810    0.0003785758    
0.2492123600    0.0163460840    0.0003780010    
0.2494539400    0.0172694080    0.0003877097    
0.2496955300    0.0162122580    0.0003763176    
0.2499371200    0.0165323390    0.0003786804    
0.2501787100    0.0168994610    0.0003870895    
0.2504203000    0.0166188350    0.0003792713    
0.2506618900    0.0165462260    0.0003763423    
0.2509034700    0.0159102980    0.0003716183    
0.2511450600    0.0170742990    0.0003842991    
0.2513866500    0.0161499470    0.0003746694    
0.2516282400    0.0167834360    0.0003792927    
0.2518698300    0.0164514200    0.0003776202    
0.2521114200    0.0166730610    0.0003792271    
0.2523530100    0.0165669010    0.0003786782    
0.2525945900    0.0165981750    0.0003781111    
0.2528361800    0.0170016760    0.0003855067    
0.2530777700    0.0169011340    0.0003808842    
0.2533193600    0.0164120580    0.0003749430    
0.2535609500    0.0164487980    0.0003766681    
0.2538025400    0.0169803710    0.0003825728    
0.2540441300    0.0162218570    0.0003739304    
0.2542857100    0.0168933610    0.0003811934    
0.2545273000    0.0159761050    0.0003726474    
0.2547688900    0.0169742190    0.0003811785    
0.2550104800    0.0169061610    0.0003833409    
0.2552520700    0.0169326550    0.0003851316    
0.2554936600    0.0167496610    0.0003793051    
0.2557352500    0.0175276770    0.0003895039    
0.2559768300    0.0161286080    0.0003720776    
0.2562184200    0.0160613700    0.0003731169    
0.2564600100    0.0168434380    0.0003799701    
0.2567016000    0.0162054160    0.0003750490    
0.2569431900    0.0172786390    0.0003857839    
0.2571847800    0.0167926080    0.0003797911    
0.2574263700    0.0165809480    0.0003779149    
0.2576679500    0.0173251380    0.0003871116    
0.2579095400    0.0166681140    0.0003800991    
0.2581511300    0.0160230770    0.0003707298    
0.2583927200    0.0170170180    0.0003816588    
0.2586343100    0.0163843290    0.0003733366    
0.2588759000    0.0162272180    0.0003742529    
0.2591174800    0.0166761630    0.0003763882    
0.2593590700    0.0167190830    0.0003772608    
0.2596006600    0.0160205520    0.0003705722    
0.2598422500    0.0168527350    0.0003804704    
0.2600838400    0.0166869250    0.0003788571    
0.2603254300    0.0171415050    0.0003853240    
0.2605670200    0.0163342630    0.0003748323    
0.2608086000    0.0158487080    0.0003663034    
0.2610501900    0.0158761360    0.0003685156    
0.2612917800    0.0161424140    0.0003724952    
0.2615333700    0.0165861140    0.0003766654    
0.2617749600    0.0164462020    0.0003757231    
0.2620165500    0.0165119680    0.0003755631    
0.2622581400    0.0162871860    0.0003753366    
0.2624997200    0.0167607560    0.0003791677    
0.2627413100    0.0162526670    0.0003770525    
0.2629829000    0.0165854340    0.0003751055    
0.2632244900    0.0171096630    0.0003840265    
0.2634660800    0.0165517980    0.0003758861    
0.2637076700    0.0168722660    0.0003804269    
0.2639492600    0.0162117860    0.0003729065    
0.2641908400    0.0170514360    0.0003831058    
0.2644324300    0.0163249170    0.0003755088    
0.2646740200    0.0164551870    0.0003742716    
0.2649156100    0.0163526570    0.0003771459    
0.2651572000    0.0164919500    0.0003767682    
0.2653987900    0.0167266810    0.0003814346    
0.2656403800    0.0164171110    0.0003764363    
0.2658819600    0.0167174230    0.0003782842    
0.2661235500    0.0166158710    0.0003791049    
0.2663651400    0.0165519990    0.0003766685    
0.2666067300    0.0171375110    0.0003840715    
0.2668483200    0.0166865430    0.0003784585    
0.2670899100    0.0167071000    0.0003818828    
0.2673314900    0.0163606630    0.0003743555    
0.2675730800    0.0163411730    0.0003768811    
0.2678146700    0.0162936370    0.0003773941    
0.2680562600    0.0166409550    0.0003782035    
0.2682978500    0.0163797940    0.0003758772    
0.2685394400    0.0163520970    0.0003742575    
0.2687810300    0.0167140470    0.0003803562    
0.2690226100    0.0160968120    0.0003705561    
0.2692642000    0.0165705370    0.0003808564    
0.2695057900    0.0165062930    0.0003768010    
0.2697473800    0.0166210620    0.0003782402    
0.2699889700    0.0160072790    0.0003732731    
0.2702305600    0.0165179850    0.0003798493    
0.2704721500    0.0163728610    0.0003775115    
0.2707137300    0.0160205520    0.0003705722    
0.2709553200    0.0168856110    0.0003829734    
0.2711969100    0.0168635740    0.0003817869    
0.2714385000    0.0164288800    0.0003759164    
0.2716800900    0.0165901040    0.0003792086    
0.2719216800    0.0170859360    0.0003933261    
0.2721632700    0.0165830050    0.0003902154    
0.2724048500    0.0166918220    0.0003965262    
0.2726464400    0.0164024780    0.0004002986    
0.2728880300    0.0163794870    0.0004003341    
0.2731296200    0.0162659670    0.0004011705    
0.2733712100    0.0162285930    0.0004039514    
0.2736128000    0.0164586550    0.0004123694    
0.2738543800    0.0165953390    0.0004116797    
0.2740959700    0.0170829200    0.0004217041    
0.2743375600    0.0165069470    0.0004175296    
0.2745791500    0.0162442290    0.0004159721    
0.2748207400    0.0167950440    0.0004259082    
0.2750623300    0.0165898320    0.0004232982    
0.2753039200    0.0168785040    0.0004315074    
0.2755455000    0.0166313310    0.0004270062    
0.2757870900    0.0170304520    0.0004385564    
0.2760286800    0.0173755590    0.0004407713    
0.2762702700    0.0170525090    0.0004447640    
0.2765118600    0.0178228450    0.0004366561    
0.2767534500    0.0164857340    0.0004183334    
0.2769950400    0.0169525700    0.0004208005    
0.2772366200    0.0164693280    0.0004104525    
0.2774782100    0.0172998840    0.0004211974    
0.2777198000    0.0158094850    0.0004036501    
0.2779613900    0.0167871430    0.0004149086    
0.2782029800    0.0167565660    0.0004065260    
0.2784445700    0.0169113310    0.0004118594    
0.2786861600    0.0163571430    0.0004039109    
0.2789277400    0.0158986910    0.0003937926    
0.2791693300    0.0156404810    0.0003908899    
0.2794109200    0.0169439560    0.0004087928    
0.2796525100    0.0167328230    0.0004055920    
0.2798941000    0.0169518890    0.0004036164    
0.2801356900    0.0168597800    0.0004066436    
0.2803772800    0.0169492850    0.0004113226    
0.2806188600    0.0158839090    0.0003900903    
0.2808604500    0.0170783920    0.0004023181    
0.2811020400    0.0159494920    0.0003902911    
0.2813436300    0.0171782160    0.0004069342    
0.2815852200    0.0167333400    0.0003976247    
0.2818268100    0.0156534230    0.0003866516    
0.2820683900    0.0168427130    0.0004021585    
0.2823099800    0.0163564170    0.0003960032    
0.2825515700    0.0166918220    0.0003965262    
0.2827931600    0.0164101680    0.0003978880    
0.2830347500    0.0167259300    0.0003993700    
0.2832763400    0.0165978390    0.0003958605    
0.2835179300    0.0168244310    0.0003985534    
0.2837595100    0.0165702800    0.0003978140    
0.2840011000    0.0161875250    0.0003936485    
0.2842426900    0.0161218080    0.0003889575    
0.2844842800    0.0172242660    0.0004041874    
0.2847258700    0.0166968750    0.0003985627    
0.2849674600    0.0168445910    0.0004014032    
0.2852090500    0.0162224770    0.0003919570    
0.2854506300    0.0163028640    0.0003945910    
0.2856922200    0.0167913500    0.0003992287    
0.2859338100    0.0166906770    0.0003986419    
0.2861754000    0.0165222660    0.0003945071    
0.2864169900    0.0164249880    0.0003931944    
0.2866585800    0.0163007750    0.0003935044    
0.2869001700    0.0159329300    0.0003881465    
0.2871417500    0.0168116080    0.0003982496    
0.2873833400    0.0166207640    0.0003976533    
0.2876249300    0.0167354660    0.0003994839    
0.2878665200    0.0160560830    0.0003937254    
0.2881081100    0.0162548810    0.0003892338    
0.2883497000    0.0159786600    0.0003881106    
0.2885912900    0.0161737350    0.0003903239    
0.2888328700    0.0161106370    0.0003897101    
0.2890744600    0.0158027500    0.0003850895    
0.2893160500    0.0161491540    0.0003897307    
0.2895576400    0.0167886240    0.0003995027    
0.2897992300    0.0165997380    0.0003933410    
0.2900408200    0.0158792420    0.0003855821    
0.2902824000    0.0164273740    0.0003951812    
0.2905239900    0.0155827290    0.0003832720    
0.2907655800    0.0161596050    0.0003875082    
0.2910071700    0.0166799830    0.0003936982    
0.2912487600    0.0167395450    0.0003949940    
0.2914903500    0.0159285880    0.0003842959    
0.2917319400    0.0158587610    0.0003821666    
0.2919735200    0.0155924030    0.0003800765    
0.2922151100    0.0161619120    0.0003862333    
0.2924567000    0.0159444590    0.0003843433    
0.2926982900    0.0154835520    0.0003788893    
0.2929398800    0.0165565220    0.0003938681    
0.2931814700    0.0158025200    0.0003809219    
0.2934230600    0.0157952570    0.0003819695    
0.2936646400    0.0162119750    0.0003842607    
0.2939062300    0.0164044550    0.0003901402    
0.2941478200    0.0160606070    0.0003835933    
0.2943894100    0.0155228420    0.0003789442    
0.2946310000    0.0158101600    0.0003814386    
0.2948725900    0.0154742730    0.0003782096    
0.2951141800    0.0165955210    0.0003909431    
0.2953557600    0.0164287500    0.0003916050    
0.2955973500    0.0167876520    0.0003923248    
0.2958389400    0.0164882020    0.0003880920    
0.2960805300    0.0167412810    0.0003913480    
0.2963221200    0.0162147990    0.0003844356    
0.2965637100    0.0159205240    0.0003807910    
0.2968053000    0.0160953750    0.0003820339    
0.2970468800    0.0154331970    0.0003751938    
0.2972884700    0.0150979150    0.0003700069    
0.2975300600    0.0163583410    0.0003851421    
0.2977716500    0.0156660750    0.0003782929    
0.2980132400    0.0162220480    0.0003858021    
0.2982548300    0.0161089100    0.0003814964    
0.2984964100    0.0148999270    0.0003663670    
0.2987380000    0.0158519750    0.0003787183    
0.2989795900    0.0157557270    0.0003767416    
0.2992211800    0.0165483700    0.0003856811    
0.2994627700    0.0155420320    0.0003748607    
0.2997043600    0.0163307580    0.0003852408    
0.2999459500    0.0168000760    0.0003905938    
0.3001875300    0.0159903350    0.0003805066    
0.3004291200    0.0156868830    0.0003807989    
0.3006707100    0.0166652250    0.0003870404    
0.3009123000    0.0162886640    0.0003844618    
0.3011538900    0.0161722840    0.0003804453    
0.3013954800    0.0166662890    0.0003883239    
0.3016370700    0.0160004930    0.0003802105    
0.3018786500    0.0160456670    0.0003807468    
0.3021202400    0.0161874420    0.0003822857    
0.3023618300    0.0158840920    0.0003803550    
0.3026034200    0.0160863070    0.0003819263    
0.3028450100    0.0157739090    0.0003784769    
0.3030866000    0.0158269070    0.0003795301    
0.3033281900    0.0159127330    0.0003783388    
0.3035697700    0.0158223130    0.0003782256    
0.3038113600    0.0162348080    0.0003834043    
0.3040529500    0.0157573560    0.0003763504    
0.3042945400    0.0158177800    0.0003769345    
0.3045361300    0.0156970500    0.0003778310    
0.3047777200    0.0165004190    0.0003858230    
0.3050193100    0.0158017290    0.0003778415    
0.3052608900    0.0156195300    0.0003766203    
0.3055024800    0.0163730380    0.0003904989    
0.3057440700    0.0159664380    0.0003780164    
0.3059856600    0.0157663450    0.0003764577    
0.3062272500    0.0164612640    0.0003856462    
0.3064688400    0.0160645050    0.0003819473    
0.3067104200    0.0164170360    0.0003830365    
0.3069520100    0.0159978510    0.0003800404    
0.3071936000    0.0161044420    0.0003821415    
0.3074351900    0.0158491050    0.0003795172    
0.3076767800    0.0160360090    0.0003796635    
0.3079183700    0.0157174030    0.0003797538    
0.3081599600    0.0161211190    0.0003846000    
0.3084015400    0.0163061030    0.0003824311    
0.3086431300    0.0157361720    0.0003754164    
0.3088847200    0.0155331700    0.0003753025    
0.3091263100    0.0160493410    0.0003805128    
0.3093679000    0.0159967420    0.0003804437    
0.3096094900    0.0159063410    0.0003774408    
0.3098510800    0.0158696170    0.0003808830    
0.3100926600    0.0167690260    0.0003896614    
0.3103342500    0.0166150990    0.0003878688    
0.3105758400    0.0155637840    0.0003780335    
0.3108174300    0.0157802760    0.0003768978    
0.3110590200    0.0164489000    0.0003866318    
0.3113006100    0.0163154810    0.0003821259    
0.3115422000    0.0161944410    0.0003836296    
0.3117837800    0.0157606520    0.0003770750    
0.3120253700    0.0160345790    0.0003814515    
0.3122669600    0.0163778570    0.0003832716    
0.3125085500    0.0155720750    0.0003764623    
0.3127501400    0.0159049500    0.0003797673    
0.3129917300    0.0163844990    0.0003871555    
0.3132333100    0.0160726380    0.0003824651    
0.3134749000    0.0156443770    0.0003767816    
0.3137164900    0.0161340810    0.0003812382    
0.3139580800    0.0161763580    0.0003815985    
0.3141996700    0.0160106070    0.0003799149    
0.3144412600    0.0163076740    0.0003838428    
0.3146828500    0.0155082600    0.0003751388    
0.3149244300    0.0161673560    0.0003814924    
0.3151660200    0.0156879560    0.0003777216    
0.3154076100    0.0163847620    0.0003867301    
0.3156492000    0.0159297940    0.0003828791    
0.3158907900    0.0163775830    0.0003836857    
0.3161323800    0.0155978970    0.0003745773    
0.3163739700    0.0159513120    0.0003789348    
0.3166155500    0.0162336240    0.0003842345    
0.3168571400    0.0160917420    0.0003808763    
0.3170987300    0.0154923350    0.0003745345    
0.3173403200    0.0153112440    0.0003723391    
0.3175819100    0.0159789790    0.0003812090    
0.3178235000    0.0159812810    0.0003803989    
0.3180650900    0.0161347200    0.0003840511    
0.3183066700    0.0155515390    0.0003760757    
0.3185482600    0.0152262310    0.0003722583    
0.3187898500    0.0167128610    0.0003873120    
0.3190314400    0.0159695980    0.0003801208    
0.3192730300    0.0156999220    0.0003764850    
0.3195146200    0.0164430630    0.0003858556    
0.3197562100    0.0161458320    0.0003815159    
0.3199977900    0.0157434000    0.0003774191    
0.3202393800    0.0162786000    0.0003851912    
0.3204809700    0.0161804270    0.0003845948    
0.3207225600    0.0158162900    0.0003798220    
0.3209641500    0.0162877150    0.0003852990    
0.3212057400    0.0162241650    0.0003823011    
0.3214473200    0.0162839020    0.0003832833    
0.3216889100    0.0165785510    0.0003865945    
0.3219305000    0.0159399830    0.0003806038    
0.3221720900    0.0163373050    0.0003847535    
0.3224136800    0.0155236480    0.0003735490    
0.3226552700    0.0159153310    0.0003824210    
0.3228968600    0.0159386130    0.0003800297    
0.3231384400    0.0159892340    0.0003843077    
0.3233800300    0.0154674580    0.0003732792    
0.3236216200    0.0159952120    0.0003798706    
0.3238632100    0.0151844800    0.0003707946    
0.3241048000    0.0159256850    0.0003801540    
0.3243463900    0.0157326620    0.0003777048    
0.3245879800    0.0160084440    0.0003807220    
0.3248295600    0.0160393050    0.0003808103    
0.3250711500    0.0163467100    0.0003844423    
0.3253127400    0.0161063010    0.0003827247    
0.3255543300    0.0165064640    0.0003878777    
0.3257959200    0.0167000420    0.0003923182    
0.3260375100    0.0155935760    0.0003747979    
0.3262791000    0.0163068130    0.0003846760    
0.3265206800    0.0162263610    0.0003828847    
0.3267622700    0.0160035980    0.0003813625    
0.3270038600    0.0159140180    0.0003798755    
0.3272454500    0.0152888750    0.0003717952    
0.3274870400    0.0162891350    0.0003840453    
0.3277286300    0.0152872560    0.0003734157    
0.3279702200    0.0160908410    0.0003826816    
0.3282118000    0.0156105170    0.0003797291    
0.3284533900    0.0163315160    0.0003844040    
0.3286949800    0.0166262970    0.0004015967    
0.3289365700    0.0160250660    0.0003996288    
0.3291781600    0.0159560150    0.0004021815    
0.3294197500    0.0159258750    0.0004064893    
0.3296613300    0.0157763720    0.0004087088    
0.3299029200    0.0158912710    0.0004107218    
0.3301445100    0.0163868970    0.0004231079    
0.3303861000    0.0153225010    0.0004118714    
0.3306276900    0.0164247310    0.0004297077    
0.3308692800    0.0157757750    0.0004213245    
0.3311108700    0.0155806380    0.0004221790    
0.3313524500    0.0162382480    0.0004358574    
0.3315940400    0.0152823900    0.0004222364    
0.3318356300    0.0154420360    0.0004299418    
0.3320772200    0.0159037380    0.0004367445    
0.3323188100    0.0162020310    0.0004449361    
0.3325604000    0.0156425190    0.0004365401    
0.3328019900    0.0167190490    0.0004560494    
0.3330435700    0.0163612950    0.0004464570    
0.3332851600    0.0162344350    0.0004389288    
0.3335267500    0.0165331350    0.0004291788    
0.3337683400    0.0153299150    0.0004132668    
0.3340099300    0.0158731890    0.0004177155    
0.3342515200    0.0164423290    0.0004210449    
0.3344931100    0.0156620610    0.0004067039    
0.3347346900    0.0155570310    0.0004067285    
0.3349762800    0.0157877160    0.0004076371    
0.3352178700    0.0159707210    0.0004084330    
0.3354594600    0.0164413830    0.0004123251    
0.3357010500    0.0163579300    0.0004123120    
0.3359426400    0.0159977210    0.0004091234    
0.3361842300    0.0161210300    0.0004027741    
0.3364258100    0.0158681650    0.0003989546    
0.3366674000    0.0165503490    0.0004079362    
0.3369089900    0.0161108040    0.0004010195    
0.3371505800    0.0171397030    0.0004127952    
0.3373921700    0.0157441890    0.0003965904    
0.3376337600    0.0156091030    0.0003945670    
0.3378753400    0.0162106240    0.0004022599    
0.3381169300    0.0155411660    0.0003919741    
0.3383585200    0.0166112040    0.0004096851    
0.3386001100    0.0158397580    0.0003941507    
0.3388417000    0.0157460860    0.0003943923    
0.3390832900    0.0158351540    0.0003916187    
0.3393248800    0.0157202020    0.0003931279    
0.3395664600    0.0162651450    0.0003990921    
0.3398080500    0.0167639380    0.0004046853    
0.3400496400    0.0160733800    0.0003948626    
0.3402912300    0.0155589920    0.0003878854    
0.3405328200    0.0158902550    0.0003943101    
0.3407744100    0.0151292290    0.0003849041    
0.3410160000    0.0163234720    0.0004002823    
0.3412575800    0.0158152500    0.0003896990    
0.3414991700    0.0156661110    0.0003875566    
0.3417407600    0.0162045910    0.0003952339    
0.3419823500    0.0161202880    0.0003913199    
0.3422239400    0.0155581840    0.0003860698    
0.3424655300    0.0159291430    0.0003915556    
0.3427071200    0.0162515390    0.0003942737    
0.3429487000    0.0158099240    0.0003893314    
0.3431902900    0.0163325900    0.0003974113    
0.3434318800    0.0158943710    0.0003951428    
0.3436734700    0.0162698280    0.0003925287    
0.3439150600    0.0156581440    0.0003841983    
0.3441566500    0.0157272440    0.0003874128    
0.3443982300    0.0164431250    0.0003956746    
0.3446398200    0.0160141320    0.0003894320    
0.3448814100    0.0162527010    0.0003933768    
0.3451230000    0.0159944540    0.0003906901    
0.3453645900    0.0159562810    0.0003902236    
0.3456061800    0.0161277740    0.0003908113    
0.3458477700    0.0177507780    0.0004126972    
0.3460893500    0.0162545350    0.0003944625    
0.3463309400    0.0190612690    0.0004238979    
0.3465725300    0.0162455600    0.0003914877    
0.3468141200    0.0161231630    0.0003915050    
0.3470557100    0.0163017040    0.0003926127    
0.3472973000    0.0157403170    0.0003866805    
0.3475388900    0.0162062640    0.0003899750    
0.3477804700    0.0158178900    0.0003871866    
0.3480220600    0.0152988660    0.0003809273    
0.3482636500    0.0169576490    0.0004005868    
0.3485052400    0.0159760370    0.0003925897    
0.3487468300    0.0163995720    0.0003934890    
0.3489884200    0.0157927220    0.0003859929    
0.3492300100    0.0165814490    0.0003940154    
0.3494715900    0.0157662140    0.0003868500    
0.3497131800    0.0158230660    0.0003848994    
0.3499547700    0.0160425430    0.0003897773    
0.3501963600    0.0158121340    0.0003852038    
0.3504379500    0.0166795300    0.0003966822    
0.3506795400    0.0155074210    0.0003829285    
0.3509211300    0.0157662140    0.0003868500    
0.3511627100    0.0160157960    0.0003900495    
0.3514043000    0.0158043400    0.0003846716    
0.3516458900    0.0151803930    0.0003778603    
0.3518874800    0.0155047320    0.0003810080    
0.3521290700    0.0162379470    0.0003900604    
0.3523706600    0.0155213780    0.0003822258    
0.3526122400    0.0152910450    0.0003790909    
0.3528538300    0.0157806940    0.0003856989    
0.3530954200    0.0159991200    0.0003889519    
0.3533370100    0.0163244510    0.0003921383    
0.3535786000    0.0156031820    0.0003858818    
0.3538201900    0.0155630420    0.0003812914    
0.3540617800    0.0152005240    0.0003788311    
0.3543033600    0.0156048790    0.0003815157    
0.3545449500    0.0157345170    0.0003841116    
0.3547865400    0.0160964330    0.0003873321    
0.3550281300    0.0161483450    0.0003901659    
0.3552697200    0.0159153590    0.0003864591    
0.3555113100    0.0154084270    0.0003808325    
0.3557529000    0.0164028720    0.0003932288    
0.3559944800    0.0155720820    0.0003808277    
0.3562360700    0.0160545480    0.0003915744    
0.3564776600    0.0156515160    0.0003820854    
0.3567192500    0.0152102010    0.0003770867    
0.3569608400    0.0160536150    0.0003865256    
0.3572024300    0.0156407470    0.0003829653    
0.3574440200    0.0161552000    0.0003881847    
0.3576856000    0.0162467340    0.0003906097    
0.3579271900    0.0157031660    0.0003830040    
0.3581687800    0.0152860630    0.0003793173    
0.3584103700    0.0157150260    0.0003832933    
0.3586519600    0.0159425380    0.0003893059    
0.3588935500    0.0159595630    0.0003868488    
0.3591351400    0.0155987430    0.0003827408    
0.3593767200    0.0157651150    0.0003830367    
0.3596183100    0.0154394870    0.0003784916    
0.3598599000    0.0157804660    0.0003840905    
0.3601014900    0.0162818410    0.0003904395    
0.3603430800    0.0163163130    0.0003907048    
0.3605846700    0.0158780140    0.0003849852    
0.3608262500    0.0164784020    0.0003932356    
0.3610678400    0.0147708160    0.0003716002    
0.3613094300    0.0158599440    0.0003874045    
0.3615510200    0.0167148490    0.0003948512    
0.3617926100    0.0161466790    0.0003876444    
0.3620342000    0.0153036870    0.0003782437    
0.3622757900    0.0158100830    0.0003840160    
0.3625173700    0.0157872400    0.0003840280    
0.3627589600    0.0157856150    0.0003844437    
0.3630005500    0.0154626420    0.0003796300    
0.3632421400    0.0156559030    0.0003818513    
0.3634837300    0.0160307370    0.0003880045    
0.3637253200    0.0160484840    0.0003886618    
0.3639669100    0.0157618400    0.0003854684    
0.3642084900    0.0156485190    0.0003813311    
0.3644500800    0.0156539850    0.0003822596    
0.3646916700    0.0157549720    0.0003839252    
0.3649332600    0.0160593880    0.0003854376    
0.3651748500    0.0145459710    0.0003679283    
0.3654164400    0.0156526050    0.0003832557    
0.3656580300    0.0153994560    0.0003795687    
0.3658996100    0.0153019920    0.0003775106    
0.3661412000    0.0146586320    0.0003701864    
0.3663827900    0.0157628060    0.0003877012    
0.3666243800    0.0153982860    0.0003765774    
0.3668659700    0.0154859220    0.0003796299    
0.3671075600    0.0157862910    0.0003834381    
0.3673491500    0.0156528940    0.0003810984    
0.3675907300    0.0167780670    0.0003963446    
0.3678323200    0.0153978450    0.0003776978    
0.3680739100    0.0154344540    0.0003804314    
0.3683155000    0.0165624560    0.0003928991    
0.3685570900    0.0160098140    0.0003861431    
0.3687986800    0.0156700790    0.0003844912    
0.3690402600    0.0152505980    0.0003790211    
0.3692818500    0.0151271120    0.0003742226    
0.3695234400    0.0156186490    0.0003813967    
0.3697650300    0.0148438120    0.0003709794    
0.3700066200    0.0154859640    0.0003802026    
0.3702482100    0.0155251940    0.0003791146    
0.3704898000    0.0163357840    0.0003900544    
0.3707313800    0.0159140180    0.0003858582    
0.3709729700    0.0154766150    0.0003795158    
0.3712145600    0.0156437420    0.0003837295    
0.3714561500    0.0160635020    0.0003891396    
0.3716977400    0.0159458780    0.0003849371    
0.3719393300    0.0158080570    0.0003828391    
0.3721809200    0.0148865370    0.0003719310    
0.3724225000    0.0156578120    0.0003814443    
0.3726640900    0.0156137790    0.0003810506    
0.3729056800    0.0160043560    0.0003857872    
0.3731472700    0.0160649000    0.0003857922    
0.3733888600    0.0151541090    0.0003763907    
0.3736304500    0.0151177140    0.0003766503    
0.3738720400    0.0150851630    0.0003772470    
0.3741136200    0.0158833010    0.0003853400    
0.3743552100    0.0156093350    0.0003812830    
0.3745968000    0.0157356100    0.0003815324    
0.3748383900    0.0156646360    0.0003813843    
0.3750799800    0.0151653110    0.0003753974    
0.3753215700    0.0153880780    0.0003787136    
0.3755631500    0.0158570210    0.0003835753    
0.3758047400    0.0155068880    0.0003800297    
0.3760463300    0.0161515610    0.0003884338    
0.3762879200    0.0160318110    0.0003875766    
0.3765295100    0.0163901300    0.0003933757    
0.3767711000    0.0155996380    0.0003805922    
0.3770126900    0.0162716370    0.0003884120    
0.3772542700    0.0155229940    0.0003795138    
0.3774958600    0.0159668800    0.0003843259    
0.3777374500    0.0153025020    0.0003769501    
0.3779790400    0.0166434440    0.0003941554    
0.3782206300    0.0155744870    0.0003810005    
0.3784622200    0.0158874880    0.0003840875    
0.3787038100    0.0155491470    0.0003814091    
0.3789453900    0.0156056850    0.0003826808    
0.3791869800    0.0161491540    0.0003897307    
0.3794285700    0.0159842170    0.0003849663    
0.3796701600    0.0156863330    0.0003823661    
0.3799117500    0.0158584720    0.0003831622    
0.3801533400    0.0157236150    0.0003828202    
0.3803949300    0.0152693530    0.0003749975    
0.3806365100    0.0159126930    0.0003842480    
0.3808781000    0.0167074010    0.0003935786    
0.3811196900    0.0157370620    0.0003842883    
0.3813612800    0.0159857570    0.0003855629    
0.3816028700    0.0159006330    0.0003859877    
0.3818444600    0.0154929490    0.0003801450    
0.3820860500    0.0150595300    0.0003725507    
0.3823276300    0.0161009790    0.0003852173    
0.3825692200    0.0151739840    0.0003729929    
0.3828108100    0.0152388540    0.0003732369    
0.3830524000    0.0153728860    0.0003764067    
0.3832939900    0.0153639910    0.0003757387    
0.3835355800    0.0159888430    0.0003833032    
0.3837771600    0.0155245640    0.0003768587    
0.3840187500    0.0159957710    0.0003842429    
0.3842603400    0.0156665200    0.0003809787    
0.3845019300    0.0162348080    0.0003834043    
0.3847435200    0.0158672810    0.0003797348    
0.3849851100    0.0167014920    0.0003907383    
0.3852267000    0.0150662580    0.0003803592    
0.3854682800    0.0163104430    0.0004034964    
0.3857098700    0.0160642880    0.0004050393    
0.3859514600    0.0154563080    0.0004016319    
0.3861930500    0.0152290580    0.0004010425    
0.3864346400    0.0147495780    0.0003987829    
0.3866762300    0.0158218580    0.0004159329    
0.3869178200    0.0161571490    0.0004225626    
0.3871594000    0.0154097350    0.0004175482    
0.3874009900    0.0154492090    0.0004192339    
0.3876425800    0.0156105170    0.0004245501    
0.3878841700    0.0149508930    0.0004172387    
0.3881257600    0.0157254080    0.0004305504    
0.3883673500    0.0152357720    0.0004268544    
0.3886089400    0.0158621640    0.0004380877    
0.3888505200    0.0168818330    0.0004539505    
0.3890921100    0.0168325080    0.0004557657    
0.3893337000    0.0157590060    0.0004459104    
0.3895752900    0.0159866350    0.0004507303    
0.3898168800    0.0156649960    0.0004280948    
0.3900584700    0.0167852470    0.0004349911    
0.3903000600    0.0156931900    0.0004192684    
0.3905416400    0.0164961040    0.0004256439    
0.3907832300    0.0159640030    0.0004177971    
0.3910248200    0.0164491390    0.0004226072    
0.3912664100    0.0165967060    0.0004226489    
0.3915080000    0.0155226020    0.0004068027    
0.3917495900    0.0154423890    0.0004075091    
0.3919911700    0.0156041550    0.0004103516    
0.3922327600    0.0162774950    0.0004119895    
0.3924743500    0.0157504050    0.0004068093    
0.3927159400    0.0158175160    0.0004054441    
0.3929575300    0.0159064940    0.0004093417    
0.3931991200    0.0156859080    0.0004046040    
0.3934407100    0.0156123800    0.0004029756    
0.3936822900    0.0156656890    0.0004050267    
0.3939238800    0.0157790390    0.0004070062    
0.3941654700    0.0154745870    0.0004030606    
0.3944070600    0.0154666910    0.0004038149    
0.3946486500    0.0153024060    0.0004026949    
0.3948902400    0.0154484600    0.0004016993    
0.3951318300    0.0157144040    0.0004048007    
0.3953734100    0.0159663320    0.0004087219    
0.3956150000    0.0153326220    0.0004015482    
0.3958565900    0.0164441870    0.0004146179    
0.3960981800    0.0159802330    0.0004102894    
0.3963397700    0.0160199000    0.0004118512    
0.3965813600    0.0157340190    0.0004081598    
0.3968229500    0.0157358250    0.0004095872    
0.3970645300    0.0154746410    0.0004072274    
0.3973061200    0.0151375770    0.0004008636    
0.3975477100    0.0150788980    0.0003988903    
0.3977893000    0.0162056840    0.0004151212    
0.3980308900    0.0165140330    0.0004185129    
0.3982724800    0.0150997840    0.0004007067    
0.3985140700    0.0162834750    0.0004162952    
0.3987556500    0.0158484150    0.0004114044    
0.3989972400    0.0165211800    0.0004195031    
0.3992388300    0.0163345110    0.0004196622    
0.3994804200    0.0158678500    0.0004134440    
0.3997220100    0.0162782470    0.0004211457    
0.3999636000    0.0160801700    0.0004142228    
0.4002051800    0.0158139880    0.0004127417    
0.4004467700    0.0157038420    0.0004091707    
0.4006883600    0.0154368290    0.0004085018    
0.4009299500    0.0159913010    0.0004159552    
0.4011715400    0.0154800980    0.0004097904    
0.4014131300    0.0152573380    0.0004071882    
0.4016547200    0.0153288050    0.0004108551    
0.4018963000    0.0155566280    0.0004122498    
0.4021378900    0.0148330840    0.0004059671    
0.4023794800    0.0154146080    0.0004103637    
0.4026210700    0.0161565620    0.0004206811    
0.4028626600    0.0153494930    0.0004087751    
0.4031042500    0.0156804500    0.0004148035    
0.4033458400    0.0165253720    0.0004258325    
0.4035874200    0.0151739420    0.0004111591    
0.4038290100    0.0161682000    0.0004227071    
0.4040706000    0.0157714190    0.0004182356    
0.4043121900    0.0156730420    0.0004184316    
0.4045537800    0.0156797530    0.0004196589    
0.4047953700    0.0156168790    0.0004213091    
0.4050369600    0.0161663950    0.0004238202    
0.4052785400    0.0151865840    0.0004122590    
0.4055201300    0.0156424750    0.0004182121    
0.4057617200    0.0151633720    0.0004143864    
0.4060033100    0.0162686210    0.0004265002    
0.4062449000    0.0163670340    0.0004313092    
0.4064864900    0.0152652920    0.0004157767    
0.4067280800    0.0160623210    0.0004280623    
0.4069696600    0.0153339220    0.0004199893    
0.4072112500    0.0159239520    0.0004295933    
0.4074528400    0.0158358370    0.0004294094    
0.4076944300    0.0162232520    0.0004321977    
0.4079360200    0.0158666260    0.0004260360    
0.4081776100    0.0151114780    0.0004175142    
0.4084191900    0.0153301240    0.0004213099    
0.4086607800    0.0154690890    0.0004216404    
0.4089023700    0.0161177230    0.0004340318    
0.4091439600    0.0152961440    0.0004234252    
0.4093855500    0.0155808990    0.0004283636    
0.4096271400    0.0160730740    0.0004363239    
0.4098687300    0.0153682050    0.0004331220    
0.4101103100    0.0157892610    0.0004287775    
0.4103519000    0.0148198870    0.0004191697    
0.4105934900    0.0152475600    0.0004243627    
0.4108350800    0.0160299670    0.0004374160    
0.4110766700    0.0154779240    0.0004296110    
0.4113182600    0.0160668060    0.0004394039    
0.4115598500    0.0155354830    0.0004335531    
0.4118014300    0.0149628350    0.0004271610    
0.4120430200    0.0159226610    0.0004389224    
0.4122846100    0.0156289910    0.0004387328    
0.4125262000    0.0156698780    0.0004437439    
0.4127677900    0.0164993850    0.0004472380    
0.4130093800    0.0155453470    0.0004360413    
0.4132509700    0.0155670330    0.0004369936    
0.4134925500    0.0150921670    0.0004335112    
0.4137341400    0.0161898610    0.0004476507    
0.4139757300    0.0154374750    0.0004399945    
0.4142173200    0.0149846810    0.0004313143    
0.4144589100    0.0156588290    0.0004453998    
0.4147005000    0.0155949810    0.0004435837    
0.4149420800    0.0160972540    0.0004543912    
0.4151836700    0.0146904220    0.0004320712    
0.4154252600    0.0163027770    0.0004521577    
0.4156668500    0.0165157790    0.0004516826    
0.4159084400    0.0155151970    0.0004377866    
0.4161500300    0.0163315160    0.0004478171    
0.4163916200    0.0156995810    0.0004395039    
0.4166332000    0.0146291430    0.0004219555    
0.4168747900    0.0154870860    0.0004328772    
0.4171163800    0.0159527640    0.0004434747    
0.4173579700    0.0153807720    0.0004324470    
0.4175995600    0.0159767210    0.0004476133    
0.4178411500    0.0151807250    0.0004292041    
0.4180827400    0.0157010630    0.0004380034    
0.4183243200    0.0155856590    0.0004376889    
0.4185659100    0.0162849740    0.0004487394    
0.4188075000    0.0157251960    0.0004407394    
0.4190490900    0.0160733020    0.0004487369    
0.4192906800    0.0156032390    0.0004416797    
0.4195322700    0.0157960160    0.0004480351    
0.4197738600    0.0150462450    0.0004372726    
0.4200154400    0.0152130170    0.0004438093    
0.4202570300    0.0159492710    0.0004551365    
0.4204986200    0.0153502370    0.0004434929    
0.4207402100    0.0154167630    0.0004474740    
0.4209818000    0.0168468900    0.0004658176    
0.4212233900    0.0156999700    0.0004522778    
0.4214649800    0.0159795080    0.0004574920    
0.4217065600    0.0163673610    0.0004642406    
0.4219481500    0.0164062430    0.0004662822    
0.4221897400    0.0154385450    0.0004542714    
0.4224313300    0.0152005240    0.0004542025    
0.4226729200    0.0158400180    0.0004646785    
0.4229145100    0.0156261680    0.0004628072    
0.4231560900    0.0157099920    0.0004622586    
0.4233976800    0.0156664280    0.0004623800    
0.4236392700    0.0157057610    0.0004647570    
0.4238808600    0.0152158270    0.0004589831    
0.4241224500    0.0158704560    0.0004690149    
0.4243640400    0.0165315890    0.0004824814    
0.4246056300    0.0156169560    0.0004700152    
0.4248472100    0.0159078930    0.0004768316    
0.4250888000    0.0150114010    0.0004648139    
0.4253303900    0.0161175550    0.0004890849    
0.4255719800    0.0155513060    0.0004736499    
0.4258135700    0.0158954050    0.0004797008    
0.4260551600    0.0147499370    0.0004662009    
0.4262967500    0.0160455390    0.0004842316    
0.4265383300    0.0153975780    0.0004786105    
0.4267799200    0.0165084330    0.0004979744    
0.4270215100    0.0164884770    0.0004964698    
0.4272631000    0.0150942250    0.0004799684    
0.4275046900    0.0156874920    0.0004914354    
0.4277462800    0.0149411580    0.0004847552    
0.4279878700    0.0156591390    0.0004994490    
0.4282294500    0.0156159780    0.0004930815    
0.4284710400    0.0161848470    0.0005035684    
0.4287126300    0.0156264840    0.0004976486    
0.4289542200    0.0152044470    0.0004927790    
0.4291958100    0.0160199270    0.0005081212    
0.4294374000    0.0162024690    0.0005157303    
0.4296789900    0.0159163480    0.0005094699    
0.4299205700    0.0160092120    0.0005164262    
0.4301621600    0.0150299060    0.0005055104    
0.4304037500    0.0165948580    0.0005333789    
0.4306453400    0.0163748580    0.0005358017    
0.4308869300    0.0159457240    0.0005217600    
0.4311285200    0.0151089330    0.0005110673    
0.4313701000    0.0150424290    0.0005135400    
0.4316116900    0.0153254560    0.0005216846    
0.4318532800    0.0155568010    0.0005271221    
0.4320948700    0.0158157830    0.0005349769    
0.4323364600    0.0154535430    0.0005335156    
0.4325780500    0.0156024490    0.0005392995    
0.4328196400    0.0151260350    0.0005354558    
0.4330612200    0.0162492270    0.0005636794    
0.4333028100    0.0161531180    0.0005606829    
0.4335444000    0.0151431830    0.0005411732    
0.4337859900    0.0152128740    0.0005454080    
0.4340275800    0.0151590460    0.0005487943    
0.4342691700    0.0148085160    0.0005477128    
0.4345107600    0.0143514010    0.0005432085    
0.4347523400    0.0145789500    0.0005502470    
0.4349939300    0.0146798820    0.0005568397    
0.4352355200    0.0150749660    0.0005726506    
0.4354771100    0.0157874900    0.0005912462    
0.4357187000    0.0147330030    0.0005832852    
0.4359602900    0.0158531550    0.0005962193    
0.4362018800    0.0153408920    0.0005913479    
0.4364434600    0.0147605410    0.0005843754    
0.4366850500    0.0148435990    0.0005932695    
0.4369266400    0.0152640390    0.0006110506    
0.4371682300    0.0152377250    0.0006129512    
0.4374098200    0.0150716610    0.0006189189    
0.4376514100    0.0165729140    0.0006571588    
0.4378930000    0.0156461050    0.0006474405    
0.4381345800    0.0142092280    0.0006279651    
0.4383761700    0.0154647490    0.0006679754    
0.4386177600    0.0165034260    0.0006782866    
0.4388593500    0.0163406890    0.0006850373    
0.4391009400    0.0152270820    0.0006722921    
0.4393425300    0.0154567190    0.0006864570    
0.4395841100    0.0144087610    0.0006762366    
0.4398257000    0.0158046920    0.0007251690    
0.4400672900    0.0159140180    0.0007428028    
0.4403088800    0.0168584700    0.0007868860    
0.4405504700    0.0159140180    0.0007907739    
0.4407920600    0.0146744380    0.0007900452    
0.4410336500    0.0144930090    0.0008076638    
0.4412752300    0.0167301220    0.0008709353    
0.4415168200    0.0153842670    0.0008780265    
0.4417584100    0.0146868180    0.0011647404    
0.4420000000    0.0147250400    0.0017726865    