# Diamond Light Source Ltd.
# Data extracted from: /dls/b21/data/2017/mx13440-2/processed/b21-369037_00383.dat
q(1/A)          Column          Error           
0.0040000000    0.8594170700    0.0214921440    
0.0042415885    0.8349001000    0.0199238040    
0.0044831771    0.6885548500    0.0168441970    
0.0047247656    0.5674860200    0.0148062220    
0.0049663541    0.4494904800    0.0124236920    
0.0052079426    0.3610386400    0.0114572150    
0.0054495312    0.3028652400    0.0096746752    
0.0056911197    0.2911901600    0.0089438348    
0.0059327082    0.2120743500    0.0076327227    
0.0061742967    0.1922393300    0.0069640961    
0.0064158853    0.1651542700    0.0063900105    
0.0066574738    0.1567305500    0.0058819929    
0.0068990623    0.1283384400    0.0053707967    
0.0071406509    0.1214497200    0.0051321874    
0.0073822394    0.1215919300    0.0049639699    
0.0076238279    0.0956111570    0.0042974019    
0.0078654164    0.0895236950    0.0042248844    
0.0081070050    0.0919076420    0.0040578215    
0.0083485935    0.0810202100    0.0036789382    
0.0085901820    0.0789126090    0.0036555560    
0.0088317705    0.0733683620    0.0034320272    
0.0090733591    0.0711598600    0.0033582414    
0.0093149476    0.0668128370    0.0031356818    
0.0095565361    0.0675486610    0.0031529015    
0.0097981247    0.0641638700    0.0030728921    
0.0100397130    0.0602983400    0.0028778828    
0.0102813020    0.0553408250    0.0028204296    
0.0105228900    0.0556283090    0.0026489671    
0.0107644790    0.0544693860    0.0026483922    
0.0110060670    0.0534864050    0.0025586018    
0.0112476560    0.0498109700    0.0024569940    
0.0114892440    0.0519197550    0.0024723693    
0.0117308330    0.0479313110    0.0023642772    
0.0119724210    0.0455913970    0.0022738922    
0.0122140100    0.0514520100    0.0023937641    
0.0124555980    0.0448378840    0.0021673209    
0.0126971870    0.0446585630    0.0022301422    
0.0129387760    0.0424689240    0.0020576261    
0.0131803640    0.0429574170    0.0021036337    
0.0134219530    0.0447518010    0.0020708664    
0.0136635410    0.0468398090    0.0021268862    
0.0139051300    0.0415280780    0.0020026618    
0.0141467180    0.0423439370    0.0019764457    
0.0143883070    0.0421915200    0.0019440826    
0.0146298950    0.0430873060    0.0019646120    
0.0148714840    0.0399942090    0.0019066491    
0.0151130720    0.0375302100    0.0018269421    
0.0153546610    0.0445026480    0.0019150890    
0.0155962490    0.0448222060    0.0019414652    
0.0158378380    0.0414202130    0.0018234232    
0.0160794260    0.0417413000    0.0018304771    
0.0163210150    0.0364712860    0.0016734174    
0.0165626030    0.0399566780    0.0017851327    
0.0168041920    0.0387140460    0.0016928471    
0.0170457800    0.0415807570    0.0017650048    
0.0172873690    0.0342726640    0.0015927858    
0.0175289580    0.0403771560    0.0017185659    
0.0177705460    0.0435137000    0.0017532169    
0.0180121350    0.0385358120    0.0016313510    
0.0182537230    0.0380312550    0.0016028263    
0.0184953120    0.0393026100    0.0016249629    
0.0187369000    0.0378245630    0.0015941153    
0.0189784890    0.0358111220    0.0015106010    
0.0192200770    0.0370197850    0.0015601979    
0.0194616660    0.0355247000    0.0014892729    
0.0197032540    0.0345497760    0.0014799498    
0.0199448430    0.0337256530    0.0014621925    
0.0201864310    0.0340887280    0.0014588629    
0.0204280200    0.0327648940    0.0014022080    
0.0206696080    0.0332370400    0.0013921464    
0.0209111970    0.0326401470    0.0014098396    
0.0211527850    0.0358264630    0.0014319134    
0.0213943740    0.0315658310    0.0013471969    
0.0216359620    0.0347640660    0.0014204212    
0.0218775510    0.0335782250    0.0013894768    
0.0221191400    0.0343692590    0.0013803027    
0.0223607280    0.0346241100    0.0013761848    
0.0226023170    0.0331970710    0.0013880393    
0.0228439050    0.0344858380    0.0013526459    
0.0230854940    0.0340214920    0.0013406346    
0.0233270820    0.0357178460    0.0013707251    
0.0235686710    0.0343680650    0.0013532412    
0.0238102590    0.0321305850    0.0012811303    
0.0240518480    0.0328471920    0.0012873830    
0.0242934360    0.0328783570    0.0013067974    
0.0245350250    0.0311072700    0.0012553872    
0.0247766130    0.0336822780    0.0012983564    
0.0250182020    0.0334076350    0.0013063419    
0.0252597900    0.0300285800    0.0012089051    
0.0255013790    0.0305213030    0.0012092981    
0.0257429670    0.0324678850    0.0012496895    
0.0259845560    0.0324322210    0.0012346736    
0.0262261450    0.0320932550    0.0012352700    
0.0264677330    0.0297427890    0.0011756870    
0.0267093220    0.0330564930    0.0012302353    
0.0269509100    0.0315759530    0.0012091057    
0.0271924990    0.0304256520    0.0011780859    
0.0274340870    0.0324729100    0.0012238689    
0.0276756760    0.0299004950    0.0011551569    
0.0279172640    0.0301931430    0.0011587065    
0.0281588530    0.0307528040    0.0011549458    
0.0284004410    0.0306397200    0.0011630679    
0.0286420300    0.0315630650    0.0011579366    
0.0288836180    0.0296250570    0.0011335713    
0.0291252070    0.0293437770    0.0011051506    
0.0293667950    0.0291995340    0.0011156568    
0.0296083840    0.0279286160    0.0010781723    
0.0298499720    0.0310512820    0.0011406974    
0.0300915610    0.0295935110    0.0011098434    
0.0303331490    0.0291035530    0.0010914685    
0.0305747380    0.0283126160    0.0010625536    
0.0308163270    0.0285120010    0.0010662884    
0.0310579150    0.0283879540    0.0010691522    
0.0312995040    0.0275368060    0.0010445306    
0.0315410920    0.0299823830    0.0010847246    
0.0317826810    0.0274144420    0.0010339553    
0.0320242690    0.0294311450    0.0010613143    
0.0322658580    0.0262984510    0.0010175176    
0.0325074460    0.0284893020    0.0010409764    
0.0327490350    0.0268407070    0.0010073138    
0.0329906230    0.0266853030    0.0009938126    
0.0332322120    0.0291814500    0.0010455339    
0.0334738000    0.0266199060    0.0009852469    
0.0337153890    0.0274142130    0.0009983667    
0.0339569770    0.0293548270    0.0010346217    
0.0341985660    0.0267352360    0.0009888384    
0.0344401540    0.0281436850    0.0010013074    
0.0346817430    0.0282038610    0.0010111574    
0.0349233310    0.0261611170    0.0009695955    
0.0351649200    0.0266281790    0.0009602367    
0.0354065090    0.0256341970    0.0009474672    
0.0356480970    0.0272777940    0.0009638135    
0.0358896860    0.0264996200    0.0009606105    
0.0361312740    0.0264848330    0.0009470957    
0.0363728630    0.0263741850    0.0009425365    
0.0366144510    0.0268810240    0.0009594249    
0.0368560400    0.0255544620    0.0009215175    
0.0370976280    0.0267329190    0.0009541388    
0.0373392170    0.0270958310    0.0009514633    
0.0375808050    0.0244293630    0.0008938237    
0.0378223940    0.0266204840    0.0009330475    
0.0380639820    0.0249874120    0.0009075837    
0.0383055710    0.0245969050    0.0008829774    
0.0385471590    0.0265444300    0.0009208161    
0.0387887480    0.0256250780    0.0009082568    
0.0390303360    0.0241575020    0.0008717088    
0.0392719250    0.0257277010    0.0008984503    
0.0395135140    0.0264179560    0.0009104229    
0.0397551020    0.0233863960    0.0008733809    
0.0399966910    0.0253584090    0.0008754695    
0.0402382790    0.0258586520    0.0008906193    
0.0404798680    0.0251166120    0.0008712856    
0.0407214560    0.0243229350    0.0008659194    
0.0409630450    0.0236786090    0.0008408521    
0.0412046330    0.0245121210    0.0008607370    
0.0414462220    0.0231784620    0.0008299221    
0.0416878100    0.0242197330    0.0008473412    
0.0419293990    0.0237181840    0.0008375182    
0.0421709870    0.0255458590    0.0008660857    
0.0424125760    0.0241604430    0.0008463034    
0.0426541640    0.0243787110    0.0008371684    
0.0428957530    0.0250982950    0.0008504233    
0.0431373410    0.0255861480    0.0008576496    
0.0433789300    0.0242700470    0.0008295331    
0.0436205180    0.0238205440    0.0008199370    
0.0438621070    0.0237029900    0.0008197851    
0.0441036960    0.0228045020    0.0008022596    
0.0443452840    0.0227513540    0.0007949966    
0.0445868730    0.0244685170    0.0008329180    
0.0448284610    0.0253874160    0.0008379096    
0.0450700500    0.0233928720    0.0008317548    
0.0453116380    0.0230001660    0.0008267239    
0.0455532270    0.0237800410    0.0008648717    
0.0457948150    0.0242844400    0.0008728862    
0.0460364040    0.0235884210    0.0008624781    
0.0462779920    0.0225441040    0.0008563797    
0.0465195810    0.0238778830    0.0008813487    
0.0467611690    0.0233793010    0.0008755617    
0.0470027580    0.0230186110    0.0008687815    
0.0472443460    0.0239724210    0.0009047807    
0.0474859350    0.0234908400    0.0008847162    
0.0477275230    0.0216078300    0.0008554622    
0.0479691120    0.0227199870    0.0008784055    
0.0482107000    0.0227845800    0.0008882354    
0.0484522890    0.0232512290    0.0008923003    
0.0486938780    0.0239597590    0.0009121324    
0.0489354660    0.0230125900    0.0008964432    
0.0491770550    0.0222227410    0.0008910508    
0.0494186430    0.0212898470    0.0008550208    
0.0496602320    0.0216088970    0.0008373278    
0.0499018200    0.0216332310    0.0008259606    
0.0501434090    0.0223428930    0.0008258171    
0.0503849970    0.0232869650    0.0008348781    
0.0506265860    0.0231305200    0.0008260900    
0.0508681740    0.0230871370    0.0008214035    
0.0511097630    0.0223787060    0.0008049061    
0.0513513510    0.0218773990    0.0007813357    
0.0515929400    0.0231100250    0.0008160434    
0.0518345280    0.0216820650    0.0007778398    
0.0520761170    0.0209551860    0.0007734700    
0.0523177050    0.0233531410    0.0007922010    
0.0525592940    0.0221285420    0.0007858076    
0.0528008830    0.0212824940    0.0007505757    
0.0530424710    0.0209671840    0.0007473994    
0.0532840600    0.0219561160    0.0007607343    
0.0535256480    0.0213498840    0.0007501585    
0.0537672370    0.0219766160    0.0007546801    
0.0540088250    0.0223033740    0.0007618687    
0.0542504140    0.0216791620    0.0007543145    
0.0544920020    0.0216783950    0.0007479757    
0.0547335910    0.0208320010    0.0007279290    
0.0549751790    0.0218224430    0.0007419853    
0.0552167680    0.0209317160    0.0007274274    
0.0554583560    0.0211634810    0.0007233529    
0.0556999450    0.0218236970    0.0007323553    
0.0559415330    0.0207609240    0.0007193234    
0.0561831220    0.0211812670    0.0007193535    
0.0564247100    0.0206192690    0.0007076515    
0.0566662990    0.0210850210    0.0007128038    
0.0569078870    0.0204228520    0.0007084609    
0.0571494760    0.0203862030    0.0007008921    
0.0573910650    0.0212651800    0.0007049339    
0.0576326530    0.0196223550    0.0006823362    
0.0578742420    0.0211073210    0.0007063296    
0.0581158300    0.0210592060    0.0006988743    
0.0583574190    0.0208880550    0.0006947264    
0.0585990070    0.0206108670    0.0006940040    
0.0588405960    0.0216274110    0.0007095724    
0.0590821840    0.0214332940    0.0006998219    
0.0593237730    0.0201511890    0.0006804573    
0.0595653610    0.0207651240    0.0006933273    
0.0598069500    0.0215556930    0.0006910438    
0.0600485380    0.0215436530    0.0006945952    
0.0602901270    0.0207077760    0.0006816047    
0.0605317150    0.0205956800    0.0006760863    
0.0607733040    0.0199285280    0.0006620810    
0.0610148920    0.0212997280    0.0006881630    
0.0612564810    0.0200081220    0.0006639929    
0.0614980690    0.0210497180    0.0006744765    
0.0617396580    0.0200004280    0.0006723070    
0.0619812470    0.0209113720    0.0006868196    
0.0622228350    0.0198903220    0.0006656043    
0.0624644240    0.0204859730    0.0006706807    
0.0627060120    0.0200154810    0.0006682975    
0.0629476010    0.0200004280    0.0006723070    
0.0631891890    0.0211981120    0.0006877576    
0.0634307780    0.0204114210    0.0006718501    
0.0636723660    0.0205074200    0.0006728266    
0.0639139550    0.0200605050    0.0006642697    
0.0641555430    0.0193611500    0.0006457305    
0.0643971320    0.0195418180    0.0006550432    
0.0646387200    0.0208500320    0.0006643373    
0.0648803090    0.0215578540    0.0006813786    
0.0651218970    0.0189051360    0.0006256687    
0.0653634860    0.0208974070    0.0006628255    
0.0656050740    0.0199128220    0.0006453783    
0.0658466630    0.0196505730    0.0006378846    
0.0660882520    0.0190784500    0.0006269568    
0.0663298400    0.0194109930    0.0006334538    
0.0665714290    0.0204666330    0.0006472118    
0.0668130170    0.0196553360    0.0006363650    
0.0670546060    0.0205080390    0.0006462632    
0.0672961940    0.0192901360    0.0006242142    
0.0675377830    0.0196159850    0.0006243837    
0.0677793710    0.0204353000    0.0006414281    
0.0680209600    0.0210288960    0.0006428721    
0.0682625480    0.0206686920    0.0006378497    
0.0685041370    0.0194816440    0.0006172995    
0.0687457250    0.0189146300    0.0006165993    
0.0689873140    0.0193811920    0.0006147341    
0.0692289020    0.0200441300    0.0006251592    
0.0694704910    0.0199736290    0.0006235673    
0.0697120790    0.0191908480    0.0006093100    
0.0699536680    0.0202320270    0.0006285785    
0.0701952560    0.0183672860    0.0005984385    
0.0704368450    0.0184054160    0.0006009581    
0.0706784340    0.0201230060    0.0006344448    
0.0709200220    0.0193976830    0.0006174350    
0.0711616110    0.0188370990    0.0006079648    
0.0714031990    0.0202973540    0.0006361588    
0.0716447880    0.0186031700    0.0006119994    
0.0718863760    0.0206683810    0.0006363268    
0.0721279650    0.0192829430    0.0006088676    
0.0723695530    0.0200832460    0.0006180192    
0.0726111420    0.0186775560    0.0005997002    
0.0728527300    0.0195620140    0.0006048501    
0.0730943190    0.0195286840    0.0006084913    
0.0733359070    0.0203970470    0.0006180923    
0.0735774960    0.0192316360    0.0006024613    
0.0738190840    0.0195683040    0.0006013194    
0.0740606730    0.0199905540    0.0006091398    
0.0743022610    0.0198161330    0.0006069324    
0.0745438500    0.0199152850    0.0006057225    
0.0747854380    0.0184074210    0.0005763587    
0.0750270270    0.0197716180    0.0006021890    
0.0752686160    0.0202512450    0.0006019058    
0.0755102040    0.0198614860    0.0005969500    
0.0757517930    0.0197175070    0.0005969523    
0.0759933810    0.0197859580    0.0005885968    
0.0762349700    0.0194770950    0.0005915746    
0.0764765580    0.0202445080    0.0005974978    
0.0767181470    0.0191846010    0.0005808184    
0.0769597350    0.0199451640    0.0005876400    
0.0772013240    0.0191548280    0.0005746736    
0.0774429120    0.0196867530    0.0005797749    
0.0776845010    0.0191185270    0.0005689937    
0.0779260890    0.0192371590    0.0005743075    
0.0781676780    0.0194813230    0.0005739740    
0.0784092660    0.0194087780    0.0005740835    
0.0786508550    0.0192109780    0.0005665008    
0.0788924430    0.0194963010    0.0005761684    
0.0791340320    0.0190634450    0.0005658528    
0.0793756210    0.0199444550    0.0005803597    
0.0796172090    0.0190309550    0.0005611923    
0.0798587980    0.0190571440    0.0005669158    
0.0801003860    0.0202269450    0.0005836585    
0.0803419750    0.0185509560    0.0005511266    
0.0805835630    0.0191999610    0.0005651939    
0.0808251520    0.0186672180    0.0005565489    
0.0810667400    0.0178541570    0.0005442936    
0.0813083290    0.0191827340    0.0005574869    
0.0815499170    0.0192517830    0.0005667194    
0.0817915060    0.0188143680    0.0005565017    
0.0820330940    0.0208878140    0.0005802170    
0.0822746830    0.0189883150    0.0005546546    
0.0825162710    0.0191367810    0.0005542820    
0.0827578600    0.0183892570    0.0005451212    
0.0829994480    0.0189128380    0.0005457393    
0.0832410370    0.0192277480    0.0005566833    
0.0834826250    0.0197474590    0.0005576510    
0.0837242140    0.0187780840    0.0005427555    
0.0839658030    0.0197253440    0.0005576940    
0.0842073910    0.0192243160    0.0005488183    
0.0844489800    0.0193240880    0.0005467865    
0.0846905680    0.0193430130    0.0005429918    
0.0849321570    0.0198132500    0.0005557544    
0.0851737450    0.0186872190    0.0005330510    
0.0854153340    0.0190584880    0.0005416617    
0.0856569220    0.0184060910    0.0005287011    
0.0858985110    0.0192484960    0.0005464003    
0.0861400990    0.0187553810    0.0005336941    
0.0863816880    0.0186957630    0.0005348199    
0.0866232760    0.0187371380    0.0005397712    
0.0868648650    0.0186185160    0.0005310912    
0.0871064530    0.0203185470    0.0005565159    
0.0873480420    0.0189028240    0.0005325267    
0.0875896300    0.0193116160    0.0005395654    
0.0878312190    0.0186179640    0.0005291415    
0.0880728080    0.0189089910    0.0005316467    
0.0883143960    0.0186472780    0.0005276358    
0.0885559850    0.0196405980    0.0005434794    
0.0887975730    0.0187363890    0.0005282574    
0.0890391620    0.0186098730    0.0005267883    
0.0892807500    0.0184613440    0.0005227934    
0.0895223390    0.0190068920    0.0005291956    
0.0897639270    0.0176992560    0.0005073524    
0.0900055160    0.0185866060    0.0005211426    
0.0902471040    0.0191984340    0.0005318554    
0.0904886930    0.0189770270    0.0005241153    
0.0907302810    0.0195314330    0.0005271071    
0.0909718700    0.0180933820    0.0005163219    
0.0912134580    0.0192200340    0.0005234910    
0.0914550470    0.0189304490    0.0005262520    
0.0916966350    0.0188065460    0.0005178293    
0.0919382240    0.0189806750    0.0005220306    
0.0921798120    0.0181458300    0.0005071914    
0.0924214010    0.0198044720    0.0005298648    
0.0926629900    0.0188791470    0.0005143972    
0.0929045780    0.0189147700    0.0005202180    
0.0931461670    0.0189203380    0.0005143752    
0.0933877550    0.0193355560    0.0005208732    
0.0936293440    0.0186983540    0.0005142658    
0.0938709320    0.0191904290    0.0005198006    
0.0941125210    0.0197346070    0.0005229660    
0.0943541090    0.0190971130    0.0005144499    
0.0945956980    0.0196760550    0.0005230700    
0.0948372860    0.0195752180    0.0005191069    
0.0950788750    0.0181526120    0.0004985025    
0.0953204630    0.0190394510    0.0005125248    
0.0955620520    0.0192096770    0.0005139512    
0.0958036400    0.0189920440    0.0005084926    
0.0960452290    0.0193324030    0.0005130287    
0.0962868170    0.0180208250    0.0004975168    
0.0965284060    0.0191690310    0.0005108564    
0.0967699940    0.0183249400    0.0004994822    
0.0970115830    0.0187361320    0.0004998524    
0.0972531720    0.0199319680    0.0005172339    
0.0974947600    0.0195137710    0.0005112242    
0.0977363490    0.0196726160    0.0005113653    
0.0979779370    0.0201432470    0.0005194043    
0.0982195260    0.0199773880    0.0005175420    
0.0984611140    0.0190661280    0.0005026111    
0.0987027030    0.0201029380    0.0005166502    
0.0989442910    0.0202176010    0.0005184000    
0.0991858800    0.0203257280    0.0005181158    
0.0994274680    0.0207165690    0.0005208523    
0.0996690570    0.0210810170    0.0005218329    
0.0999106450    0.0197107150    0.0005085895    
0.1001522300    0.0218689720    0.0005314959    
0.1003938200    0.0196358170    0.0005054805    
0.1006354100    0.0205944750    0.0005155067    
0.1008770000    0.0198903930    0.0005076790    
0.1011185900    0.0209011100    0.0005204178    
0.1013601800    0.0216981570    0.0005308045    
0.1016017700    0.0210343540    0.0005190899    
0.1018433500    0.0204111100    0.0005228464    
0.1020849400    0.0204975380    0.0005311955    
0.1023265300    0.0210878560    0.0005430399    
0.1025681200    0.0212214010    0.0005420046    
0.1028097100    0.0223568340    0.0005645953    
0.1030513000    0.0218665420    0.0005603123    
0.1032928800    0.0216076300    0.0005622337    
0.1035344700    0.0225304620    0.0005664569    
0.1037760600    0.0221894410    0.0005717865    
0.1040176500    0.0214846520    0.0005649944    
0.1042592400    0.0213903290    0.0005654545    
0.1045008300    0.0224196930    0.0005754317    
0.1047424200    0.0210843170    0.0005631000    
0.1049840000    0.0220508610    0.0005786850    
0.1052255900    0.0203840580    0.0005581009    
0.1054671800    0.0200295120    0.0005498382    
0.1057087700    0.0196443210    0.0005482195    
0.1059503600    0.0183732180    0.0005321660    
0.1061919500    0.0183965210    0.0005321717    
0.1064335400    0.0192751070    0.0005313355    
0.1066751200    0.0195516100    0.0005270761    
0.1069167100    0.0182814050    0.0005082091    
0.1071583000    0.0190521110    0.0005121239    
0.1073998900    0.0193632460    0.0005145725    
0.1076414800    0.0194792730    0.0005198633    
0.1078830700    0.0191022210    0.0005074566    
0.1081246600    0.0193887240    0.0005143422    
0.1083662400    0.0186425690    0.0004980658    
0.1086078300    0.0189303520    0.0005073867    
0.1088494200    0.0196888570    0.0005107532    
0.1090910100    0.0184636960    0.0004932869    
0.1093326000    0.0181385320    0.0004863384    
0.1095741900    0.0185493240    0.0004931169    
0.1098157700    0.0184399690    0.0004867817    
0.1100573600    0.0186731690    0.0004934538    
0.1102989500    0.0182545400    0.0004835746    
0.1105405400    0.0182612370    0.0004834129    
0.1107821300    0.0187171530    0.0004917061    
0.1110237200    0.0186947600    0.0004866052    
0.1112653100    0.0179738150    0.0004820953    
0.1115068900    0.0183040760    0.0004795325    
0.1117484800    0.0188245750    0.0004855631    
0.1119900700    0.0184371660    0.0004786050    
0.1122316600    0.0185677940    0.0004819959    
0.1124732500    0.0193656550    0.0004895252    
0.1127148400    0.0184254500    0.0004770168    
0.1129564300    0.0187293170    0.0004826246    
0.1131980100    0.0181364540    0.0004725535    
0.1134396000    0.0192047910    0.0004874878    
0.1136811900    0.0197740290    0.0004934264    
0.1139227800    0.0176754860    0.0004646619    
0.1141643700    0.0184163830    0.0004708240    
0.1144059600    0.0183258950    0.0004698947    
0.1146475500    0.0186462930    0.0004765461    
0.1148891300    0.0193324560    0.0004791371    
0.1151307200    0.0181606320    0.0004693751    
0.1153723100    0.0185012870    0.0004682745    
0.1156139000    0.0178078060    0.0004632050    
0.1158554900    0.0180237610    0.0004610879    
0.1160970800    0.0184645300    0.0004714391    
0.1163386700    0.0187914280    0.0004717059    
0.1165802500    0.0184600420    0.0004670810    
0.1168218400    0.0187760120    0.0004679403    
0.1170634300    0.0184376120    0.0004641423    
0.1173050200    0.0186837790    0.0004685610    
0.1175466100    0.0182156130    0.0004613396    
0.1177882000    0.0176465650    0.0004517341    
0.1180297800    0.0184501720    0.0004621216    
0.1182713700    0.0181283740    0.0004600162    
0.1185129600    0.0183176940    0.0004598142    
0.1187545500    0.0186060160    0.0004625558    
0.1189961400    0.0182277090    0.0004569798    
0.1192377300    0.0183444820    0.0004559130    
0.1194793200    0.0183845740    0.0004557848    
0.1197209000    0.0189329650    0.0004627441    
0.1199624900    0.0184920600    0.0004564897    
0.1202040800    0.0181595860    0.0004491041    
0.1204456700    0.0183155300    0.0004561808    
0.1206872600    0.0174533270    0.0004404822    
0.1209288500    0.0185202120    0.0004570454    
0.1211704400    0.0182468450    0.0004514002    
0.1214120200    0.0180161440    0.0004469255    
0.1216536100    0.0187193680    0.0004545464    
0.1218952000    0.0175162560    0.0004373600    
0.1221367900    0.0184763080    0.0004523944    
0.1223783800    0.0184826550    0.0004494615    
0.1226199700    0.0181189670    0.0004465998    
0.1228615600    0.0189768080    0.0004566432    
0.1231031400    0.0186469730    0.0004522555    
0.1233447300    0.0184879740    0.0004501236    
0.1235863200    0.0185206560    0.0004525316    
0.1238279100    0.0188510050    0.0004515292    
0.1240695000    0.0181823500    0.0004422895    
0.1243110900    0.0184890230    0.0004458099    
0.1245526800    0.0180240910    0.0004413218    
0.1247942600    0.0183831930    0.0004422309    
0.1250358500    0.0187251930    0.0004482586    
0.1252774400    0.0179177330    0.0004375387    
0.1255190300    0.0181016550    0.0004386427    
0.1257606200    0.0176857960    0.0004352623    
0.1260022100    0.0184037530    0.0004436249    
0.1262437900    0.0188826140    0.0004478125    
0.1264853800    0.0179654600    0.0004362399    
0.1267269700    0.0183173420    0.0004382440    
0.1269685600    0.0182279520    0.0004373589    
0.1272101500    0.0182279520    0.0004373589    
0.1274517400    0.0187661770    0.0004468137    
0.1276933300    0.0183000770    0.0004347314    
0.1279349100    0.0185374820    0.0004427512    
0.1281765000    0.0194483220    0.0004525314    
0.1284180900    0.0183084470    0.0004366586    
0.1286596800    0.0183227710    0.0004381232    
0.1289012700    0.0175854550    0.0004277699    
0.1291428600    0.0191958680    0.0004478712    
0.1293844500    0.0182445220    0.0004331673    
0.1296260300    0.0190357910    0.0004444995    
0.1298676200    0.0184960630    0.0004381526    
0.1301092100    0.0181265980    0.0004315857    
0.1303508000    0.0183024860    0.0004325971    
0.1305923900    0.0180785490    0.0004342745    
0.1308339800    0.0176820040    0.0004282223    
0.1310755700    0.0178331460    0.0004282560    
0.1313171500    0.0186810340    0.0004374098    
0.1315587400    0.0177050250    0.0004253018    
0.1318003300    0.0178799780    0.0004286396    
0.1320419200    0.0182445900    0.0004294331    
0.1322835100    0.0180994550    0.0004294811    
0.1325251000    0.0187667900    0.0004371468    
0.1327666900    0.0181016370    0.0004284486    
0.1330082700    0.0179292410    0.0004264035    
0.1332498600    0.0176525130    0.0004237960    
0.1334914500    0.0185376320    0.0004364515    
0.1337330400    0.0180272760    0.0004247890    
0.1339746300    0.0178738820    0.0004240091    
0.1342162200    0.0177889990    0.0004228291    
0.1344578000    0.0181684750    0.0004287117    
0.1346993900    0.0188475690    0.0004339948    
0.1349409800    0.0191644000    0.0004401250    
0.1351825700    0.0179002730    0.0004222655    
0.1354241600    0.0182479640    0.0004270356    
0.1356657500    0.0192039380    0.0004386107    
0.1359073400    0.0178683950    0.0004256794    
0.1361489200    0.0184730980    0.0004287960    
0.1363905100    0.0181651570    0.0004248651    
0.1366321000    0.0178725490    0.0004212600    
0.1368736900    0.0174555230    0.0004163163    
0.1371152800    0.0177707690    0.0004180490    
0.1373568700    0.0181809350    0.0004245380    
0.1375984600    0.0177408930    0.0004203814    
0.1378400400    0.0180314160    0.0004231281    
0.1380816300    0.0185132900    0.0004265237    
0.1383232200    0.0184484420    0.0004279932    
0.1385648100    0.0184235240    0.0004278759    
0.1388064000    0.0173379310    0.0004121076    
0.1390479900    0.0188389490    0.0004277163    
0.1392895800    0.0186715390    0.0004300554    
0.1395311600    0.0180366150    0.0004190032    
0.1397727500    0.0183188940    0.0004222692    
0.1400143400    0.0184211940    0.0004232800    
0.1402559300    0.0185130060    0.0004285694    
0.1404975200    0.0177416290    0.0004150727    
0.1407391100    0.0190825670    0.0004308115    
0.1409806900    0.0176400490    0.0004171729    
0.1412222800    0.0182429130    0.0004200716    
0.1414638700    0.0181494820    0.0004198166    
0.1417054600    0.0181651260    0.0004167366    
0.1419470500    0.0180981340    0.0004205458    
0.1421886400    0.0179773830    0.0004150592    
0.1424302300    0.0186728440    0.0004241638    
0.1426718100    0.0181171660    0.0004186214    
0.1429134000    0.0187981000    0.0004255840    
0.1431549900    0.0182475180    0.0004202891    
0.1433965800    0.0182133790    0.0004200603    
0.1436381700    0.0183658990    0.0004190333    
0.1438797600    0.0180797970    0.0004154355    
0.1441213500    0.0182124180    0.0004176018    
0.1443629300    0.0180988890    0.0004156547    
0.1446045200    0.0178400660    0.0004129910    
0.1448461100    0.0178496270    0.0004131017    
0.1450877000    0.0185286040    0.0004183051    
0.1453292900    0.0181345500    0.0004173552    
0.1455708800    0.0178633910    0.0004119884    
0.1458124700    0.0179237100    0.0004163803    
0.1460540500    0.0182149940    0.0004130182    
0.1462956400    0.0177547260    0.0004105756    
0.1465372300    0.0190900880    0.0004244338    
0.1467788200    0.0177848650    0.0004091990    
0.1470204100    0.0182596740    0.0004150998    
0.1472620000    0.0181614640    0.0004135088    
0.1475035900    0.0174961900    0.0004052477    
0.1477451700    0.0182398760    0.0004155096    
0.1479867600    0.0178695070    0.0004087730    
0.1482283500    0.0185475060    0.0004191594    
0.1484699400    0.0179603730    0.0004107442    
0.1487115300    0.0180324180    0.0004128239    
0.1489531200    0.0191608620    0.0004204330    
0.1491947000    0.0181962640    0.0004128058    
0.1494362900    0.0185010380    0.0004142139    
0.1496778800    0.0181319530    0.0004114528    
0.1499194700    0.0177515370    0.0004065001    
0.1501610600    0.0192108510    0.0004236772    
0.1504026500    0.0180481110    0.0004084998    
0.1506442400    0.0178225250    0.0004096321    
0.1508858200    0.0188090680    0.0004192233    
0.1511274100    0.0183080510    0.0004105109    
0.1513690000    0.0180411160    0.0004075073    
0.1516105900    0.0187696350    0.0004168972    
0.1518521800    0.0175318500    0.0004023141    
0.1520937700    0.0182121410    0.0004089777    
0.1523353600    0.0191038360    0.0004191817    
0.1525769400    0.0187603750    0.0004167943    
0.1528185300    0.0179145150    0.0004068330    
0.1530601200    0.0177425610    0.0004039710    
0.1533017100    0.0178735570    0.0004075880    
0.1535433000    0.0190988710    0.0004172686    
0.1537848900    0.0178003300    0.0004026853    
0.1540264800    0.0187394980    0.0004140883    
0.1542680600    0.0180265510    0.0004058346    
0.1545096500    0.0174477600    0.0003973619    
0.1547512400    0.0182092830    0.0004078864    
0.1549928300    0.0179360810    0.0004045161    
0.1552344200    0.0179783850    0.0004045453    
0.1554760100    0.0190939060    0.0004170606    
0.1557176000    0.0185381810    0.0004124691    
0.1559591800    0.0187474360    0.0004129552    
0.1562007700    0.0177201450    0.0003991388    
0.1564423600    0.0185382880    0.0004076565    
0.1566839500    0.0187347810    0.0004138830    
0.1569255400    0.0185472780    0.0004089433    
0.1571671300    0.0176765380    0.0003993742    
0.1574087100    0.0186007860    0.0004074576    
0.1576503000    0.0181867050    0.0004074829    
0.1578918900    0.0183646450    0.0004044252    
0.1581334800    0.0179120630    0.0004017329    
0.1583750700    0.0189361420    0.0004138121    
0.1586166600    0.0179696730    0.0004125784    
0.1588582500    0.0183348490    0.0004162713    
0.1590998300    0.0189200090    0.0004277962    
0.1593414200    0.0184986550    0.0004258476    
0.1595830100    0.0182998950    0.0004259246    
0.1598246000    0.0186415070    0.0004290224    
0.1600661900    0.0179186380    0.0004247124    
0.1603077800    0.0185834340    0.0004346482    
0.1605493700    0.0189915500    0.0004401195    
0.1607909500    0.0185427700    0.0004359687    
0.1610325400    0.0185894770    0.0004392577    
0.1612741300    0.0186258750    0.0004398722    
0.1615157200    0.0183751520    0.0004387490    
0.1617573100    0.0188210950    0.0004446066    
0.1619989000    0.0185427700    0.0004449126    
0.1622404900    0.0189710460    0.0004478990    
0.1624820700    0.0190173960    0.0004529235    
0.1627236600    0.0179418470    0.0004387822    
0.1629652500    0.0178417300    0.0004369877    
0.1632068400    0.0178409830    0.0004306854    
0.1634484300    0.0187593790    0.0004347390    
0.1636900200    0.0181106080    0.0004266342    
0.1639316100    0.0175308050    0.0004170456    
0.1641731900    0.0179484500    0.0004216459    
0.1644147800    0.0183380390    0.0004228229    
0.1646563700    0.0184494910    0.0004256190    
0.1648979600    0.0182240660    0.0004195264    
0.1651395500    0.0181625550    0.0004207949    
0.1653811400    0.0181332780    0.0004179906    
0.1656227200    0.0173260530    0.0004106668    
0.1658643100    0.0181019600    0.0004164948    
0.1661059000    0.0179165510    0.0004138754    
0.1663474900    0.0187172120    0.0004201080    
0.1665890800    0.0182412610    0.0004145741    
0.1668306700    0.0185284950    0.0004199109    
0.1670722600    0.0181093510    0.0004130724    
0.1673138400    0.0176342260    0.0004074624    
0.1675554300    0.0180673140    0.0004104088    
0.1677970200    0.0184204680    0.0004162884    
0.1680386100    0.0173216720    0.0004041432    
0.1682802000    0.0177649140    0.0004068064    
0.1685217900    0.0175989760    0.0004035359    
0.1687633800    0.0188151180    0.0004167781    
0.1690049600    0.0185334190    0.0004162974    
0.1692465500    0.0176493620    0.0004011219    
0.1694881400    0.0179791880    0.0004075667    
0.1697297300    0.0180560110    0.0004072209    
0.1699713200    0.0178704260    0.0004070934    
0.1702129100    0.0181695480    0.0004066903    
0.1704545000    0.0185839450    0.0004123661    
0.1706960800    0.0180722820    0.0004083154    
0.1709376700    0.0177718450    0.0004003033    
0.1711792600    0.0176753510    0.0004006791    
0.1714208500    0.0169346520    0.0003900503    
0.1716624400    0.0184108740    0.0004092316    
0.1719040300    0.0175908270    0.0003965279    
0.1721456200    0.0181192950    0.0004040501    
0.1723872000    0.0186599010    0.0004100335    
0.1726287900    0.0178010590    0.0004000490    
0.1728703800    0.0182131810    0.0004055392    
0.1731119700    0.0186723770    0.0004085360    
0.1733535600    0.0176482800    0.0003973186    
0.1735951500    0.0177557850    0.0003962397    
0.1738367300    0.0181419890    0.0004019661    
0.1740783200    0.0176559990    0.0003947015    
0.1743199100    0.0179061080    0.0003979135    
0.1745615000    0.0175566400    0.0003931686    
0.1748030900    0.0184112610    0.0004017667    
0.1750446800    0.0187803250    0.0004103090    
0.1752862700    0.0175126160    0.0003910079    
0.1755278500    0.0176315660    0.0003978507    
0.1757694400    0.0177537160    0.0003945270    
0.1760110300    0.0180104630    0.0003980760    
0.1762526200    0.0179420890    0.0003952155    
0.1764942100    0.0181458300    0.0003978736    
0.1767358000    0.0177195180    0.0003928949    
0.1769773900    0.0177403340    0.0003922971    
0.1772189700    0.0178376220    0.0003940633    
0.1774605600    0.0177023040    0.0003936763    
0.1777021500    0.0176312570    0.0003912266    
0.1779437400    0.0175480890    0.0003904398    
0.1781853300    0.0184554690    0.0004013956    
0.1784269200    0.0175140450    0.0003874827    
0.1786685100    0.0180991220    0.0003948612    
0.1789100900    0.0176658910    0.0003887546    
0.1791516800    0.0177100620    0.0003899155    
0.1793932700    0.0179371340    0.0003925435    
0.1796348600    0.0184235780    0.0003960458    
0.1798764500    0.0177424850    0.0003886562    
0.1801180400    0.0185640690    0.0003976899    
0.1803596200    0.0182319970    0.0003967229    
0.1806012100    0.0171026780    0.0003811907    
0.1808428000    0.0167937720    0.0003776027    
0.1810843900    0.0176778620    0.0003862226    
0.1813259800    0.0182379570    0.0003929645    
0.1815675700    0.0179900730    0.0003896183    
0.1818091600    0.0174178170    0.0003831100    
0.1820507400    0.0172222040    0.0003812126    
0.1822923300    0.0177150050    0.0003858389    
0.1825339200    0.0172406330    0.0003818076    
0.1827755100    0.0184756770    0.0003936345    
0.1830171000    0.0181806900    0.0003935620    
0.1832586900    0.0172648220    0.0003797448    
0.1835002800    0.0174338030    0.0003819860    
0.1837418600    0.0174397770    0.0003810210    
0.1839834500    0.0181653730    0.0003903149    
0.1842250400    0.0170058920    0.0003768864    
0.1844666300    0.0171965540    0.0003786098    
0.1847082200    0.0186385010    0.0003938981    
0.1849498100    0.0170913790    0.0003775775    
0.1851914000    0.0179065600    0.0003884478    
0.1854329800    0.0168494800    0.0003748960    
0.1856745700    0.0182376940    0.0003904294    
0.1859161600    0.0180647780    0.0003858445    
0.1861577500    0.0180482960    0.0003856685    
0.1863993400    0.0175319490    0.0003811293    
0.1866409300    0.0175331370    0.0003793665    
0.1868825200    0.0177122470    0.0003845041    
0.1871241000    0.0180704730    0.0003852638    
0.1873656900    0.0178495430    0.0003849531    
0.1876072800    0.0171774070    0.0003747525    
0.1878488700    0.0174980480    0.0003816570    
0.1880904600    0.0171425340    0.0003768728    
0.1883320500    0.0179838350    0.0003830686    
0.1885736300    0.0179570360    0.0003835433    
0.1888152200    0.0172165320    0.0003754275    
0.1890568100    0.0172506190    0.0003767984    
0.1892984000    0.0171420860    0.0003736265    
0.1895399900    0.0180919070    0.0003851086    
0.1897815800    0.0170098350    0.0003734144    
0.1900231700    0.0176082540    0.0003799261    
0.1902647500    0.0176213390    0.0003790631    
0.1905063400    0.0167632250    0.0003720571    
0.1907479300    0.0176154270    0.0003793751    
0.1909895200    0.0165121850    0.0003658550    
0.1912311100    0.0172139320    0.0003740392    
0.1914727000    0.0178046280    0.0003800280    
0.1917142900    0.0170781150    0.0003732977    
0.1919558700    0.0181537050    0.0003816128    
0.1921974600    0.0172168290    0.0003748107    
0.1924390500    0.0175767450    0.0003793346    
0.1926806400    0.0176168500    0.0003782670    
0.1929222300    0.0179112320    0.0003820424    
0.1931638200    0.0186309540    0.0003864711    
0.1934054100    0.0178170410    0.0003811622    
0.1936469900    0.0174671290    0.0003744485    
0.1938885800    0.0179911910    0.0003820139    
0.1941301700    0.0172085260    0.0003719079    
0.1943717600    0.0171913270    0.0003735480    
0.1946133500    0.0176700280    0.0003752791    
0.1948549400    0.0180175930    0.0003815438    
0.1950965300    0.0172969090    0.0003734692    
0.1953381100    0.0176126110    0.0003766165    
0.1955797000    0.0172532250    0.0003734849    
0.1958212900    0.0175112830    0.0003741932    
0.1960628800    0.0170505470    0.0003693572    
0.1963044700    0.0174102650    0.0003726306    
0.1965460600    0.0178902260    0.0003808155    
0.1967876400    0.0171652620    0.0003691668    
0.1970292300    0.0177631940    0.0003759038    
0.1972708200    0.0179166500    0.0003792361    
0.1975124100    0.0166508140    0.0003653568    
0.1977540000    0.0185708100    0.0003857218    
0.1979955900    0.0174106010    0.0003732367    
0.1982371800    0.0174898430    0.0003749354    
0.1984787600    0.0176193640    0.0003721109    
0.1987203500    0.0176961220    0.0003750728    
0.1989619400    0.0178701520    0.0003771552    
0.1992035300    0.0175317790    0.0003728478    
0.1994451200    0.0179115770    0.0003771067    
0.1996867100    0.0176213650    0.0003733206    
0.1999283000    0.0174352060    0.0003720582    
0.2001698800    0.0179736310    0.0003782456    
0.2004114700    0.0172137110    0.0003712404    
0.2006530600    0.0175145860    0.0003714755    
0.2008946500    0.0179966960    0.0003773962    
0.2011362400    0.0170941770    0.0003653636    
0.2013778300    0.0167206480    0.0003643543    
0.2016194200    0.0173926490    0.0003688892    
0.2018610000    0.0176394950    0.0003730356    
0.2021025900    0.0179973940    0.0003771622    
0.2023441800    0.0179136680    0.0003753252    
0.2025857700    0.0173412520    0.0003696327    
0.2028273600    0.0179230890    0.0003773491    
0.2030689500    0.0181443820    0.0003783365    
0.2033105400    0.0172675890    0.0003669804    
0.2035521200    0.0179765780    0.0003759836    
0.2037937100    0.0178647100    0.0003742173    
0.2040353000    0.0182278180    0.0003788429    
0.2042768900    0.0179055210    0.0003741702    
0.2045184800    0.0177594910    0.0003711186    
0.2047600700    0.0173742570    0.0003697487    
0.2050016500    0.0179278310    0.0003759521    
0.2052432400    0.0176024510    0.0003721690    
0.2054848300    0.0183008400    0.0003779198    
0.2057264200    0.0175152510    0.0003720758    
0.2059680100    0.0187903160    0.0003812592    
0.2062096000    0.0175262470    0.0003694857    
0.2064511900    0.0175300760    0.0003688295    
0.2066927700    0.0177872800    0.0003731689    
0.2069343600    0.0182499280    0.0003775129    
0.2071759500    0.0181993850    0.0003768708    
0.2074175400    0.0185271810    0.0003800098    
0.2076591300    0.0177774390    0.0003716560    
0.2079007200    0.0172402760    0.0003689079    
0.2081423100    0.0183491320    0.0003769927    
0.2083838900    0.0185622190    0.0003800097    
0.2086254800    0.0180042800    0.0003748452    
0.2088670700    0.0174511050    0.0003682290    
0.2091086600    0.0177369030    0.0003725221    
0.2093502500    0.0179646420    0.0003733731    
0.2095918400    0.0182368610    0.0003782149    
0.2098334300    0.0176832230    0.0003717227    
0.2100750100    0.0180237610    0.0003764767    
0.2103166000    0.0174673130    0.0003709738    
0.2105581900    0.0176154370    0.0003697264    
0.2107997800    0.0174400150    0.0003699771    
0.2110413700    0.0175876770    0.0003695510    
0.2112829600    0.0174719350    0.0003709047    
0.2115245400    0.0179921480    0.0003735416    
0.2117661300    0.0178359300    0.0003742719    
0.2120077200    0.0180098650    0.0003743130    
0.2122493100    0.0171133570    0.0003681356    
0.2124909000    0.0178316900    0.0003732800    
0.2127324900    0.0183962650    0.0003816850    
0.2129740800    0.0181998180    0.0003766375    
0.2132156600    0.0182309960    0.0003769600    
0.2134572500    0.0177731000    0.0003736121    
0.2136988400    0.0179309530    0.0003750293    
0.2139404300    0.0177507420    0.0003712602    
0.2141820200    0.0180179010    0.0003756992    
0.2144236100    0.0176012530    0.0003723934    
0.2146652000    0.0178944210    0.0003750042    
0.2149067800    0.0184376120    0.0003789706    
0.2151483700    0.0179567860    0.0003796607    
0.2153899600    0.0173164610    0.0003775168    
0.2156315500    0.0176238140    0.0003845832    
0.2158731400    0.0174942960    0.0003846062    
0.2161147300    0.0171037330    0.0003850591    
0.2163563200    0.0180157140    0.0003961651    
0.2165979000    0.0178353680    0.0003971267    
0.2168394900    0.0181177210    0.0004005445    
0.2170810800    0.0179767510    0.0004034883    
0.2173226700    0.0188457120    0.0004128228    
0.2175642600    0.0174181340    0.0003990747    
0.2178058500    0.0178058490    0.0004049923    
0.2180474400    0.0177009740    0.0004057680    
0.2182890200    0.0172857930    0.0004041871    
0.2185306100    0.0178570370    0.0004081675    
0.2187722000    0.0175572670    0.0004098631    
0.2190137900    0.0180709800    0.0004150138    
0.2192553800    0.0165569120    0.0004009748    
0.2194969700    0.0174542750    0.0004091345    
0.2197385500    0.0177707460    0.0004102884    
0.2199801400    0.0176293100    0.0004043377    
0.2202217300    0.0176467860    0.0004006496    
0.2204633200    0.0166506500    0.0003873292    
0.2207049100    0.0172532250    0.0003917143    
0.2209465000    0.0177423620    0.0003972281    
0.2211880900    0.0176006630    0.0003936612    
0.2214296700    0.0164092980    0.0003795643    
0.2216712600    0.0163628120    0.0003784890    
0.2219128500    0.0170889470    0.0003857049    
0.2221544400    0.0169337950    0.0003858568    
0.2223960300    0.0171760020    0.0003866861    
0.2226376200    0.0169511160    0.0003871571    
0.2228792100    0.0167786590    0.0003823218    
0.2231207900    0.0168570630    0.0003832141    
0.2233623800    0.0174803560    0.0003877827    
0.2236039700    0.0170723610    0.0003848407    
0.2238455600    0.0167516340    0.0003793498    
0.2240871500    0.0169824530    0.0003826197    
0.2243287400    0.0165507120    0.0003757646    
0.2245703300    0.0171336920    0.0003848568    
0.2248119100    0.0163790160    0.0003757604    
0.2250535000    0.0172635130    0.0003856384    
0.2252950900    0.0169628150    0.0003837387    
0.2255366800    0.0170561110    0.0003811957    
0.2257782700    0.0165994600    0.0003769685    
0.2260198600    0.0172589740    0.0003830601    
0.2262614500    0.0167118570    0.0003768101    
0.2265030300    0.0180979470    0.0003915874    
0.2267446200    0.0172878030    0.0003841734    
0.2269862100    0.0169259620    0.0003775334    
0.2272278000    0.0172134480    0.0003817677    
0.2274693900    0.0167377210    0.0003753003    
0.2277109800    0.0171335360    0.0003831175    
0.2279525600    0.0164908710    0.0003723958    
0.2281941500    0.0174992370    0.0003845290    
0.2284357400    0.0168953660    0.0003773205    
0.2286773300    0.0164598370    0.0003737014    
0.2289189200    0.0169126820    0.0003764887    
0.2291605100    0.0167792140    0.0003771801    
0.2294021000    0.0174831830    0.0003834363    
0.2296436800    0.0167193120    0.0003783270    
0.2298852700    0.0170479270    0.0003783760    
0.2301268600    0.0167853640    0.0003793363    
0.2303684500    0.0170303710    0.0003798622    
0.2306100400    0.0169667410    0.0003796727    
0.2308516300    0.0179800990    0.0003900431    
0.2310932200    0.0168500690    0.0003795407    
0.2313348000    0.0166715590    0.0003757105    
0.2315763900    0.0172573750    0.0003826478    
0.2318179800    0.0164396280    0.0003752792    
0.2320595700    0.0165249430    0.0003746969    
0.2323011600    0.0176023800    0.0003879209    
0.2325427500    0.0166961870    0.0003778037    
0.2327843400    0.0168327860    0.0003807972    
0.2330259200    0.0166855310    0.0003757393    
0.2332675100    0.0168076990    0.0003776296    
0.2335091000    0.0172741210    0.0003841540    
0.2337506900    0.0162006140    0.0003701125    
0.2339922800    0.0160319030    0.0003703397    
0.2342338700    0.0169740940    0.0003804092    
0.2344754600    0.0173117320    0.0003853718    
0.2347170400    0.0168755750    0.0003783913    
0.2349586300    0.0168547380    0.0003790694    
0.2352002200    0.0161761610    0.0003744723    
0.2354418100    0.0172106370    0.0003839786    
0.2356834000    0.0170670480    0.0003821087    
0.2359249900    0.0169246610    0.0003781634    
0.2361665700    0.0165483690    0.0003771723    
0.2364081600    0.0164682920    0.0003741827    
0.2366497500    0.0163506480    0.0003749123    
0.2368913400    0.0164114170    0.0003740509    
0.2371329300    0.0162810350    0.0003748963    
0.2373745200    0.0170907030    0.0003826383    
0.2376161100    0.0163453940    0.0003742021    
0.2378576900    0.0167613870    0.0003802538    
0.2380992800    0.0162094610    0.0003718705    
0.2383408700    0.0172259460    0.0003844158    
0.2385824600    0.0165561960    0.0003753091    
0.2388240500    0.0166112310    0.0003776255    
0.2390656400    0.0164080100    0.0003754389    
0.2393072300    0.0160780890    0.0003706164    
0.2395488100    0.0168508330    0.0003799437    
0.2397904000    0.0169221090    0.0003819393    
0.2400319900    0.0165199220    0.0003779007    
0.2402735800    0.0171124020    0.0003851567    
0.2405151700    0.0172081050    0.0003855568    
0.2407567600    0.0166471730    0.0003765982    
0.2409983500    0.0164451320    0.0003763868    
0.2412399300    0.0170007430    0.0003811021    
0.2414815200    0.0170418740    0.0003839584    
0.2417231100    0.0164342840    0.0003737962    
0.2419647000    0.0171750020    0.0003855902    
0.2422062900    0.0171270280    0.0003845131    
0.2424478800    0.0173808770    0.0003874875    
0.2426894600    0.0161916640    0.0003758396    
0.2429310500    0.0167263700    0.0003794594    
0.2431726400    0.0160325760    0.0003712478    
0.2434142300    0.0167895890    0.0003784666    
0.2436558200    0.0169931860    0.0003846227    
0.2438974100    0.0167560300    0.0003784801    
0.2441390000    0.0161920350    0.0003737397    
0.2443805800    0.0165170160    0.0003777354    
0.2446221700    0.0168114190    0.0003814870    
0.2448637600    0.0157459130    0.0003701081    
0.2451053500    0.0163190140    0.0003746798    
0.2453469400    0.0163682450    0.0003792239    
0.2455885300    0.0161899760    0.0003731955    
0.2458301200    0.0163779220    0.0003777286    
0.2460717000    0.0166396280    0.0003776860    
0.2463132900    0.0163736480    0.0003750455    
0.2465548800    0.0171658530    0.0003861641    
0.2467964700    0.0167780220    0.0003800448    
0.2470380600    0.0169618050    0.0003833237    
0.2472796500    0.0166555970    0.0003797149    
0.2475212400    0.0163831700    0.0003788586    
0.2477628200    0.0167434830    0.0003838190    
0.2480044100    0.0162066050    0.0003737775    
0.2482460000    0.0175032710    0.0003885780    
0.2484875900    0.0167743150    0.0003813329    
0.2487291800    0.0168089900    0.0003817269    
0.2489707700    0.0165025910    0.0003773068    
0.2492123600    0.0171372210    0.0003867945    
0.2494539400    0.0176299750    0.0003914873    
0.2496955300    0.0165929660    0.0003804685    
0.2499371200    0.0162861050    0.0003756110    
0.2501787100    0.0161695790    0.0003783976    
0.2504203000    0.0161654920    0.0003738248    
0.2506618900    0.0158583850    0.0003682027    
0.2509034700    0.0170603890    0.0003845709    
0.2511450600    0.0168452840    0.0003814705    
0.2513866500    0.0169801770    0.0003839351    
0.2516282400    0.0171045490    0.0003826607    
0.2518698300    0.0167075380    0.0003803065    
0.2521114200    0.0164106740    0.0003759923    
0.2523530100    0.0167014600    0.0003799714    
0.2525945900    0.0167749480    0.0003798778    
0.2528361800    0.0175300760    0.0003912028    
0.2530777700    0.0168968100    0.0003805935    
0.2533193600    0.0162885510    0.0003732922    
0.2535609500    0.0160833220    0.0003722233    
0.2538025400    0.0162270760    0.0003737529    
0.2540441300    0.0164422890    0.0003762232    
0.2542857100    0.0155919050    0.0003659830    
0.2545273000    0.0169020470    0.0003830508    
0.2547688900    0.0166277950    0.0003770291    
0.2550104800    0.0170756690    0.0003850131    
0.2552520700    0.0174273170    0.0003904684    
0.2554936600    0.0163423440    0.0003744267    
0.2557352500    0.0168311300    0.0003814436    
0.2559768300    0.0162195660    0.0003728882    
0.2562184200    0.0164478350    0.0003773392    
0.2564600100    0.0162227830    0.0003726668    
0.2567016000    0.0164188900    0.0003772713    
0.2569431900    0.0165340770    0.0003771406    
0.2571847800    0.0165911250    0.0003772659    
0.2574263700    0.0166975260    0.0003790001    
0.2576679500    0.0168884770    0.0003819593    
0.2579095400    0.0164305220    0.0003771406    
0.2581511300    0.0163111270    0.0003738096    
0.2583927200    0.0161917960    0.0003720532    
0.2586343100    0.0166948650    0.0003766185    
0.2588759000    0.0166462520    0.0003788134    
0.2591174800    0.0160525830    0.0003690493    
0.2593590700    0.0166043230    0.0003757250    
0.2596006600    0.0165052910    0.0003758977    
0.2598422500    0.0164796030    0.0003759959    
0.2600838400    0.0171210290    0.0003835096    
0.2603254300    0.0160037900    0.0003720806    
0.2605670200    0.0162018360    0.0003730726    
0.2608086000    0.0176634050    0.0003864606    
0.2610501900    0.0163600110    0.0003738516    
0.2612917800    0.0156411700    0.0003664334    
0.2615333700    0.0164796140    0.0003752156    
0.2617749600    0.0166396280    0.0003776860    
0.2620165500    0.0167213380    0.0003776965    
0.2622581400    0.0162319420    0.0003744614    
0.2624997200    0.0162768600    0.0003734168    
0.2627413100    0.0169309250    0.0003845951    
0.2629829000    0.0165728390    0.0003747248    
0.2632244900    0.0164164630    0.0003759276    
0.2634660800    0.0161300780    0.0003708309    
0.2637076700    0.0166709310    0.0003779100    
0.2639492600    0.0160969570    0.0003713474    
0.2641908400    0.0168578450    0.0003806828    
0.2644324300    0.0163645660    0.0003757256    
0.2646740200    0.0165873200    0.0003755325    
0.2649156100    0.0162102640    0.0003752617    
0.2651572000    0.0172103040    0.0003846418    
0.2653987900    0.0166880580    0.0003807519    
0.2656403800    0.0175514080    0.0003889763    
0.2658819600    0.0165679520    0.0003763500    
0.2661235500    0.0159900610    0.0003716609    
0.2663651400    0.0171216710    0.0003828522    
0.2666067300    0.0162818760    0.0003741230    
0.2668483200    0.0170768370    0.0003826157    
0.2670899100    0.0166422880    0.0003808992    
0.2673314900    0.0161858920    0.0003721141    
0.2675730800    0.0165287610    0.0003787973    
0.2678146700    0.0162903990    0.0003771168    
0.2680562600    0.0164481240    0.0003757670    
0.2682978500    0.0161953110    0.0003735170    
0.2685394400    0.0164168740    0.0003747598    
0.2687810300    0.0162173600    0.0003744240    
0.2690226100    0.0167153290    0.0003773683    
0.2692642000    0.0156140440    0.0003694662    
0.2695057900    0.0159870720    0.0003705917    
0.2697473800    0.0164710000    0.0003762896    
0.2699889700    0.0170736050    0.0003852605    
0.2702305600    0.0165493460    0.0003799681    
0.2704721500    0.0168388870    0.0003826032    
0.2707137300    0.0167278730    0.0003784238    
0.2709553200    0.0160573880    0.0003732258    
0.2711969100    0.0166177060    0.0003787527    
0.2714385000    0.0168633110    0.0003806122    
0.2716800900    0.0157379810    0.0003691068    
0.2719216800    0.0174802120    0.0003975857    
0.2721632700    0.0160942440    0.0003841776    
0.2724048500    0.0173103480    0.0004035496    
0.2726464400    0.0160791820    0.0003960822    
0.2728880300    0.0164368580    0.0004007798    
0.2731296200    0.0166405670    0.0004055058    
0.2733712100    0.0165494100    0.0004076654    
0.2736128000    0.0163758350    0.0004110692    
0.2738543800    0.0162478730    0.0004070883    
0.2740959700    0.0160527260    0.0004085311    
0.2743375600    0.0162644770    0.0004141884    
0.2745791500    0.0169044530    0.0004240716    
0.2748207400    0.0165148230    0.0004220718    
0.2750623300    0.0168815790    0.0004267327    
0.2753039200    0.0163171970    0.0004240021    
0.2755455000    0.0158218500    0.0004162204    
0.2757870900    0.0165125400    0.0004315621    
0.2760286800    0.0168621390    0.0004339345    
0.2762702700    0.0167180360    0.0004401007    
0.2765118600    0.0165608140    0.0004206451    
0.2767534500    0.0172069270    0.0004271143    
0.2769950400    0.0167745560    0.0004183194    
0.2772366200    0.0163360270    0.0004085284    
0.2774782100    0.0159362330    0.0004039995    
0.2777198000    0.0170451440    0.0004188616    
0.2779613900    0.0163766300    0.0004095438    
0.2782029800    0.0163905280    0.0004018059    
0.2784445700    0.0167596190    0.0004097474    
0.2786861600    0.0161371410    0.0004009305    
0.2789277400    0.0163753070    0.0003993977    
0.2791693300    0.0158450190    0.0003931875    
0.2794109200    0.0165678290    0.0004039733    
0.2796525100    0.0166133790    0.0004038851    
0.2798941000    0.0170071370    0.0004040167    
0.2801356900    0.0158980010    0.0003946238    
0.2803772800    0.0156018470    0.0003943836    
0.2806188600    0.0170597310    0.0004040141    
0.2808604500    0.0164887720    0.0003950611    
0.2811020400    0.0161104620    0.0003920064    
0.2813436300    0.0163669310    0.0003969564    
0.2815852200    0.0166365920    0.0003962217    
0.2818268100    0.0166255390    0.0003982236    
0.2820683900    0.0162938540    0.0003953003    
0.2823099800    0.0168622860    0.0004018248    
0.2825515700    0.0162566750    0.0003910748    
0.2827931600    0.0166976460    0.0004011031    
0.2830347500    0.0162094470    0.0003929058    
0.2832763400    0.0160675720    0.0003892382    
0.2835179300    0.0160958600    0.0003895807    
0.2837595100    0.0161963080    0.0003930495    
0.2840011000    0.0162530080    0.0003941933    
0.2842426900    0.0160544680    0.0003878977    
0.2844842800    0.0158856830    0.0003879175    
0.2847258700    0.0161530660    0.0003917694    
0.2849674600    0.0158965320    0.0003896958    
0.2852090500    0.0161072870    0.0003903149    
0.2854506300    0.0161772310    0.0003928179    
0.2856922200    0.0161822640    0.0003916720    
0.2859338100    0.0159372730    0.0003892934    
0.2861754000    0.0164072000    0.0003928812    
0.2864169900    0.0163477200    0.0003920192    
0.2866585800    0.0164887870    0.0003955158    
0.2869001700    0.0159882400    0.0003885726    
0.2871417500    0.0165735430    0.0003951686    
0.2873833400    0.0166091530    0.0003972618    
0.2876249300    0.0155999270    0.0003854478    
0.2878665200    0.0158139070    0.0003904966    
0.2881081100    0.0163924790    0.0003906294    
0.2883497000    0.0159489470    0.0003875032    
0.2885912900    0.0165389090    0.0003944550    
0.2888328700    0.0165326750    0.0003945308    
0.2890744600    0.0165137030    0.0003934065    
0.2893160500    0.0169646620    0.0003991961    
0.2895576400    0.0165963960    0.0003969567    
0.2897992300    0.0164204050    0.0003909620    
0.2900408200    0.0162237550    0.0003894948    
0.2902824000    0.0159982420    0.0003897376    
0.2905239900    0.0160525120    0.0003887593    
0.2907655800    0.0167608820    0.0003944010    
0.2910071700    0.0169464950    0.0003965788    
0.2912487600    0.0169882300    0.0003976644    
0.2914903500    0.0167417370    0.0003937325    
0.2917319400    0.0162341210    0.0003864172    
0.2919735200    0.0167569640    0.0003937641    
0.2922151100    0.0164363700    0.0003892515    
0.2924567000    0.0162110440    0.0003872968    
0.2926982900    0.0162417070    0.0003878081    
0.2929398800    0.0167132910    0.0003954770    
0.2931814700    0.0166353040    0.0003905819    
0.2934230600    0.0163010320    0.0003877902    
0.2936646400    0.0162641510    0.0003846340    
0.2939062300    0.0154476750    0.0003783514    
0.2941478200    0.0156101480    0.0003779353    
0.2943894100    0.0158726850    0.0003829471    
0.2946310000    0.0166999820    0.0003917766    
0.2948725900    0.0159623840    0.0003838842    
0.2951141800    0.0163996820    0.0003883826    
0.2953557600    0.0164917850    0.0003921062    
0.2955973500    0.0163542650    0.0003869816    
0.2958389400    0.0158560070    0.0003803373    
0.2960805300    0.0158611720    0.0003806803    
0.2963221200    0.0159757300    0.0003813486    
0.2965637100    0.0158548190    0.0003797629    
0.2968053000    0.0161020980    0.0003818709    
0.2970468800    0.0162790120    0.0003850931    
0.2972884700    0.0166817010    0.0003886830    
0.2975300600    0.0152598620    0.0003717497    
0.2977716500    0.0158924990    0.0003807747    
0.2980132400    0.0159815130    0.0003826878    
0.2982548300    0.0163320750    0.0003838858    
0.2984964100    0.0156727340    0.0003755093    
0.2987380000    0.0166631910    0.0003880411    
0.2989795900    0.0158976590    0.0003781942    
0.2992211800    0.0160156390    0.0003791812    
0.2994627700    0.0158473640    0.0003782844    
0.2997043600    0.0159832690    0.0003808780    
0.2999459500    0.0164159520    0.0003858573    
0.3001875300    0.0163407880    0.0003844093    
0.3004291200    0.0161931880    0.0003866496    
0.3006707100    0.0151627880    0.0003689472    
0.3009123000    0.0163314130    0.0003847214    
0.3011538900    0.0157584490    0.0003753076    
0.3013954800    0.0162655880    0.0003833836    
0.3016370700    0.0159079820    0.0003788689    
0.3018786500    0.0165396090    0.0003863172    
0.3021202400    0.0156799790    0.0003760068    
0.3023618300    0.0159821670    0.0003812850    
0.3026034200    0.0166817010    0.0003886830    
0.3028450100    0.0157810810    0.0003783224    
0.3030866000    0.0163521780    0.0003855316    
0.3033281900    0.0166471670    0.0003867253    
0.3035697700    0.0166690790    0.0003879679    
0.3038113600    0.0155811720    0.0003753682    
0.3040529500    0.0158989330    0.0003777972    
0.3042945400    0.0160937250    0.0003799665    
0.3045361300    0.0160767590    0.0003821306    
0.3047777200    0.0162361860    0.0003824782    
0.3050193100    0.0167742140    0.0003890474    
0.3052608900    0.0152369060    0.0003717424    
0.3055024800    0.0162313180    0.0003885582    
0.3057440700    0.0152489590    0.0003691906    
0.3059856600    0.0161323440    0.0003805603    
0.3062272500    0.0165847260    0.0003868437    
0.3064688400    0.0155906190    0.0003760325    
0.3067104200    0.0166193200    0.0003851443    
0.3069520100    0.0158873620    0.0003784852    
0.3071936000    0.0160296470    0.0003810108    
0.3074351900    0.0161194120    0.0003824967    
0.3076767800    0.0161413220    0.0003806661    
0.3079183700    0.0164855170    0.0003886753    
0.3081599600    0.0166321360    0.0003903999    
0.3084015400    0.0162316420    0.0003813145    
0.3086431300    0.0159666400    0.0003779153    
0.3088847200    0.0169262210    0.0003915213    
0.3091263100    0.0163713380    0.0003840667    
0.3093679000    0.0163288430    0.0003841283    
0.3096094900    0.0157787970    0.0003756856    
0.3098510800    0.0161050940    0.0003834546    
0.3100926600    0.0160152380    0.0003805609    
0.3103342500    0.0160785390    0.0003813122    
0.3105758400    0.0155990360    0.0003782210    
0.3108174300    0.0159670110    0.0003788804    
0.3110590200    0.0162918610    0.0003845373    
0.3113006100    0.0162053710    0.0003805924    
0.3115422000    0.0165006150    0.0003869931    
0.3117837800    0.0161731160    0.0003817346    
0.3120253700    0.0159598330    0.0003803196    
0.3122669600    0.0160704010    0.0003794159    
0.3125085500    0.0156522790    0.0003771907    
0.3127501400    0.0155315510    0.0003750445    
0.3129917300    0.0165829650    0.0003892457    
0.3132333100    0.0156977270    0.0003777379    
0.3134749000    0.0157967000    0.0003783709    
0.3137164900    0.0162935260    0.0003828740    
0.3139580800    0.0164075420    0.0003840715    
0.3141996700    0.0160893080    0.0003806055    
0.3144412600    0.0155741220    0.0003748721    
0.3146828500    0.0167392450    0.0003894955    
0.3149244300    0.0155174890    0.0003735090    
0.3151660200    0.0159768460    0.0003809414    
0.3154076100    0.0162454360    0.0003848376    
0.3156492000    0.0156522120    0.0003792874    
0.3158907900    0.0158001810    0.0003766220    
0.3161323800    0.0151738070    0.0003692153    
0.3163739700    0.0164345130    0.0003843870    
0.3166155500    0.0164673240    0.0003867445    
0.3168571400    0.0163954280    0.0003842092    
0.3170987300    0.0155178700    0.0003746049    
0.3173403200    0.0164854760    0.0003861074    
0.3175819100    0.0154682030    0.0003748285    
0.3178235000    0.0157710760    0.0003776488    
0.3180650900    0.0164246400    0.0003872400    
0.3183066700    0.0157316080    0.0003780064    
0.3185482600    0.0160522210    0.0003819793    
0.3187898500    0.0162882340    0.0003821172    
0.3190314400    0.0159583490    0.0003797455    
0.3192730300    0.0168250950    0.0003894948    
0.3195146200    0.0160423670    0.0003808831    
0.3197562100    0.0156661420    0.0003755670    
0.3199977900    0.0157595470    0.0003773727    
0.3202393800    0.0163034370    0.0003852400    
0.3204809700    0.0154477430    0.0003755475    
0.3207225600    0.0162516830    0.0003847698    
0.3209641500    0.0154204480    0.0003746626    
0.3212057400    0.0158346800    0.0003774444    
0.3214473200    0.0159839040    0.0003794950    
0.3216889100    0.0161343260    0.0003811376    
0.3219305000    0.0157109810    0.0003776198    
0.3221720900    0.0162894020    0.0003839449    
0.3224136800    0.0163118920    0.0003826722    
0.3226552700    0.0149773820    0.0003707455    
0.3228968600    0.0165246940    0.0003867079    
0.3231384400    0.0158582200    0.0003824868    
0.3233800300    0.0163565040    0.0003836132    
0.3236216200    0.0165425290    0.0003860696    
0.3238632100    0.0158976780    0.0003791615    
0.3241048000    0.0159870210    0.0003806434    
0.3243463900    0.0160749290    0.0003815486    
0.3245879800    0.0158705490    0.0003788379    
0.3248295600    0.0157841550    0.0003775293    
0.3250711500    0.0160550500    0.0003807551    
0.3253127400    0.0161312560    0.0003827778    
0.3255543300    0.0160394500    0.0003821083    
0.3257959200    0.0162278000    0.0003864858    
0.3260375100    0.0159696340    0.0003790494    
0.3262791000    0.0163676650    0.0003851482    
0.3265206800    0.0157365400    0.0003768218    
0.3267622700    0.0150756440    0.0003699057    
0.3270038600    0.0161383230    0.0003823002    
0.3272454500    0.0160911690    0.0003811832    
0.3274870400    0.0162413140    0.0003832375    
0.3277286300    0.0157961990    0.0003793395    
0.3279702200    0.0157886230    0.0003788300    
0.3282118000    0.0158951210    0.0003829316    
0.3284533900    0.0163559520    0.0003844471    
0.3286949800    0.0170023830    0.0004058553    
0.3289365700    0.0162137260    0.0004017189    
0.3291781600    0.0156826370    0.0003984680    
0.3294197500    0.0154393560    0.0003999779    
0.3296613300    0.0157034580    0.0004075042    
0.3299029200    0.0155318230    0.0004057921    
0.3301445100    0.0167806880    0.0004278895    
0.3303861000    0.0172933170    0.0004372803    
0.3306276900    0.0160108930    0.0004239902    
0.3308692800    0.0159692580    0.0004236310    
0.3311108700    0.0166119450    0.0004356506    
0.3313524500    0.0159255170    0.0004313657    
0.3315940400    0.0157989290    0.0004290400    
0.3318356300    0.0166179560    0.0004457283    
0.3320772200    0.0163267410    0.0004422334    
0.3323188100    0.0163522950    0.0004467107    
0.3325604000    0.0167176940    0.0004510067    
0.3328019900    0.0163872120    0.0004512141    
0.3330435700    0.0160363320    0.0004417203    
0.3332851600    0.0163560390    0.0004402898    
0.3335267500    0.0157666400    0.0004188459    
0.3337683400    0.0168570630    0.0004330875    
0.3340099300    0.0152931190    0.0004097515    
0.3342515200    0.0158399620    0.0004129979    
0.3344931100    0.0163277630    0.0004149934    
0.3347346900    0.0160682760    0.0004130949    
0.3349762800    0.0161040380    0.0004114390    
0.3352178700    0.0157104990    0.0004048345    
0.3354594600    0.0156356190    0.0004018390    
0.3357010500    0.0160050100    0.0004075809    
0.3359426400    0.0160087480    0.0004090044    
0.3361842300    0.0170553280    0.0004140179    
0.3364258100    0.0158179540    0.0003980698    
0.3366674000    0.0155552400    0.0003952310    
0.3369089900    0.0167483080    0.0004086169    
0.3371505800    0.0158569230    0.0003967952    
0.3373921700    0.0153749840    0.0003916637    
0.3376337600    0.0166650840    0.0004074361    
0.3378753400    0.0158012310    0.0003968956    
0.3381169300    0.0165285390    0.0004039771    
0.3383585200    0.0164992810    0.0004080432    
0.3386001100    0.0162604320    0.0003990966    
0.3388417000    0.0152623920    0.0003880408    
0.3390832900    0.0158537300    0.0003915994    
0.3393248800    0.0158082390    0.0003939767    
0.3395664600    0.0156381270    0.0003910754    
0.3398080500    0.0154840180    0.0003886827    
0.3400496400    0.0162273460    0.0003964972    
0.3402912300    0.0151239470    0.0003821811    
0.3405328200    0.0155084980    0.0003892972    
0.3407744100    0.0159119650    0.0003944846    
0.3410160000    0.0159596240    0.0003955446    
0.3412575800    0.0163705760    0.0003962299    
0.3414991700    0.0160005000    0.0003914221    
0.3417407600    0.0159240610    0.0003915490    
0.3419823500    0.0160713490    0.0003904772    
0.3422239400    0.0154236040    0.0003841522    
0.3424655300    0.0155244030    0.0003863035    
0.3427071200    0.0167563210    0.0004000957    
0.3429487000    0.0157323890    0.0003881288    
0.3431902900    0.0158386160    0.0003911067    
0.3434318800    0.0165805720    0.0004033259    
0.3436734700    0.0161451200    0.0003907730    
0.3439150600    0.0159301180    0.0003872744    
0.3441566500    0.0159169500    0.0003894947    
0.3443982300    0.0159753090    0.0003897576    
0.3446398200    0.0162018690    0.0003914591    
0.3448814100    0.0164032190    0.0003949431    
0.3451230000    0.0162410070    0.0003934397    
0.3453645900    0.0155261740    0.0003846838    
0.3456061800    0.0158708330    0.0003874394    
0.3458477700    0.0169616030    0.0004031626    
0.3460893500    0.0160713570    0.0003919843    
0.3463309400    0.0156664990    0.0003840566    
0.3465725300    0.0158197720    0.0003860778    
0.3468141200    0.0162640880    0.0003929624    
0.3470557100    0.0155349410    0.0003830246    
0.3472973000    0.0154167310    0.0003824420    
0.3475388900    0.0158014200    0.0003848286    
0.3477804700    0.0161669480    0.0003911867    
0.3480220600    0.0164729890    0.0003950232    
0.3482636500    0.0156885820    0.0003850611    
0.3485052400    0.0157726760    0.0003898352    
0.3487468300    0.0158884150    0.0003870621    
0.3489884200    0.0159987920    0.0003882562    
0.3492300100    0.0161863510    0.0003890455    
0.3494715900    0.0156608670    0.0003853104    
0.3497131800    0.0157001060    0.0003831574    
0.3499547700    0.0150952620    0.0003778542    
0.3501963600    0.0155764890    0.0003820798    
0.3504379500    0.0169033180    0.0003990807    
0.3506795400    0.0154499470    0.0003819754    
0.3509211300    0.0163908230    0.0003941879    
0.3511627100    0.0161757090    0.0003917429    
0.3514043000    0.0154289310    0.0003798340    
0.3516458900    0.0164762000    0.0003934072    
0.3518874800    0.0161302460    0.0003883707    
0.3521290700    0.0164980590    0.0003929223    
0.3523706600    0.0157554790    0.0003848528    
0.3526122400    0.0164261440    0.0003926599    
0.3528538300    0.0161466620    0.0003898977    
0.3530954200    0.0157993650    0.0003862706    
0.3533370100    0.0157016150    0.0003843405    
0.3535786000    0.0158407010    0.0003885607    
0.3538201900    0.0160470760    0.0003869294    
0.3540617800    0.0159449900    0.0003877506    
0.3543033600    0.0162185190    0.0003886976    
0.3545449500    0.0158175450    0.0003848790    
0.3547865400    0.0161318370    0.0003875115    
0.3550281300    0.0161560770    0.0003900114    
0.3552697200    0.0163168880    0.0003910551    
0.3555113100    0.0154170560    0.0003806971    
0.3557529000    0.0156005940    0.0003832480    
0.3559944800    0.0155243960    0.0003800026    
0.3562360700    0.0162058470    0.0003931652    
0.3564776600    0.0153987430    0.0003787467    
0.3567192500    0.0162926150    0.0003900256    
0.3569608400    0.0159030970    0.0003844649    
0.3572024300    0.0159392900    0.0003863574    
0.3574440200    0.0154360060    0.0003792047    
0.3576856000    0.0161604410    0.0003893235    
0.3579271900    0.0154779650    0.0003800062    
0.3581687800    0.0157272770    0.0003845082    
0.3584103700    0.0161338900    0.0003881211    
0.3586519600    0.0160457150    0.0003903154    
0.3588935500    0.0158456400    0.0003852207    
0.3591351400    0.0157383750    0.0003842058    
0.3593767200    0.0169069160    0.0003964132    
0.3596183100    0.0156608100    0.0003809525    
0.3598599000    0.0158911350    0.0003851901    
0.3601014900    0.0159058250    0.0003856595    
0.3603430800    0.0150528610    0.0003750346    
0.3605846700    0.0153171300    0.0003778841    
0.3608262500    0.0157920480    0.0003847145    
0.3610678400    0.0158351150    0.0003845106    
0.3613094300    0.0159343070    0.0003880649    
0.3615510200    0.0160415220    0.0003865708    
0.3617926100    0.0157357940    0.0003824372    
0.3620342000    0.0156297060    0.0003820086    
0.3622757900    0.0162744130    0.0003893668    
0.3625173700    0.0158138340    0.0003841071    
0.3627589600    0.0158216670    0.0003846379    
0.3630005500    0.0160015170    0.0003859430    
0.3632421400    0.0151709340    0.0003756517    
0.3634837300    0.0152037580    0.0003776239    
0.3637253200    0.0157554790    0.0003848528    
0.3639669100    0.0156853290    0.0003842874    
0.3642084900    0.0160833930    0.0003863478    
0.3644500800    0.0153171300    0.0003778841    
0.3646916700    0.0159685530    0.0003862732    
0.3649332600    0.0160020320    0.0003845043    
0.3651748500    0.0163585340    0.0003899313    
0.3654164400    0.0162981430    0.0003908304    
0.3656580300    0.0156788950    0.0003827538    
0.3658996100    0.0162313180    0.0003885582    
0.3661412000    0.0158351150    0.0003845106    
0.3663827900    0.0155237360    0.0003845054    
0.3666243800    0.0159213960    0.0003826772    
0.3668659700    0.0159960440    0.0003855868    
0.3671075600    0.0154127760    0.0003786340    
0.3673491500    0.0160036800    0.0003851001    
0.3675907300    0.0160460880    0.0003873562    
0.3678323200    0.0160167340    0.0003849687    
0.3680739100    0.0150496120    0.0003754200    
0.3683155000    0.0161690720    0.0003879584    
0.3685570900    0.0158499520    0.0003839663    
0.3687986800    0.0153957750    0.0003808689    
0.3690402600    0.0158897710    0.0003866365    
0.3692818500    0.0162636410    0.0003877795    
0.3695234400    0.0165475730    0.0003923253    
0.3697650300    0.0155287020    0.0003792002    
0.3700066200    0.0164172030    0.0003912186    
0.3702482100    0.0165317740    0.0003909630    
0.3704898000    0.0151802360    0.0003757668    
0.3707313800    0.0156415200    0.0003822973    
0.3709729700    0.0149736350    0.0003730607    
0.3712145600    0.0156426710    0.0003834725    
0.3714561500    0.0159112880    0.0003870455    
0.3716977400    0.0160833930    0.0003863478    
0.3719393300    0.0157416770    0.0003817918    
0.3721809200    0.0157214470    0.0003819758    
0.3724225000    0.0156843250    0.0003815245    
0.3726640900    0.0154824930    0.0003792042    
0.3729056800    0.0157982730    0.0003830518    
0.3731472700    0.0160722510    0.0003856353    
0.3733888600    0.0149481240    0.0003735864    
0.3736304500    0.0155577450    0.0003818498    
0.3738720400    0.0160741690    0.0003891697    
0.3741136200    0.0155643490    0.0003812090    
0.3743552100    0.0161103970    0.0003871081    
0.3745968000    0.0152906250    0.0003758601    
0.3748383900    0.0166092030    0.0003924651    
0.3750799800    0.0159349030    0.0003845601    
0.3753215700    0.0152102840    0.0003762801    
0.3755631500    0.0150862710    0.0003738994    
0.3758047400    0.0161010960    0.0003869964    
0.3760463300    0.0161217140    0.0003878282    
0.3762879200    0.0159552980    0.0003864050    
0.3765295100    0.0156055350    0.0003836009    
0.3767711000    0.0152737890    0.0003763570    
0.3770126900    0.0154083240    0.0003777276    
0.3772542700    0.0156978770    0.0003814031    
0.3774958600    0.0160020320    0.0003845043    
0.3777374500    0.0161918860    0.0003875032    
0.3779790400    0.0148230290    0.0003717392    
0.3782206300    0.0164948740    0.0003918475    
0.3784622200    0.0155890950    0.0003802218    
0.3787038100    0.0158377400    0.0003846878    
0.3789453900    0.0157545600    0.0003842576    
0.3791869800    0.0157998680    0.0003852480    
0.3794285700    0.0162694860    0.0003881396    
0.3796701600    0.0157781100    0.0003832394    
0.3799117500    0.0154684890    0.0003781812    
0.3801533400    0.0157781100    0.0003832394    
0.3803949300    0.0158478140    0.0003817919    
0.3806365100    0.0158832120    0.0003836480    
0.3808781000    0.0158157560    0.0003826890    
0.3811196900    0.0165324470    0.0003936297    
0.3813612800    0.0151945760    0.0003756617    
0.3816028700    0.0149352820    0.0003738496    
0.3818444600    0.0158924720    0.0003847706    
0.3820860500    0.0157859770    0.0003811882    
0.3823276300    0.0162738230    0.0003870334    
0.3825692200    0.0161070280    0.0003840453    
0.3828108100    0.0150186390    0.0003702948    
0.3830524000    0.0157767720    0.0003810770    
0.3832939900    0.0162622060    0.0003863204    
0.3835355800    0.0157023900    0.0003796127    
0.3837771600    0.0151302420    0.0003718054    
0.3840187500    0.0160584170    0.0003847500    
0.3842603400    0.0161000100    0.0003859682    
0.3845019300    0.0162503570    0.0003833442    
0.3847435200    0.0157472860    0.0003780559    
0.3849851100    0.0154842630    0.0003759911    
0.3852267000    0.0156513060    0.0003874276    
0.3854682800    0.0154024620    0.0003918555    
0.3857098700    0.0160438820    0.0004045247    
0.3859514600    0.0159474070    0.0004077034    
0.3861930500    0.0151358790    0.0003995597    
0.3864346400    0.0163999060    0.0004202342    
0.3866762300    0.0152229810    0.0004077259    
0.3869178200    0.0157282420    0.0004166513    
0.3871594000    0.0161359390    0.0004270022    
0.3874009900    0.0161113040    0.0004278510    
0.3876425800    0.0154177130    0.0004216521    
0.3878841700    0.0155715080    0.0004255400    
0.3881257600    0.0153404630    0.0004249778    
0.3883673500    0.0162077540    0.0004399800    
0.3886089400    0.0160111890    0.0004398612    
0.3888505200    0.0162264470    0.0004447689    
0.3890921100    0.0158744350    0.0004423238    
0.3893337000    0.0157389870    0.0004453440    
0.3895752900    0.0151921260    0.0004391081    
0.3898168800    0.0163578310    0.0004371814    
0.3900584700    0.0152778010    0.0004147352    
0.3903000600    0.0151922060    0.0004122598    
0.3905416400    0.0150711420    0.0004065864    
0.3907832300    0.0167081490    0.0004271522    
0.3910248200    0.0151486840    0.0004053001    
0.3912664100    0.0159199080    0.0004136786    
0.3915080000    0.0162801580    0.0004163464    
0.3917495900    0.0152938920    0.0004052873    
0.3919911700    0.0158106620    0.0004127955    
0.3922327600    0.0161318450    0.0004098815    
0.3924743500    0.0158458300    0.0004077806    
0.3927159400    0.0158285610    0.0004053279    
0.3929575300    0.0161808680    0.0004125947    
0.3931991200    0.0159995230    0.0004083691    
0.3934407100    0.0161535050    0.0004096393    
0.3936822900    0.0158654160    0.0004073415    
0.3939238800    0.0160106360    0.0004097218    
0.3941654700    0.0160735460    0.0004105260    
0.3944070600    0.0158998200    0.0004091699    
0.3946486500    0.0167541120    0.0004210958    
0.3948902400    0.0159921610    0.0004084473    
0.3951318300    0.0161526740    0.0004101460    
0.3953734100    0.0163326850    0.0004131218    
0.3956150000    0.0162163900    0.0004126963    
0.3958565900    0.0161936010    0.0004111853    
0.3960981800    0.0159283710    0.0004093628    
0.3963397700    0.0154179400    0.0004037826    
0.3965813600    0.0154496650    0.0004041978    
0.3968229500    0.0155348270    0.0004067043    
0.3970645300    0.0157974770    0.0004111919    
0.3973061200    0.0158604820    0.0004100630    
0.3975477100    0.0160714540    0.0004115478    
0.3977893000    0.0154947890    0.0004056561    
0.3980308900    0.0163447550    0.0004160978    
0.3982724800    0.0153461070    0.0004037052    
0.3985140700    0.0155825170    0.0004069777    
0.3987556500    0.0162869190    0.0004167920    
0.3989972400    0.0157342260    0.0004091300    
0.3992388300    0.0154630760    0.0004080550    
0.3994804200    0.0155356890    0.0004088339    
0.3997220100    0.0143641170    0.0003953593    
0.3999636000    0.0156121600    0.0004078910    
0.4002051800    0.0162995630    0.0004187643    
0.4004467700    0.0156838930    0.0004086509    
0.4006883600    0.0162917260    0.0004193943    
0.4009299500    0.0154306970    0.0004083395    
0.4011715400    0.0154062630    0.0004085522    
0.4014131300    0.0155201410    0.0004104192    
0.4016547200    0.0168380670    0.0004303330    
0.4018963000    0.0158532770    0.0004158974    
0.4021378900    0.0162457300    0.0004245890    
0.4023794800    0.0160278490    0.0004181810    
0.4026210700    0.0155015370    0.0004118033    
0.4028626600    0.0158083770    0.0004145769    
0.4031042500    0.0154632670    0.0004116591    
0.4033458400    0.0155509400    0.0004128245    
0.4035874200    0.0148876240    0.0004070027    
0.4038290100    0.0159821020    0.0004200003    
0.4040706000    0.0156516930    0.0004163804    
0.4043121900    0.0158539570    0.0004205723    
0.4045537800    0.0162094990    0.0004264182    
0.4047953700    0.0156651500    0.0004216917    
0.4050369600    0.0154356630    0.0004138679    
0.4052785400    0.0152790630    0.0004132496    
0.4055201300    0.0157342740    0.0004191710    
0.4057617200    0.0149631500    0.0004113799    
0.4060033100    0.0152429270    0.0004125742    
0.4062449000    0.0154948770    0.0004193936    
0.4064864900    0.0151441100    0.0004138600    
0.4067280800    0.0155292140    0.0004206313    
0.4069696600    0.0162909840    0.0004326226    
0.4072112500    0.0158921490    0.0004288914    
0.4074528400    0.0143853280    0.0004090110    
0.4076944300    0.0158346630    0.0004267189    
0.4079360200    0.0157322210    0.0004239582    
0.4081776100    0.0155761570    0.0004236156    
0.4084191900    0.0171030600    0.0004447231    
0.4086607800    0.0152543120    0.0004184370    
0.4089023700    0.0150583400    0.0004192589    
0.4091439600    0.0152884200    0.0004230493    
0.4093855500    0.0165608750    0.0004413488    
0.4096271400    0.0163483940    0.0004397654    
0.4098687300    0.0162264470    0.0004447689    
0.4101103100    0.0162227430    0.0004343474    
0.4103519000    0.0158430560    0.0004331227    
0.4105934900    0.0157354040    0.0004308241    
0.4108350800    0.0145314280    0.0004162042    
0.4110766700    0.0155416280    0.0004302206    
0.4113182600    0.0161544130    0.0004403202    
0.4115598500    0.0159628540    0.0004391968    
0.4118014300    0.0156258610    0.0004362452    
0.4120430200    0.0158661820    0.0004378648    
0.4122846100    0.0161749530    0.0004460465    
0.4125262000    0.0165033790    0.0004551033    
0.4127677900    0.0155219270    0.0004335125    
0.4130093800    0.0156966130    0.0004378793    
0.4132509700    0.0157800380    0.0004396936    
0.4134925500    0.0157943110    0.0004431990    
0.4137341400    0.0160951240    0.0004460554    
0.4139757300    0.0158938030    0.0004461665    
0.4142173200    0.0156103960    0.0004399477    
0.4144589100    0.0148291550    0.0004331642    
0.4147005000    0.0164068540    0.0004546946    
0.4149420800    0.0147061140    0.0004340372    
0.4151836700    0.0155855720    0.0004447578    
0.4154252600    0.0159313770    0.0004466936    
0.4156668500    0.0163714280    0.0004494186    
0.4159084400    0.0154214650    0.0004361849    
0.4161500300    0.0153664620    0.0004341086    
0.4163916200    0.0152864190    0.0004334066    
0.4166332000    0.0153398730    0.0004318094    
0.4168747900    0.0147061260    0.0004215538    
0.4171163800    0.0156616220    0.0004391301    
0.4173579700    0.0157983910    0.0004380001    
0.4175995600    0.0149419280    0.0004325999    
0.4178411500    0.0159370860    0.0004394870    
0.4180827400    0.0145828300    0.0004218498    
0.4183243200    0.0166829690    0.0004525469    
0.4185659100    0.0165112780    0.0004515595    
0.4188075000    0.0155325000    0.0004377524    
0.4190490900    0.0153146760    0.0004377409    
0.4192906800    0.0159954800    0.0004469127    
0.4195322700    0.0162455480    0.0004540769    
0.4197738600    0.0158267170    0.0004481853    
0.4200154400    0.0154523080    0.0004470019    
0.4202570300    0.0159290110    0.0004545583    
0.4204986200    0.0154970970    0.0004453262    
0.4207402100    0.0157992960    0.0004527037    
0.4209818000    0.0150631870    0.0004401882    
0.4212233900    0.0154197770    0.0004479390    
0.4214649800    0.0152397370    0.0004464928    
0.4217065600    0.0155706660    0.0004525133    
0.4219481500    0.0155648090    0.0004538790    
0.4221897400    0.0160730700    0.0004632182    
0.4224313300    0.0153032070    0.0004554445    
0.4226729200    0.0145129170    0.0004445044    
0.4229145100    0.0156747670    0.0004632318    
0.4231560900    0.0167632070    0.0004771990    
0.4233976800    0.0149650580    0.0004516242    
0.4236392700    0.0159742530    0.0004684149    
0.4238808600    0.0151826710    0.0004581915    
0.4241224500    0.0156149640    0.0004649288    
0.4243640400    0.0161168100    0.0004760875    
0.4246056300    0.0151732840    0.0004629962    
0.4248472100    0.0166299670    0.0004872237    
0.4250888000    0.0155529280    0.0004728229    
0.4253303900    0.0161563700    0.0004893623    
0.4255719800    0.0157764820    0.0004767636    
0.4258135700    0.0159330470    0.0004799633    
0.4260551600    0.0146576180    0.0004644444    
0.4262967500    0.0165359770    0.0004912640    
0.4265383300    0.0148579890    0.0004698509    
0.4267799200    0.0156473370    0.0004845050    
0.4270215100    0.0150641340    0.0004742405    
0.4272631000    0.0165535950    0.0005023165    
0.4275046900    0.0160827010    0.0004972710    
0.4277462800    0.0169170380    0.0005154855    
0.4279878700    0.0156074280    0.0004983068    
0.4282294500    0.0157827350    0.0004953923    
0.4284710400    0.0156479070    0.0004948303    
0.4287126300    0.0150368170    0.0004878588    
0.4289542200    0.0156636560    0.0004998473    
0.4291958100    0.0155166930    0.0004997590    
0.4294374000    0.0149686550    0.0004953902    
0.4296789900    0.0157169720    0.0005059472    
0.4299205700    0.0157892230    0.0005125398    
0.4301621600    0.0143146110    0.0004930214    
0.4304037500    0.0153410170    0.0005125074    
0.4306453400    0.0153384950    0.0005182397    
0.4308869300    0.0164199420    0.0005291252    
0.4311285200    0.0149688840    0.0005083700    
0.4313701000    0.0154435530    0.0005200115    
0.4316116900    0.0150044790    0.0005158646    
0.4318532800    0.0153229820    0.0005228134    
0.4320948700    0.0155065270    0.0005293841    
0.4323364600    0.0153787260    0.0005318843    
0.4325780500    0.0142608050    0.0005152638    
0.4328196400    0.0156368840    0.0005440768    
0.4330612200    0.0156622450    0.0005530531    
0.4333028100    0.0151801920    0.0005431900    
0.4335444000    0.0152591540    0.0005428963    
0.4337859900    0.0153497810    0.0005475086    
0.4340275800    0.0159930150    0.0005633299    
0.4342691700    0.0153966700    0.0005581288    
0.4345107600    0.0152366950    0.0005593567    
0.4347523400    0.0158878770    0.0005740523    
0.4349939300    0.0156105230    0.0005738542    
0.4352355200    0.0159465650    0.0005885985    
0.4354771100    0.0154357230    0.0005842507    
0.4357187000    0.0157751920    0.0006031795    
0.4359602900    0.0159897800    0.0005984025    
0.4362018800    0.0151392780    0.0005870760    
0.4364434600    0.0160126350    0.0006082697    
0.4366850500    0.0154641490    0.0006051589    
0.4369266400    0.0161974390    0.0006290564    
0.4371682300    0.0157354980    0.0006224867    
0.4374098200    0.0156617230    0.0006305172    
0.4376514100    0.0165258370    0.0006558078    
0.4378930000    0.0150643280    0.0006348857    
0.4381345800    0.0161590950    0.0006692414    
0.4383761700    0.0150993180    0.0006596168    
0.4386177600    0.0174012480    0.0006960499    
0.4388593500    0.0153160700    0.0006627912    
0.4391009400    0.0154152520    0.0006760035    
0.4393425300    0.0161069380    0.0007003016    
0.4395841100    0.0167994320    0.0007297207    
0.4398257000    0.0147544620    0.0007002158    
0.4400672900    0.0161708190    0.0007482963    
0.4403088800    0.0143059950    0.0007244122    
0.4405504700    0.0151874110    0.0007720195    
0.4407920600    0.0159302150    0.0008226328    
0.4410336500    0.0148342160    0.0008165967    
0.4412752300    0.0166183070    0.0008674685    
0.4415168200    0.0141135250    0.0008404482    
0.4417584100    0.0164209600    0.0012308030    
0.4420000000    0.0176902290    0.0019417549    