# Diamond Light Source Ltd.
# Data extracted from: /dls/b21/data/2017/mx13440-2/processed/b21-369037_00392.dat
q(1/A)          Column          Error           
0.0040000000    0.7899520800    0.0206175810    
0.0042415885    0.8673163900    0.0203190480    
0.0044831771    0.6939165800    0.0169197630    
0.0047247656    0.5441851000    0.0145077340    
0.0049663541    0.4792507500    0.0128360500    
0.0052079426    0.3894999300    0.0119073600    
0.0054495312    0.3013710200    0.0096565505    
0.0056911197    0.2827373100    0.0088183345    
0.0059327082    0.2313055300    0.0079760526    
0.0061742967    0.2013097300    0.0071307565    
0.0064158853    0.1651042900    0.0063928636    
0.0066574738    0.1617802800    0.0059795712    
0.0068990623    0.1352428500    0.0055166709    
0.0071406509    0.1239834700    0.0051885466    
0.0073822394    0.1211286900    0.0049574673    
0.0076238279    0.1117764700    0.0046492882    
0.0078654164    0.0906288960    0.0042534248    
0.0081070050    0.1024211300    0.0042861907    
0.0083485935    0.0896469660    0.0038721592    
0.0085901820    0.0839237470    0.0037720919    
0.0088317705    0.0740990650    0.0034511375    
0.0090733591    0.0774332960    0.0035052406    
0.0093149476    0.0738177780    0.0032979351    
0.0095565361    0.0727863920    0.0032748146    
0.0097981247    0.0639459390    0.0030695033    
0.0100397130    0.0644960120    0.0029781491    
0.0102813020    0.0657688540    0.0030765372    
0.0105228900    0.0639038420    0.0028408723    
0.0107644790    0.0639459390    0.0028712574    
0.0110060670    0.0615155440    0.0027455731    
0.0112476560    0.0581216410    0.0026556456    
0.0114892440    0.0578754950    0.0026118845    
0.0117308330    0.0589641500    0.0026238702    
0.0119724210    0.0564329060    0.0025313618    
0.0122140100    0.0580921260    0.0025450623    
0.0124555980    0.0568486040    0.0024418566    
0.0126971870    0.0497295360    0.0023547618    
0.0129387760    0.0579905160    0.0024058520    
0.0131803640    0.0524975530    0.0023269131    
0.0134219530    0.0515213340    0.0022233097    
0.0136635410    0.0545345410    0.0022963184    
0.0139051300    0.0480561470    0.0021556128    
0.0141467180    0.0478440010    0.0021021447    
0.0143883070    0.0497755910    0.0021128562    
0.0146298950    0.0464572180    0.0020412130    
0.0148714840    0.0518726550    0.0021727064    
0.0151130720    0.0484380470    0.0020767641    
0.0153546610    0.0483513810    0.0019973771    
0.0155962490    0.0471490800    0.0019924123    
0.0158378380    0.0478188110    0.0019603801    
0.0160794260    0.0491850630    0.0019881883    
0.0163210150    0.0481996840    0.0019249100    
0.0165626030    0.0466319610    0.0019296443    
0.0168041920    0.0475055210    0.0018763553    
0.0170457800    0.0460560780    0.0018586720    
0.0172873690    0.0456527320    0.0018394010    
0.0175289580    0.0484080160    0.0018828536    
0.0177705460    0.0485164030    0.0018523649    
0.0180121350    0.0448739390    0.0017614562    
0.0182537230    0.0468012590    0.0017791169    
0.0184953120    0.0459415250    0.0017579036    
0.0187369000    0.0412330230    0.0016653861    
0.0189784890    0.0445941580    0.0016867060    
0.0192200770    0.0418698870    0.0016602490    
0.0194616660    0.0439432990    0.0016573529    
0.0197032540    0.0426517830    0.0016453282    
0.0199448430    0.0400495160    0.0015943461    
0.0201864310    0.0425681180    0.0016312138    
0.0204280200    0.0421166020    0.0015907221    
0.0206696080    0.0429679350    0.0015838191    
0.0209111970    0.0399344570    0.0015603684    
0.0211527850    0.0422868310    0.0015565998    
0.0213943740    0.0428289080    0.0015701840    
0.0216359620    0.0403257440    0.0015307443    
0.0218775510    0.0396627930    0.0015110321    
0.0221191400    0.0404044350    0.0014974880    
0.0223607280    0.0372394280    0.0014280669    
0.0226023170    0.0387568750    0.0015006722    
0.0228439050    0.0379797980    0.0014203639    
0.0230854940    0.0408852030    0.0014705386    
0.0233270820    0.0406585570    0.0014633335    
0.0235686710    0.0388903700    0.0014403841    
0.0238102590    0.0383573350    0.0014006118    
0.0240518480    0.0362711130    0.0013536259    
0.0242934360    0.0387419830    0.0014193964    
0.0245350250    0.0348473240    0.0013295083    
0.0247766130    0.0385329190    0.0013895326    
0.0250182020    0.0379993330    0.0013940603    
0.0252597900    0.0387866150    0.0013747551    
0.0255013790    0.0353549570    0.0013023166    
0.0257429670    0.0384783270    0.0013612654    
0.0259845560    0.0373181380    0.0013252059    
0.0262261450    0.0374155150    0.0013345672    
0.0264677330    0.0370833710    0.0013135604    
0.0267093220    0.0358463970    0.0012818646    
0.0269509100    0.0375934440    0.0013200844    
0.0271924990    0.0367645380    0.0012957797    
0.0274340870    0.0371760820    0.0013102847    
0.0276756760    0.0349852130    0.0012502695    
0.0279172640    0.0363730560    0.0012725321    
0.0281588530    0.0360876570    0.0012518670    
0.0284004410    0.0343451580    0.0012321257    
0.0286420300    0.0347056110    0.0012149394    
0.0288836180    0.0340031720    0.0012151742    
0.0291252070    0.0355046860    0.0012163705    
0.0293667950    0.0357215250    0.0012347165    
0.0296083840    0.0368381950    0.0012390026    
0.0298499720    0.0357873500    0.0012253355    
0.0300915610    0.0344212090    0.0011976670    
0.0303331490    0.0349168600    0.0011962319    
0.0305747380    0.0350138950    0.0011823352    
0.0308163270    0.0337363070    0.0011605642    
0.0310579150    0.0363639200    0.0012107861    
0.0312995040    0.0337977300    0.0011578911    
0.0315410920    0.0359118820    0.0011878595    
0.0317826810    0.0340845460    0.0011535871    
0.0320242690    0.0342177510    0.0011450534    
0.0322658580    0.0365386600    0.0012000870    
0.0325074460    0.0355685400    0.0011638382    
0.0327490350    0.0324744690    0.0011086601    
0.0329906230    0.0324979270    0.0010973770    
0.0332322120    0.0323667720    0.0011017777    
0.0334738000    0.0326392630    0.0010916203    
0.0337153890    0.0325432650    0.0010884096    
0.0339569770    0.0336250130    0.0011079818    
0.0341985660    0.0308683490    0.0010631624    
0.0344401540    0.0294613810    0.0010250925    
0.0346817430    0.0302701240    0.0010481687    
0.0349233310    0.0309775620    0.0010557125    
0.0351649200    0.0334203770    0.0010763979    
0.0354065090    0.0325368720    0.0010680751    
0.0356480970    0.0326634020    0.0010553066    
0.0358896860    0.0296690560    0.0010170422    
0.0361312740    0.0302803660    0.0010132938    
0.0363728630    0.0325097400    0.0010470682    
0.0366144510    0.0297244910    0.0010094966    
0.0368560400    0.0299434680    0.0009981156    
0.0370976280    0.0312995850    0.0010330402    
0.0373392170    0.0308077820    0.0010151509    
0.0375808050    0.0301230230    0.0009931267    
0.0378223940    0.0307123870    0.0010027950    
0.0380639820    0.0296379110    0.0009890299    
0.0383055710    0.0288788110    0.0009573233    
0.0385471590    0.0302539930    0.0009836421    
0.0387887480    0.0305870440    0.0009928975    
0.0390303360    0.0277135810    0.0009342246    
0.0392719250    0.0294651830    0.0009620723    
0.0395135140    0.0305646300    0.0009798571    
0.0397551020    0.0283454300    0.0009621066    
0.0399966910    0.0293226350    0.0009419788    
0.0402382790    0.0301584470    0.0009623947    
0.0404798680    0.0287476810    0.0009326980    
0.0407214560    0.0283952690    0.0009361643    
0.0409630450    0.0280417440    0.0009155954    
0.0412046330    0.0275069920    0.0009123493    
0.0414462220    0.0286507160    0.0009232564    
0.0416878100    0.0271573610    0.0008977947    
0.0419293990    0.0291058150    0.0009283313    
0.0421709870    0.0279282700    0.0009061127    
0.0424125760    0.0270683210    0.0008963217    
0.0426541640    0.0271710280    0.0008843416    
0.0428957530    0.0270612640    0.0008835816    
0.0431373410    0.0278618170    0.0008955127    
0.0433789300    0.0267971140    0.0008721718    
0.0436205180    0.0276637540    0.0008841374    
0.0438621070    0.0280461330    0.0008922663    
0.0441036960    0.0277202680    0.0008850400    
0.0443452840    0.0270617180    0.0008675588    
0.0445868730    0.0258887380    0.0008572618    
0.0448284610    0.0273836470    0.0008707493    
0.0450700500    0.0260264610    0.0008778508    
0.0453116380    0.0285614620    0.0009218172    
0.0455532270    0.0249737160    0.0008868426    
0.0457948150    0.0265752080    0.0009136745    
0.0460364040    0.0273738290    0.0009296640    
0.0462779920    0.0259257900    0.0009189153    
0.0465195810    0.0266097620    0.0009309577    
0.0467611690    0.0243264860    0.0008936558    
0.0470027580    0.0272482910    0.0009458020    
0.0472443460    0.0251635420    0.0009275405    
0.0474859350    0.0257874330    0.0009275095    
0.0477275230    0.0254992560    0.0009298622    
0.0479691120    0.0261813400    0.0009435100    
0.0482107000    0.0253426300    0.0009373310    
0.0484522890    0.0253018160    0.0009313727    
0.0486938780    0.0257962420    0.0009470098    
0.0489354660    0.0257671720    0.0009491460    
0.0491770550    0.0255402200    0.0009558187    
0.0494186430    0.0252002010    0.0009307907    
0.0496602320    0.0248832050    0.0008990668    
0.0499018200    0.0238692220    0.0008681152    
0.0501434090    0.0247838260    0.0008702778    
0.0503849970    0.0264913900    0.0008910018    
0.0506265860    0.0238080350    0.0008386023    
0.0508681740    0.0236999360    0.0008327309    
0.0511097630    0.0247242820    0.0008465433    
0.0513513510    0.0248929580    0.0008339455    
0.0515929400    0.0240897180    0.0008336591    
0.0518345280    0.0238313050    0.0008159684    
0.0520761170    0.0234670120    0.0008190044    
0.0523177050    0.0232465460    0.0007908636    
0.0525592940    0.0250605870    0.0008367487    
0.0528008830    0.0243027260    0.0008025467    
0.0530424710    0.0244065080    0.0008068542    
0.0532840600    0.0231962920    0.0007823915    
0.0535256480    0.0244102040    0.0008026026    
0.0537672370    0.0230926700    0.0007740681    
0.0540088250    0.0234244070    0.0007812477    
0.0542504140    0.0230452390    0.0007781824    
0.0544920020    0.0234871810    0.0007790206    
0.0547335910    0.0232762200    0.0007699089    
0.0549751790    0.0234903450    0.0007702788    
0.0552167680    0.0230828010    0.0007643479    
0.0554583560    0.0223769530    0.0007442464    
0.0556999450    0.0240643090    0.0007694918    
0.0559415330    0.0225823650    0.0007506632    
0.0561831220    0.0220137750    0.0007337925    
0.0564247100    0.0229052820    0.0007462944    
0.0566662990    0.0216892660    0.0007233775    
0.0569078870    0.0232523230    0.0007563981    
0.0571494760    0.0226543060    0.0007392953    
0.0573910650    0.0217585430    0.0007134907    
0.0576326530    0.0224964910    0.0007310377    
0.0578742420    0.0226944390    0.0007328417    
0.0581158300    0.0235457900    0.0007394253    
0.0583574190    0.0223473420    0.0007190139    
0.0585990070    0.0229283570    0.0007324195    
0.0588405960    0.0224923750    0.0007240552    
0.0590821840    0.0225799210    0.0007187268    
0.0593237730    0.0238330710    0.0007404575    
0.0595653610    0.0243360770    0.0007510276    
0.0598069500    0.0218698220    0.0006964770    
0.0600485380    0.0202914010    0.0006745090    
0.0602901270    0.0224172050    0.0007096042    
0.0605317150    0.0218202050    0.0006963107    
0.0607733040    0.0218463000    0.0006936207    
0.0610148920    0.0215255480    0.0006922150    
0.0612564810    0.0215543150    0.0006895836    
0.0614980690    0.0222865950    0.0006944246    
0.0617396580    0.0222417380    0.0007094013    
0.0619812470    0.0218623740    0.0007026833    
0.0622228350    0.0215643320    0.0006934622    
0.0624644240    0.0216536130    0.0006899415    
0.0627060120    0.0217819810    0.0006975817    
0.0629476010    0.0218118370    0.0007025119    
0.0631891890    0.0215362360    0.0006936354    
0.0634307780    0.0206351030    0.0006759253    
0.0636723660    0.0224768500    0.0007048147    
0.0639139550    0.0211636030    0.0006826969    
0.0641555430    0.0214973930    0.0006808293    
0.0643971320    0.0213898120    0.0006857259    
0.0646387200    0.0215319510    0.0006755174    
0.0648803090    0.0208289680    0.0006701611    
0.0651218970    0.0211874700    0.0006627560    
0.0653634860    0.0221432280    0.0006827050    
0.0656050740    0.0222193030    0.0006821388    
0.0658466630    0.0206069910    0.0006536141    
0.0660882520    0.0211434150    0.0006604093    
0.0663298400    0.0223731450    0.0006804782    
0.0665714290    0.0218640200    0.0006693416    
0.0668130170    0.0207308610    0.0006539346    
0.0670546060    0.0210219260    0.0006547013    
0.0672961940    0.0208906250    0.0006499819    
0.0675377830    0.0203159850    0.0006358066    
0.0677793710    0.0212861970    0.0006550374    
0.0680209600    0.0206998700    0.0006382043    
0.0682625480    0.0209496200    0.0006425538    
0.0685041370    0.0218157750    0.0006536241    
0.0687457250    0.0202856040    0.0006389365    
0.0689873140    0.0211417890    0.0006424325    
0.0692289020    0.0203414070    0.0006301546    
0.0694704910    0.0204458090    0.0006312720    
0.0697120790    0.0213637350    0.0006432643    
0.0699536680    0.0210383220    0.0006413646    
0.0701952560    0.0209075310    0.0006388634    
0.0704368450    0.0209224040    0.0006411162    
0.0706784340    0.0203473460    0.0006383530    
0.0709200220    0.0203063360    0.0006321087    
0.0711616110    0.0209027590    0.0006408152    
0.0714031990    0.0210203140    0.0006477762    
0.0716447880    0.0211854100    0.0006534848    
0.0718863760    0.0196927730    0.0006214984    
0.0721279650    0.0205763940    0.0006293329    
0.0723695530    0.0205832930    0.0006260399    
0.0726111420    0.0204542180    0.0006279502    
0.0728527300    0.0206152400    0.0006212905    
0.0730943190    0.0204442240    0.0006229638    
0.0733359070    0.0210027720    0.0006275778    
0.0735774960    0.0196703440    0.0006096584    
0.0738190840    0.0203132190    0.0006130241    
0.0740606730    0.0203118020    0.0006143818    
0.0743022610    0.0210681940    0.0006261871    
0.0745438500    0.0199575520    0.0006067274    
0.0747854380    0.0211577190    0.0006182874    
0.0750270270    0.0204379720    0.0006126186    
0.0752686160    0.0213322290    0.0006181308    
0.0755102040    0.0205858080    0.0006081008    
0.0757517930    0.0201934540    0.0006044753    
0.0759933810    0.0203881370    0.0005978437    
0.0762349700    0.0190866400    0.0005859651    
0.0764765580    0.0200745110    0.0005953396    
0.0767181470    0.0200878220    0.0005946892    
0.0769597350    0.0198130140    0.0005860402    
0.0772013240    0.0197646380    0.0005840985    
0.0774429120    0.0190948890    0.0005713346    
0.0776845010    0.0212437280    0.0006001436    
0.0779260890    0.0207364400    0.0005966240    
0.0781676780    0.0198263170    0.0005793801    
0.0784092660    0.0208600680    0.0005955160    
0.0786508550    0.0203545440    0.0005834667    
0.0788924430    0.0191616200    0.0005715432    
0.0791340320    0.0183799730    0.0005559488    
0.0793756210    0.0209151580    0.0005946704    
0.0796172090    0.0200146900    0.0005758580    
0.0798587980    0.0200423790    0.0005817333    
0.0801003860    0.0178736120    0.0005489836    
0.0803419750    0.0188846110    0.0005563932    
0.0805835630    0.0189897200    0.0005624270    
0.0808251520    0.0196697100    0.0005716393    
0.0810667400    0.0188556760    0.0005596857    
0.0813083290    0.0190921330    0.0005565013    
0.0815499170    0.0200264280    0.0005783542    
0.0817915060    0.0194960820    0.0005668328    
0.0820330940    0.0193314300    0.0005585159    
0.0822746830    0.0190759120    0.0005562649    
0.0825162710    0.0193525540    0.0005577313    
0.0827578600    0.0198835060    0.0005671749    
0.0829994480    0.0197710810    0.0005583180    
0.0832410370    0.0195250670    0.0005613062    
0.0834826250    0.0201967740    0.0005642966    
0.0837242140    0.0197586360    0.0005570788    
0.0839658030    0.0197805120    0.0005588072    
0.0842073910    0.0196865330    0.0005557089    
0.0844489800    0.0195330850    0.0005500641    
0.0846905680    0.0193356280    0.0005432128    
0.0849321570    0.0198213420    0.0005562003    
0.0851737450    0.0195925300    0.0005461366    
0.0854153340    0.0203451510    0.0005599819    
0.0856569220    0.0197357130    0.0005477917    
0.0858985110    0.0198150370    0.0005547145    
0.0861400990    0.0192795710    0.0005414243    
0.0863816880    0.0184883620    0.0005321632    
0.0866232760    0.0198337500    0.0005556741    
0.0868648650    0.0199603550    0.0005502250    
0.0871064530    0.0196866300    0.0005481211    
0.0873480420    0.0195863230    0.0005423930    
0.0875896300    0.0201346690    0.0005512728    
0.0878312190    0.0193629570    0.0005399471    
0.0880728080    0.0201288660    0.0005488557    
0.0883143960    0.0201493980    0.0005488038    
0.0885559850    0.0192425030    0.0005382650    
0.0887975730    0.0197727900    0.0005429955    
0.0890391620    0.0209611500    0.0005594117    
0.0892807500    0.0189280970    0.0005296775    
0.0895223390    0.0199884840    0.0005430130    
0.0897639270    0.0193075480    0.0005302191    
0.0900055160    0.0198669840    0.0005391158    
0.0902471040    0.0185723260    0.0005234238    
0.0904886930    0.0188837860    0.0005231387    
0.0907302810    0.0197684320    0.0005306125    
0.0909718700    0.0197819610    0.0005402005    
0.0912134580    0.0189004180    0.0005194305    
0.0914550470    0.0189237990    0.0005264742    
0.0916966350    0.0199282360    0.0005333670    
0.0919382240    0.0191040020    0.0005240369    
0.0921798120    0.0198281620    0.0005304986    
0.0924214010    0.0206513780    0.0005413991    
0.0926629900    0.0192946380    0.0005203377    
0.0929045780    0.0189517200    0.0005210372    
0.0931461670    0.0194329950    0.0005216089    
0.0933877550    0.0192603450    0.0005201701    
0.0936293440    0.0195986960    0.0005268162    
0.0938709320    0.0188468780    0.0005154348    
0.0941125210    0.0195917110    0.0005213808    
0.0943541090    0.0189395790    0.0005126300    
0.0945956980    0.0200058740    0.0005277511    
0.0948372860    0.0190749000    0.0005127365    
0.0950788750    0.0187362770    0.0005067562    
0.0953204630    0.0191312920    0.0005140666    
0.0955620520    0.0192051210    0.0005141975    
0.0958036400    0.0189329780    0.0005080048    
0.0960452290    0.0192192210    0.0005118306    
0.0962868170    0.0195275770    0.0005182081    
0.0965284060    0.0196690330    0.0005177855    
0.0967699940    0.0199280150    0.0005211831    
0.0970115830    0.0204274530    0.0005222380    
0.0972531720    0.0196332910    0.0005136508    
0.0974947600    0.0194030210    0.0005100762    
0.0977363490    0.0190440460    0.0005034304    
0.0979779370    0.0196443860    0.0005132390    
0.0982195260    0.0198536230    0.0005162448    
0.0984611140    0.0198715940    0.0005134247    
0.0987027030    0.0197281680    0.0005121177    
0.0989442910    0.0210402770    0.0005291582    
0.0991858800    0.0193451010    0.0005057651    
0.0994274680    0.0209249010    0.0005237777    
0.0996690570    0.0213390230    0.0005253304    
0.0999106450    0.0209693280    0.0005248897    
0.1001522300    0.0207182520    0.0005176329    
0.1003938200    0.0209099960    0.0005219350    
0.1006354100    0.0213038290    0.0005246230    
0.1008770000    0.0205498820    0.0005163352    
0.1011185900    0.0212244990    0.0005247420    
0.1013601800    0.0215811040    0.0005296874    
0.1016017700    0.0223548930    0.0005354561    
0.1018433500    0.0209852990    0.0005304665    
0.1020849400    0.0213903510    0.0005429653    
0.1023265300    0.0204410460    0.0005349666    
0.1025681200    0.0223971330    0.0005571495    
0.1028097100    0.0213272090    0.0005517708    
0.1030513000    0.0223383140    0.0005666630    
0.1032928800    0.0218678270    0.0005659470    
0.1035344700    0.0231277640    0.0005742596    
0.1037760600    0.0229535660    0.0005818960    
0.1040176500    0.0218078660    0.0005695688    
0.1042592400    0.0229723490    0.0005863423    
0.1045008300    0.0220916250    0.0005715476    
0.1047424200    0.0215160690    0.0005691763    
0.1049840000    0.0211953650    0.0005676877    
0.1052255900    0.0212192710    0.0005697604    
0.1054671800    0.0203708200    0.0005548346    
0.1057087700    0.0193155130    0.0005439371    
0.1059503600    0.0194137220    0.0005473542    
0.1061919500    0.0190812850    0.0005423096    
0.1064335400    0.0194008130    0.0005333840    
0.1066751200    0.0198452910    0.0005313374    
0.1069167100    0.0195904430    0.0005264042    
0.1071583000    0.0185373850    0.0005054606    
0.1073998900    0.0199888110    0.0005231311    
0.1076414800    0.0192803220    0.0005175110    
0.1078830700    0.0182882640    0.0004968243    
0.1081246600    0.0186605750    0.0005048934    
0.1083662400    0.0186382240    0.0004983055    
0.1086078300    0.0186806830    0.0005043310    
0.1088494200    0.0182797440    0.0004924311    
0.1090910100    0.0193434380    0.0005052039    
0.1093326000    0.0189043940    0.0004967964    
0.1095741900    0.0182040200    0.0004887976    
0.1098157700    0.0182433120    0.0004844685    
0.1100573600    0.0193352260    0.0005024255    
0.1102989500    0.0194819750    0.0004998666    
0.1105405400    0.0177834030    0.0004773315    
0.1107821300    0.0190887260    0.0004968597    
0.1110237200    0.0189073360    0.0004896565    
0.1112653100    0.0192640490    0.0004993972    
0.1115068900    0.0183133920    0.0004799413    
0.1117484800    0.0184332840    0.0004807774    
0.1119900700    0.0181855660    0.0004756124    
0.1122316600    0.0182768300    0.0004784904    
0.1124732500    0.0189180370    0.0004841239    
0.1127148400    0.0186576820    0.0004803005    
0.1129564300    0.0187517200    0.0004832019    
0.1131980100    0.0190580430    0.0004847006    
0.1134396000    0.0179393040    0.0004714345    
0.1136811900    0.0189224420    0.0004829732    
0.1139227800    0.0191397540    0.0004838148    
0.1141643700    0.0185348220    0.0004726180    
0.1144059600    0.0195541160    0.0004856760    
0.1146475500    0.0192051210    0.0004839236    
0.1148891300    0.0184282250    0.0004680774    
0.1151307200    0.0190690030    0.0004812582    
0.1153723100    0.0191286030    0.0004764318    
0.1156139000    0.0192887300    0.0004823690    
0.1158554900    0.0179154130    0.0004599748    
0.1160970800    0.0188361030    0.0004764437    
0.1163386700    0.0184464000    0.0004676348    
0.1165802500    0.0184939560    0.0004677893    
0.1168218400    0.0186116540    0.0004661662    
0.1170634300    0.0190445740    0.0004720022    
0.1173050200    0.0182943580    0.0004639295    
0.1175466100    0.0184128740    0.0004641082    
0.1177882000    0.0183044500    0.0004603528    
0.1180297800    0.0194225070    0.0004744258    
0.1182713700    0.0179981260    0.0004586347    
0.1185129600    0.0188480760    0.0004667024    
0.1187545500    0.0185707070    0.0004623930    
0.1189961400    0.0180545140    0.0004550755    
0.1192377300    0.0182643260    0.0004551879    
0.1194793200    0.0186441420    0.0004592655    
0.1197209000    0.0179704640    0.0004510979    
0.1199624900    0.0178033980    0.0004481768    
0.1202040800    0.0180033870    0.0004474359    
0.1204456700    0.0188265880    0.0004627779    
0.1206872600    0.0186985110    0.0004561970    
0.1209288500    0.0179664450    0.0004504298    
0.1211704400    0.0190065730    0.0004609771    
0.1214120200    0.0178045920    0.0004445594    
0.1216536100    0.0185207480    0.0004523989    
0.1218952000    0.0188382860    0.0004538358    
0.1221367900    0.0184096880    0.0004518480    
0.1223783800    0.0187017390    0.0004523879    
0.1226199700    0.0181185980    0.0004468623    
0.1228615600    0.0182404070    0.0004479631    
0.1231031400    0.0189328450    0.0004559815    
0.1233447300    0.0183674510    0.0004489223    
0.1235863200    0.0194284360    0.0004637664    
0.1238279100    0.0190034920    0.0004536228    
0.1240695000    0.0183333590    0.0004443880    
0.1243110900    0.0192429740    0.0004550807    
0.1245526800    0.0184351250    0.0004465924    
0.1247942600    0.0180430440    0.0004383824    
0.1250358500    0.0184360270    0.0004450499    
0.1252774400    0.0187521510    0.0004478784    
0.1255190300    0.0179743200    0.0004373586    
0.1257606200    0.0182646500    0.0004425925    
0.1260022100    0.0186720140    0.0004471137    
0.1262437900    0.0182672300    0.0004407183    
0.1264853800    0.0180930050    0.0004380475    
0.1267269700    0.0186226870    0.0004421458    
0.1269685600    0.0185859630    0.0004418971    
0.1272101500    0.0180396260    0.0004353538    
0.1274517400    0.0173720220    0.0004301534    
0.1276933300    0.0186941960    0.0004396505    
0.1279349100    0.0180726370    0.0004374262    
0.1281765000    0.0192080290    0.0004499960    
0.1284180900    0.0171104090    0.0004223827    
0.1286596800    0.0183551770    0.0004387726    
0.1289012700    0.0181482280    0.0004348206    
0.1291428600    0.0188526570    0.0004441147    
0.1293844500    0.0181015990    0.0004317253    
0.1296260300    0.0183519180    0.0004367029    
0.1298676200    0.0190169930    0.0004445456    
0.1301092100    0.0177573310    0.0004274224    
0.1303508000    0.0178944210    0.0004280031    
0.1305923900    0.0186432830    0.0004412689    
0.1308339800    0.0194163630    0.0004490008    
0.1310755700    0.0184928730    0.0004363663    
0.1313171500    0.0180573750    0.0004303036    
0.1315587400    0.0185444930    0.0004355280    
0.1318003300    0.0184054840    0.0004351531    
0.1320419200    0.0181753340    0.0004288735    
0.1322835100    0.0181925290    0.0004308414    
0.1325251000    0.0180653990    0.0004291565    
0.1327666900    0.0183466580    0.0004315965    
0.1330082700    0.0182958930    0.0004309989    
0.1332498600    0.0175513900    0.0004228330    
0.1334914500    0.0181791450    0.0004324692    
0.1337330400    0.0178283650    0.0004226915    
0.1339746300    0.0183786460    0.0004302116    
0.1342162200    0.0182932680    0.0004290366    
0.1344578000    0.0188485390    0.0004369226    
0.1346993900    0.0190001830    0.0004360089    
0.1349409800    0.0184283310    0.0004318481    
0.1351825700    0.0184402860    0.0004288439    
0.1354241600    0.0180997010    0.0004255515    
0.1356657500    0.0186853060    0.0004329062    
0.1359073400    0.0184684960    0.0004330272    
0.1361489200    0.0189735180    0.0004348249    
0.1363905100    0.0186246440    0.0004304622    
0.1366321000    0.0184903920    0.0004287357    
0.1368736900    0.0182816300    0.0004263085    
0.1371152800    0.0186191040    0.0004281668    
0.1373568700    0.0187882650    0.0004318286    
0.1375984600    0.0185200710    0.0004297706    
0.1378400400    0.0184208050    0.0004279282    
0.1380816300    0.0179057810    0.0004197180    
0.1383232200    0.0175857550    0.0004181163    
0.1385648100    0.0180575480    0.0004238581    
0.1388064000    0.0188395510    0.0004298400    
0.1390479900    0.0178697970    0.0004168184    
0.1392895800    0.0179996710    0.0004224996    
0.1395311600    0.0181556440    0.0004206348    
0.1397727500    0.0184967320    0.0004245677    
0.1400143400    0.0182095240    0.0004210928    
0.1402559300    0.0181278940    0.0004243419    
0.1404975200    0.0181323030    0.0004198687    
0.1407391100    0.0186282450    0.0004259067    
0.1409806900    0.0183723370    0.0004259984    
0.1412222800    0.0181969440    0.0004197929    
0.1414638700    0.0184725870    0.0004237902    
0.1417054600    0.0188377530    0.0004246357    
0.1419470500    0.0180512950    0.0004202524    
0.1421886400    0.0183730640    0.0004198530    
0.1424302300    0.0179427420    0.0004160374    
0.1426718100    0.0188167440    0.0004268822    
0.1429134000    0.0181163820    0.0004180456    
0.1431549900    0.0183856490    0.0004221291    
0.1433965800    0.0189238340    0.0004284306    
0.1436381700    0.0186080240    0.0004220386    
0.1438797600    0.0185984000    0.0004216035    
0.1441213500    0.0178699030    0.0004139036    
0.1443629300    0.0179962940    0.0004147228    
0.1446045200    0.0177465420    0.0004121534    
0.1448461100    0.0179188380    0.0004141493    
0.1450877000    0.0186074980    0.0004194454    
0.1453292900    0.0178100430    0.0004138514    
0.1455708800    0.0186267860    0.0004209510    
0.1458124700    0.0181388380    0.0004191221    
0.1460540500    0.0183961780    0.0004153155    
0.1462956400    0.0182037270    0.0004159833    
0.1465372300    0.0186783240    0.0004200825    
0.1467788200    0.0188147450    0.0004211318    
0.1470204100    0.0178469160    0.0004106267    
0.1472620000    0.0185036800    0.0004176360    
0.1475035900    0.0184756730    0.0004166856    
0.1477451700    0.0184322760    0.0004179450    
0.1479867600    0.0186117600    0.0004174258    
0.1482283500    0.0182377520    0.0004158930    
0.1484699400    0.0175398340    0.0004061496    
0.1487115300    0.0179120540    0.0004116898    
0.1489531200    0.0184633510    0.0004129563    
0.1491947000    0.0178617320    0.0004092381    
0.1494362900    0.0182074850    0.0004111603    
0.1496778800    0.0184153840    0.0004149040    
0.1499194700    0.0184344740    0.0004144934    
0.1501610600    0.0186912420    0.0004181580    
0.1504026500    0.0184770080    0.0004135722    
0.1506442400    0.0185602370    0.0004182738    
0.1508858200    0.0182141380    0.0004127867    
0.1511274100    0.0182746570    0.0004103816    
0.1513690000    0.0185695580    0.0004136795    
0.1516105900    0.0189960460    0.0004196548    
0.1518521800    0.0189392990    0.0004184012    
0.1520937700    0.0183994380    0.0004113211    
0.1523353600    0.0188135880    0.0004162339    
0.1525769400    0.0186530240    0.0004158486    
0.1528185300    0.0190459550    0.0004197344    
0.1530601200    0.0185373240    0.0004131665    
0.1533017100    0.0185463390    0.0004154364    
0.1535433000    0.0182637490    0.0004082878    
0.1537848900    0.0181499630    0.0004068640    
0.1540264800    0.0190642300    0.0004179104    
0.1542680600    0.0179657860    0.0004053923    
0.1545096500    0.0182478330    0.0004066133    
0.1547512400    0.0189171310    0.0004159872    
0.1549928300    0.0182224230    0.0004079761    
0.1552344200    0.0175988800    0.0004004920    
0.1554760100    0.0183779780    0.0004094117    
0.1557176000    0.0181560710    0.0004084401    
0.1559591800    0.0183145030    0.0004084032    
0.1562007700    0.0180383810    0.0004029477    
0.1564423600    0.0180488830    0.0004024800    
0.1566839500    0.0185466410    0.0004120459    
0.1569255400    0.0183528050    0.0004070369    
0.1571671300    0.0195406260    0.0004201557    
0.1574087100    0.0189179300    0.0004111622    
0.1576503000    0.0186563580    0.0004129575    
0.1578918900    0.0183509450    0.0004045160    
0.1581334800    0.0186822210    0.0004105239    
0.1583750700    0.0183159690    0.0004072227    
0.1586166600    0.0187214360    0.0004213719    
0.1588582500    0.0178647430    0.0004111457    
0.1590998300    0.0190007470    0.0004289643    
0.1593414200    0.0192863480    0.0004350796    
0.1595830100    0.0187584900    0.0004314863    
0.1598246000    0.0192075070    0.0004357472    
0.1600661900    0.0181819600    0.0004280775    
0.1603077800    0.0185038810    0.0004339762    
0.1605493700    0.0181054220    0.0004299860    
0.1607909500    0.0189344020    0.0004408120    
0.1610325400    0.0190273850    0.0004446670    
0.1612741300    0.0183985420    0.0004374410    
0.1615157200    0.0188271670    0.0004443782    
0.1617573100    0.0188961850    0.0004457590    
0.1619989000    0.0182122480    0.0004411931    
0.1622404900    0.0179879390    0.0004364000    
0.1624820700    0.0184029520    0.0004458130    
0.1627236600    0.0192525410    0.0004547985    
0.1629652500    0.0184738670    0.0004449274    
0.1632068400    0.0186013830    0.0004400307    
0.1634484300    0.0182270390    0.0004287825    
0.1636900200    0.0189070680    0.0004361750    
0.1639316100    0.0179888310    0.0004227112    
0.1641731900    0.0180889260    0.0004235458    
0.1644147800    0.0185942320    0.0004260208    
0.1646563700    0.0181864750    0.0004228270    
0.1648979600    0.0187196580    0.0004254468    
0.1651395500    0.0184771030    0.0004246768    
0.1653811400    0.0182417880    0.0004194900    
0.1656227200    0.0175904120    0.0004140353    
0.1658643100    0.0178261900    0.0004135573    
0.1661059000    0.0178614060    0.0004134851    
0.1663474900    0.0182298090    0.0004148499    
0.1665890800    0.0182819480    0.0004152844    
0.1668306700    0.0173692090    0.0004068054    
0.1670722600    0.0177159430    0.0004088053    
0.1673138400    0.0177778600    0.0004093631    
0.1675554300    0.0176595700    0.0004059940    
0.1677970200    0.0181599310    0.0004135811    
0.1680386100    0.0189661760    0.0004231456    
0.1682802000    0.0180006800    0.0004097418    
0.1685217900    0.0186761170    0.0004159502    
0.1687633800    0.0182645460    0.0004108804    
0.1690049600    0.0174602280    0.0004043063    
0.1692465500    0.0186653510    0.0004127523    
0.1694881400    0.0178804430    0.0004066889    
0.1697297300    0.0183350720    0.0004106010    
0.1699713200    0.0186995800    0.0004166795    
0.1702129100    0.0182003950    0.0004072788    
0.1704545000    0.0176900660    0.0004025671    
0.1706960800    0.0184356420    0.0004126463    
0.1709376700    0.0174049230    0.0003963863    
0.1711792600    0.0177146820    0.0004013644    
0.1714208500    0.0174855930    0.0003965813    
0.1716624400    0.0182143240    0.0004072847    
0.1719040300    0.0179787830    0.0004011163    
0.1721456200    0.0179334890    0.0004022135    
0.1723872000    0.0177079670    0.0003996765    
0.1726287900    0.0175253130    0.0003971758    
0.1728703800    0.0185333080    0.0004093323    
0.1731119700    0.0177908510    0.0003990144    
0.1733535600    0.0183768830    0.0004056796    
0.1735951500    0.0182462380    0.0004019151    
0.1738367300    0.0181726070    0.0004025457    
0.1740783200    0.0182513380    0.0004015407    
0.1743199100    0.0179452330    0.0003985862    
0.1745615000    0.0182211550    0.0004007796    
0.1748030900    0.0175116200    0.0003920621    
0.1750446800    0.0182014590    0.0004041776    
0.1752862700    0.0176908940    0.0003932281    
0.1755278500    0.0185694440    0.0004085392    
0.1757694400    0.0178715080    0.0003960703    
0.1760110300    0.0181465230    0.0003998157    
0.1762526200    0.0180419940    0.0003965513    
0.1764942100    0.0185431140    0.0004024461    
0.1767358000    0.0178541000    0.0003946200    
0.1769773900    0.0181002830    0.0003964939    
0.1772189700    0.0187654170    0.0004044233    
0.1774605600    0.0178374280    0.0003954122    
0.1777021500    0.0169744140    0.0003840994    
0.1779437400    0.0176647520    0.0003919698    
0.1781853300    0.0181366630    0.0003981515    
0.1784269200    0.0183761250    0.0003971418    
0.1786685100    0.0181811450    0.0003959916    
0.1789100900    0.0180810190    0.0003935309    
0.1791516800    0.0177484360    0.0003905711    
0.1793932700    0.0185176450    0.0003990835    
0.1796348600    0.0182069480    0.0003939459    
0.1798764500    0.0175761830    0.0003870617    
0.1801180400    0.0175968260    0.0003874224    
0.1803596200    0.0177265890    0.0003914194    
0.1806012100    0.0177696130    0.0003887843    
0.1808428000    0.0180209220    0.0003913894    
0.1810843900    0.0179186620    0.0003890767    
0.1813259800    0.0182343410    0.0003931605    
0.1815675700    0.0181890050    0.0003920008    
0.1818091600    0.0176664420    0.0003860653    
0.1820507400    0.0172934940    0.0003822292    
0.1822923300    0.0180390900    0.0003895850    
0.1825339200    0.0180316200    0.0003907014    
0.1827755100    0.0174230080    0.0003824847    
0.1830171000    0.0173324050    0.0003845005    
0.1832586900    0.0171014970    0.0003781703    
0.1835002800    0.0174965540    0.0003829017    
0.1837418600    0.0172356080    0.0003790106    
0.1839834500    0.0173474390    0.0003816543    
0.1842250400    0.0175363510    0.0003829482    
0.1844666300    0.0169750990    0.0003763889    
0.1847082200    0.0179190320    0.0003864518    
0.1849498100    0.0182058440    0.0003899263    
0.1851914000    0.0168058990    0.0003765452    
0.1854329800    0.0176797120    0.0003842508    
0.1856745700    0.0174059480    0.0003816507    
0.1859161600    0.0180781360    0.0003862180    
0.1861577500    0.0178553560    0.0003838309    
0.1863993400    0.0179096190    0.0003854429    
0.1866409300    0.0176691650    0.0003810630    
0.1868825200    0.0174910830    0.0003823245    
0.1871241000    0.0176809050    0.0003813162    
0.1873656900    0.0176630930    0.0003831663    
0.1876072800    0.0174762650    0.0003782245    
0.1878488700    0.0177523430    0.0003846501    
0.1880904600    0.0177271220    0.0003834740    
0.1883320500    0.0173354560    0.0003763246    
0.1885736300    0.0178800930    0.0003829495    
0.1888152200    0.0176223590    0.0003800536    
0.1890568100    0.0174937370    0.0003796711    
0.1892984000    0.0174887210    0.0003776108    
0.1895399900    0.0176129010    0.0003802034    
0.1897815800    0.0180478890    0.0003848698    
0.1900231700    0.0177195960    0.0003813533    
0.1902647500    0.0179526500    0.0003828388    
0.1905063400    0.0177092510    0.0003826401    
0.1907479300    0.0182336520    0.0003862057    
0.1909895200    0.0176032250    0.0003779745    
0.1912311100    0.0177390270    0.0003799282    
0.1914727000    0.0174685950    0.0003766498    
0.1917142900    0.0176377240    0.0003795913    
0.1919558700    0.0177015570    0.0003770559    
0.1921974600    0.0187324230    0.0003911938    
0.1924390500    0.0180075920    0.0003841852    
0.1926806400    0.0171825400    0.0003737986    
0.1929222300    0.0172065390    0.0003746754    
0.1931638200    0.0171202070    0.0003706923    
0.1934054100    0.0172342170    0.0003751003    
0.1936469900    0.0177612730    0.0003778139    
0.1938885800    0.0179396210    0.0003816941    
0.1941301700    0.0179131250    0.0003796722    
0.1943717600    0.0178051240    0.0003803854    
0.1946133500    0.0172203580    0.0003706948    
0.1948549400    0.0181119490    0.0003827702    
0.1950965300    0.0177293460    0.0003783350    
0.1953381100    0.0177949380    0.0003787872    
0.1955797000    0.0180590380    0.0003823357    
0.1958212900    0.0173400960    0.0003725823    
0.1960628800    0.0172471790    0.0003717030    
0.1963044700    0.0178942160    0.0003780000    
0.1965460600    0.0173435180    0.0003751759    
0.1967876400    0.0169552720    0.0003671211    
0.1970292300    0.0182224820    0.0003809601    
0.1972708200    0.0171826250    0.0003716085    
0.1975124100    0.0182679750    0.0003829167    
0.1977540000    0.0174460000    0.0003740815    
0.1979955900    0.0179601370    0.0003793079    
0.1982371800    0.0173900550    0.0003740878    
0.1984787600    0.0183800480    0.0003802859    
0.1987203500    0.0171521830    0.0003694841    
0.1989619400    0.0176524420    0.0003750748    
0.1992035300    0.0172272580    0.0003698165    
0.1994451200    0.0176468380    0.0003745333    
0.1996867100    0.0176899550    0.0003742701    
0.1999283000    0.0167406490    0.0003647901    
0.2001698800    0.0181067040    0.0003798702    
0.2004114700    0.0175469240    0.0003750404    
0.2006530600    0.0174408770    0.0003709146    
0.2008946500    0.0183430900    0.0003812387    
0.2011362400    0.0183733980    0.0003790142    
0.2013778300    0.0177978690    0.0003761326    
0.2016194200    0.0172881200    0.0003679990    
0.2018610000    0.0173525610    0.0003702104    
0.2021025900    0.0175441150    0.0003726050    
0.2023441800    0.0178012520    0.0003743693    
0.2025857700    0.0178826180    0.0003755825    
0.2028273600    0.0177297660    0.0003755329    
0.2030689500    0.0178422560    0.0003753977    
0.2033105400    0.0176396310    0.0003711345    
0.2035521200    0.0179508420    0.0003759390    
0.2037937100    0.0174701240    0.0003702827    
0.2040353000    0.0176741480    0.0003732679    
0.2042768900    0.0178877970    0.0003742086    
0.2045184800    0.0178972020    0.0003727775    
0.2047600700    0.0178362180    0.0003748561    
0.2050016500    0.0179729560    0.0003766500    
0.2052432400    0.0177259230    0.0003736953    
0.2054848300    0.0180570710    0.0003756188    
0.2057264200    0.0180030950    0.0003774474    
0.2059680100    0.0178369130    0.0003716830    
0.2062096000    0.0165801650    0.0003595897    
0.2064511900    0.0187786080    0.0003819663    
0.2066927700    0.0176517910    0.0003719672    
0.2069343600    0.0176071880    0.0003710272    
0.2071759500    0.0182289680    0.0003774024    
0.2074175400    0.0182606070    0.0003774916    
0.2076591300    0.0176042250    0.0003700621    
0.2079007200    0.0170633150    0.0003672291    
0.2081423100    0.0181617010    0.0003752866    
0.2083838900    0.0183118090    0.0003776634    
0.2086254800    0.0175960720    0.0003707930    
0.2088670700    0.0187555390    0.0003819715    
0.2091086600    0.0174761200    0.0003699945    
0.2093502500    0.0174811210    0.0003685344    
0.2095918400    0.0178110430    0.0003739968    
0.2098334300    0.0172036770    0.0003668670    
0.2100750100    0.0179272230    0.0003756916    
0.2103166000    0.0179299480    0.0003760792    
0.2105581900    0.0175432760    0.0003691890    
0.2107997800    0.0169186610    0.0003646229    
0.2110413700    0.0176942320    0.0003708904    
0.2112829600    0.0176583810    0.0003731014    
0.2115245400    0.0177962630    0.0003717248    
0.2117661300    0.0179830750    0.0003760373    
0.2120077200    0.0179768850    0.0003741938    
0.2122493100    0.0183548410    0.0003814829    
0.2124909000    0.0180486050    0.0003757680    
0.2127324900    0.0176095470    0.0003736577    
0.2129740800    0.0175660790    0.0003702432    
0.2132156600    0.0179874780    0.0003746578    
0.2134572500    0.0179594860    0.0003757905    
0.2136988400    0.0182743820    0.0003788301    
0.2139404300    0.0174843270    0.0003686839    
0.2141820200    0.0176316040    0.0003718722    
0.2144236100    0.0178905060    0.0003756653    
0.2146652000    0.0175460220    0.0003715577    
0.2149067800    0.0178357660    0.0003729569    
0.2151483700    0.0178978980    0.0003792643    
0.2153899600    0.0185319900    0.0003907755    
0.2156315500    0.0183758980    0.0003929381    
0.2158731400    0.0180316200    0.0003907014    
0.2161147300    0.0171241920    0.0003855197    
0.2163563200    0.0182640380    0.0003991246    
0.2165979000    0.0173343690    0.0003917434    
0.2168394900    0.0180684660    0.0004002388    
0.2170810800    0.0182702680    0.0004070122    
0.2173226700    0.0174739590    0.0003977523    
0.2175642600    0.0174389690    0.0003995520    
0.2178058500    0.0180300430    0.0004077776    
0.2180474400    0.0177593980    0.0004066801    
0.2182890200    0.0175524880    0.0004075367    
0.2185306100    0.0172992640    0.0004019825    
0.2187722000    0.0176549040    0.0004112469    
0.2190137900    0.0178254060    0.0004124307    
0.2192553800    0.0176267370    0.0004139740    
0.2194969700    0.0170334740    0.0004044142    
0.2197385500    0.0169479260    0.0004009168    
0.2199801400    0.0171490190    0.0003990303    
0.2202217300    0.0169848570    0.0003932987    
0.2204633200    0.0173020280    0.0003950688    
0.2207049100    0.0169087960    0.0003880165    
0.2209465000    0.0173718070    0.0003932931    
0.2211880900    0.0177451300    0.0003955099    
0.2214296700    0.0169739200    0.0003862700    
0.2216712600    0.0171624990    0.0003878593    
0.2219128500    0.0178066630    0.0003939566    
0.2221544400    0.0170860920    0.0003878198    
0.2223960300    0.0171355360    0.0003864612    
0.2226376200    0.0171218950    0.0003893351    
0.2228792100    0.0165806770    0.0003802868    
0.2231207900    0.0178279340    0.0003943307    
0.2233623800    0.0164074370    0.0003759181    
0.2236039700    0.0170493550    0.0003848113    
0.2238455600    0.0169350880    0.0003816494    
0.2240871500    0.0168387810    0.0003812256    
0.2243287400    0.0172623710    0.0003839877    
0.2245703300    0.0176561760    0.0003909143    
0.2248119100    0.0170200290    0.0003832718    
0.2250535000    0.0168356710    0.0003810575    
0.2252950900    0.0171395510    0.0003859633    
0.2255366800    0.0178441880    0.0003901359    
0.2257782700    0.0170992960    0.0003828307    
0.2260198600    0.0164198940    0.0003738559    
0.2262614500    0.0169785290    0.0003800317    
0.2265030300    0.0170507420    0.0003803166    
0.2267446200    0.0172828400    0.0003843479    
0.2269862100    0.0166342630    0.0003744898    
0.2272278000    0.0170814500    0.0003805285    
0.2274693900    0.0170357740    0.0003788535    
0.2277109800    0.0173856100    0.0003861562    
0.2279525600    0.0167884400    0.0003759653    
0.2281941500    0.0164034810    0.0003725179    
0.2284357400    0.0168987030    0.0003775834    
0.2286773300    0.0174309210    0.0003847970    
0.2289189200    0.0172937230    0.0003809338    
0.2291605100    0.0171643020    0.0003817118    
0.2294021000    0.0166705670    0.0003746431    
0.2296436800    0.0174078550    0.0003862694    
0.2298852700    0.0175728010    0.0003843863    
0.2301268600    0.0167711110    0.0003794019    
0.2303684500    0.0169404640    0.0003790847    
0.2306100400    0.0169189850    0.0003793647    
0.2308516300    0.0169511590    0.0003789447    
0.2310932200    0.0161940460    0.0003723015    
0.2313348000    0.0168101810    0.0003774948    
0.2315763900    0.0169127500    0.0003790344    
0.2318179800    0.0170596840    0.0003825195    
0.2320595700    0.0165276970    0.0003749522    
0.2323011600    0.0172468300    0.0003842127    
0.2325427500    0.0172468300    0.0003842127    
0.2327843400    0.0164734280    0.0003769357    
0.2330259200    0.0168240890    0.0003775217    
0.2332675100    0.0169297390    0.0003792247    
0.2335091000    0.0165763070    0.0003765398    
0.2337506900    0.0165416840    0.0003742118    
0.2339922800    0.0159311680    0.0003693951    
0.2342338700    0.0172163240    0.0003833429    
0.2344754600    0.0175557520    0.0003883104    
0.2347170400    0.0164965150    0.0003743412    
0.2349586300    0.0168663640    0.0003794268    
0.2352002200    0.0173238150    0.0003877602    
0.2354418100    0.0170082220    0.0003819421    
0.2356834000    0.0176527620    0.0003888425    
0.2359249900    0.0168264690    0.0003772903    
0.2361665700    0.0169296510    0.0003817208    
0.2364081600    0.0162326270    0.0003717179    
0.2366497500    0.0166025910    0.0003780156    
0.2368913400    0.0164310480    0.0003744983    
0.2371329300    0.0171648000    0.0003851671    
0.2373745200    0.0169996450    0.0003818458    
0.2376161100    0.0165965250    0.0003772912    
0.2378576900    0.0163150460    0.0003753810    
0.2380992800    0.0167498810    0.0003782448    
0.2383408700    0.0165336710    0.0003768373    
0.2385824600    0.0168230220    0.0003785476    
0.2388240500    0.0169491120    0.0003816748    
0.2390656400    0.0161180060    0.0003723287    
0.2393072300    0.0170210780    0.0003815580    
0.2395488100    0.0170682610    0.0003826156    
0.2397904000    0.0164849160    0.0003771986    
0.2400319900    0.0171368770    0.0003851227    
0.2402735800    0.0167509830    0.0003812955    
0.2405151700    0.0167270500    0.0003803567    
0.2407567600    0.0161894210    0.0003716064    
0.2409983500    0.0172324140    0.0003855213    
0.2412399300    0.0161229810    0.0003713553    
0.2414815200    0.0166205450    0.0003794091    
0.2417231100    0.0163262610    0.0003727884    
0.2419647000    0.0165195120    0.0003783866    
0.2422062900    0.0159547940    0.0003713431    
0.2424478800    0.0165973160    0.0003788789    
0.2426894600    0.0172242210    0.0003878699    
0.2429310500    0.0158500200    0.0003696060    
0.2431726400    0.0168866170    0.0003812353    
0.2434142300    0.0165619680    0.0003761171    
0.2436558200    0.0163511020    0.0003775119    
0.2438974100    0.0166391250    0.0003773830    
0.2441390000    0.0164877830    0.0003773630    
0.2443805800    0.0169951670    0.0003833930    
0.2446221700    0.0166321850    0.0003796748    
0.2448637600    0.0172367050    0.0003874640    
0.2451053500    0.0167433370    0.0003797466    
0.2453469400    0.0177248870    0.0003948626    
0.2455885300    0.0165969190    0.0003780825    
0.2458301200    0.0163539020    0.0003776772    
0.2460717000    0.0167281960    0.0003789162    
0.2463132900    0.0168748820    0.0003809704    
0.2465548800    0.0166558350    0.0003806116    
0.2467964700    0.0171945570    0.0003849635    
0.2470380600    0.0166264930    0.0003797428    
0.2472796500    0.0165888490    0.0003791799    
0.2475212400    0.0165957410    0.0003815365    
0.2477628200    0.0167899380    0.0003845808    
0.2480044100    0.0172616920    0.0003859832    
0.2482460000    0.0170059950    0.0003832474    
0.2484875900    0.0160653210    0.0003734102    
0.2487291800    0.0160826800    0.0003736119    
0.2489707700    0.0166259730    0.0003789411    
0.2492123600    0.0169829090    0.0003852793    
0.2494539400    0.0172855090    0.0003878757    
0.2496955300    0.0166564850    0.0003814240    
0.2499371200    0.0162882390    0.0003758602    
0.2501787100    0.0161623230    0.0003785388    
0.2504203000    0.0174398020    0.0003885116    
0.2506618900    0.0162111640    0.0003724982    
0.2509034700    0.0169592860    0.0003836589    
0.2511450600    0.0167702950    0.0003808481    
0.2513866500    0.0169570310    0.0003839027    
0.2516282400    0.0172021490    0.0003839804    
0.2518698300    0.0161294920    0.0003738931    
0.2521114200    0.0166976740    0.0003794926    
0.2523530100    0.0159771090    0.0003718625    
0.2525945900    0.0167433370    0.0003797466    
0.2528361800    0.0167294320    0.0003823933    
0.2530777700    0.0167453620    0.0003791106    
0.2533193600    0.0169161600    0.0003806433    
0.2535609500    0.0165769260    0.0003781180    
0.2538025400    0.0166515710    0.0003788363    
0.2540441300    0.0163499120    0.0003753892    
0.2542857100    0.0169006840    0.0003812616    
0.2545273000    0.0161313420    0.0003744394    
0.2547688900    0.0165963290    0.0003768974    
0.2550104800    0.0166875960    0.0003808405    
0.2552520700    0.0160992580    0.0003755200    
0.2554936600    0.0161385800    0.0003723076    
0.2557352500    0.0169118470    0.0003825857    
0.2559768300    0.0164020430    0.0003752041    
0.2562184200    0.0164155070    0.0003771936    
0.2564600100    0.0163450410    0.0003742921    
0.2567016000    0.0163517370    0.0003767241    
0.2569431900    0.0157787000    0.0003686451    
0.2571847800    0.0166195600    0.0003778149    
0.2574263700    0.0166141450    0.0003782787    
0.2576679500    0.0157756670    0.0003693816    
0.2579095400    0.0167621910    0.0003811558    
0.2581511300    0.0171454540    0.0003834799    
0.2583927200    0.0163566710    0.0003741662    
0.2586343100    0.0160513450    0.0003695094    
0.2588759000    0.0160361120    0.0003720285    
0.2591174800    0.0167003850    0.0003766472    
0.2593590700    0.0168540120    0.0003787658    
0.2596006600    0.0157707790    0.0003676582    
0.2598422500    0.0159582130    0.0003702213    
0.2600838400    0.0162212170    0.0003735189    
0.2603254300    0.0172094970    0.0003860728    
0.2605670200    0.0164878430    0.0003765761    
0.2608086000    0.0163385110    0.0003719065    
0.2610501900    0.0166361800    0.0003772192    
0.2612917800    0.0168717580    0.0003808028    
0.2615333700    0.0162854940    0.0003732222    
0.2617749600    0.0162046350    0.0003729394    
0.2620165500    0.0173904940    0.0003854100    
0.2622581400    0.0165021780    0.0003777914    
0.2624997200    0.0152499340    0.0003616613    
0.2627413100    0.0162164510    0.0003766179    
0.2629829000    0.0160073390    0.0003684964    
0.2632244900    0.0169187540    0.0003818636    
0.2634660800    0.0163627630    0.0003737194    
0.2637076700    0.0160990580    0.0003715937    
0.2639492600    0.0159961340    0.0003704039    
0.2641908400    0.0158710100    0.0003695933    
0.2644324300    0.0169023530    0.0003820778    
0.2646740200    0.0167688910    0.0003778081    
0.2649156100    0.0161252830    0.0003745006    
0.2651572000    0.0165681640    0.0003776235    
0.2653987900    0.0155947320    0.0003682882    
0.2656403800    0.0166316410    0.0003788735    
0.2658819600    0.0163309930    0.0003738724    
0.2661235500    0.0165108270    0.0003778904    
0.2663651400    0.0168250220    0.0003797480    
0.2666067300    0.0169038300    0.0003814296    
0.2668483200    0.0164964560    0.0003762825    
0.2670899100    0.0164352610    0.0003787490    
0.2673314900    0.0165135980    0.0003760869    
0.2675730800    0.0161139590    0.0003742376    
0.2678146700    0.0163186260    0.0003776691    
0.2680562600    0.0156942590    0.0003672742    
0.2682978500    0.0161456850    0.0003731673    
0.2685394400    0.0167534220    0.0003788080    
0.2687810300    0.0163492730    0.0003761685    
0.2690226100    0.0166500260    0.0003768556    
0.2692642000    0.0162541780    0.0003771890    
0.2695057900    0.0163588300    0.0003750999    
0.2697473800    0.0167058730    0.0003791896    
0.2699889700    0.0158058830    0.0003709034    
0.2702305600    0.0168137040    0.0003832199    
0.2704721500    0.0160582900    0.0003738532    
0.2707137300    0.0166964560    0.0003782943    
0.2709553200    0.0161981900    0.0003750827    
0.2711969100    0.0163091530    0.0003754442    
0.2714385000    0.0163846330    0.0003753956    
0.2716800900    0.0162248300    0.0003749965    
0.2719216800    0.0166862730    0.0003886840    
0.2721632700    0.0176008950    0.0004019978    
0.2724048500    0.0164833400    0.0003940272    
0.2726464400    0.0165575320    0.0004021710    
0.2728880300    0.0165739260    0.0004026880    
0.2731296200    0.0168286600    0.0004080350    
0.2733712100    0.0166898550    0.0004096364    
0.2736128000    0.0163334370    0.0004107822    
0.2738543800    0.0154707920    0.0003974717    
0.2740959700    0.0159366070    0.0004072942    
0.2743375600    0.0169492290    0.0004230702    
0.2745791500    0.0165199300    0.0004194713    
0.2748207400    0.0169017720    0.0004272431    
0.2750623300    0.0177117620    0.0004373608    
0.2753039200    0.0161822830    0.0004224981    
0.2755455000    0.0165423740    0.0004258466    
0.2757870900    0.0164984140    0.0004316354    
0.2760286800    0.0158872590    0.0004214557    
0.2762702700    0.0159956680    0.0004307450    
0.2765118600    0.0167517790    0.0004233163    
0.2767534500    0.0162085070    0.0004147854    
0.2769950400    0.0162515120    0.0004119922    
0.2772366200    0.0165805970    0.0004118212    
0.2774782100    0.0166115540    0.0004127174    
0.2777198000    0.0168594270    0.0004168225    
0.2779613900    0.0162526630    0.0004082347    
0.2782029800    0.0164693050    0.0004030111    
0.2784445700    0.0169902890    0.0004128042    
0.2786861600    0.0171537550    0.0004136137    
0.2789277400    0.0167752640    0.0004044875    
0.2791693300    0.0157174450    0.0003918356    
0.2794109200    0.0163411010    0.0004014395    
0.2796525100    0.0163874880    0.0004013697    
0.2798941000    0.0164028830    0.0003970118    
0.2801356900    0.0163289180    0.0004001753    
0.2803772800    0.0161395290    0.0004013616    
0.2806188600    0.0160263990    0.0003918213    
0.2808604500    0.0161294260    0.0003909661    
0.2811020400    0.0167886740    0.0004004119    
0.2813436300    0.0170612470    0.0004055311    
0.2815852200    0.0167509700    0.0003978191    
0.2818268100    0.0167409250    0.0003998421    
0.2820683900    0.0163613520    0.0003963551    
0.2823099800    0.0163455930    0.0003958571    
0.2825515700    0.0169542920    0.0003996165    
0.2827931600    0.0165922130    0.0004000738    
0.2830347500    0.0161239500    0.0003921025    
0.2832763400    0.0163133660    0.0003924386    
0.2835179300    0.0163133660    0.0003924386    
0.2837595100    0.0165881270    0.0003980132    
0.2840011000    0.0165978980    0.0003985920    
0.2842426900    0.0168337230    0.0003974376    
0.2844842800    0.0164263060    0.0003946989    
0.2847258700    0.0159535850    0.0003895756    
0.2849674600    0.0157146900    0.0003876922    
0.2852090500    0.0164295780    0.0003944361    
0.2854506300    0.0163207300    0.0003947922    
0.2856922200    0.0161256900    0.0003912205    
0.2859338100    0.0160134600    0.0003904561    
0.2861754000    0.0164362440    0.0003934639    
0.2864169900    0.0164049220    0.0003929393    
0.2866585800    0.0155966480    0.0003848971    
0.2869001700    0.0160451850    0.0003894967    
0.2871417500    0.0164424330    0.0003938378    
0.2873833400    0.0164292440    0.0003953406    
0.2876249300    0.0161239500    0.0003921025    
0.2878665200    0.0165086140    0.0003992202    
0.2881081100    0.0161045350    0.0003874149    
0.2883497000    0.0168540900    0.0003985856    
0.2885912900    0.0154755010    0.0003817912    
0.2888328700    0.0159208940    0.0003873938    
0.2890744600    0.0163927050    0.0003921969    
0.2893160500    0.0165899550    0.0003949989    
0.2895576400    0.0164736600    0.0003957226    
0.2897992300    0.0166357610    0.0003937527    
0.2900408200    0.0165146610    0.0003932062    
0.2902824000    0.0160744140    0.0003908979    
0.2905239900    0.0165618770    0.0003951152    
0.2907655800    0.0164650110    0.0003911381    
0.2910071700    0.0165021780    0.0003915793    
0.2912487600    0.0166544010    0.0003939732    
0.2914903500    0.0158810280    0.0003837072    
0.2917319400    0.0158207260    0.0003816936    
0.2919735200    0.0159803090    0.0003847606    
0.2922151100    0.0156530730    0.0003800902    
0.2924567000    0.0165732010    0.0003918332    
0.2926982900    0.0157512360    0.0003821360    
0.2929398800    0.0162929340    0.0003907055    
0.2931814700    0.0165358430    0.0003896453    
0.2934230600    0.0158864250    0.0003830557    
0.2936646400    0.0160468200    0.0003822839    
0.2939062300    0.0163197140    0.0003891165    
0.2941478200    0.0166090570    0.0003900732    
0.2943894100    0.0157806700    0.0003820638    
0.2946310000    0.0170696320    0.0003963257    
0.2948725900    0.0165175830    0.0003907367    
0.2951141800    0.0157378470    0.0003806925    
0.2953557600    0.0168008600    0.0003960001    
0.2955973500    0.0162821490    0.0003863583    
0.2958389400    0.0160850560    0.0003833036    
0.2960805300    0.0160722430    0.0003834340    
0.2963221200    0.0173345780    0.0003974733    
0.2965637100    0.0161287840    0.0003832590    
0.2968053000    0.0157224050    0.0003775673    
0.2970468800    0.0161707970    0.0003840405    
0.2972884700    0.0160669560    0.0003816821    
0.2975300600    0.0165565810    0.0003874541    
0.2977716500    0.0161215930    0.0003837387    
0.2980132400    0.0161382490    0.0003847898    
0.2982548300    0.0168665510    0.0003903499    
0.2984964100    0.0158175900    0.0003774662    
0.2987380000    0.0161945710    0.0003827744    
0.2989795900    0.0164030930    0.0003843888    
0.2992211800    0.0153966400    0.0003720037    
0.2994627700    0.0168698300    0.0003905304    
0.2997043600    0.0161477810    0.0003830621    
0.2999459500    0.0156001880    0.0003763728    
0.3001875300    0.0164508730    0.0003859326    
0.3004291200    0.0159537480    0.0003840098    
0.3006707100    0.0160347960    0.0003796348    
0.3009123000    0.0158700380    0.0003794749    
0.3011538900    0.0161084170    0.0003796790    
0.3013954800    0.0156065000    0.0003757604    
0.3016370700    0.0157824660    0.0003775969    
0.3018786500    0.0160805890    0.0003811465    
0.3021202400    0.0158160920    0.0003778611    
0.3023618300    0.0165294990    0.0003879908    
0.3026034200    0.0164477750    0.0003861789    
0.3028450100    0.0161177730    0.0003825655    
0.3030866000    0.0166447520    0.0003891979    
0.3033281900    0.0159385130    0.0003786308    
0.3035697700    0.0159657670    0.0003799220    
0.3038113600    0.0156722400    0.0003766887    
0.3040529500    0.0166100350    0.0003863844    
0.3042945400    0.0161758470    0.0003811625    
0.3045361300    0.0155958310    0.0003765967    
0.3047777200    0.0156963130    0.0003762903    
0.3050193100    0.0164600190    0.0003856170    
0.3052608900    0.0158726010    0.0003796447    
0.3055024800    0.0161948570    0.0003883536    
0.3057440700    0.0162695010    0.0003815727    
0.3059856600    0.0162325340    0.0003819684    
0.3062272500    0.0156017850    0.0003754293    
0.3064688400    0.0157182340    0.0003777941    
0.3067104200    0.0154953660    0.0003721151    
0.3069520100    0.0157348450    0.0003768893    
0.3071936000    0.0157677400    0.0003781113    
0.3074351900    0.0166475710    0.0003889450    
0.3076767800    0.0158909860    0.0003779286    
0.3079183700    0.0163125680    0.0003868623    
0.3081599600    0.0160648520    0.0003839137    
0.3084015400    0.0163407440    0.0003828227    
0.3086431300    0.0168902540    0.0003889245    
0.3088847200    0.0158402770    0.0003789800    
0.3091263100    0.0156963130    0.0003762903    
0.3093679000    0.0163936110    0.0003851195    
0.3096094900    0.0160932060    0.0003796370    
0.3098510800    0.0159781060    0.0003821682    
0.3100926600    0.0160434490    0.0003811236    
0.3103342500    0.0166228960    0.0003879452    
0.3105758400    0.0162053100    0.0003857314    
0.3108174300    0.0152660150    0.0003706916    
0.3110590200    0.0165294390    0.0003875625    
0.3113006100    0.0161621110    0.0003803113    
0.3115422000    0.0165021780    0.0003872428    
0.3117837800    0.0153625410    0.0003722680    
0.3120253700    0.0154072750    0.0003739013    
0.3122669600    0.0156770690    0.0003749680    
0.3125085500    0.0153433850    0.0003736736    
0.3127501400    0.0153959880    0.0003736274    
0.3129917300    0.0159258820    0.0003816841    
0.3132333100    0.0152250790    0.0003722302    
0.3134749000    0.0158609640    0.0003793664    
0.3137164900    0.0162950000    0.0003831202    
0.3139580800    0.0158780950    0.0003780499    
0.3141996700    0.0152882520    0.0003712316    
0.3144412600    0.0163245080    0.0003840264    
0.3146828500    0.0154435700    0.0003743415    
0.3149244300    0.0155540530    0.0003741724    
0.3151660200    0.0162869580    0.0003848506    
0.3154076100    0.0155438100    0.0003766606    
0.3156492000    0.0156985400    0.0003800754    
0.3158907900    0.0163314040    0.0003831299    
0.3161323800    0.0157136470    0.0003759504    
0.3163739700    0.0164001640    0.0003842147    
0.3166155500    0.0164233650    0.0003864589    
0.3168571400    0.0162617970    0.0003828690    
0.3170987300    0.0153915700    0.0003733004    
0.3173403200    0.0164689800    0.0003861449    
0.3175819100    0.0161505520    0.0003832356    
0.3178235000    0.0155635940    0.0003753807    
0.3180650900    0.0158318530    0.0003804151    
0.3183066700    0.0154594250    0.0003749461    
0.3185482600    0.0159531160    0.0003810260    
0.3187898500    0.0164782440    0.0003845693    
0.3190314400    0.0164026580    0.0003852258    
0.3192730300    0.0166195350    0.0003873397    
0.3195146200    0.0157537250    0.0003776666    
0.3197562100    0.0157569960    0.0003768797    
0.3199977900    0.0162579020    0.0003835222    
0.3202393800    0.0163867360    0.0003864538    
0.3204809700    0.0158044310    0.0003800855    
0.3207225600    0.0159427820    0.0003813233    
0.3209641500    0.0159857250    0.0003816959    
0.3212057400    0.0156014040    0.0003748778    
0.3214473200    0.0166435050    0.0003874776    
0.3216889100    0.0162077110    0.0003822318    
0.3219305000    0.0157479480    0.0003782899    
0.3221720900    0.0155659270    0.0003755462    
0.3224136800    0.0158100930    0.0003769654    
0.3226552700    0.0160427630    0.0003839344    
0.3228968600    0.0163270080    0.0003846177    
0.3231384400    0.0160988600    0.0003856083    
0.3233800300    0.0163850770    0.0003841777    
0.3236216200    0.0153084160    0.0003716117    
0.3238632100    0.0154006240    0.0003734102    
0.3241048000    0.0157067100    0.0003775172    
0.3243463900    0.0155773310    0.0003758214    
0.3245879800    0.0160796640    0.0003815535    
0.3248295600    0.0150255400    0.0003685654    
0.3250711500    0.0153419630    0.0003724260    
0.3253127400    0.0162596770    0.0003845282    
0.3255543300    0.0161224330    0.0003833246    
0.3257959200    0.0157311340    0.0003807529    
0.3260375100    0.0155203340    0.0003739025    
0.3262791000    0.0164507600    0.0003863555    
0.3265206800    0.0160805890    0.0003811465    
0.3267622700    0.0159751260    0.0003810087    
0.3270038600    0.0155229280    0.0003751645    
0.3272454500    0.0154142880    0.0003733028    
0.3274870400    0.0159257480    0.0003797230    
0.3277286300    0.0154867530    0.0003758301    
0.3279702200    0.0158530110    0.0003798286    
0.3282118000    0.0161635140    0.0003863819    
0.3284533900    0.0166559810    0.0003881891    
0.3286949800    0.0158296750    0.0003918429    
0.3289365700    0.0155953550    0.0003942195    
0.3291781600    0.0161271280    0.0004043169    
0.3294197500    0.0154889470    0.0004008593    
0.3296613300    0.0153834460    0.0004035718    
0.3299029200    0.0159643710    0.0004116498    
0.3301445100    0.0160688680    0.0004189662    
0.3303861000    0.0155095380    0.0004143619    
0.3306276900    0.0148384710    0.0004084155    
0.3308692800    0.0161233780    0.0004259248    
0.3311108700    0.0157853550    0.0004249275    
0.3313524500    0.0157690940    0.0004294987    
0.3315940400    0.0163544200    0.0004367784    
0.3318356300    0.0165181370    0.0004446533    
0.3320772200    0.0166340990    0.0004466435    
0.3323188100    0.0167017350    0.0004517283    
0.3325604000    0.0157875170    0.0004385421    
0.3328019900    0.0148146440    0.0004292747    
0.3330435700    0.0163844210    0.0004467555    
0.3332851600    0.0164112020    0.0004412953    
0.3335267500    0.0157409390    0.0004187546    
0.3337683400    0.0153621760    0.0004136858    
0.3340099300    0.0163226470    0.0004235721    
0.3342515200    0.0160960920    0.0004165725    
0.3344931100    0.0155341530    0.0004050245    
0.3347346900    0.0165447090    0.0004194250    
0.3349762800    0.0163548370    0.0004148783    
0.3352178700    0.0160426240    0.0004093359    
0.3354594600    0.0164091200    0.0004119048    
0.3357010500    0.0165749200    0.0004150220    
0.3359426400    0.0156721870    0.0004049242    
0.3361842300    0.0159789380    0.0004009800    
0.3364258100    0.0158368750    0.0003985460    
0.3366674000    0.0155436840    0.0003953204    
0.3369089900    0.0158101510    0.0003972450    
0.3371505800    0.0163828850    0.0004035634    
0.3373921700    0.0161425660    0.0004015613    
0.3376337600    0.0159170890    0.0003984256    
0.3378753400    0.0157402830    0.0003963663    
0.3381169300    0.0160441500    0.0003982515    
0.3383585200    0.0160239510    0.0004023630    
0.3386001100    0.0157797170    0.0003933881    
0.3388417000    0.0160807340    0.0003985462    
0.3390832900    0.0160470120    0.0003942148    
0.3393248800    0.0159942670    0.0003965250    
0.3395664600    0.0155295420    0.0003899483    
0.3398080500    0.0155904550    0.0003902495    
0.3400496400    0.0159460700    0.0003932808    
0.3402912300    0.0161089620    0.0003946663    
0.3405328200    0.0152237480    0.0003859373    
0.3407744100    0.0159799570    0.0003955629    
0.3410160000    0.0159689000    0.0003958961    
0.3412575800    0.0157660450    0.0003890776    
0.3414991700    0.0159812920    0.0003914210    
0.3417407600    0.0152972880    0.0003839953    
0.3419823500    0.0157391260    0.0003866512    
0.3422239400    0.0158539690    0.0003897077    
0.3424655300    0.0155910930    0.0003873638    
0.3427071200    0.0161068400    0.0003924997    
0.3429487000    0.0155690570    0.0003863397    
0.3431902900    0.0158575620    0.0003915746    
0.3434318800    0.0157949420    0.0003938900    
0.3436734700    0.0156720190    0.0003852352    
0.3439150600    0.0154118780    0.0003811507    
0.3441566500    0.0161268390    0.0003922888    
0.3443982300    0.0162990740    0.0003939227    
0.3446398200    0.0156152020    0.0003845362    
0.3448814100    0.0161277050    0.0003918464    
0.3451230000    0.0162699770    0.0003940259    
0.3453645900    0.0152298430    0.0003812229    
0.3456061800    0.0157667140    0.0003863973    
0.3458477700    0.0152453260    0.0003824501    
0.3460893500    0.0159182840    0.0003903463    
0.3463309400    0.0163262220    0.0003922941    
0.3465725300    0.0155368260    0.0003828384    
0.3468141200    0.0160839200    0.0003910135    
0.3470557100    0.0151658670    0.0003786736    
0.3472973000    0.0164610170    0.0003954189    
0.3475388900    0.0163645550    0.0003918600    
0.3477804700    0.0169254730    0.0004004978    
0.3480220600    0.0162271420    0.0003922988    
0.3482636500    0.0156411120    0.0003847080    
0.3485052400    0.0160905880    0.0003939797    
0.3487468300    0.0161811970    0.0003908456    
0.3489884200    0.0150651550    0.0003769825    
0.3492300100    0.0161495410    0.0003888352    
0.3494715900    0.0158504430    0.0003878673    
0.3497131800    0.0157844200    0.0003844146    
0.3499547700    0.0155205070    0.0003833685    
0.3501963600    0.0160736720    0.0003883617    
0.3504379500    0.0156405930    0.0003841147    
0.3506795400    0.0159790000    0.0003886926    
0.3509211300    0.0161351820    0.0003913356    
0.3511627100    0.0158531090    0.0003880487    
0.3514043000    0.0152039730    0.0003772803    
0.3516458900    0.0165147180    0.0003941022    
0.3518874800    0.0157656960    0.0003841865    
0.3521290700    0.0159650140    0.0003867537    
0.3523706600    0.0161884480    0.0003903381    
0.3526122400    0.0153462740    0.0003797606    
0.3528538300    0.0161471230    0.0003901364    
0.3530954200    0.0162815610    0.0003923552    
0.3533370100    0.0157580730    0.0003852611    
0.3535786000    0.0155161190    0.0003847892    
0.3538201900    0.0157019780    0.0003829751    
0.3540617800    0.0151427310    0.0003780959    
0.3543033600    0.0158928280    0.0003850050    
0.3545449500    0.0160052370    0.0003873873    
0.3547865400    0.0154241930    0.0003791434    
0.3550281300    0.0160717140    0.0003892243    
0.3552697200    0.0158015550    0.0003850603    
0.3555113100    0.0159437390    0.0003873767    
0.3557529000    0.0157889270    0.0003857849    
0.3559944800    0.0153380850    0.0003779413    
0.3562360700    0.0159864850    0.0003907287    
0.3564776600    0.0149414970    0.0003733042    
0.3567192500    0.0158260120    0.0003846299    
0.3569608400    0.0152893300    0.0003771983    
0.3572024300    0.0157895840    0.0003847686    
0.3574440200    0.0161166710    0.0003877068    
0.3576856000    0.0158229340    0.0003854669    
0.3579271900    0.0158701130    0.0003850200    
0.3581687800    0.0160284460    0.0003884044    
0.3584103700    0.0150407880    0.0003749666    
0.3586519600    0.0149146990    0.0003765330    
0.3588935500    0.0164928020    0.0003932435    
0.3591351400    0.0164145340    0.0003926068    
0.3593767200    0.0160244830    0.0003861602    
0.3596183100    0.0157259320    0.0003819720    
0.3598599000    0.0157792730    0.0003840615    
0.3601014900    0.0155971790    0.0003821277    
0.3603430800    0.0164928230    0.0003927976    
0.3605846700    0.0160634890    0.0003872126    
0.3608262500    0.0158860050    0.0003860879    
0.3610678400    0.0157605770    0.0003838339    
0.3613094300    0.0155559520    0.0003836593    
0.3615510200    0.0160513840    0.0003869208    
0.3617926100    0.0162478210    0.0003888418    
0.3620342000    0.0159755790    0.0003864431    
0.3622757900    0.0157156200    0.0003828526    
0.3625173700    0.0152255940    0.0003771208    
0.3627589600    0.0160278340    0.0003873673    
0.3630005500    0.0151632400    0.0003759224    
0.3632421400    0.0154405250    0.0003792013    
0.3634837300    0.0158886670    0.0003862667    
0.3637253200    0.0158307960    0.0003860022    
0.3639669100    0.0162602380    0.0003915005    
0.3642084900    0.0164743030    0.0003912485    
0.3644500800    0.0151674430    0.0003762580    
0.3646916700    0.0163899180    0.0003915703    
0.3649332600    0.0160211730    0.0003849642    
0.3651748500    0.0154103040    0.0003786876    
0.3654164400    0.0153886870    0.0003799965    
0.3656580300    0.0158473300    0.0003850343    
0.3658996100    0.0159434130    0.0003853270    
0.3661412000    0.0159568830    0.0003862169    
0.3663827900    0.0157520790    0.0003875546    
0.3666243800    0.0154523740    0.0003772239    
0.3668659700    0.0164432420    0.0003911733    
0.3671075600    0.0158595990    0.0003843128    
0.3673491500    0.0156888210    0.0003815211    
0.3675907300    0.0154567490    0.0003804036    
0.3678323200    0.0150631780    0.0003735565    
0.3680739100    0.0157614550    0.0003844257    
0.3683155000    0.0156478670    0.0003818825    
0.3685570900    0.0161762320    0.0003881302    
0.3687986800    0.0157726610    0.0003857330    
0.3690402600    0.0157392350    0.0003850307    
0.3692818500    0.0162923520    0.0003883537    
0.3695234400    0.0163531740    0.0003902472    
0.3697650300    0.0155101930    0.0003792008    
0.3700066200    0.0165115120    0.0003925753    
0.3702482100    0.0152833370    0.0003761358    
0.3704898000    0.0160086030    0.0003861139    
0.3707313800    0.0157350700    0.0003836681    
0.3709729700    0.0166107450    0.0003931606    
0.3712145600    0.0155672640    0.0003827758    
0.3714561500    0.0154967140    0.0003821983    
0.3716977400    0.0156008760    0.0003807357    
0.3719393300    0.0157790490    0.0003824732    
0.3721809200    0.0156287520    0.0003810757    
0.3724225000    0.0157495450    0.0003825456    
0.3726640900    0.0158822610    0.0003842983    
0.3729056800    0.0152034530    0.0003759961    
0.3731472700    0.0158784050    0.0003835319    
0.3733888600    0.0159662310    0.0003863300    
0.3736304500    0.0168712560    0.0003978804    
0.3738720400    0.0153953240    0.0003810911    
0.3741136200    0.0159755790    0.0003864431    
0.3743552100    0.0158223480    0.0003838612    
0.3745968000    0.0156419190    0.0003803805    
0.3748383900    0.0153199140    0.0003771502    
0.3750799800    0.0161305070    0.0003871446    
0.3753215700    0.0153682740    0.0003784555    
0.3755631500    0.0153548190    0.0003774381    
0.3758047400    0.0152822090    0.0003772522    
0.3760463300    0.0155898880    0.0003816057    
0.3762879200    0.0154403420    0.0003803455    
0.3765295100    0.0154825920    0.0003823154    
0.3767711000    0.0155334640    0.0003797697    
0.3770126900    0.0156492560    0.0003808969    
0.3772542700    0.0160692120    0.0003861185    
0.3774958600    0.0159841720    0.0003845194    
0.3777374500    0.0153663380    0.0003777212    
0.3779790400    0.0153821210    0.0003789113    
0.3782206300    0.0160113370    0.0003862923    
0.3784622200    0.0153291990    0.0003772645    
0.3787038100    0.0152579660    0.0003778067    
0.3789453900    0.0156701880    0.0003834564    
0.3791869800    0.0159222190    0.0003869681    
0.3794285700    0.0153525880    0.0003772693    
0.3796701600    0.0154987510    0.0003800586    
0.3799117500    0.0152648230    0.0003759079    
0.3801533400    0.0156851460    0.0003823372    
0.3803949300    0.0160601550    0.0003845710    
0.3806365100    0.0158743780    0.0003837706    
0.3808781000    0.0157512360    0.0003821360    
0.3811196900    0.0159235380    0.0003865437    
0.3813612800    0.0160868340    0.0003867653    
0.3816028700    0.0146814420    0.0003708807    
0.3818444600    0.0157715800    0.0003835336    
0.3820860500    0.0151136850    0.0003732059    
0.3823276300    0.0156205460    0.0003794123    
0.3825692200    0.0154203680    0.0003759947    
0.3828108100    0.0156307560    0.0003779914    
0.3830524000    0.0161274080    0.0003855188    
0.3832939900    0.0167594500    0.0003924166    
0.3835355800    0.0157487380    0.0003803998    
0.3837771600    0.0162551940    0.0003856101    
0.3840187500    0.0170374830    0.0003965424    
0.3842603400    0.0157487100    0.0003819623    
0.3845019300    0.0154277860    0.0003737393    
0.3847435200    0.0154571610    0.0003747810    
0.3849851100    0.0154936440    0.0003763299    
0.3852267000    0.0157660450    0.0003890776    
0.3854682800    0.0158999810    0.0003983719    
0.3857098700    0.0159098970    0.0004030729    
0.3859514600    0.0168013320    0.0004187268    
0.3861930500    0.0152173450    0.0004008731    
0.3864346400    0.0143387830    0.0003931755    
0.3866762300    0.0162907980    0.0004220357    
0.3869178200    0.0154044880    0.0004125873    
0.3871594000    0.0150126070    0.0004121171    
0.3874009900    0.0159371910    0.0004257873    
0.3876425800    0.0153322470    0.0004207332    
0.3878841700    0.0158928550    0.0004301655    
0.3881257600    0.0167379230    0.0004441784    
0.3883673500    0.0160118960    0.0004375750    
0.3886089400    0.0161755220    0.0004423771    
0.3888505200    0.0150741050    0.0004289415    
0.3890921100    0.0160538390    0.0004450822    
0.3893337000    0.0152153110    0.0004381342    
0.3895752900    0.0158964770    0.0004494405    
0.3898168800    0.0158977740    0.0004312475    
0.3900584700    0.0167839770    0.0004349582    
0.3903000600    0.0158600120    0.0004214751    
0.3905416400    0.0156492480    0.0004145587    
0.3907832300    0.0155035920    0.0004117127    
0.3910248200    0.0149496700    0.0004028697    
0.3912664100    0.0153577880    0.0004065525    
0.3915080000    0.0152229390    0.0004028417    
0.3917495900    0.0155487510    0.0004088946    
0.3919911700    0.0157324600    0.0004120196    
0.3922327600    0.0151814480    0.0003978620    
0.3924743500    0.0157387070    0.0004066428    
0.3927159400    0.0151408520    0.0003966619    
0.3929575300    0.0161896900    0.0004129539    
0.3931991200    0.0157786420    0.0004057829    
0.3934407100    0.0155799970    0.0004025423    
0.3936822900    0.0157482710    0.0004060775    
0.3939238800    0.0155154060    0.0004035766    
0.3941654700    0.0158408310    0.0004077870    
0.3944070600    0.0155498590    0.0004048838    
0.3946486500    0.0164350670    0.0004173165    
0.3948902400    0.0151861810    0.0003982597    
0.3951318300    0.0152752890    0.0003990898    
0.3953734100    0.0152432420    0.0003993444    
0.3956150000    0.0151947620    0.0003997238    
0.3958565900    0.0152199140    0.0003988701    
0.3960981800    0.0160000900    0.0004105287    
0.3963397700    0.0150234750    0.0003988221    
0.3965813600    0.0156375430    0.0004068912    
0.3968229500    0.0168539680    0.0004238735    
0.3970645300    0.0162450010    0.0004172248    
0.3973061200    0.0154442550    0.0004048885    
0.3975477100    0.0152360260    0.0004009481    
0.3977893000    0.0152368690    0.0004025063    
0.3980308900    0.0156007090    0.0004067598    
0.3982724800    0.0158642070    0.0004107088    
0.3985140700    0.0161438980    0.0004144915    
0.3987556500    0.0151851360    0.0004026882    
0.3989972400    0.0154761170    0.0004060030    
0.3992388300    0.0158912520    0.0004139133    
0.3994804200    0.0157050750    0.0004113024    
0.3997220100    0.0157213750    0.0004138637    
0.3999636000    0.0151293670    0.0004017748    
0.4002051800    0.0158451070    0.0004131320    
0.4004467700    0.0163102920    0.0004169808    
0.4006883600    0.0152951410    0.0004066074    
0.4009299500    0.0151895050    0.0004053779    
0.4011715400    0.0156958710    0.0004126208    
0.4014131300    0.0151366550    0.0004055593    
0.4016547200    0.0163627020    0.0004244687    
0.4018963000    0.0154462130    0.0004107687    
0.4021378900    0.0157540990    0.0004183651    
0.4023794800    0.0162436490    0.0004212385    
0.4026210700    0.0157500870    0.0004153398    
0.4028626600    0.0153918730    0.0004093236    
0.4031042500    0.0154049590    0.0004111279    
0.4033458400    0.0156353750    0.0004141912    
0.4035874200    0.0156518180    0.0004175674    
0.4038290100    0.0165537470    0.0004277011    
0.4040706000    0.0155706030    0.0004155487    
0.4043121900    0.0152585570    0.0004128460    
0.4045537800    0.0157571840    0.0004206780    
0.4047953700    0.0158657300    0.0004246365    
0.4050369600    0.0160429610    0.0004221832    
0.4052785400    0.0154987680    0.0004164590    
0.4055201300    0.0155071280    0.0004163831    
0.4057617200    0.0153207550    0.0004165156    
0.4060033100    0.0160661450    0.0004238218    
0.4062449000    0.0161271280    0.0004281203    
0.4064864900    0.0154679610    0.0004185118    
0.4067280800    0.0151143220    0.0004152224    
0.4069696600    0.0151257180    0.0004171124    
0.4072112500    0.0157489180    0.0004272096    
0.4074528400    0.0161024310    0.0004329925    
0.4076944300    0.0149440650    0.0004147930    
0.4079360200    0.0159454960    0.0004270775    
0.4081776100    0.0152487510    0.0004193904    
0.4084191900    0.0155257860    0.0004239740    
0.4086607800    0.0154909020    0.0004219216    
0.4089023700    0.0161398780    0.0004343136    
0.4091439600    0.0160919670    0.0004342841    
0.4093855500    0.0153559750    0.0004252444    
0.4096271400    0.0157876100    0.0004324156    
0.4098687300    0.0166974700    0.0004514479    
0.4101103100    0.0160791450    0.0004326793    
0.4103519000    0.0157434570    0.0004320172    
0.4105934900    0.0160140410    0.0004348817    
0.4108350800    0.0158616640    0.0004350972    
0.4110766700    0.0150117350    0.0004230757    
0.4113182600    0.0158973650    0.0004370642    
0.4115598500    0.0156068980    0.0004345320    
0.4118014300    0.0161323010    0.0004435233    
0.4120430200    0.0164900790    0.0004466577    
0.4122846100    0.0158371650    0.0004416284    
0.4125262000    0.0162215570    0.0004514705    
0.4127677900    0.0151162210    0.0004280653    
0.4130093800    0.0159477570    0.0004416323    
0.4132509700    0.0153573290    0.0004340238    
0.4134925500    0.0151283800    0.0004340145    
0.4137341400    0.0155698050    0.0004389781    
0.4139757300    0.0165272570    0.0004552428    
0.4142173200    0.0153311360    0.0004362554    
0.4144589100    0.0160756890    0.0004512724    
0.4147005000    0.0148494370    0.0004328344    
0.4149420800    0.0157882240    0.0004499914    
0.4151836700    0.0153119540    0.0004411000    
0.4154252600    0.0155366250    0.0004413885    
0.4156668500    0.0159957490    0.0004444979    
0.4159084400    0.0158351740    0.0004422612    
0.4161500300    0.0159864850    0.0004430446    
0.4163916200    0.0157968160    0.0004408462    
0.4166332000    0.0152121850    0.0004302656    
0.4168747900    0.0151955540    0.0004287674    
0.4171163800    0.0151749360    0.0004325117    
0.4173579700    0.0161333910    0.0004428842    
0.4175995600    0.0150726580    0.0004347480    
0.4178411500    0.0159076140    0.0004393430    
0.4180827400    0.0152844700    0.0004321373    
0.4183243200    0.0150559840    0.0004301710    
0.4185659100    0.0155047930    0.0004378418    
0.4188075000    0.0145999810    0.0004246621    
0.4190490900    0.0158090200    0.0004450156    
0.4192906800    0.0164896760    0.0004540354    
0.4195322700    0.0151848840    0.0004392659    
0.4197738600    0.0151848840    0.0004392659    
0.4200154400    0.0163511380    0.0004600937    
0.4202570300    0.0160909220    0.0004571359    
0.4204986200    0.0157334430    0.0004489775    
0.4207402100    0.0157922210    0.0004528730    
0.4209818000    0.0155448450    0.0004474379    
0.4212233900    0.0168973620    0.0004691902    
0.4214649800    0.0151793840    0.0004458743    
0.4217065600    0.0152206260    0.0004476655    
0.4219481500    0.0163519970    0.0004654931    
0.4221897400    0.0151299670    0.0004496916    
0.4224313300    0.0146429690    0.0004457778    
0.4226729200    0.0146802140    0.0004473264    
0.4229145100    0.0148026180    0.0004504293    
0.4231560900    0.0160080190    0.0004666050    
0.4233976800    0.0174118900    0.0004874393    
0.4236392700    0.0160483680    0.0004697810    
0.4238808600    0.0164329570    0.0004769692    
0.4241224500    0.0156197830    0.0004652785    
0.4243640400    0.0154039100    0.0004657172    
0.4246056300    0.0148661050    0.0004585596    
0.4248472100    0.0151349360    0.0004650853    
0.4250888000    0.0157154460    0.0004755710    
0.4253303900    0.0161014950    0.0004888227    
0.4255719800    0.0146990550    0.0004604711    
0.4258135700    0.0153296550    0.0004710689    
0.4260551600    0.0157360050    0.0004815139    
0.4262967500    0.0158982020    0.0004819851    
0.4265383300    0.0159765680    0.0004875075    
0.4267799200    0.0156510340    0.0004848520    
0.4270215100    0.0152764730    0.0004778566    
0.4272631000    0.0156577380    0.0004888272    
0.4275046900    0.0154400040    0.0004875251    
0.4277462800    0.0161352300    0.0005037342    
0.4279878700    0.0154986670    0.0004968645    
0.4282294500    0.0157393410    0.0004950066    
0.4284710400    0.0157919580    0.0004973999    
0.4287126300    0.0154192880    0.0004943197    
0.4289542200    0.0167364020    0.0005169892    
0.4291958100    0.0161315230    0.0005098687    
0.4294374000    0.0156431450    0.0005067312    
0.4296789900    0.0147899950    0.0004910937    
0.4299205700    0.0156248750    0.0005101702    
0.4301621600    0.0157258050    0.0005170613    
0.4304037500    0.0152907990    0.0005119738    
0.4306453400    0.0157249860    0.0005250420    
0.4308869300    0.0154835950    0.0005141243    
0.4311285200    0.0156609360    0.0005202997    
0.4313701000    0.0153042510    0.0005179704    
0.4316116900    0.0163186890    0.0005383039    
0.4318532800    0.0160556900    0.0005354873    
0.4320948700    0.0159231540    0.0005367694    
0.4323364600    0.0152313630    0.0005296464    
0.4325780500    0.0157503840    0.0005418297    
0.4328196400    0.0165843100    0.0005606520    
0.4330612200    0.0154659040    0.0005499042    
0.4333028100    0.0156653930    0.0005521325    
0.4335444000    0.0150453450    0.0005394018    
0.4337859900    0.0153094850    0.0005471164    
0.4340275800    0.0162108070    0.0005674918    
0.4342691700    0.0158809830    0.0005671780    
0.4345107600    0.0149876510    0.0005550982    
0.4347523400    0.0167375280    0.0005895543    
0.4349939300    0.0140451560    0.0005446478    
0.4352355200    0.0152043350    0.0005750808    
0.4354771100    0.0162733910    0.0006002531    
0.4357187000    0.0157247900    0.0006025753    
0.4359602900    0.0151120490    0.0005820944    
0.4362018800    0.0154536970    0.0005934957    
0.4364434600    0.0157773160    0.0006041447    
0.4366850500    0.0160516870    0.0006169165    
0.4369266400    0.0158499180    0.0006226436    
0.4371682300    0.0155324280    0.0006188268    
0.4374098200    0.0162903940    0.0006434319    
0.4376514100    0.0164153240    0.0006540022    
0.4378930000    0.0158056570    0.0006507086    
0.4381345800    0.0149574110    0.0006442613    
0.4383761700    0.0158963290    0.0006772064    
0.4386177600    0.0151641630    0.0006501581    
0.4388593500    0.0158512800    0.0006746753    
0.4391009400    0.0156117730    0.0006807056    
0.4393425300    0.0145715040    0.0006664851    
0.4395841100    0.0154231890    0.0006996101    
0.4398257000    0.0157036850    0.0007228207    
0.4400672900    0.0162248300    0.0007499931    
0.4403088800    0.0174815360    0.0008012649    
0.4405504700    0.0177987780    0.0008362595    
0.4407920600    0.0161193950    0.0008279977    
0.4410336500    0.0165621860    0.0008633636    
0.4412752300    0.0159581500    0.0008505723    
0.4415168200    0.0153831030    0.0008779601    
0.4417584100    0.0160711510    0.0012183508    
0.4420000000    0.0145105360    0.0017596609    