# Diamond Light Source Ltd.
# Data extracted from: /dls/b21/data/2017/mx13440-2/processed/b21-369037_00393.dat
q(1/A)          Column          Error           
0.0040000000    0.8103840500    0.0208823030    
0.0042415885    0.9115682300    0.0208307440    
0.0044831771    0.7252560600    0.0172974440    
0.0047247656    0.5631254400    0.0147578960    
0.0049663541    0.4675522600    0.0126782910    
0.0052079426    0.3792997500    0.0117502930    
0.0054495312    0.3066249000    0.0097402608    
0.0056911197    0.2874071200    0.0088907701    
0.0059327082    0.2313008500    0.0079758914    
0.0061742967    0.2002953500    0.0071126963    
0.0064158853    0.1834180000    0.0067380286    
0.0066574738    0.1480745900    0.0057206203    
0.0068990623    0.1392905700    0.0055985606    
0.0071406509    0.1324490100    0.0053627038    
0.0073822394    0.1215320300    0.0049656640    
0.0076238279    0.1079065900    0.0045680503    
0.0078654164    0.0910263030    0.0042626972    
0.0081070050    0.0925538230    0.0040744549    
0.0083485935    0.0903141480    0.0038865021    
0.0085901820    0.0830743530    0.0037529167    
0.0088317705    0.0787588030    0.0035579600    
0.0090733591    0.0760036870    0.0034726971    
0.0093149476    0.0736689480    0.0032945755    
0.0095565361    0.0749949890    0.0033240944    
0.0097981247    0.0780890850    0.0033919731    
0.0100397130    0.0680701080    0.0030595238    
0.0102813020    0.0637527650    0.0030289853    
0.0105228900    0.0618819160    0.0027955400    
0.0107644790    0.0649760120    0.0028942616    
0.0110060670    0.0634749160    0.0027889277    
0.0112476560    0.0620032530    0.0027428624    
0.0114892440    0.0585815470    0.0026277415    
0.0117308330    0.0586126830    0.0026160121    
0.0119724210    0.0543879590    0.0024850493    
0.0122140100    0.0548574830    0.0024731663    
0.0124555980    0.0557986090    0.0024191765    
0.0126971870    0.0532964970    0.0024377250    
0.0129387760    0.0529988670    0.0022999549    
0.0131803640    0.0534247210    0.0023473475    
0.0134219530    0.0506568240    0.0022045553    
0.0136635410    0.0531797720    0.0022675931    
0.0139051300    0.0461213660    0.0021117523    
0.0141467180    0.0472888670    0.0020898924    
0.0143883070    0.0475324860    0.0020646793    
0.0146298950    0.0505817400    0.0021298755    
0.0148714840    0.0485955050    0.0021029332    
0.0151130720    0.0457659060    0.0020186476    
0.0153546610    0.0452150540    0.0019314914    
0.0155962490    0.0468113540    0.0019852436    
0.0158378380    0.0477374780    0.0019586925    
0.0160794260    0.0465319860    0.0019338034    
0.0163210150    0.0482755820    0.0019264054    
0.0165626030    0.0463116280    0.0019229857    
0.0168041920    0.0448365980    0.0018228669    
0.0170457800    0.0464301890    0.0018661869    
0.0172873690    0.0458741390    0.0018438373    
0.0175289580    0.0469423770    0.0018541124    
0.0177705460    0.0516979210    0.0019121167    
0.0180121350    0.0468781440    0.0018003443    
0.0182537230    0.0451095500    0.0017466487    
0.0184953120    0.0465459630    0.0017694120    
0.0187369000    0.0451334410    0.0017423572    
0.0189784890    0.0449760320    0.0016938954    
0.0192200770    0.0435806690    0.0016938108    
0.0194616660    0.0413796250    0.0016082648    
0.0197032540    0.0423970460    0.0016403910    
0.0199448430    0.0416988910    0.0016268287    
0.0201864310    0.0435673690    0.0016502318    
0.0204280200    0.0421157510    0.0015906900    
0.0206696080    0.0401648660    0.0015312712    
0.0209111970    0.0393849440    0.0015495799    
0.0211527850    0.0410827170    0.0015342622    
0.0213943740    0.0382228770    0.0014833353    
0.0216359620    0.0386979870    0.0014995165    
0.0218775510    0.0411586700    0.0015392470    
0.0221191400    0.0391271310    0.0014736130    
0.0223607280    0.0380601170    0.0014437025    
0.0226023170    0.0410221910    0.0015438905    
0.0228439050    0.0393069680    0.0014449529    
0.0230854940    0.0422595310    0.0014950347    
0.0233270820    0.0375504730    0.0014062763    
0.0235686710    0.0390496230    0.0014433156    
0.0238102590    0.0385099860    0.0014033819    
0.0240518480    0.0427364090    0.0014693080    
0.0242934360    0.0395732250    0.0014345283    
0.0245350250    0.0370277040    0.0013704568    
0.0247766130    0.0380811790    0.0013813496    
0.0250182020    0.0366177290    0.0013684688    
0.0252597900    0.0389320090    0.0013773155    
0.0255013790    0.0372730610    0.0013371636    
0.0257429670    0.0394888490    0.0013790104    
0.0259845560    0.0368467990    0.0013167972    
0.0262261450    0.0379859760    0.0013446890    
0.0264677330    0.0382923440    0.0013347872    
0.0267093220    0.0399711340    0.0013535934    
0.0269509100    0.0363874940    0.0012987253    
0.0271924990    0.0376315120    0.0013109558    
0.0274340870    0.0371753300    0.0013102582    
0.0276756760    0.0376206310    0.0012964926    
0.0279172640    0.0350367400    0.0012489249    
0.0281588530    0.0382582230    0.0012889523    
0.0284004410    0.0355821020    0.0012541043    
0.0286420300    0.0355555200    0.0012297134    
0.0288836180    0.0357829470    0.0012465580    
0.0291252070    0.0342121570    0.0011940125    
0.0293667950    0.0342697780    0.0012093542    
0.0296083840    0.0349205700    0.0012063111    
0.0298499720    0.0346119190    0.0012050324    
0.0300915610    0.0368791220    0.0012396781    
0.0303331490    0.0349981170    0.0011976109    
0.0305747380    0.0332166160    0.0011515790    
0.0308163270    0.0333763110    0.0011543439    
0.0310579150    0.0344281150    0.0011781058    
0.0312995040    0.0337177110    0.0011565079    
0.0315410920    0.0332001390    0.0011421195    
0.0317826810    0.0353722500    0.0011751643    
0.0320242690    0.0322245770    0.0011111923    
0.0322658580    0.0341335920    0.0011599067    
0.0325074460    0.0339303310    0.0011367088    
0.0327490350    0.0335335640    0.0011265821    
0.0329906230    0.0345352970    0.0011312413    
0.0332322120    0.0336787640    0.0011238749    
0.0334738000    0.0326751120    0.0010922085    
0.0337153890    0.0330522240    0.0010968766    
0.0339569770    0.0326020950    0.0010909875    
0.0341985660    0.0313803560    0.0010719326    
0.0344401540    0.0308161240    0.0010483858    
0.0346817430    0.0306687500    0.0010550371    
0.0349233310    0.0321642050    0.0010757319    
0.0351649200    0.0305422790    0.0010289955    
0.0354065090    0.0313792150    0.0010488915    
0.0356480970    0.0314353320    0.0010352675    
0.0358896860    0.0294941420    0.0010140295    
0.0361312740    0.0314665310    0.0010329395    
0.0363728630    0.0308229270    0.0010195318    
0.0366144510    0.0324322950    0.0010544649    
0.0368560400    0.0291111170    0.0009841354    
0.0370976280    0.0317421840    0.0010403081    
0.0373392170    0.0317103010    0.0010299027    
0.0375808050    0.0297949970    0.0009876945    
0.0378223940    0.0305153150    0.0009995624    
0.0380639820    0.0302973860    0.0009999627    
0.0383055710    0.0299254600    0.0009745071    
0.0385471590    0.0296777360    0.0009742194    
0.0387887480    0.0312954900    0.0010043201    
0.0390303360    0.0296655290    0.0009665552    
0.0392719250    0.0295274120    0.0009630780    
0.0395135140    0.0297787090    0.0009671675    
0.0397551020    0.0290632750    0.0009742032    
0.0399966910    0.0285352800    0.0009292366    
0.0402382790    0.0279466720    0.0009264231    
0.0404798680    0.0277787770    0.0009168363    
0.0407214560    0.0290428350    0.0009467693    
0.0409630450    0.0272340220    0.0009023034    
0.0412046330    0.0271735750    0.0009067939    
0.0414462220    0.0288286430    0.0009261094    
0.0416878100    0.0294124600    0.0009343176    
0.0419293990    0.0279504920    0.0009097110    
0.0421709870    0.0291624040    0.0009259073    
0.0424125760    0.0276910450    0.0009065641    
0.0426541640    0.0274583010    0.0008889953    
0.0428957530    0.0272049640    0.0008859155    
0.0431373410    0.0272568250    0.0008857278    
0.0433789300    0.0267681870    0.0008716921    
0.0436205180    0.0261655960    0.0008598548    
0.0438621070    0.0272791380    0.0008799722    
0.0441036960    0.0272110890    0.0008768651    
0.0443452840    0.0275617880    0.0008755291    
0.0445868730    0.0280455660    0.0008922483    
0.0448284610    0.0276876580    0.0008755606    
0.0450700500    0.0286018810    0.0009202504    
0.0453116380    0.0272815950    0.0009009176    
0.0455532270    0.0269257190    0.0009208402    
0.0457948150    0.0261977250    0.0009071530    
0.0460364040    0.0263629590    0.0009123278    
0.0462779920    0.0275211680    0.0009467570    
0.0465195810    0.0260229740    0.0009206267    
0.0467611690    0.0257704530    0.0009197869    
0.0470027580    0.0263285390    0.0009296931    
0.0472443460    0.0267357230    0.0009560675    
0.0474859350    0.0236185430    0.0008876392    
0.0477275230    0.0260751750    0.0009402948    
0.0479691120    0.0270308370    0.0009586850    
0.0482107000    0.0256541280    0.0009430645    
0.0484522890    0.0238956760    0.0009051133    
0.0486938780    0.0255523640    0.0009425132    
0.0489354660    0.0261162660    0.0009555442    
0.0491770550    0.0248243060    0.0009423178    
0.0494186430    0.0250621760    0.0009282287    
0.0496602320    0.0248502180    0.0008984615    
0.0499018200    0.0245001870    0.0008795055    
0.0501434090    0.0250889150    0.0008756092    
0.0503849970    0.0246928320    0.0008602156    
0.0506265860    0.0251367590    0.0008616770    
0.0508681740    0.0247527670    0.0008510176    
0.0511097630    0.0250426120    0.0008519670    
0.0513513510    0.0243895770    0.0008254621    
0.0515929400    0.0231372010    0.0008170030    
0.0518345280    0.0231882580    0.0008048762    
0.0520761170    0.0237523660    0.0008239605    
0.0523177050    0.0240801370    0.0008049102    
0.0525592940    0.0234396970    0.0008092282    
0.0528008830    0.0252032990    0.0008172729    
0.0530424710    0.0239525690    0.0007993076    
0.0532840600    0.0248055440    0.0008090676    
0.0535256480    0.0249902660    0.0008120745    
0.0537672370    0.0228586870    0.0007701287    
0.0540088250    0.0227204340    0.0007694110    
0.0542504140    0.0241484000    0.0007965822    
0.0544920020    0.0248561180    0.0008013934    
0.0547335910    0.0245745060    0.0007910813    
0.0549751790    0.0236161600    0.0007723310    
0.0552167680    0.0238922410    0.0007776262    
0.0554583560    0.0226240290    0.0007483363    
0.0556999450    0.0231042220    0.0007539778    
0.0559415330    0.0226817190    0.0007523051    
0.0561831220    0.0220622480    0.0007345925    
0.0564247100    0.0221996820    0.0007347022    
0.0566662990    0.0233534870    0.0007506095    
0.0569078870    0.0240884280    0.0007698695    
0.0571494760    0.0221230870    0.0007305687    
0.0573910650    0.0219920610    0.0007173019    
0.0576326530    0.0223059960    0.0007279287    
0.0578742420    0.0234748990    0.0007453288    
0.0581158300    0.0227558270    0.0007269082    
0.0583574190    0.0224394240    0.0007204865    
0.0585990070    0.0222260190    0.0007211073    
0.0588405960    0.0219325360    0.0007149802    
0.0590821840    0.0214813750    0.0007010182    
0.0593237730    0.0210720580    0.0006962404    
0.0595653610    0.0212530780    0.0007018385    
0.0598069500    0.0218693800    0.0006964629    
0.0600485380    0.0238559270    0.0007313504    
0.0602901270    0.0230681410    0.0007198257    
0.0605317150    0.0217975440    0.0006959420    
0.0607733040    0.0226606730    0.0007064235    
0.0610148920    0.0217031900    0.0006950584    
0.0612564810    0.0225245760    0.0007049264    
0.0614980690    0.0225890630    0.0006991140    
0.0617396580    0.0237119740    0.0007324653    
0.0619812470    0.0236687040    0.0007311287    
0.0622228350    0.0216084960    0.0006941649    
0.0624644240    0.0223346450    0.0007007002    
0.0627060120    0.0218038810    0.0006979252    
0.0629476010    0.0222639140    0.0007097477    
0.0631891890    0.0223847220    0.0007071603    
0.0634307780    0.0214317330    0.0006888420    
0.0636723660    0.0207746430    0.0006775941    
0.0639139550    0.0221982110    0.0006991779    
0.0641555430    0.0214107120    0.0006794484    
0.0643971320    0.0205760120    0.0006725480    
0.0646387200    0.0207473960    0.0006630896    
0.0648803090    0.0206560540    0.0006673668    
0.0651218970    0.0213528890    0.0006653314    
0.0653634860    0.0212587540    0.0006689245    
0.0656050740    0.0216534350    0.0006733898    
0.0658466630    0.0205858440    0.0006532720    
0.0660882520    0.0216174160    0.0006677642    
0.0663298400    0.0217311080    0.0006706365    
0.0665714290    0.0210439500    0.0006566622    
0.0668130170    0.0213698880    0.0006639301    
0.0670546060    0.0216535730    0.0006644577    
0.0672961940    0.0212542140    0.0006556072    
0.0675377830    0.0218675970    0.0006596327    
0.0677793710    0.0206609000    0.0006453381    
0.0680209600    0.0199911060    0.0006271768    
0.0682625480    0.0219148700    0.0006571833    
0.0685041370    0.0221482430    0.0006585791    
0.0687457250    0.0217341360    0.0006613487    
0.0689873140    0.0206923760    0.0006355613    
0.0692289020    0.0214146570    0.0006465585    
0.0694704910    0.0204648860    0.0006315601    
0.0697120790    0.0202205700    0.0006258109    
0.0699536680    0.0210965520    0.0006422450    
0.0701952560    0.0209656710    0.0006397446    
0.0704368450    0.0203522750    0.0006323144    
0.0706784340    0.0209477300    0.0006476958    
0.0709200220    0.0218013240    0.0006549573    
0.0711616110    0.0209023360    0.0006408022    
0.0714031990    0.0203411850    0.0006372196    
0.0716447880    0.0212252960    0.0006540931    
0.0718863760    0.0201238810    0.0006282581    
0.0721279650    0.0213458930    0.0006409860    
0.0723695530    0.0202401470    0.0006207933    
0.0726111420    0.0207815280    0.0006329481    
0.0728527300    0.0205212040    0.0006198657    
0.0730943190    0.0212600450    0.0006352653    
0.0733359070    0.0204397840    0.0006191032    
0.0735774960    0.0206713940    0.0006249728    
0.0738190840    0.0203313080    0.0006132908    
0.0740606730    0.0203857240    0.0006154926    
0.0743022610    0.0192811020    0.0005990347    
0.0745438500    0.0204551550    0.0006142385    
0.0747854380    0.0201635670    0.0006035806    
0.0750270270    0.0202172080    0.0006092949    
0.0752686160    0.0198451990    0.0005961912    
0.0755102040    0.0201902100    0.0006022235    
0.0757517930    0.0200121050    0.0006017488    
0.0759933810    0.0203000730    0.0005965452    
0.0762349700    0.0211369920    0.0006166294    
0.0764765580    0.0212217010    0.0006121079    
0.0767181470    0.0198761550    0.0005915417    
0.0769597350    0.0207833100    0.0006002126    
0.0772013240    0.0196951930    0.0005830656    
0.0774429120    0.0203594920    0.0005899444    
0.0776845010    0.0201412920    0.0005843582    
0.0779260890    0.0196717550    0.0005810999    
0.0781676780    0.0202491850    0.0005855203    
0.0784092660    0.0193976010    0.0005742555    
0.0786508550    0.0204879320    0.0005853695    
0.0788924430    0.0203375000    0.0005888129    
0.0791340320    0.0196912290    0.0005754325    
0.0793756210    0.0200862610    0.0005827615    
0.0796172090    0.0197989000    0.0005727394    
0.0798587980    0.0188769390    0.0005645607    
0.0801003860    0.0199809460    0.0005804394    
0.0803419750    0.0200481020    0.0005732711    
0.0805835630    0.0196889430    0.0005726822    
0.0808251520    0.0202839780    0.0005804908    
0.0810667400    0.0194699610    0.0005687236    
0.0813083290    0.0210220090    0.0005839447    
0.0815499170    0.0198590010    0.0005759257    
0.0817915060    0.0191660900    0.0005620095    
0.0820330940    0.0189276370    0.0005526465    
0.0822746830    0.0199514440    0.0005688814    
0.0825162710    0.0196414810    0.0005618736    
0.0827578600    0.0186373770    0.0005491090    
0.0829994480    0.0198968100    0.0005600848    
0.0832410370    0.0184112820    0.0005450561    
0.0834826250    0.0197549150    0.0005580841    
0.0837242140    0.0194127030    0.0005521750    
0.0839658030    0.0196538230    0.0005570092    
0.0842073910    0.0201567210    0.0005623003    
0.0844489800    0.0187581980    0.0005390376    
0.0846905680    0.0190147640    0.0005386813    
0.0849321570    0.0188220910    0.0005419937    
0.0851737450    0.0198052580    0.0005490879    
0.0854153340    0.0200673110    0.0005561394    
0.0856569220    0.0200546060    0.0005521941    
0.0858985110    0.0196438200    0.0005523072    
0.0861400990    0.0195680650    0.0005454546    
0.0863816880    0.0193457570    0.0005443573    
0.0866232760    0.0191950700    0.0005466485    
0.0868648650    0.0194897700    0.0005436948    
0.0871064530    0.0196404500    0.0005474723    
0.0873480420    0.0200064840    0.0005481743    
0.0875896300    0.0205115910    0.0005564032    
0.0878312190    0.0204014590    0.0005542320    
0.0880728080    0.0199937700    0.0005470052    
0.0883143960    0.0194614140    0.0005393478    
0.0885559850    0.0194830170    0.0005416130    
0.0887975730    0.0193250510    0.0005368070    
0.0890391620    0.0202590500    0.0005499575    
0.0892807500    0.0190907560    0.0005319431    
0.0895223390    0.0201503450    0.0005452016    
0.0897639270    0.0201079830    0.0005410927    
0.0900055160    0.0191936350    0.0005298956    
0.0902471040    0.0198995720    0.0005417985    
0.0904886930    0.0199848160    0.0005381682    
0.0907302810    0.0203092320    0.0005378160    
0.0909718700    0.0197225560    0.0005393833    
0.0912134580    0.0191998100    0.0005235230    
0.0914550470    0.0197143340    0.0005373529    
0.0916966350    0.0186859120    0.0005164693    
0.0919382240    0.0195061000    0.0005295178    
0.0921798120    0.0197567950    0.0005295377    
0.0924214010    0.0191606850    0.0005214878    
0.0926629900    0.0200519860    0.0005304461    
0.0929045780    0.0202691920    0.0005388380    
0.0931461670    0.0196426080    0.0005244092    
0.0933877550    0.0192459080    0.0005199698    
0.0936293440    0.0195699790    0.0005264248    
0.0938709320    0.0188464970    0.0005154244    
0.0941125210    0.0189114470    0.0005122439    
0.0943541090    0.0193276930    0.0005178506    
0.0945956980    0.0191284030    0.0005160424    
0.0948372860    0.0203424740    0.0005294934    
0.0950788750    0.0192156030    0.0005131922    
0.0953204630    0.0187855820    0.0005093956    
0.0955620520    0.0187641940    0.0005082554    
0.0958036400    0.0197776790    0.0005192083    
0.0960452290    0.0197095270    0.0005183129    
0.0962868170    0.0198022130    0.0005218341    
0.0965284060    0.0195323320    0.0005159778    
0.0967699940    0.0194914410    0.0005154374    
0.0970115830    0.0195725760    0.0005111884    
0.0972531720    0.0200763480    0.0005194089    
0.0974947600    0.0202876140    0.0005215687    
0.0977363490    0.0192565880    0.0005062267    
0.0979779370    0.0197512600    0.0005146280    
0.0982195260    0.0205109690    0.0005247162    
0.0984611140    0.0197120100    0.0005113538    
0.0987027030    0.0199005860    0.0005143455    
0.0989442910    0.0198820610    0.0005143824    
0.0991858800    0.0190934800    0.0005024600    
0.0994274680    0.0203607240    0.0005166631    
0.0996690570    0.0215196470    0.0005275437    
0.0999106450    0.0216783780    0.0005336848    
0.1001522300    0.0203945210    0.0005135677    
0.1003938200    0.0214567400    0.0005287093    
0.1006354100    0.0206445310    0.0005164361    
0.1008770000    0.0207959560    0.0005194122    
0.1011185900    0.0208219030    0.0005197361    
0.1013601800    0.0214896650    0.0005285587    
0.1016017700    0.0208795360    0.0005174801    
0.1018433500    0.0218564510    0.0005413596    
0.1020849400    0.0221755020    0.0005528349    
0.1023265300    0.0220786840    0.0005559777    
0.1025681200    0.0218561660    0.0005503743    
0.1028097100    0.0228256480    0.0005708196    
0.1030513000    0.0217053880    0.0005585719    
0.1032928800    0.0217648590    0.0005646072    
0.1035344700    0.0228849020    0.0005712307    
0.1037760600    0.0228055880    0.0005800114    
0.1040176500    0.0221346850    0.0005738150    
0.1042592400    0.0217447220    0.0005704546    
0.1045008300    0.0222242580    0.0005732549    
0.1047424200    0.0223889070    0.0005806005    
0.1049840000    0.0221984270    0.0005809594    
0.1052255900    0.0203621340    0.0005581286    
0.1054671800    0.0205819710    0.0005576971    
0.1057087700    0.0186258440    0.0005341327    
0.1059503600    0.0204009710    0.0005610933    
0.1061919500    0.0199902480    0.0005550706    
0.1064335400    0.0194004210    0.0005333732    
0.1066751200    0.0191620550    0.0005221055    
0.1069167100    0.0189676910    0.0005179646    
0.1071583000    0.0190056040    0.0005117991    
0.1073998900    0.0193860160    0.0005151776    
0.1076414800    0.0187243150    0.0005099892    
0.1078830700    0.0191786700    0.0005087699    
0.1081246600    0.0196027700    0.0005174775    
0.1083662400    0.0191174490    0.0005046659    
0.1086078300    0.0190615360    0.0005094410    
0.1088494200    0.0184518210    0.0004947385    
0.1090910100    0.0184590190    0.0004935143    
0.1093326000    0.0192565030    0.0005013966    
0.1095741900    0.0187548800    0.0004961331    
0.1098157700    0.0184487880    0.0004871843    
0.1100573600    0.0187212380    0.0004943790    
0.1102989500    0.0185966380    0.0004883716    
0.1105405400    0.0184748910    0.0004865184    
0.1107821300    0.0193340570    0.0005000373    
0.1110237200    0.0189957190    0.0004907947    
0.1112653100    0.0198203380    0.0005065513    
0.1115068900    0.0193066550    0.0004927797    
0.1117484800    0.0187213170    0.0004845142    
0.1119900700    0.0187822500    0.0004833471    
0.1122316600    0.0194915510    0.0004941304    
0.1124732500    0.0187566010    0.0004820490    
0.1127148400    0.0191518660    0.0004866149    
0.1129564300    0.0195606620    0.0004935094    
0.1131980100    0.0180591650    0.0004718227    
0.1134396000    0.0182982160    0.0004761223    
0.1136811900    0.0189343870    0.0004831207    
0.1139227800    0.0179286340    0.0004682526    
0.1141643700    0.0184982940    0.0004721473    
0.1144059600    0.0189747080    0.0004784216    
0.1146475500    0.0197656330    0.0004909296    
0.1148891300    0.0185348530    0.0004694248    
0.1151307200    0.0183763180    0.0004724317    
0.1153723100    0.0192112790    0.0004774555    
0.1156139000    0.0189264570    0.0004778129    
0.1158554900    0.0192495270    0.0004767890    
0.1160970800    0.0191972530    0.0004809846    
0.1163386700    0.0180192550    0.0004621841    
0.1165802500    0.0188367130    0.0004720996    
0.1168218400    0.0184594920    0.0004642520    
0.1170634300    0.0182838250    0.0004624743    
0.1173050200    0.0190704540    0.0004736631    
0.1175466100    0.0187985330    0.0004689386    
0.1177882000    0.0184777430    0.0004625221    
0.1180297800    0.0182401000    0.0004597533    
0.1182713700    0.0187340340    0.0004679124    
0.1185129600    0.0182698990    0.0004594838    
0.1187545500    0.0189847960    0.0004675151    
0.1189961400    0.0187882440    0.0004642258    
0.1192377300    0.0191034180    0.0004655218    
0.1194793200    0.0187455820    0.0004605085    
0.1197209000    0.0188759660    0.0004623186    
0.1199624900    0.0186717540    0.0004589719    
0.1202040800    0.0185701350    0.0004544194    
0.1204456700    0.0188944600    0.0004636067    
0.1206872600    0.0189652490    0.0004594347    
0.1209288500    0.0191856530    0.0004654573    
0.1211704400    0.0181900410    0.0004509620    
0.1214120200    0.0192805180    0.0004626140    
0.1216536100    0.0189071350    0.0004570890    
0.1218952000    0.0184224430    0.0004487942    
0.1221367900    0.0186643840    0.0004549583    
0.1223783800    0.0187451320    0.0004529078    
0.1226199700    0.0178978150    0.0004441268    
0.1228615600    0.0187460950    0.0004541256    
0.1231031400    0.0187128280    0.0004533197    
0.1233447300    0.0183451350    0.0004486449    
0.1235863200    0.0185756450    0.0004534693    
0.1238279100    0.0180502460    0.0004420947    
0.1240695000    0.0200348760    0.0004645476    
0.1243110900    0.0184892400    0.0004460746    
0.1245526800    0.0189648600    0.0004529588    
0.1247942600    0.0186710840    0.0004459422    
0.1250358500    0.0181993000    0.0004421789    
0.1252774400    0.0189122260    0.0004497814    
0.1255190300    0.0180165240    0.0004378673    
0.1257606200    0.0190042900    0.0004514605    
0.1260022100    0.0184896310    0.0004449202    
0.1262437900    0.0192237980    0.0004521057    
0.1264853800    0.0173502680    0.0004289578    
0.1267269700    0.0194306070    0.0004516304    
0.1269685600    0.0185960940    0.0004420131    
0.1272101500    0.0187957130    0.0004443791    
0.1274517400    0.0184367640    0.0004431351    
0.1276933300    0.0186007630    0.0004385460    
0.1279349100    0.0181887310    0.0004388244    
0.1281765000    0.0187227060    0.0004442702    
0.1284180900    0.0183404030    0.0004372964    
0.1286596800    0.0184596900    0.0004400156    
0.1289012700    0.0179499230    0.0004324341    
0.1291428600    0.0188627380    0.0004442290    
0.1293844500    0.0180703430    0.0004313480    
0.1296260300    0.0175306120    0.0004268149    
0.1298676200    0.0190893500    0.0004453860    
0.1301092100    0.0188577810    0.0004404629    
0.1303508000    0.0188256150    0.0004389937    
0.1305923900    0.0182564710    0.0004366627    
0.1308339800    0.0193225250    0.0004479099    
0.1310755700    0.0178541170    0.0004287596    
0.1313171500    0.0179339640    0.0004288263    
0.1315587400    0.0180736110    0.0004299586    
0.1318003300    0.0188166290    0.0004399821    
0.1320419200    0.0180332910    0.0004271901    
0.1322835100    0.0185696760    0.0004352799    
0.1325251000    0.0187990530    0.0004377796    
0.1327666900    0.0181026180    0.0004287121    
0.1330082700    0.0188234740    0.0004371645    
0.1332498600    0.0189771210    0.0004396670    
0.1334914500    0.0184051120    0.0004351443    
0.1337330400    0.0184092440    0.0004295180    
0.1339746300    0.0174820190    0.0004195819    
0.1342162200    0.0181117800    0.0004268988    
0.1344578000    0.0181797120    0.0004290963    
0.1346993900    0.0181393560    0.0004260131    
0.1349409800    0.0177297000    0.0004235789    
0.1351825700    0.0194272320    0.0004401660    
0.1354241600    0.0175190360    0.0004186655    
0.1356657500    0.0179126580    0.0004238570    
0.1359073400    0.0181127710    0.0004288323    
0.1361489200    0.0189432400    0.0004344734    
0.1363905100    0.0188132960    0.0004326325    
0.1366321000    0.0188280080    0.0004326278    
0.1368736900    0.0181520290    0.0004247905    
0.1371152800    0.0181855050    0.0004231476    
0.1373568700    0.0188672850    0.0004327314    
0.1375984600    0.0184099950    0.0004284872    
0.1378400400    0.0186689540    0.0004307965    
0.1380816300    0.0187810140    0.0004298491    
0.1383232200    0.0176450440    0.0004188163    
0.1385648100    0.0179576940    0.0004226803    
0.1388064000    0.0186332240    0.0004274755    
0.1390479900    0.0185402690    0.0004245616    
0.1392895800    0.0175927110    0.0004176918    
0.1395311600    0.0184476330    0.0004239995    
0.1397727500    0.0186035560    0.0004257876    
0.1400143400    0.0187447190    0.0004272318    
0.1402559300    0.0180977290    0.0004239844    
0.1404975200    0.0181319360    0.0004198603    
0.1407391100    0.0189784190    0.0004298868    
0.1409806900    0.0184411070    0.0004267906    
0.1412222800    0.0187776270    0.0004264340    
0.1414638700    0.0176166590    0.0004138514    
0.1417054600    0.0187990850    0.0004241954    
0.1419470500    0.0183835760    0.0004240984    
0.1421886400    0.0186509220    0.0004230115    
0.1424302300    0.0182703580    0.0004198142    
0.1426718100    0.0178382610    0.0004156308    
0.1429134000    0.0186851550    0.0004245530    
0.1431549900    0.0181526750    0.0004194418    
0.1433965800    0.0186518690    0.0004253366    
0.1436381700    0.0188565160    0.0004248429    
0.1438797600    0.0182826420    0.0004180050    
0.1441213500    0.0172943420    0.0004071794    
0.1443629300    0.0174320640    0.0004081656    
0.1446045200    0.0192585330    0.0004293478    
0.1448461100    0.0175260310    0.0004095806    
0.1450877000    0.0178412800    0.0004107145    
0.1453292900    0.0182135740    0.0004185094    
0.1455708800    0.0182934550    0.0004171633    
0.1458124700    0.0181384710    0.0004191136    
0.1460540500    0.0177957390    0.0004084773    
0.1462956400    0.0178326380    0.0004117174    
0.1465372300    0.0175536790    0.0004072352    
0.1467788200    0.0182299510    0.0004145312    
0.1470204100    0.0183945180    0.0004168746    
0.1472620000    0.0178434830    0.0004101138    
0.1475035900    0.0177610970    0.0004085440    
0.1477451700    0.0178633100    0.0004114397    
0.1479867600    0.0186862790    0.0004182564    
0.1482283500    0.0175545480    0.0004080247    
0.1484699400    0.0185175520    0.0004173118    
0.1487115300    0.0182712510    0.0004157930    
0.1489531200    0.0184906860    0.0004132577    
0.1491947000    0.0188552320    0.0004204611    
0.1494362900    0.0181885480    0.0004109423    
0.1496778800    0.0182841430    0.0004134188    
0.1499194700    0.0186950490    0.0004174084    
0.1501610600    0.0181482870    0.0004120356    
0.1504026500    0.0178194000    0.0004061418    
0.1506442400    0.0183807670    0.0004162424    
0.1508858200    0.0182137700    0.0004127783    
0.1511274100    0.0181084090    0.0004085065    
0.1513690000    0.0183848730    0.0004116131    
0.1516105900    0.0183930670    0.0004129365    
0.1518521800    0.0184582800    0.0004130496    
0.1520937700    0.0196036030    0.0004245631    
0.1523353600    0.0185369490    0.0004131582    
0.1525769400    0.0178553660    0.0004068559    
0.1528185300    0.0178800810    0.0004066807    
0.1530601200    0.0189789630    0.0004180550    
0.1533017100    0.0176991590    0.0004058330    
0.1535433000    0.0182359980    0.0004079734    
0.1537848900    0.0182864030    0.0004083862    
0.1540264800    0.0181477540    0.0004077375    
0.1542680600    0.0185691490    0.0004121392    
0.1545096500    0.0188001430    0.0004127168    
0.1547512400    0.0180294540    0.0004061059    
0.1549928300    0.0191993780    0.0004187654    
0.1552344200    0.0187559620    0.0004134440    
0.1554760100    0.0186329780    0.0004122381    
0.1557176000    0.0186886140    0.0004143827    
0.1559591800    0.0180136030    0.0004050302    
0.1562007700    0.0183170470    0.0004060441    
0.1564423600    0.0188113850    0.0004108896    
0.1566839500    0.0187385030    0.0004141675    
0.1569255400    0.0181718890    0.0004050216    
0.1571671300    0.0185194060    0.0004090252    
0.1574087100    0.0177558650    0.0003983299    
0.1576503000    0.0178150450    0.0004035348    
0.1578918900    0.0182435740    0.0004033268    
0.1581334800    0.0192591680    0.0004168104    
0.1583750700    0.0187773360    0.0004123155    
0.1586166600    0.0183417050    0.0004170724    
0.1588582500    0.0181482440    0.0004143910    
0.1590998300    0.0189035210    0.0004278611    
0.1593414200    0.0183241140    0.0004240830    
0.1595830100    0.0185993120    0.0004296473    
0.1598246000    0.0184558370    0.0004271315    
0.1600661900    0.0190080280    0.0004376896    
0.1603077800    0.0189716930    0.0004394233    
0.1605493700    0.0185543630    0.0004352799    
0.1607909500    0.0187390350    0.0004385275    
0.1610325400    0.0190062170    0.0004444151    
0.1612741300    0.0177429490    0.0004295723    
0.1615157200    0.0171066790    0.0004235832    
0.1617573100    0.0190850770    0.0004479769    
0.1619989000    0.0181477540    0.0004404068    
0.1622404900    0.0179452260    0.0004358771    
0.1624820700    0.0181109900    0.0004422580    
0.1627236600    0.0195099930    0.0004578247    
0.1629652500    0.0197593510    0.0004601424    
0.1632068400    0.0181221890    0.0004343214    
0.1634484300    0.0186704850    0.0004339627    
0.1636900200    0.0183633330    0.0004298531    
0.1639316100    0.0184255140    0.0004278068    
0.1641731900    0.0188422500    0.0004322709    
0.1644147800    0.0179106180    0.0004181119    
0.1646563700    0.0181861070    0.0004228184    
0.1648979600    0.0184485460    0.0004223504    
0.1651395500    0.0184572090    0.0004244439    
0.1653811400    0.0183861160    0.0004211420    
0.1656227200    0.0178434310    0.0004169982    
0.1658643100    0.0183151280    0.0004191862    
0.1661059000    0.0184162110    0.0004198535    
0.1663474900    0.0182200000    0.0004147341    
0.1665890800    0.0184796760    0.0004175199    
0.1668306700    0.0184550070    0.0004193237    
0.1670722600    0.0176778520    0.0004083614    
0.1673138400    0.0177397970    0.0004089204    
0.1675554300    0.0184152370    0.0004145852    
0.1677970200    0.0176226890    0.0004074134    
0.1680386100    0.0183521660    0.0004162356    
0.1682802000    0.0180469490    0.0004102639    
0.1685217900    0.0182866620    0.0004115863    
0.1687633800    0.0182364480    0.0004105601    
0.1690049600    0.0172351900    0.0004016883    
0.1692465500    0.0182998880    0.0004086874    
0.1694881400    0.0178245820    0.0004060490    
0.1697297300    0.0177002510    0.0004034262    
0.1699713200    0.0174829180    0.0004028921    
0.1702129100    0.0183002780    0.0004083907    
0.1704545000    0.0178362830    0.0004042233    
0.1706960800    0.0178072140    0.0004055482    
0.1709376700    0.0178920430    0.0004018908    
0.1711792600    0.0177416050    0.0004016652    
0.1714208500    0.0178630070    0.0004008344    
0.1716624400    0.0179589610    0.0004044155    
0.1719040300    0.0179515730    0.0004008086    
0.1721456200    0.0176805480    0.0003993629    
0.1723872000    0.0185284920    0.0004088273    
0.1726287900    0.0181100240    0.0004037430    
0.1728703800    0.0173215120    0.0003957200    
0.1731119700    0.0175846660    0.0003966915    
0.1733535600    0.0180272500    0.0004017978    
0.1735951500    0.0183078400    0.0004025890    
0.1738367300    0.0175837380    0.0003959659    
0.1740783200    0.0180036180    0.0003988023    
0.1743199100    0.0176792830    0.0003956176    
0.1745615000    0.0176037300    0.0003939269    
0.1748030900    0.0174673780    0.0003915626    
0.1750446800    0.0177074720    0.0003986512    
0.1752862700    0.0179265270    0.0003958342    
0.1755278500    0.0174995050    0.0003965909    
0.1757694400    0.0180379200    0.0003979061    
0.1760110300    0.0182254360    0.0004006800    
0.1762526200    0.0184861330    0.0004013985    
0.1764942100    0.0175470390    0.0003914839    
0.1767358000    0.0182113380    0.0003985443    
0.1769773900    0.0176222330    0.0003912190    
0.1772189700    0.0172833580    0.0003881207    
0.1774605600    0.0185032190    0.0004027200    
0.1777021500    0.0182082320    0.0003978101    
0.1779437400    0.0178818300    0.0003943669    
0.1781853300    0.0176643150    0.0003929286    
0.1784269200    0.0173544010    0.0003859393    
0.1786685100    0.0177322950    0.0003910690    
0.1789100900    0.0179350500    0.0003919352    
0.1791516800    0.0182981390    0.0003965693    
0.1793932700    0.0172615710    0.0003853068    
0.1796348600    0.0177377780    0.0003888331    
0.1798764500    0.0184537670    0.0003966031    
0.1801180400    0.0180826550    0.0003927302    
0.1803596200    0.0180892250    0.0003953988    
0.1806012100    0.0177182170    0.0003882177    
0.1808428000    0.0176295460    0.0003871121    
0.1810843900    0.0181210530    0.0003912639    
0.1813259800    0.0177507850    0.0003879084    
0.1815675700    0.0177155470    0.0003868614    
0.1818091600    0.0181722760    0.0003915493    
0.1820507400    0.0183660460    0.0003938999    
0.1822923300    0.0176937690    0.0003858342    
0.1825339200    0.0183698710    0.0003943449    
0.1827755100    0.0178676690    0.0003873308    
0.1830171000    0.0180911850    0.0003928228    
0.1832586900    0.0175610840    0.0003832143    
0.1835002800    0.0176973060    0.0003850882    
0.1837418600    0.0185020680    0.0003926845    
0.1839834500    0.0173890700    0.0003821082    
0.1842250400    0.0179959300    0.0003879298    
0.1844666300    0.0177091610    0.0003844371    
0.1847082200    0.0182520400    0.0003900222    
0.1849498100    0.0186480860    0.0003946298    
0.1851914000    0.0175985930    0.0003853193    
0.1854329800    0.0177628660    0.0003851495    
0.1856745700    0.0179327850    0.0003873795    
0.1859161600    0.0174589510    0.0003795424    
0.1861577500    0.0174011950    0.0003789141    
0.1863993400    0.0174447280    0.0003804035    
0.1866409300    0.0176605890    0.0003809667    
0.1868825200    0.0178082870    0.0003857718    
0.1871241000    0.0175243010    0.0003796199    
0.1873656900    0.0174964990    0.0003813512    
0.1876072800    0.0172221630    0.0003754610    
0.1878488700    0.0172269250    0.0003789113    
0.1880904600    0.0182161780    0.0003887238    
0.1883320500    0.0179151210    0.0003825608    
0.1885736300    0.0179207410    0.0003833807    
0.1888152200    0.0175236470    0.0003789838    
0.1890568100    0.0175675430    0.0003804674    
0.1892984000    0.0183118290    0.0003863909    
0.1895399900    0.0178177240    0.0003824039    
0.1897815800    0.0175468880    0.0003794864    
0.1900231700    0.0172596380    0.0003763674    
0.1902647500    0.0176747160    0.0003798599    
0.1905063400    0.0177254280    0.0003828109    
0.1907479300    0.0174316410    0.0003776127    
0.1909895200    0.0171727390    0.0003733204    
0.1912311100    0.0168761470    0.0003705689    
0.1914727000    0.0175738150    0.0003777787    
0.1917142900    0.0176455370    0.0003796715    
0.1919558700    0.0176610430    0.0003766203    
0.1921974600    0.0176455370    0.0003796715    
0.1924390500    0.0180072280    0.0003841774    
0.1926806400    0.0176050390    0.0003783625    
0.1929222300    0.0180546710    0.0003837946    
0.1931638200    0.0178181390    0.0003781690    
0.1934054100    0.0172093770    0.0003748261    
0.1936469900    0.0179457560    0.0003797671    
0.1938885800    0.0175900570    0.0003779532    
0.1941301700    0.0177357270    0.0003777837    
0.1943717600    0.0178941540    0.0003813313    
0.1946133500    0.0176748480    0.0003755509    
0.1948549400    0.0169467470    0.0003702494    
0.1950965300    0.0172607350    0.0003732978    
0.1953381100    0.0170689270    0.0003709760    
0.1955797000    0.0177268010    0.0003787986    
0.1958212900    0.0177720380    0.0003771905    
0.1960628800    0.0182000920    0.0003818295    
0.1963044700    0.0175026010    0.0003738370    
0.1965460600    0.0175947530    0.0003778797    
0.1967876400    0.0175749410    0.0003737658    
0.1970292300    0.0173540150    0.0003717674    
0.1972708200    0.0172626440    0.0003724690    
0.1975124100    0.0173927510    0.0003736275    
0.1977540000    0.0173895000    0.0003734715    
0.1979955900    0.0176874140    0.0003764132    
0.1982371800    0.0175023630    0.0003752900    
0.1984787600    0.0174984590    0.0003710500    
0.1987203500    0.0180432550    0.0003789563    
0.1989619400    0.0182338470    0.0003811977    
0.1992035300    0.0177667390    0.0003755586    
0.1994451200    0.0178134070    0.0003762929    
0.1996867100    0.0174124550    0.0003713192    
0.1999283000    0.0176941740    0.0003750315    
0.2001698800    0.0178831960    0.0003775146    
0.2004114700    0.0178191060    0.0003779342    
0.2006530600    0.0183082130    0.0003800217    
0.2008946500    0.0181208630    0.0003789185    
0.2011362400    0.0179430190    0.0003745451    
0.2013778300    0.0181154640    0.0003794699    
0.2016194200    0.0173974350    0.0003691569    
0.2018610000    0.0181183300    0.0003782870    
0.2021025900    0.0172430560    0.0003693904    
0.2023441800    0.0179189870    0.0003756015    
0.2025857700    0.0178112640    0.0003748287    
0.2028273600    0.0179282570    0.0003776253    
0.2030689500    0.0180551450    0.0003776269    
0.2033105400    0.0179047610    0.0003739095    
0.2035521200    0.0180685750    0.0003771660    
0.2037937100    0.0179798950    0.0003756424    
0.2040353000    0.0182019550    0.0003787966    
0.2042768900    0.0184275810    0.0003798089    
0.2045184800    0.0166467790    0.0003595157    
0.2047600700    0.0182927830    0.0003796196    
0.2050016500    0.0174042890    0.0003706397    
0.2052432400    0.0179697840    0.0003762532    
0.2054848300    0.0175488360    0.0003702912    
0.2057264200    0.0176782870    0.0003740232    
0.2059680100    0.0179914510    0.0003732859    
0.2062096000    0.0174064820    0.0003684376    
0.2064511900    0.0179391520    0.0003733275    
0.2066927700    0.0178865780    0.0003744290    
0.2069343600    0.0180681120    0.0003758485    
0.2071759500    0.0180332660    0.0003753673    
0.2074175400    0.0175189030    0.0003697420    
0.2076591300    0.0178605760    0.0003727430    
0.2079007200    0.0176082900    0.0003730436    
0.2081423100    0.0179286960    0.0003728677    
0.2083838900    0.0175481380    0.0003697009    
0.2086254800    0.0170175270    0.0003646427    
0.2088670700    0.0171604660    0.0003653645    
0.2091086600    0.0181494180    0.0003770506    
0.2093502500    0.0184519210    0.0003786254    
0.2095918400    0.0185253100    0.0003814183    
0.2098334300    0.0180638870    0.0003759233    
0.2100750100    0.0180213370    0.0003766727    
0.2103166000    0.0186395120    0.0003834446    
0.2105581900    0.0175273830    0.0003690180    
0.2107997800    0.0177198380    0.0003731526    
0.2110413700    0.0176083590    0.0003699856    
0.2112829600    0.0183517330    0.0003803519    
0.2115245400    0.0181220070    0.0003751076    
0.2117661300    0.0182579170    0.0003788961    
0.2120077200    0.0174079400    0.0003682210    
0.2122493100    0.0177519040    0.0003751612    
0.2124909000    0.0179621850    0.0003748635    
0.2127324900    0.0176488340    0.0003740705    
0.2129740800    0.0182602380    0.0003774840    
0.2132156600    0.0179949180    0.0003747315    
0.2134572500    0.0181635610    0.0003779158    
0.2136988400    0.0176143580    0.0003719223    
0.2139404300    0.0177482930    0.0003714528    
0.2141820200    0.0178979130    0.0003746662    
0.2144236100    0.0176535030    0.0003731649    
0.2146652000    0.0168296780    0.0003638902    
0.2149067800    0.0172115170    0.0003663684    
0.2151483700    0.0182270370    0.0003827318    
0.2153899600    0.0176334620    0.0003811805    
0.2156315500    0.0188880580    0.0003983723    
0.2158731400    0.0181243750    0.0003917010    
0.2161147300    0.0174276140    0.0003889162    
0.2163563200    0.0181241190    0.0003975888    
0.2165979000    0.0174314010    0.0003928343    
0.2168394900    0.0184670530    0.0004046252    
0.2170810800    0.0169914600    0.0003925056    
0.2173226700    0.0174554990    0.0003975381    
0.2175642600    0.0172921510    0.0003978625    
0.2178058500    0.0183432390    0.0004112999    
0.2180474400    0.0176659130    0.0004056042    
0.2182890200    0.0173061200    0.0004046624    
0.2185306100    0.0170934200    0.0003995797    
0.2187722000    0.0168690490    0.0004019860    
0.2190137900    0.0186170580    0.0004214853    
0.2192553800    0.0172666590    0.0004097197    
0.2194969700    0.0177148390    0.0004124193    
0.2197385500    0.0176683540    0.0004093452    
0.2199801400    0.0171858110    0.0003994540    
0.2202217300    0.0171757610    0.0003954988    
0.2204633200    0.0170761610    0.0003924777    
0.2207049100    0.0173625520    0.0003931844    
0.2209465000    0.0175139180    0.0003948945    
0.2211880900    0.0170219350    0.0003873627    
0.2214296700    0.0172460680    0.0003893504    
0.2216712600    0.0172848640    0.0003892356    
0.2219128500    0.0174751050    0.0003902677    
0.2221544400    0.0172265880    0.0003894071    
0.2223960300    0.0169695900    0.0003845815    
0.2226376200    0.0173251660    0.0003916354    
0.2228792100    0.0174438100    0.0003900554    
0.2231207900    0.0170513240    0.0003856424    
0.2233623800    0.0178281930    0.0003918521    
0.2236039700    0.0171098070    0.0003854890    
0.2238455600    0.0168487390    0.0003806713    
0.2240871500    0.0171059910    0.0003842346    
0.2243287400    0.0173303530    0.0003847392    
0.2245703300    0.0173096270    0.0003870550    
0.2248119100    0.0166226740    0.0003787675    
0.2250535000    0.0174218080    0.0003876301    
0.2252950900    0.0176085340    0.0003912042    
0.2255366800    0.0176476480    0.0003879775    
0.2257782700    0.0169618160    0.0003812848    
0.2260198600    0.0168366480    0.0003785668    
0.2262614500    0.0179053520    0.0003902625    
0.2265030300    0.0170164670    0.0003799303    
0.2267446200    0.0175218130    0.0003869921    
0.2269862100    0.0172915270    0.0003818128    
0.2272278000    0.0168437490    0.0003778677    
0.2274693900    0.0167742540    0.0003759305    
0.2277109800    0.0172222990    0.0003843344    
0.2279525600    0.0180089010    0.0003893873    
0.2281941500    0.0170629970    0.0003799289    
0.2284357400    0.0168730510    0.0003772929    
0.2286773300    0.0167170370    0.0003768311    
0.2289189200    0.0167395830    0.0003747772    
0.2291605100    0.0172403530    0.0003825526    
0.2294021000    0.0173100980    0.0003817578    
0.2296436800    0.0165418420    0.0003765349    
0.2298852700    0.0174295130    0.0003828120    
0.2301268600    0.0174316470    0.0003867973    
0.2303684500    0.0166347410    0.0003756447    
0.2306100400    0.0175480950    0.0003863495    
0.2308516300    0.0180774820    0.0003913278    
0.2310932200    0.0172464820    0.0003842050    
0.2313348000    0.0175049530    0.0003852130    
0.2315763900    0.0167849920    0.0003775962    
0.2318179800    0.0170421850    0.0003823194    
0.2320595700    0.0163912650    0.0003733977    
0.2323011600    0.0166987020    0.0003780542    
0.2325427500    0.0161166870    0.0003714075    
0.2327843400    0.0169992000    0.0003828998    
0.2330259200    0.0169169320    0.0003785581    
0.2332675100    0.0166915530    0.0003765438    
0.2335091000    0.0173200940    0.0003848910    
0.2337506900    0.0169476880    0.0003787725    
0.2339922800    0.0164618740    0.0003754937    
0.2342338700    0.0171050150    0.0003820979    
0.2344754600    0.0164130940    0.0003754569    
0.2347170400    0.0163942480    0.0003731753    
0.2349586300    0.0171562280    0.0003826694    
0.2352002200    0.0170544130    0.0003847295    
0.2354418100    0.0163303080    0.0003742492    
0.2356834000    0.0167873430    0.0003791874    
0.2359249900    0.0170376190    0.0003796463    
0.2361665700    0.0161547090    0.0003728782    
0.2364081600    0.0172196860    0.0003828488    
0.2366497500    0.0164903690    0.0003767321    
0.2368913400    0.0174208260    0.0003856091    
0.2371329300    0.0167409600    0.0003803781    
0.2373745200    0.0170593390    0.0003825118    
0.2376161100    0.0172051450    0.0003841430    
0.2378576900    0.0164010830    0.0003763657    
0.2380992800    0.0166299640    0.0003768845    
0.2383408700    0.0161640200    0.0003725972    
0.2385824600    0.0174359650    0.0003853781    
0.2388240500    0.0161924350    0.0003730540    
0.2390656400    0.0164187040    0.0003757819    
0.2393072300    0.0165930780    0.0003767264    
0.2395488100    0.0171193770    0.0003831843    
0.2397904000    0.0167089800    0.0003797496    
0.2400319900    0.0166605160    0.0003797284    
0.2402735800    0.0164208390    0.0003775155    
0.2405151700    0.0170207700    0.0003836778    
0.2407567600    0.0167946920    0.0003784855    
0.2409983500    0.0169819500    0.0003827055    
0.2412399300    0.0173970720    0.0003857453    
0.2414815200    0.0174516530    0.0003887756    
0.2417231100    0.0161812270    0.0003711252    
0.2419647000    0.0168658560    0.0003823288    
0.2422062900    0.0164298220    0.0003768268    
0.2424478800    0.0164931960    0.0003776848    
0.2426894600    0.0165688070    0.0003804149    
0.2429310500    0.0167029460    0.0003794165    
0.2431726400    0.0168948820    0.0003813248    
0.2434142300    0.0166726710    0.0003773682    
0.2436558200    0.0165425180    0.0003797113    
0.2438974100    0.0167158210    0.0003782480    
0.2441390000    0.0168415540    0.0003813861    
0.2443805800    0.0164240050    0.0003768917    
0.2446221700    0.0167878530    0.0003814436    
0.2448637600    0.0162695880    0.0003764334    
0.2451053500    0.0169152520    0.0003816873    
0.2453469400    0.0164842520    0.0003807890    
0.2455885300    0.0167516110    0.0003798366    
0.2458301200    0.0170077150    0.0003851489    
0.2460717000    0.0165991160    0.0003774476    
0.2463132900    0.0165563150    0.0003773535    
0.2465548800    0.0168642360    0.0003829815    
0.2467964700    0.0173579640    0.0003867845    
0.2470380600    0.0165567730    0.0003789420    
0.2472796500    0.0172818680    0.0003870153    
0.2475212400    0.0163059510    0.0003781869    
0.2477628200    0.0165429520    0.0003817379    
0.2480044100    0.0165449980    0.0003778815    
0.2482460000    0.0160728890    0.0003725810    
0.2484875900    0.0163948020    0.0003772161    
0.2487291800    0.0164034810    0.0003773159    
0.2489707700    0.0163924460    0.0003762666    
0.2492123600    0.0164231810    0.0003788732    
0.2494539400    0.0171546070    0.0003864003    
0.2496955300    0.0161408300    0.0003754697    
0.2499371200    0.0162098530    0.0003749509    
0.2501787100    0.0166052760    0.0003836871    
0.2504203000    0.0159940950    0.0003720563    
0.2506618900    0.0163477810    0.0003740607    
0.2509034700    0.0161257500    0.0003741081    
0.2511450600    0.0167440100    0.0003805457    
0.2513866500    0.0163743720    0.0003772456    
0.2516282400    0.0166361220    0.0003776064    
0.2518698300    0.0162765040    0.0003755894    
0.2521114200    0.0166800870    0.0003792889    
0.2523530100    0.0165393490    0.0003783451    
0.2525945900    0.0164329430    0.0003762064    
0.2528361800    0.0163794790    0.0003783688    
0.2530777700    0.0161356450    0.0003721409    
0.2533193600    0.0166674340    0.0003778308    
0.2535609500    0.0169992000    0.0003828998    
0.2538025400    0.0160220730    0.0003716028    
0.2540441300    0.0161341150    0.0003728999    
0.2542857100    0.0161864860    0.0003731150    
0.2545273000    0.0169479970    0.0003837966    
0.2547688900    0.0165703170    0.0003765981    
0.2550104800    0.0164960500    0.0003786447    
0.2552520700    0.0168084070    0.0003836976    
0.2554936600    0.0166707560    0.0003783925    
0.2557352500    0.0162797040    0.0003753636    
0.2559768300    0.0164703740    0.0003759811    
0.2562184200    0.0164585100    0.0003776835    
0.2564600100    0.0168075400    0.0003795468    
0.2567016000    0.0172453530    0.0003868772    
0.2569431900    0.0164760060    0.0003766990    
0.2571847800    0.0162928520    0.0003740791    
0.2574263700    0.0168808010    0.0003812984    
0.2576679500    0.0157321040    0.0003688676    
0.2579095400    0.0163978410    0.0003769868    
0.2581511300    0.0166905350    0.0003783544    
0.2583927200    0.0166302300    0.0003772783    
0.2586343100    0.0165954120    0.0003757157    
0.2588759000    0.0167176110    0.0003798476    
0.2591174800    0.0162498430    0.0003715281    
0.2593590700    0.0166323610    0.0003762631    
0.2596006600    0.0166275510    0.0003775091    
0.2598422500    0.0163272070    0.0003744733    
0.2600838400    0.0162294890    0.0003736104    
0.2603254300    0.0166635140    0.0003798954    
0.2605670200    0.0162552910    0.0003739072    
0.2608086000    0.0162281300    0.0003706444    
0.2610501900    0.0169095440    0.0003803019    
0.2612917800    0.0173269370    0.0003859015    
0.2615333700    0.0166871620    0.0003777930    
0.2617749600    0.0162815530    0.0003738197    
0.2620165500    0.0165872580    0.0003764003    
0.2622581400    0.0158704840    0.0003704863    
0.2624997200    0.0166047660    0.0003773811    
0.2627413100    0.0165659860    0.0003806513    
0.2629829000    0.0167110860    0.0003765057    
0.2632244900    0.0170994040    0.0003838930    
0.2634660800    0.0161661170    0.0003714631    
0.2637076700    0.0166991120    0.0003784516    
0.2639492600    0.0164589600    0.0003757205    
0.2641908400    0.0171272620    0.0003839383    
0.2644324300    0.0161678920    0.0003736805    
0.2646740200    0.0160195000    0.0003692659    
0.2649156100    0.0160205890    0.0003732791    
0.2651572000    0.0160944620    0.0003721823    
0.2653987900    0.0156726930    0.0003692039    
0.2656403800    0.0164586910    0.0003768946    
0.2658819600    0.0164590490    0.0003753316    
0.2661235500    0.0166402250    0.0003793645    
0.2663651400    0.0163532820    0.0003743827    
0.2666067300    0.0168518490    0.0003808388    
0.2668483200    0.0162043080    0.0003729319    
0.2670899100    0.0163563770    0.0003778351    
0.2673314900    0.0157938070    0.0003677955    
0.2675730800    0.0170088360    0.0003844848    
0.2678146700    0.0165368060    0.0003801816    
0.2680562600    0.0164158970    0.0003756193    
0.2682978500    0.0165679670    0.0003780119    
0.2685394400    0.0164618740    0.0003754937    
0.2687810300    0.0159075470    0.0003710483    
0.2690226100    0.0164961580    0.0003751065    
0.2692642000    0.0164026470    0.0003789039    
0.2695057900    0.0155844380    0.0003661104    
0.2697473800    0.0165334020    0.0003772233    
0.2699889700    0.0160231520    0.0003734402    
0.2702305600    0.0169181750    0.0003844047    
0.2704721500    0.0168673920    0.0003831519    
0.2707137300    0.0166618350    0.0003778981    
0.2709553200    0.0166581780    0.0003803673    
0.2711969100    0.0161273260    0.0003733417    
0.2714385000    0.0171067590    0.0003835751    
0.2716800900    0.0166838500    0.0003802602    
0.2719216800    0.0168126870    0.0003901496    
0.2721632700    0.0164345150    0.0003884457    
0.2724048500    0.0168785990    0.0003987194    
0.2726464400    0.0170846840    0.0004085188    
0.2728880300    0.0156637070    0.0003914704    
0.2731296200    0.0160170780    0.0003980704    
0.2733712100    0.0159857430    0.0004008983    
0.2736128000    0.0160645040    0.0004073823    
0.2738543800    0.0165631140    0.0004112601    
0.2740959700    0.0165504200    0.0004150596    
0.2743375600    0.0164208840    0.0004164198    
0.2745791500    0.0169669350    0.0004251043    
0.2748207400    0.0166962380    0.0004246331    
0.2750623300    0.0171282230    0.0004300914    
0.2753039200    0.0167114270    0.0004293458    
0.2755455000    0.0164214540    0.0004242831    
0.2757870900    0.0162722340    0.0004286622    
0.2760286800    0.0167813470    0.0004331482    
0.2762702700    0.0162621270    0.0004343135    
0.2765118600    0.0168263190    0.0004242528    
0.2767534500    0.0164416960    0.0004177543    
0.2769950400    0.0161885180    0.0004111888    
0.2772366200    0.0173883070    0.0004217284    
0.2774782100    0.0156986270    0.0004012122    
0.2777198000    0.0161892570    0.0004084499    
0.2779613900    0.0167342650    0.0004142348    
0.2782029800    0.0169127470    0.0004083966    
0.2784445700    0.0162477640    0.0004036789    
0.2786861600    0.0171733540    0.0004138458    
0.2789277400    0.0159849430    0.0003948404    
0.2791693300    0.0167916360    0.0004050000    
0.2794109200    0.0167352370    0.0004062477    
0.2796525100    0.0162986840    0.0004002767    
0.2798941000    0.0165755130    0.0003990915    
0.2801356900    0.0159951510    0.0003960604    
0.2803772800    0.0161292220    0.0004012294    
0.2806188600    0.0164954580    0.0003975098    
0.2808604500    0.0162902010    0.0003929059    
0.2811020400    0.0168456330    0.0004010865    
0.2813436300    0.0163572600    0.0003970724    
0.2815852200    0.0153901740    0.0003813142    
0.2818268100    0.0162344530    0.0003937433    
0.2820683900    0.0167066770    0.0004005119    
0.2823099800    0.0164698890    0.0003973554    
0.2825515700    0.0166902220    0.0003964882    
0.2827931600    0.0159937980    0.0003927890    
0.2830347500    0.0161236240    0.0003920946    
0.2832763400    0.0164924040    0.0003945822    
0.2835179300    0.0161147870    0.0003900388    
0.2837595100    0.0159384130    0.0003901368    
0.2840011000    0.0165975630    0.0003985839    
0.2842426900    0.0161202630    0.0003889202    
0.2844842800    0.0158569450    0.0003877943    
0.2847258700    0.0166381970    0.0003978427    
0.2849674600    0.0167760250    0.0004005662    
0.2852090500    0.0165428780    0.0003957898    
0.2854506300    0.0174854610    0.0004086325    
0.2856922200    0.0165050080    0.0003957910    
0.2859338100    0.0158036890    0.0003878863    
0.2861754000    0.0170010440    0.0004001631    
0.2864169900    0.0166210590    0.0003955153    
0.2866585800    0.0164511860    0.0003952968    
0.2869001700    0.0159692220    0.0003885697    
0.2871417500    0.0162911690    0.0003920181    
0.2873833400    0.0156393340    0.0003857157    
0.2876249300    0.0160473440    0.0003911660    
0.2878665200    0.0157359630    0.0003897620    
0.2881081100    0.0159271380    0.0003852713    
0.2883497000    0.0167406370    0.0003972377    
0.2885912900    0.0169822060    0.0003999413    
0.2888328700    0.0163353180    0.0003923994    
0.2890744600    0.0157074040    0.0003839076    
0.2893160500    0.0165425970    0.0003944308    
0.2895576400    0.0163402480    0.0003941130    
0.2897992300    0.0166074660    0.0003934137    
0.2900408200    0.0162428330    0.0003899528    
0.2902824000    0.0152185790    0.0003803456    
0.2905239900    0.0155435310    0.0003827713    
0.2907655800    0.0159722240    0.0003852365    
0.2910071700    0.0156377270    0.0003811813    
0.2912487600    0.0161414880    0.0003878552    
0.2914903500    0.0163627840    0.0003894797    
0.2917319400    0.0165018440    0.0003898194    
0.2919735200    0.0162671620    0.0003881947    
0.2922151100    0.0161419050    0.0003859756    
0.2924567000    0.0164431740    0.0003902891    
0.2926982900    0.0167150700    0.0003936501    
0.2929398800    0.0162363910    0.0003900230    
0.2931814700    0.0165538720    0.0003898537    
0.2934230600    0.0164310340    0.0003895623    
0.2936646400    0.0160464950    0.0003822762    
0.2939062300    0.0165142150    0.0003914244    
0.2941478200    0.0156926310    0.0003791553    
0.2943894100    0.0158543500    0.0003829509    
0.2946310000    0.0164527680    0.0003890946    
0.2948725900    0.0163323890    0.0003885362    
0.2951141800    0.0160045790    0.0003839011    
0.2953557600    0.0166418490    0.0003941177    
0.2955973500    0.0163551610    0.0003872197    
0.2958389400    0.0165322910    0.0003885919    
0.2960805300    0.0151388870    0.0003721302    
0.2963221200    0.0163499500    0.0003860159    
0.2965637100    0.0164836300    0.0003874481    
0.2968053000    0.0167194510    0.0003893512    
0.2970468800    0.0158512560    0.0003802234    
0.2972884700    0.0159306270    0.0003800555    
0.2975300600    0.0166106480    0.0003880823    
0.2977716500    0.0166692980    0.0003901988    
0.2980132400    0.0157709440    0.0003803818    
0.2982548300    0.0159447570    0.0003795295    
0.2984964100    0.0160064290    0.0003797089    
0.2987380000    0.0160585380    0.0003811596    
0.2989795900    0.0164297840    0.0003846976    
0.2992211800    0.0158996530    0.0003780278    
0.2994627700    0.0166344380    0.0003877923    
0.2997043600    0.0158021520    0.0003789365    
0.2999459500    0.0164806570    0.0003868443    
0.3001875300    0.0163871640    0.0003851807    
0.3004291200    0.0158979680    0.0003833341    
0.3006707100    0.0169871930    0.0003907425    
0.3009123000    0.0163324710    0.0003849600    
0.3011538900    0.0161707340    0.0003804089    
0.3013954800    0.0159590210    0.0003799767    
0.3016370700    0.0167668370    0.0003891904    
0.3018786500    0.0154749960    0.0003738969    
0.3021202400    0.0160414540    0.0003805397    
0.3023618300    0.0160282810    0.0003820592    
0.3026034200    0.0155770160    0.0003758138    
0.3028450100    0.0158904410    0.0003798542    
0.3030866000    0.0156888860    0.0003778535    
0.3033281900    0.0159471860    0.0003787300    
0.3035697700    0.0161643340    0.0003822734    
0.3038113600    0.0167130970    0.0003889924    
0.3040529500    0.0163760130    0.0003836489    
0.3042945400    0.0164000550    0.0003837911    
0.3045361300    0.0165958110    0.0003884786    
0.3047777200    0.0156418720    0.0003756334    
0.3050193100    0.0152401160    0.0003710485    
0.3052608900    0.0163535340    0.0003853495    
0.3055024800    0.0161014050    0.0003872276    
0.3057440700    0.0162244270    0.0003810399    
0.3059856600    0.0157738220    0.0003765289    
0.3062272500    0.0162428740    0.0003830611    
0.3064688400    0.0163898550    0.0003857772    
0.3067104200    0.0160848300    0.0003791231    
0.3069520100    0.0164025440    0.0003847988    
0.3071936000    0.0155407480    0.0003753760    
0.3074351900    0.0165109310    0.0003873416    
0.3076767800    0.0166726150    0.0003871077    
0.3079183700    0.0162571910    0.0003862012    
0.3081599600    0.0158351650    0.0003811555    
0.3084015400    0.0158740570    0.0003773126    
0.3086431300    0.0167018490    0.0003867454    
0.3088847200    0.0158218230    0.0003787554    
0.3091263100    0.0160027000    0.0003799412    
0.3093679000    0.0164475620    0.0003857488    
0.3096094900    0.0157704850    0.0003758075    
0.3098510800    0.0159777830    0.0003821605    
0.3100926600    0.0161789300    0.0003827256    
0.3103342500    0.0163600030    0.0003848614    
0.3105758400    0.0157642800    0.0003804425    
0.3108174300    0.0159677850    0.0003791123    
0.3110590200    0.0157294560    0.0003780639    
0.3113006100    0.0166360780    0.0003858436    
0.3115422000    0.0156476740    0.0003770797    
0.3117837800    0.0159575960    0.0003794054    
0.3120253700    0.0163687650    0.0003853875    
0.3122669600    0.0160175510    0.0003790141    
0.3125085500    0.0157434880    0.0003785105    
0.3127501400    0.0159034260    0.0003797309    
0.3129917300    0.0167854130    0.0003918447    
0.3132333100    0.0159163930    0.0003805833    
0.3134749000    0.0157154660    0.0003776185    
0.3137164900    0.0165018440    0.0003855403    
0.3139580800    0.0160757970    0.0003803924    
0.3141996700    0.0157837200    0.0003771953    
0.3144412600    0.0157911810    0.0003776973    
0.3146828500    0.0158969380    0.0003797925    
0.3149244300    0.0156167450    0.0003749219    
0.3151660200    0.0162775360    0.0003847354    
0.3154076100    0.0159633440    0.0003817060    
0.3156492000    0.0157258280    0.0003804017    
0.3158907900    0.0156210270    0.0003747009    
0.3161323800    0.0161810420    0.0003814968    
0.3163739700    0.0161838090    0.0003816681    
0.3166155500    0.0167413090    0.0003901778    
0.3168571400    0.0158738610    0.0003782709    
0.3170987300    0.0159344800    0.0003798233    
0.3173403200    0.0154817960    0.0003743892    
0.3175819100    0.0159137920    0.0003804124    
0.3178235000    0.0157986750    0.0003782012    
0.3180650900    0.0154202060    0.0003754332    
0.3183066700    0.0163957520    0.0003861299    
0.3185482600    0.0157161870    0.0003781821    
0.3187898500    0.0154906730    0.0003728635    
0.3190314400    0.0161399620    0.0003821247    
0.3192730300    0.0158428540    0.0003781768    
0.3195146200    0.0154003130    0.0003734027    
0.3197562100    0.0161352700    0.0003813728    
0.3199977900    0.0161671030    0.0003824458    
0.3202393800    0.0160218570    0.0003821232    
0.3204809700    0.0159503610    0.0003818324    
0.3207225600    0.0156232460    0.0003774788    
0.3209641500    0.0164046320    0.0003866609    
0.3212057400    0.0158623080    0.0003779956    
0.3214473200    0.0156599140    0.0003758499    
0.3216889100    0.0161713270    0.0003817987    
0.3219305000    0.0159293680    0.0003804588    
0.3221720900    0.0156380950    0.0003764120    
0.3224136800    0.0155760870    0.0003741615    
0.3226552700    0.0161618840    0.0003853533    
0.3228968600    0.0159189640    0.0003797772    
0.3231384400    0.0161077700    0.0003857112    
0.3233800300    0.0156641420    0.0003756270    
0.3236216200    0.0156418720    0.0003756334    
0.3238632100    0.0161065000    0.0003818679    
0.3241048000    0.0161872930    0.0003832453    
0.3243463900    0.0152506060    0.0003718554    
0.3245879800    0.0157805680    0.0003779844    
0.3248295600    0.0162637790    0.0003834475    
0.3250711500    0.0157484730    0.0003773239    
0.3253127400    0.0161229450    0.0003829041    
0.3255543300    0.0160400840    0.0003823405    
0.3257959200    0.0158782640    0.0003825255    
0.3260375100    0.0154929980    0.0003735693    
0.3262791000    0.0159060120    0.0003799009    
0.3265206800    0.0161164000    0.0003815668    
0.3267622700    0.0158203250    0.0003791543    
0.3270038600    0.0158490240    0.0003790808    
0.3272454500    0.0158027160    0.0003779732    
0.3274870400    0.0158801580    0.0003791753    
0.3277286300    0.0155046810    0.0003760437    
0.3279702200    0.0161894010    0.0003838334    
0.3282118000    0.0157013820    0.0003808144    
0.3284533900    0.0159590210    0.0003799767    
0.3286949800    0.0167022980    0.0004024942    
0.3289365700    0.0163324410    0.0004034239    
0.3291781600    0.0159544860    0.0004021429    
0.3294197500    0.0159554710    0.0004068473    
0.3296613300    0.0157536850    0.0004083953    
0.3299029200    0.0150724390    0.0003999810    
0.3301445100    0.0159265370    0.0004171023    
0.3303861000    0.0159852390    0.0004206642    
0.3306276900    0.0162882650    0.0004278984    
0.3308692800    0.0163143230    0.0004284351    
0.3311108700    0.0168602490    0.0004391524    
0.3313524500    0.0158857550    0.0004310801    
0.3315940400    0.0155025570    0.0004252466    
0.3318356300    0.0157996380    0.0004348707    
0.3320772200    0.0160821030    0.0004391657    
0.3323188100    0.0157484280    0.0004386426    
0.3325604000    0.0160064640    0.0004415681    
0.3328019900    0.0151750630    0.0004344608    
0.3330435700    0.0160551900    0.0004422397    
0.3332851600    0.0160074220    0.0004358283    
0.3335267500    0.0160970960    0.0004234612    
0.3337683400    0.0155958020    0.0004168154    
0.3340099300    0.0161684370    0.0004215622    
0.3342515200    0.0155998490    0.0004100966    
0.3344931100    0.0170756070    0.0004246402    
0.3347346900    0.0162253960    0.0004153536    
0.3349762800    0.0159651130    0.0004099012    
0.3352178700    0.0154992010    0.0004023392    
0.3354594600    0.0160365670    0.0004071979    
0.3357010500    0.0158056080    0.0004052720    
0.3359426400    0.0160484970    0.0004097526    
0.3361842300    0.0161899190    0.0004036144    
0.3364258100    0.0155958480    0.0003954975    
0.3366674000    0.0162571990    0.0004042879    
0.3369089900    0.0156800790    0.0003956035    
0.3371505800    0.0154978160    0.0003925070    
0.3373921700    0.0154629870    0.0003930139    
0.3376337600    0.0166747080    0.0004077933    
0.3378753400    0.0156301740    0.0003949735    
0.3381169300    0.0159647440    0.0003972608    
0.3383585200    0.0161650720    0.0004041268    
0.3386001100    0.0162795530    0.0003995659    
0.3388417000    0.0160705310    0.0003984157    
0.3390832900    0.0159498460    0.0003930155    
0.3393248800    0.0158858100    0.0003951743    
0.3395664600    0.0161069230    0.0003971272    
0.3398080500    0.0159027250    0.0003941344    
0.3400496400    0.0159069500    0.0003927941    
0.3402912300    0.0153061050    0.0003847018    
0.3405328200    0.0155560860    0.0003901232    
0.3407744100    0.0168804470    0.0004065513    
0.3410160000    0.0155465430    0.0003906216    
0.3412575800    0.0158809450    0.0003904888    
0.3414991700    0.0161631160    0.0003936373    
0.3417407600    0.0161548430    0.0003946079    
0.3419823500    0.0156628210    0.0003857089    
0.3422239400    0.0157578560    0.0003885207    
0.3424655300    0.0156196500    0.0003877145    
0.3427071200    0.0160969500    0.0003923752    
0.3429487000    0.0160289020    0.0003919996    
0.3431902900    0.0153447810    0.0003851876    
0.3434318800    0.0154803020    0.0003899432    
0.3436734700    0.0165144700    0.0003954498    
0.3439150600    0.0162410570    0.0003912656    
0.3441566500    0.0163459870    0.0003949412    
0.3443982300    0.0158132100    0.0003880031    
0.3446398200    0.0165712860    0.0003961295    
0.3448814100    0.0157180070    0.0003868334    
0.3451230000    0.0160692590    0.0003915839    
0.3453645900    0.0160024630    0.0003907692    
0.3456061800    0.0163250840    0.0003931758    
0.3458477700    0.0159261990    0.0003908932    
0.3460893500    0.0161189710    0.0003927953    
0.3463309400    0.0151193590    0.0003775124    
0.3465725300    0.0154327460    0.0003815501    
0.3468141200    0.0150284650    0.0003779625    
0.3470557100    0.0165081480    0.0003950720    
0.3472973000    0.0155298440    0.0003840681    
0.3475388900    0.0160639640    0.0003882405    
0.3477804700    0.0157216080    0.0003859880    
0.3480220600    0.0160845560    0.0003905676    
0.3482636500    0.0157448790    0.0003859781    
0.3485052400    0.0155404160    0.0003871817    
0.3487468300    0.0160581450    0.0003893527    
0.3489884200    0.0158855410    0.0003871069    
0.3492300100    0.0159432530    0.0003863399    
0.3494715900    0.0161443470    0.0003914428    
0.3497131800    0.0160275100    0.0003873595    
0.3499547700    0.0157379870    0.0003860412    
0.3501963600    0.0157824690    0.0003848238    
0.3504379500    0.0157723420    0.0003857252    
0.3506795400    0.0158084900    0.0003866092    
0.3509211300    0.0159545250    0.0003891348    
0.3511627100    0.0166126590    0.0003972320    
0.3514043000    0.0160555960    0.0003876987    
0.3516458900    0.0161758200    0.0003900337    
0.3518874800    0.0160181480    0.0003872463    
0.3521290700    0.0160115360    0.0003873129    
0.3523706600    0.0160751810    0.0003889663    
0.3526122400    0.0155621040    0.0003824178    
0.3528538300    0.0155246790    0.0003825391    
0.3530954200    0.0155059350    0.0003828918    
0.3533370100    0.0153150680    0.0003798032    
0.3535786000    0.0163555290    0.0003950565    
0.3538201900    0.0158604520    0.0003848989    
0.3540617800    0.0156144450    0.0003839360    
0.3543033600    0.0164147960    0.0003912723    
0.3545449500    0.0154704790    0.0003808569    
0.3547865400    0.0158246230    0.0003840294    
0.3550281300    0.0160619630    0.0003891023    
0.3552697200    0.0159701320    0.0003871050    
0.3555113100    0.0162351800    0.0003908972    
0.3557529000    0.0165144120    0.0003945446    
0.3559944800    0.0159803410    0.0003857691    
0.3562360700    0.0157378700    0.0003876746    
0.3564776600    0.0158085680    0.0003839792    
0.3567192500    0.0159565610    0.0003862091    
0.3569608400    0.0157915210    0.0003833390    
0.3572024300    0.0151704460    0.0003771456    
0.3574440200    0.0158552010    0.0003845451    
0.3576856000    0.0159634690    0.0003871710    
0.3579271900    0.0160846280    0.0003876095    
0.3581687800    0.0160845920    0.0003890801    
0.3584103700    0.0161715580    0.0003888023    
0.3586519600    0.0154752320    0.0003835394    
0.3588935500    0.0164362120    0.0003925643    
0.3591351400    0.0155221260    0.0003817814    
0.3593767200    0.0160892980    0.0003869364    
0.3596183100    0.0161245530    0.0003867789    
0.3598599000    0.0159565610    0.0003862091    
0.3601014900    0.0155500550    0.0003815462    
0.3603430800    0.0158844280    0.0003854808    
0.3605846700    0.0152324720    0.0003770599    
0.3608262500    0.0161014960    0.0003886938    
0.3610678400    0.0158443880    0.0003848492    
0.3613094300    0.0158962720    0.0003878293    
0.3615510200    0.0157899150    0.0003837526    
0.3617926100    0.0161637430    0.0003878306    
0.3620342000    0.0155546090    0.0003813137    
0.3622757900    0.0156966490    0.0003826175    
0.3625173700    0.0160099030    0.0003867081    
0.3627589600    0.0153160080    0.0003786639    
0.3630005500    0.0158619010    0.0003844815    
0.3632421400    0.0160362170    0.0003864429    
0.3634837300    0.0155690770    0.0003823584    
0.3637253200    0.0159998870    0.0003880543    
0.3639669100    0.0158734420    0.0003868121    
0.3642084900    0.0159164750    0.0003845636    
0.3644500800    0.0161191660    0.0003878791    
0.3646916700    0.0157628160    0.0003840023    
0.3649332600    0.0153363550    0.0003766430    
0.3651748500    0.0157822150    0.0003832261    
0.3654164400    0.0154071430    0.0003802205    
0.3656580300    0.0161837820    0.0003890962    
0.3658996100    0.0152632750    0.0003770147    
0.3661412000    0.0158256920    0.0003846221    
0.3663827900    0.0165813020    0.0003976206    
0.3666243800    0.0159769530    0.0003835696    
0.3668659700    0.0167034650    0.0003942524    
0.3671075600    0.0163900940    0.0003906835    
0.3673491500    0.0165791580    0.0003921933    
0.3675907300    0.0156155880    0.0003823493    
0.3678323200    0.0160263050    0.0003853101    
0.3680739100    0.0161549310    0.0003891907    
0.3683155000    0.0154984380    0.0003800509    
0.3685570900    0.0165763450    0.0003928970    
0.3687986800    0.0162062700    0.0003909953    
0.3690402600    0.0152773920    0.0003793358    
0.3692818500    0.0161901980    0.0003871304    
0.3695234400    0.0159617160    0.0003855442    
0.3697650300    0.0152595710    0.0003761208    
0.3700066200    0.0159511610    0.0003858524    
0.3702482100    0.0161346570    0.0003864658    
0.3704898000    0.0164273440    0.0003911272    
0.3707313800    0.0151921740    0.0003769875    
0.3709729700    0.0156891600    0.0003820946    
0.3712145600    0.0155857720    0.0003829995    
0.3714561500    0.0157037730    0.0003847393    
0.3716977400    0.0158235590    0.0003834395    
0.3719393300    0.0158714370    0.0003835874    
0.3721809200    0.0156656020    0.0003815209    
0.3724225000    0.0159350580    0.0003847881    
0.3726640900    0.0155006990    0.0003796501    
0.3729056800    0.0154263110    0.0003787380    
0.3731472700    0.0155260620    0.0003792489    
0.3733888600    0.0158256920    0.0003846221    
0.3736304500    0.0159326000    0.0003866498    
0.3738720400    0.0159893060    0.0003883692    
0.3741136200    0.0149563540    0.0003739089    
0.3743552100    0.0156823400    0.0003821552    
0.3745968000    0.0151606070    0.0003744787    
0.3748383900    0.0154867270    0.0003791942    
0.3750799800    0.0150616500    0.0003740942    
0.3753215700    0.0156102730    0.0003814197    
0.3755631500    0.0158926120    0.0003839871    
0.3758047400    0.0159244660    0.0003850941    
0.3760463300    0.0155708910    0.0003813692    
0.3762879200    0.0164612460    0.0003927144    
0.3765295100    0.0156238860    0.0003840520    
0.3767711000    0.0161459340    0.0003871804    
0.3770126900    0.0160012270    0.0003851526    
0.3772542700    0.0155029510    0.0003792505    
0.3774958600    0.0152623560    0.0003757332    
0.3777374500    0.0165080340    0.0003914979    
0.3779790400    0.0153818100    0.0003789037    
0.3782206300    0.0156195920    0.0003815335    
0.3784622200    0.0153660270    0.0003777136    
0.3787038100    0.0155383010    0.0003812578    
0.3789453900    0.0161202630    0.0003889202    
0.3791869800    0.0154328610    0.0003809712    
0.3794285700    0.0149350960    0.0003721005    
0.3796701600    0.0157221070    0.0003827835    
0.3799117500    0.0160513450    0.0003854667    
0.3801533400    0.0150883770    0.0003749895    
0.3803949300    0.0166860170    0.0003919887    
0.3806365100    0.0155307840    0.0003795908    
0.3808781000    0.0162422650    0.0003880427    
0.3811196900    0.0156135720    0.0003827592    
0.3813612800    0.0159470300    0.0003850772    
0.3816028700    0.0154025540    0.0003798760    
0.3818444600    0.0157992410    0.0003838659    
0.3820860500    0.0157308160    0.0003807453    
0.3823276300    0.0156755230    0.0003800755    
0.3825692200    0.0157959320    0.0003805420    
0.3828108100    0.0158772360    0.0003809561    
0.3830524000    0.0153345510    0.0003759191    
0.3832939900    0.0163180820    0.0003872110    
0.3835355800    0.0156657260    0.0003793921    
0.3837771600    0.0157334660    0.0003793675    
0.3840187500    0.0152374410    0.0003750063    
0.3842603400    0.0155075340    0.0003790225    
0.3845019300    0.0156357090    0.0003762456    
0.3847435200    0.0160202380    0.0003815424    
0.3849851100    0.0161880170    0.0003846665    
0.3852267000    0.0156505080    0.0003876454    
0.3854682800    0.0162489940    0.0004027164    
0.3857098700    0.0163588830    0.0004087167    
0.3859514600    0.0160600790    0.0004093817    
0.3861930500    0.0155972000    0.0004058414    
0.3864346400    0.0157076570    0.0004115112    
0.3866762300    0.0158312750    0.0004160367    
0.3869178200    0.0160340470    0.0004209296    
0.3871594000    0.0157023950    0.0004214744    
0.3874009900    0.0150609660    0.0004139128    
0.3876425800    0.0158861040    0.0004282607    
0.3878841700    0.0147515310    0.0004144277    
0.3881257600    0.0161246590    0.0004359609    
0.3883673500    0.0150310280    0.0004239562    
0.3886089400    0.0160058210    0.0004400460    
0.3888505200    0.0153545270    0.0004329085    
0.3890921100    0.0153254920    0.0004348642    
0.3893337000    0.0156313340    0.0004440792    
0.3895752900    0.0164298390    0.0004569136    
0.3898168800    0.0162600880    0.0004361295    
0.3900584700    0.0158255390    0.0004223524    
0.3903000600    0.0152996740    0.0004139585    
0.3905416400    0.0159893650    0.0004190352    
0.3907832300    0.0167715300    0.0004282131    
0.3910248200    0.0165018440    0.0004232634    
0.3912664100    0.0153574770    0.0004065443    
0.3915080000    0.0157662970    0.0004099639    
0.3917495900    0.0153763930    0.0004066178    
0.3919911700    0.0157753030    0.0004125761    
0.3922327600    0.0153583930    0.0004001699    
0.3924743500    0.0161376270    0.0004117599    
0.3927159400    0.0156185590    0.0004028668    
0.3929575300    0.0164526900    0.0004162904    
0.3931991200    0.0154756970    0.0004018645    
0.3934407100    0.0153924770    0.0004001084    
0.3936822900    0.0154966560    0.0004028164    
0.3939238800    0.0157670290    0.0004068318    
0.3941654700    0.0161344370    0.0004115446    
0.3944070600    0.0157182180    0.0004070657    
0.3946486500    0.0152797470    0.0004023774    
0.3948902400    0.0154783120    0.0004020680    
0.3951318300    0.0160986820    0.0004097007    
0.3953734100    0.0159334160    0.0004082808    
0.3956150000    0.0149841510    0.0003969399    
0.3958565900    0.0157004460    0.0004051138    
0.3960981800    0.0160945650    0.0004117348    
0.3963397700    0.0159760160    0.0004112670    
0.3965813600    0.0163253920    0.0004157396    
0.3968229500    0.0150627300    0.0004007122    
0.3970645300    0.0160089320    0.0004141780    
0.3973061200    0.0159958920    0.0004120518    
0.3975477100    0.0154783920    0.0004041204    
0.3977893000    0.0155661730    0.0004068284    
0.3980308900    0.0151761820    0.0004011832    
0.3982724800    0.0152259290    0.0004023577    
0.3985140700    0.0158881690    0.0004111913    
0.3987556500    0.0160497880    0.0004139900    
0.3989972400    0.0161574640    0.0004148398    
0.3992388300    0.0156214110    0.0004103799    
0.3994804200    0.0158986440    0.0004138252    
0.3997220100    0.0157428470    0.0004141421    
0.3999636000    0.0152250850    0.0004030396    
0.4002051800    0.0149830710    0.0004017328    
0.4004467700    0.0162673220    0.0004164269    
0.4006883600    0.0157596220    0.0004127309    
0.4009299500    0.0160114050    0.0004161966    
0.4011715400    0.0156413190    0.0004118990    
0.4014131300    0.0146256470    0.0003986507    
0.4016547200    0.0156136220    0.0004146346    
0.4018963000    0.0160139260    0.0004182451    
0.4021378900    0.0156093520    0.0004164345    
0.4023794800    0.0157736080    0.0004150949    
0.4026210700    0.0163631120    0.0004233413    
0.4028626600    0.0164474190    0.0004231219    
0.4031042500    0.0158983860    0.0004176561    
0.4033458400    0.0153059000    0.0004097998    
0.4035874200    0.0155401030    0.0004160704    
0.4038290100    0.0159787950    0.0004202037    
0.4040706000    0.0152375900    0.0004110768    
0.4043121900    0.0155263290    0.0004164486    
0.4045537800    0.0150268610    0.0004108093    
0.4047953700    0.0158540450    0.0004244758    
0.4050369600    0.0166758990    0.0004304264    
0.4052785400    0.0157110690    0.0004192974    
0.4055201300    0.0157639570    0.0004198128    
0.4057617200    0.0154336780    0.0004180435    
0.4060033100    0.0155962550    0.0004175738    
0.4062449000    0.0159790590    0.0004261461    
0.4064864900    0.0154563250    0.0004183501    
0.4067280800    0.0153307460    0.0004181804    
0.4069696600    0.0153209500    0.0004197915    
0.4072112500    0.0152039460    0.0004197487    
0.4074528400    0.0161370340    0.0004334531    
0.4076944300    0.0153236890    0.0004200242    
0.4079360200    0.0156592130    0.0004232220    
0.4081776100    0.0152253740    0.0004190646    
0.4084191900    0.0145992700    0.0004111247    
0.4086607800    0.0156169960    0.0004236310    
0.4089023700    0.0163732890    0.0004374384    
0.4091439600    0.0154001590    0.0004248421    
0.4093855500    0.0155794050    0.0004283226    
0.4096271400    0.0156214830    0.0004301301    
0.4098687300    0.0161845010    0.0004444547    
0.4101103100    0.0161021050    0.0004329837    
0.4103519000    0.0152215290    0.0004247914    
0.4105934900    0.0164860980    0.0004412403    
0.4108350800    0.0161239090    0.0004386748    
0.4110766700    0.0149518160    0.0004222262    
0.4113182600    0.0157047890    0.0004344045    
0.4115598500    0.0152557370    0.0004296113    
0.4118014300    0.0151443030    0.0004297229    
0.4120430200    0.0153283260    0.0004306321    
0.4122846100    0.0156521230    0.0004390363    
0.4125262000    0.0155804220    0.0004424542    
0.4127677900    0.0157826160    0.0004373947    
0.4130093800    0.0158618270    0.0004404364    
0.4132509700    0.0159089880    0.0004417459    
0.4134925500    0.0158502370    0.0004442440    
0.4137341400    0.0162130620    0.0004479499    
0.4139757300    0.0156115470    0.0004424470    
0.4142173200    0.0157032350    0.0004415134    
0.4144589100    0.0161640380    0.0004525062    
0.4147005000    0.0156439500    0.0004442583    
0.4149420800    0.0158392060    0.0004507128    
0.4151836700    0.0152862310    0.0004407249    
0.4154252600    0.0154234560    0.0004397736    
0.4156668500    0.0165512510    0.0004521457    
0.4159084400    0.0156495780    0.0004396573    
0.4161500300    0.0159738840    0.0004428655    
0.4163916200    0.0158211020    0.0004411804    
0.4166332000    0.0159542170    0.0004406301    
0.4168747900    0.0157638590    0.0004367072    
0.4171163800    0.0149773960    0.0004296830    
0.4173579700    0.0165585800    0.0004486777    
0.4175995600    0.0156491650    0.0004429798    
0.4178411500    0.0159800950    0.0004403383    
0.4180827400    0.0155162950    0.0004353977    
0.4183243200    0.0163461670    0.0004482188    
0.4185659100    0.0147997310    0.0004277665    
0.4188075000    0.0146120370    0.0004248332    
0.4190490900    0.0152324720    0.0004368211    
0.4192906800    0.0159392810    0.0004463892    
0.4195322700    0.0155657800    0.0004447366    
0.4197738600    0.0163281850    0.0004554979    
0.4200154400    0.0155481550    0.0004486497    
0.4202570300    0.0167009750    0.0004657162    
0.4204986200    0.0155153210    0.0004458499    
0.4207402100    0.0159607290    0.0004552781    
0.4209818000    0.0156218030    0.0004485396    
0.4212233900    0.0160241590    0.0004569016    
0.4214649800    0.0151528840    0.0004454804    
0.4217065600    0.0158786360    0.0004572351    
0.4219481500    0.0160601460    0.0004613156    
0.4221897400    0.0153702380    0.0004532436    
0.4224313300    0.0160811560    0.0004671519    
0.4226729200    0.0163155630    0.0004715796    
0.4229145100    0.0152546120    0.0004572499    
0.4231560900    0.0156268840    0.0004610122    
0.4233976800    0.0152555640    0.0004562547    
0.4236392700    0.0150991880    0.0004556721    
0.4238808600    0.0156435270    0.0004653669    
0.4241224500    0.0157303420    0.0004669176    
0.4243640400    0.0153754390    0.0004652819    
0.4246056300    0.0163792590    0.0004813267    
0.4248472100    0.0159921160    0.0004780693    
0.4250888000    0.0162332100    0.0004833368    
0.4253303900    0.0155966170    0.0004810930    
0.4255719800    0.0155642400    0.0004738241    
0.4258135700    0.0154885730    0.0004734995    
0.4260551600    0.0154999470    0.0004778838    
0.4262967500    0.0150796070    0.0004694077    
0.4265383300    0.0149200870    0.0004711085    
0.4267799200    0.0156206780    0.0004843767    
0.4270215100    0.0153210060    0.0004785478    
0.4272631000    0.0162373260    0.0004977872    
0.4275046900    0.0155782340    0.0004896976    
0.4277462800    0.0146252050    0.0004795794    
0.4279878700    0.0150205010    0.0004891348    
0.4282294500    0.0155989130    0.0004927884    
0.4284710400    0.0158699700    0.0004986219    
0.4287126300    0.0154348240    0.0004945636    
0.4289542200    0.0158737100    0.0005034835    
0.4291958100    0.0149386810    0.0004906507    
0.4294374000    0.0161352580    0.0005146348    
0.4296789900    0.0154093310    0.0005012656    
0.4299205700    0.0158411040    0.0005136830    
0.4301621600    0.0144334470    0.0004953546    
0.4304037500    0.0151362140    0.0005093741    
0.4306453400    0.0155318350    0.0005218022    
0.4308869300    0.0152272190    0.0005098450    
0.4311285200    0.0156779040    0.0005205763    
0.4313701000    0.0149358050    0.0005116923    
0.4316116900    0.0156613630    0.0005273455    
0.4318532800    0.0153588590    0.0005237328    
0.4320948700    0.0153257260    0.0005265982    
0.4323364600    0.0149916310    0.0005254564    
0.4325780500    0.0155077570    0.0005376347    
0.4328196400    0.0160911940    0.0005522483    
0.4330612200    0.0164236370    0.0005666693    
0.4333028100    0.0155093990    0.0005493711    
0.4335444000    0.0153737890    0.0005452521    
0.4337859900    0.0150745520    0.0005428967    
0.4340275800    0.0150185320    0.0005462188    
0.4342691700    0.0154147750    0.0005587852    
0.4345107600    0.0162825510    0.0005785752    
0.4347523400    0.0150966960    0.0005599055    
0.4349939300    0.0167271250    0.0005943725    
0.4352355200    0.0150300190    0.0005717689    
0.4354771100    0.0154981540    0.0005857752    
0.4357187000    0.0160015550    0.0006078488    
0.4359602900    0.0151117430    0.0005820826    
0.4362018800    0.0150431180    0.0005855526    
0.4364434600    0.0145509250    0.0005801834    
0.4366850500    0.0157431390    0.0006109523    
0.4369266400    0.0152136570    0.0006100121    
0.4371682300    0.0157293480    0.0006227308    
0.4374098200    0.0157309680    0.0006322810    
0.4376514100    0.0157375480    0.0006403518    
0.4378930000    0.0156178170    0.0006468239    
0.4381345800    0.0150403580    0.0006460387    
0.4383761700    0.0146266350    0.0006495917    
0.4386177600    0.0159164750    0.0006660837    
0.4388593500    0.0152766490    0.0006623268    
0.4391009400    0.0157301750    0.0006832752    
0.4393425300    0.0161258790    0.0007011252    
0.4395841100    0.0147881910    0.0006850497    
0.4398257000    0.0151710500    0.0007104495    
0.4400672900    0.0148031250    0.0007163734    
0.4403088800    0.0136984890    0.0007092809    
0.4405504700    0.0161482330    0.0007965336    
0.4407920600    0.0165869050    0.0008399106    
0.4410336500    0.0161568060    0.0008527236    
0.4412752300    0.0154591450    0.0008371597    
0.4415168200    0.0171866370    0.0009279912    
0.4417584100    0.0166249920    0.0012391538    
0.4420000000    0.0136566990    0.0017070873    