# Diamond Light Source Ltd.
# Data extracted from: /dls/b21/data/2017/mx13440-2/processed/b21-369037_00428.dat
q(1/A)          Column          Error           
0.0040000000    0.8536591900    0.0214489940    
0.0042415885    0.9363221800    0.0211278140    
0.0044831771    0.7375205800    0.0174564140    
0.0047247656    0.5748322200    0.0149219010    
0.0049663541    0.4903031300    0.0129930070    
0.0052079426    0.4301899600    0.0125233140    
0.0054495312    0.3424202700    0.0103009750    
0.0056911197    0.3214515500    0.0094097935    
0.0059327082    0.2691158200    0.0086097778    
0.0061742967    0.2433527000    0.0078460060    
0.0064158853    0.2055141400    0.0071378010    
0.0066574738    0.1978821700    0.0066181699    
0.0068990623    0.1854788200    0.0064653852    
0.0071406509    0.1650532600    0.0059910537    
0.0073822394    0.1580909200    0.0056678342    
0.0076238279    0.1547476200    0.0054745773    
0.0078654164    0.1305505400    0.0051088374    
0.0081070050    0.1467675800    0.0051347478    
0.0083485935    0.1318257300    0.0046990798    
0.0085901820    0.1180100800    0.0044763777    
0.0088317705    0.1252408600    0.0044901025    
0.0090733591    0.1139414500    0.0042552213    
0.0093149476    0.1171651300    0.0041580350    
0.0095565361    0.1122955500    0.0040707105    
0.0097981247    0.1096394100    0.0040222800    
0.0100397130    0.1030187500    0.0037667385    
0.0102813020    0.1053600800    0.0038968834    
0.0105228900    0.1075102900    0.0036875725    
0.0107644790    0.1045853800    0.0036747555    
0.0110060670    0.1043169100    0.0035780406    
0.0112476560    0.0973395920    0.0034393254    
0.0114892440    0.0983360770    0.0034071431    
0.0117308330    0.1006826100    0.0034312542    
0.0119724210    0.0968880630    0.0033193304    
0.0122140100    0.1007258000    0.0033538024    
0.0124555980    0.1027339600    0.0032850698    
0.0126971870    0.0933556220    0.0032287717    
0.0129387760    0.0945641730    0.0030745465    
0.0131803640    0.0926548960    0.0030936569    
0.0134219530    0.0889771420    0.0029239703    
0.0136635410    0.0930616170    0.0030019877    
0.0139051300    0.0893817610    0.0029420365    
0.0141467180    0.0860271090    0.0028209400    
0.0143883070    0.0817371490    0.0027095601    
0.0146298950    0.0881144430    0.0028132776    
0.0148714840    0.0895013850    0.0028561040    
0.0151130720    0.0892640230    0.0028213659    
0.0153546610    0.0867671270    0.0026776917    
0.0155962490    0.0921637220    0.0027877250    
0.0158378380    0.0870085940    0.0026463623    
0.0160794260    0.0861232150    0.0026328635    
0.0163210150    0.0889998210    0.0026176418    
0.0165626030    0.0793299450    0.0025187283    
0.0168041920    0.0832786280    0.0024862061    
0.0170457800    0.0863163890    0.0025464388    
0.0172873690    0.0878804780    0.0025539745    
0.0175289580    0.0863270570    0.0025162785    
0.0177705460    0.0886087150    0.0025052310    
0.0180121350    0.0833739990    0.0024027987    
0.0182537230    0.0852092470    0.0024024060    
0.0184953120    0.0878449800    0.0024326417    
0.0187369000    0.0803000120    0.0023258274    
0.0189784890    0.0817195550    0.0022850238    
0.0192200770    0.0833386390    0.0023440824    
0.0194616660    0.0860158960    0.0023205202    
0.0197032540    0.0804105610    0.0022608296    
0.0199448430    0.0796477730    0.0022500807    
0.0201864310    0.0820093340    0.0022658316    
0.0204280200    0.0826754730    0.0022304029    
0.0206696080    0.0772367750    0.0021250675    
0.0209111970    0.0821265210    0.0022393516    
0.0211527850    0.0799956180    0.0021425690    
0.0213943740    0.0807712590    0.0021579321    
0.0216359620    0.0793765000    0.0021492392    
0.0218775510    0.0793299450    0.0021385920    
0.0221191400    0.0807084360    0.0021180471    
0.0223607280    0.0793628530    0.0020863300    
0.0226023170    0.0793183060    0.0021484512    
0.0228439050    0.0843199850    0.0021179509    
0.0230854940    0.0791922190    0.0020481507    
0.0233270820    0.0788552310    0.0020394352    
0.0235686710    0.0772035090    0.0020309682    
0.0238102590    0.0791353080    0.0020132887    
0.0240518480    0.0786722350    0.0019950615    
0.0242934360    0.0754655260    0.0019825056    
0.0245350250    0.0769626450    0.0019773050    
0.0247766130    0.0770817280    0.0019667802    
0.0250182020    0.0753962280    0.0019651500    
0.0252597900    0.0752502310    0.0019163095    
0.0255013790    0.0767740140    0.0019205511    
0.0257429670    0.0777962070    0.0019370518    
0.0259845560    0.0758328670    0.0018905121    
0.0262261450    0.0768508840    0.0019141076    
0.0264677330    0.0738592350    0.0018551976    
0.0267093220    0.0756572620    0.0018636829    
0.0269509100    0.0755788560    0.0018731524    
0.0271924990    0.0724507800    0.0018203943    
0.0274340870    0.0762681200    0.0018781605    
0.0276756760    0.0759380170    0.0018433947    
0.0279172640    0.0740597110    0.0018171769    
0.0281588530    0.0753721460    0.0018105545    
0.0284004410    0.0721583760    0.0017872815    
0.0286420300    0.0702400550    0.0017297149    
0.0288836180    0.0726321310    0.0017773402    
0.0291252070    0.0740379430    0.0017578327    
0.0293667950    0.0724911560    0.0017602409    
0.0296083840    0.0740796780    0.0017583281    
0.0298499720    0.0725230320    0.0017456435    
0.0300915610    0.0706574050    0.0017172329    
0.0303331490    0.0722785760    0.0017223837    
0.0305747380    0.0699335050    0.0016722084    
0.0308163270    0.0717728080    0.0016940558    
0.0310579150    0.0701727630    0.0016832309    
0.0312995040    0.0687303710    0.0016524398    
0.0315410920    0.0711451090    0.0016731922    
0.0317826810    0.0689366580    0.0016418144    
0.0320242690    0.0671955950    0.0016058232    
0.0322658580    0.0702268970    0.0016650049    
0.0325074460    0.0710155560    0.0016457492    
0.0327490350    0.0677382510    0.0016024028    
0.0329906230    0.0691019630    0.0016014027    
0.0332322120    0.0673478180    0.0015904989    
0.0334738000    0.0685580970    0.0015832814    
0.0337153890    0.0654399130    0.0015445803    
0.0339569770    0.0683387110    0.0015807461    
0.0341985660    0.0667439440    0.0015645022    
0.0344401540    0.0680848680    0.0015595135    
0.0346817430    0.0683377460    0.0015760926    
0.0349233310    0.0655077400    0.0015363695    
0.0351649200    0.0663513320    0.0015178166    
0.0354065090    0.0672085310    0.0015362201    
0.0356480970    0.0672351330    0.0015152120    
0.0358896860    0.0650142420    0.0015066718    
0.0361312740    0.0658479290    0.0014953857    
0.0363728630    0.0653539860    0.0014857016    
0.0366144510    0.0651354330    0.0014954904    
0.0368560400    0.0663082110    0.0014864174    
0.0370976280    0.0672692800    0.0015155968    
0.0373392170    0.0635175570    0.0014587290    
0.0375808050    0.0644686970    0.0014539757    
0.0378223940    0.0636489020    0.0014447016    
0.0380639820    0.0647530670    0.0014629960    
0.0383055710    0.0673160350    0.0014627010    
0.0385471590    0.0648911770    0.0014416702    
0.0387887480    0.0635904910    0.0014327126    
0.0390303360    0.0666129310    0.0014494779    
0.0392719250    0.0609383340    0.0013846046    
0.0395135140    0.0639270490    0.0014181521    
0.0397551020    0.0619438140    0.0014233377    
0.0399966910    0.0621886640    0.0013728483    
0.0402382790    0.0594543980    0.0013522845    
0.0404798680    0.0625826470    0.0013771901    
0.0407214560    0.0616983200    0.0013809981    
0.0409630450    0.0624555650    0.0013674580    
0.0412046330    0.0592489460    0.0013400076    
0.0414462220    0.0631087830    0.0013712822    
0.0416878100    0.0592418240    0.0013270118    
0.0419293990    0.0599304050    0.0013331041    
0.0421709870    0.0614465540    0.0013450434    
0.0424125760    0.0609658710    0.0013461825    
0.0426541640    0.0594398060    0.0013089801    
0.0428957530    0.0568623730    0.0012817769    
0.0431373410    0.0602181160    0.0013175222    
0.0433789300    0.0547838320    0.0012479913    
0.0436205180    0.0573353550    0.0012738045    
0.0438621070    0.0576267910    0.0012799634    
0.0441036960    0.0577881520    0.0012788245    
0.0443452840    0.0569069790    0.0012590163    
0.0445868730    0.0571434880    0.0012745847    
0.0448284610    0.0557095420    0.0012429098    
0.0450700500    0.0575284440    0.0013061160    
0.0453116380    0.0579540050    0.0013140856    
0.0455532270    0.0568985450    0.0013396239    
0.0457948150    0.0556844870    0.0013235721    
0.0460364040    0.0553994190    0.0013235433    
0.0462779920    0.0552243410    0.0013421531    
0.0465195810    0.0553221980    0.0013433417    
0.0467611690    0.0570118220    0.0013691164    
0.0470027580    0.0547103070    0.0013411967    
0.0472443460    0.0563267260    0.0013887739    
0.0474859350    0.0537575310    0.0013401743    
0.0477275230    0.0551166520    0.0013681181    
0.0479691120    0.0550637540    0.0013693385    
0.0482107000    0.0523241540    0.0013478625    
0.0484522890    0.0515727050    0.0013307147    
0.0486938780    0.0534112250    0.0013637032    
0.0489354660    0.0514019950    0.0013415811    
0.0491770550    0.0531994980    0.0013805251    
0.0494186430    0.0503731380    0.0013169729    
0.0496602320    0.0519887020    0.0013005306    
0.0499018200    0.0524270760    0.0012875478    
0.0501434090    0.0509890770    0.0012492221    
0.0503849970    0.0516220890    0.0012447191    
0.0506265860    0.0525691050    0.0012470586    
0.0508681740    0.0525994570    0.0012415066    
0.0511097630    0.0516422610    0.0012243830    
0.0513513510    0.0510361950    0.0011949944    
0.0515929400    0.0513148240    0.0012176469    
0.0518345280    0.0508123520    0.0011923709    
0.0520761170    0.0512415560    0.0012111440    
0.0523177050    0.0501740340    0.0011627576    
0.0525592940    0.0514279200    0.0011995717    
0.0528008830    0.0489972820    0.0011403972    
0.0530424710    0.0487797950    0.0011415359    
0.0532840600    0.0491583480    0.0011398319    
0.0535256480    0.0502948040    0.0011529321    
0.0537672370    0.0486976930    0.0011249251    
0.0540088250    0.0483547330    0.0011233143    
0.0542504140    0.0475811240    0.0011190139    
0.0544920020    0.0466829400    0.0010991069    
0.0547335910    0.0483824930    0.0011108478    
0.0549751790    0.0449013560    0.0010657621    
0.0552167680    0.0470463880    0.0010920369    
0.0554583560    0.0470277830    0.0010797441    
0.0556999450    0.0462298010    0.0010673469    
0.0559415330    0.0452828440    0.0010637868    
0.0561831220    0.0462986650    0.0010649705    
0.0564247100    0.0460257840    0.0010586936    
0.0566662990    0.0478415240    0.0010751583    
0.0569078870    0.0446033800    0.0010484035    
0.0571494760    0.0451594990    0.0010445866    
0.0573910650    0.0466288370    0.0010452689    
0.0576326530    0.0456318480    0.0010419425    
0.0578742420    0.0446278340    0.0010284440    
0.0581158300    0.0458137870    0.0010321982    
0.0583574190    0.0461058970    0.0010335463    
0.0585990070    0.0437233210    0.0010121790    
0.0588405960    0.0434886080    0.0010075557    
0.0590821840    0.0438532560    0.0010023765    
0.0593237730    0.0441669100    0.0010087556    
0.0595653610    0.0430585930    0.0009997419    
0.0598069500    0.0439833360    0.0009884520    
0.0600485380    0.0437877580    0.0009915975    
0.0602901270    0.0432598350    0.0009864958    
0.0605317150    0.0421039760    0.0009679715    
0.0607733040    0.0422587230    0.0009654252    
0.0610148920    0.0429153960    0.0009781326    
0.0612564810    0.0424666200    0.0009686592    
0.0614980690    0.0411082020    0.0009438323    
0.0617396580    0.0411968230    0.0009661995    
0.0619812470    0.0413252190    0.0009668206    
0.0622228350    0.0408486680    0.0009551488    
0.0624644240    0.0404443570    0.0009436335    
0.0627060120    0.0434954340    0.0009864965    
0.0629476010    0.0424884730    0.0009812292    
0.0631891890    0.0415936280    0.0009646885    
0.0634307780    0.0408446330    0.0009516783    
0.0636723660    0.0403511410    0.0009450667    
0.0639139550    0.0424131130    0.0009671871    
0.0641555430    0.0405114810    0.0009353232    
0.0643971320    0.0389912670    0.0009265270    
0.0646387200    0.0394994190    0.0009156247    
0.0648803090    0.0397988590    0.0009270602    
0.0651218970    0.0376634530    0.0008843038    
0.0653634860    0.0399052890    0.0009171812    
0.0656050740    0.0388847600    0.0009030765    
0.0658466630    0.0379333670    0.0008874668    
0.0660882520    0.0369173470    0.0008733095    
0.0663298400    0.0391136090    0.0009004134    
0.0665714290    0.0369396470    0.0008706758    
0.0668130170    0.0385493950    0.0008924045    
0.0670546060    0.0379006330    0.0008797463    
0.0672961940    0.0364162690    0.0008588169    
0.0675377830    0.0376044030    0.0008656707    
0.0677793710    0.0390028130    0.0008873447    
0.0680209600    0.0350970370    0.0008316460    
0.0682625480    0.0387057180    0.0008740501    
0.0685041370    0.0372251370    0.0008544531    
0.0687457250    0.0367021920    0.0008600764    
0.0689873140    0.0361692620    0.0008409183    
0.0692289020    0.0375573800    0.0008569029    
0.0694704910    0.0362879840    0.0008416338    
0.0697120790    0.0369337380    0.0008464276    
0.0699536680    0.0352081460    0.0008303254    
0.0701952560    0.0354458770    0.0008324666    
0.0704368450    0.0358480060    0.0008398289    
0.0706784340    0.0353005420    0.0008414436    
0.0709200220    0.0343679010    0.0008229620    
0.0711616110    0.0359463810    0.0008409805    
0.0714031990    0.0342670170    0.0008276961    
0.0716447880    0.0338751140    0.0008269605    
0.0718863760    0.0348286430    0.0008271460    
0.0721279650    0.0334075610    0.0008025008    
0.0723695530    0.0333529020    0.0007975147    
0.0726111420    0.0337105930    0.0008067598    
0.0728527300    0.0340730210    0.0007993430    
0.0730943190    0.0344292870    0.0008090378    
0.0733359070    0.0336551280    0.0007950277    
0.0735774960    0.0340445060    0.0008026597    
0.0738190840    0.0318312890    0.0007679671    
0.0740606730    0.0337799950    0.0007929052    
0.0743022610    0.0328988140    0.0007830832    
0.0745438500    0.0331034050    0.0007819944    
0.0747854380    0.0318296930    0.0007589262    
0.0750270270    0.0317974490    0.0007647065    
0.0752686160    0.0317147570    0.0007542586    
0.0755102040    0.0337677580    0.0007794174    
0.0757517930    0.0322386630    0.0007643443    
0.0759933810    0.0303562040    0.0007300456    
0.0762349700    0.0327358530    0.0007679734    
0.0764765580    0.0316513470    0.0007481104    
0.0767181470    0.0300802110    0.0007282682    
0.0769597350    0.0328458190    0.0007551262    
0.0772013240    0.0316019740    0.0007391390    
0.0774429120    0.0323921480    0.0007446963    
0.0776845010    0.0319391320    0.0007364253    
0.0779260890    0.0301888400    0.0007204174    
0.0781676780    0.0304710820    0.0007188096    
0.0784092660    0.0301028810    0.0007159240    
0.0786508550    0.0309045080    0.0007194881    
0.0788924430    0.0304931300    0.0007215414    
0.0791340320    0.0309714180    0.0007222212    
0.0793756210    0.0305818560    0.0007196229    
0.0796172090    0.0300341370    0.0007059531    
0.0798587980    0.0301342860    0.0007138501    
0.0801003860    0.0291644270    0.0007017902    
0.0803419750    0.0293382890    0.0006940208    
0.0805835630    0.0307630420    0.0007163889    
0.0808251520    0.0290000200    0.0006946237    
0.0810667400    0.0311130450    0.0007194849    
0.0813083290    0.0288519790    0.0006846271    
0.0815499170    0.0295580320    0.0007031650    
0.0817915060    0.0285537630    0.0006864996    
0.0820330940    0.0291540130    0.0006864044    
0.0822746830    0.0292093790    0.0006888545    
0.0825162710    0.0294267730    0.0006882632    
0.0827578600    0.0290682030    0.0006862889    
0.0829994480    0.0292434430    0.0006795290    
0.0832410370    0.0276995450    0.0006690633    
0.0834826250    0.0283118210    0.0006686174    
0.0837242140    0.0285343670    0.0006699611    
0.0839658030    0.0286483300    0.0006730080    
0.0842073910    0.0279640570    0.0006628117    
0.0844489800    0.0286534750    0.0006667206    
0.0846905680    0.0282906380    0.0006575663    
0.0849321570    0.0284951310    0.0006673864    
0.0851737450    0.0268183760    0.0006394396    
0.0854153340    0.0277234940    0.0006541763    
0.0856569220    0.0271204380    0.0006426355    
0.0858985110    0.0274656290    0.0006535732    
0.0861400990    0.0263286000    0.0006331845    
0.0863816880    0.0288098770    0.0006648040    
0.0866232760    0.0265836390    0.0006438019    
0.0868648650    0.0265526850    0.0006350936    
0.0871064530    0.0258299180    0.0006283182    
0.0873480420    0.0277089200    0.0006456167    
0.0875896300    0.0272999010    0.0006423951    
0.0878312190    0.0278517350    0.0006480654    
0.0880728080    0.0253901390    0.0006168909    
0.0883143960    0.0261379230    0.0006255312    
0.0885559850    0.0265549030    0.0006327979    
0.0887975730    0.0274190090    0.0006399049    
0.0890391620    0.0262110590    0.0006260278    
0.0892807500    0.0262750750    0.0006245358    
0.0895223390    0.0248349290    0.0006057300    
0.0897639270    0.0266280290    0.0006231443    
0.0900055160    0.0256404040    0.0006129229    
0.0902471040    0.0255883980    0.0006148500    
0.0904886930    0.0243987190    0.0005950907    
0.0907302810    0.0251757320    0.0005992524    
0.0909718700    0.0243030690    0.0005992088    
0.0912134580    0.0245618590    0.0005925836    
0.0914550470    0.0243065310    0.0005971201    
0.0916966350    0.0260201300    0.0006099213    
0.0919382240    0.0247474190    0.0005968868    
0.0921798120    0.0255582070    0.0006027477    
0.0924214010    0.0250038300    0.0005961748    
0.0926629900    0.0255495040    0.0005992189    
0.0929045780    0.0251349220    0.0006004965    
0.0931461670    0.0241456030    0.0005818640    
0.0933877550    0.0242559640    0.0005841843    
0.0936293440    0.0239680360    0.0005830276    
0.0938709320    0.0240423720    0.0005825993    
0.0941125210    0.0251380100    0.0005910328    
0.0943541090    0.0239985310    0.0005774820    
0.0945956980    0.0237588280    0.0005755595    
0.0948372860    0.0246249690    0.0005830130    
0.0950788750    0.0247494270    0.0005828641    
0.0953204630    0.0253439690    0.0005921230    
0.0955620520    0.0247354560    0.0005839944    
0.0958036400    0.0257052390    0.0005923747    
0.0960452290    0.0245312350    0.0005786892    
0.0962868170    0.0234822150    0.0005686917    
0.0965284060    0.0246404440    0.0005799759    
0.0967699940    0.0236712080    0.0005684547    
0.0970115830    0.0242691220    0.0005696600    
0.0972531720    0.0244541450    0.0005736870    
0.0974947600    0.0248980430    0.0005782429    
0.0977363490    0.0242174920    0.0005681352    
0.0979779370    0.0245757380    0.0005744881    
0.0982195260    0.0243066260    0.0005716438    
0.0984611140    0.0246444680    0.0005721995    
0.0987027030    0.0245509560    0.0005717260    
0.0989442910    0.0246306680    0.0005729612    
0.0991858800    0.0247641220    0.0005726670    
0.0994274680    0.0253946160    0.0005774487    
0.0996690570    0.0246351810    0.0005648726    
0.0999106450    0.0247642910    0.0005708422    
0.1001522300    0.0249201300    0.0005681301    
0.1003938200    0.0252994680    0.0005745429    
0.1006354100    0.0245706490    0.0005638378    
0.1008770000    0.0248295870    0.0005679880    
0.1011185900    0.0246216990    0.0005656052    
0.1013601800    0.0261577370    0.0005835932    
0.1016017700    0.0248419870    0.0005648825    
0.1018433500    0.0245488790    0.0005741741    
0.1020849400    0.0246663790    0.0005835030    
0.1023265300    0.0260525730    0.0006044046    
0.1025681200    0.0255540360    0.0005955697    
0.1028097100    0.0251480270    0.0005996129    
0.1030513000    0.0252512930    0.0006029327    
0.1032928800    0.0257587620    0.0006146993    
0.1035344700    0.0248191680    0.0005953363    
0.1037760600    0.0249087990    0.0006066302    
0.1040176500    0.0251034700    0.0006115526    
0.1042592400    0.0243709360    0.0006043826    
0.1045008300    0.0249831270    0.0006082600    
0.1047424200    0.0251675940    0.0006160465    
0.1049840000    0.0255672180    0.0006239620    
0.1052255900    0.0230745710    0.0005945949    
0.1054671800    0.0239279310    0.0006017820    
0.1057087700    0.0222747290    0.0005845600    
0.1059503600    0.0226113830    0.0005911599    
0.1061919500    0.0224906070    0.0005892118    
0.1064335400    0.0221030000    0.0005697482    
0.1066751200    0.0226819810    0.0005684725    
0.1069167100    0.0225382040    0.0005650465    
0.1071583000    0.0225130740    0.0005574524    
0.1073998900    0.0215135310    0.0005431255    
0.1076414800    0.0232603230    0.0005688498    
0.1078830700    0.0216546090    0.0005410272    
0.1081246600    0.0222595580    0.0005518522    
0.1083662400    0.0211880970    0.0005317001    
0.1086078300    0.0222133660    0.0005503688    
0.1088494200    0.0222929470    0.0005442163    
0.1090910100    0.0211962340    0.0005292447    
0.1093326000    0.0217571580    0.0005333662    
0.1095741900    0.0219908200    0.0005376423    
0.1098157700    0.0209508980    0.0005195680    
0.1100573600    0.0218486840    0.0005344869    
0.1102989500    0.0217720620    0.0005288283    
0.1105405400    0.0224295970    0.0005364766    
0.1107821300    0.0206588400    0.0005172799    
0.1110237200    0.0217171820    0.0005251767    
0.1112653100    0.0212379790    0.0005247546    
0.1115068900    0.0206714370    0.0005102892    
0.1117484800    0.0209351280    0.0005127525    
0.1119900700    0.0214519730    0.0005169525    
0.1122316600    0.0213028600    0.0005169744    
0.1124732500    0.0214281180    0.0005156296    
0.1127148400    0.0209023710    0.0005087557    
0.1129564300    0.0214860250    0.0005176228    
0.1131980100    0.0203337310    0.0005010375    
0.1134396000    0.0212668180    0.0005136853    
0.1136811900    0.0212102910    0.0005117231    
0.1139227800    0.0201117480    0.0004963217    
0.1141643700    0.0211456400    0.0005051889    
0.1144059600    0.0200789430    0.0004925217    
0.1146475500    0.0207972440    0.0005039628    
0.1148891300    0.0204087900    0.0004929602    
0.1151307200    0.0211535170    0.0005072625    
0.1153723100    0.0214867780    0.0005053265    
0.1156139000    0.0208400580    0.0005017696    
0.1158554900    0.0202606450    0.0004895247    
0.1160970800    0.0205180300    0.0004976353    
0.1163386700    0.0198396100    0.0004853387    
0.1165802500    0.0214962540    0.0005047126    
0.1168218400    0.0203002330    0.0004872212    
0.1170634300    0.0203386080    0.0004881422    
0.1173050200    0.0213383040    0.0005014189    
0.1175466100    0.0207252290    0.0004927600    
0.1177882000    0.0199322050    0.0004807479    
0.1180297800    0.0202758390    0.0004851012    
0.1182713700    0.0200267850    0.0004841570    
0.1185129600    0.0205662510    0.0004878782    
0.1187545500    0.0205127870    0.0004863363    
0.1189961400    0.0197130130    0.0004758766    
0.1192377300    0.0200983430    0.0004778552    
0.1194793200    0.0202811640    0.0004793651    
0.1197209000    0.0201409510    0.0004779236    
0.1199624900    0.0207002700    0.0004836301    
0.1202040800    0.0204361030    0.0004770677    
0.1204456700    0.0204499730    0.0004826813    
0.1206872600    0.0208669140    0.0004822867    
0.1209288500    0.0204251080    0.0004806240    
0.1211704400    0.0202221490    0.0004758482    
0.1214120200    0.0199770050    0.0004712554    
0.1216536100    0.0202309070    0.0004731810    
0.1218952000    0.0193375500    0.0004601571    
0.1221367900    0.0202145640    0.0004738367    
0.1223783800    0.0200451020    0.0004687070    
0.1226199700    0.0197243170    0.0004665946    
0.1228615600    0.0197884140    0.0004669365    
0.1231031400    0.0190163980    0.0004573311    
0.1233447300    0.0201863240    0.0004709802    
0.1235863200    0.0203447070    0.0004749342    
0.1238279100    0.0207130620    0.0004739447    
0.1240695000    0.0201949600    0.0004667562    
0.1243110900    0.0190348750    0.0004529546    
0.1245526800    0.0197523070    0.0004626201    
0.1247942600    0.0197663490    0.0004591861    
0.1250358500    0.0198195740    0.0004617953    
0.1252774400    0.0195196570    0.0004572966    
0.1255190300    0.0208364740    0.0004712494    
0.1257606200    0.0202685770    0.0004665920    
0.1260022100    0.0197509950    0.0004601974    
0.1262437900    0.0199666620    0.0004611103    
0.1264853800    0.0198409830    0.0004590656    
0.1267269700    0.0196180130    0.0004541499    
0.1269685600    0.0197609340    0.0004559946    
0.1272101500    0.0190559380    0.0004477866    
0.1274517400    0.0195850070    0.0004570749    
0.1276933300    0.0193747820    0.0004479195    
0.1279349100    0.0196267810    0.0004561901    
0.1281765000    0.0199971940    0.0004594932    
0.1284180900    0.0196111040    0.0004525372    
0.1286596800    0.0196644140    0.0004544939    
0.1289012700    0.0200432480    0.0004573034    
0.1291428600    0.0192059100    0.0004485942    
0.1293844500    0.0196448040    0.0004500909    
0.1296260300    0.0188063090    0.0004424096    
0.1298676200    0.0199199090    0.0004553196    
0.1301092100    0.0197005990    0.0004505422    
0.1303508000    0.0195413140    0.0004476023    
0.1305923900    0.0198429460    0.0004555882    
0.1308339800    0.0205375210    0.0004621303    
0.1310755700    0.0197582380    0.0004513885    
0.1313171500    0.0196763900    0.0004495186    
0.1315587400    0.0199144390    0.0004516686    
0.1318003300    0.0193193640    0.0004461616    
0.1320419200    0.0190743760    0.0004396839    
0.1322835100    0.0189352830    0.0004398799    
0.1325251000    0.0199202950    0.0004509902    
0.1327666900    0.0196555560    0.0004470637    
0.1330082700    0.0196962290    0.0004475260    
0.1332498600    0.0203323790    0.0004554435    
0.1334914500    0.0196799920    0.0004503065    
0.1337330400    0.0193908720    0.0004411576    
0.1339746300    0.0194250250    0.0004426224    
0.1342162200    0.0196410140    0.0004448955    
0.1344578000    0.0192624240    0.0004420266    
0.1346993900    0.0196300730    0.0004435113    
0.1349409800    0.0196723510    0.0004465226    
0.1351825700    0.0192771450    0.0004387974    
0.1354241600    0.0196400930    0.0004436245    
0.1356657500    0.0192458690    0.0004396831    
0.1359073400    0.0199199350    0.0004500603    
0.1361489200    0.0194512460    0.0004405970    
0.1363905100    0.0198982490    0.0004452725    
0.1366321000    0.0196433210    0.0004422332    
0.1368736900    0.0191753860    0.0004369341    
0.1371152800    0.0195346830    0.0004388985    
0.1373568700    0.0199100190    0.0004448680    
0.1375984600    0.0182483640    0.0004269280    
0.1378400400    0.0188169670    0.0004328314    
0.1380816300    0.0189575240    0.0004321943    
0.1383232200    0.0186775820    0.0004312253    
0.1385648100    0.0193402610    0.0004389849    
0.1388064000    0.0184849140    0.0004260962    
0.1390479900    0.0191333640    0.0004316284    
0.1392895800    0.0198444050    0.0004439564    
0.1395311600    0.0196470450    0.0004379004    
0.1397727500    0.0188857580    0.0004293327    
0.1400143400    0.0205483130    0.0004476555    
0.1402559300    0.0189212420    0.0004338548    
0.1404975200    0.0192988940    0.0004334915    
0.1407391100    0.0198851490    0.0004403725    
0.1409806900    0.0196860770    0.0004412987    
0.1412222800    0.0193397780    0.0004331007    
0.1414638700    0.0182667640    0.0004217404    
0.1417054600    0.0195563960    0.0004329859    
0.1419470500    0.0194895330    0.0004370026    
0.1421886400    0.0191022200    0.0004284258    
0.1424302300    0.0202015440    0.0004417815    
0.1426718100    0.0185638590    0.0004243237    
0.1429134000    0.0192547470    0.0004313047    
0.1431549900    0.0195102280    0.0004351754    
0.1433965800    0.0199723700    0.0004404717    
0.1436381700    0.0189620350    0.0004263554    
0.1438797600    0.0191050400    0.0004276295    
0.1441213500    0.0188665930    0.0004256104    
0.1443629300    0.0194879060    0.0004318931    
0.1446045200    0.0187511330    0.0004239778    
0.1448461100    0.0189812080    0.0004265709    
0.1450877000    0.0192794790    0.0004272739    
0.1453292900    0.0186362960    0.0004236616    
0.1455708800    0.0182833110    0.0004173663    
0.1458124700    0.0197180380    0.0004373156    
0.1460540500    0.0192127210    0.0004247526    
0.1462956400    0.0192879310    0.0004285149    
0.1465372300    0.0189619760    0.0004235793    
0.1467788200    0.0189186510    0.0004226115    
0.1470204100    0.0195297000    0.0004298736    
0.1472620000    0.0188336870    0.0004216614    
0.1475035900    0.0194823680    0.0004282098    
0.1477451700    0.0191624180    0.0004264638    
0.1479867600    0.0183585510    0.0004148891    
0.1482283500    0.0192435910    0.0004275298    
0.1484699400    0.0190921590    0.0004240608    
0.1487115300    0.0191520710    0.0004260225    
0.1489531200    0.0191849700    0.0004212663    
0.1491947000    0.0194568710    0.0004274429    
0.1494362900    0.0192950150    0.0004235806    
0.1496778800    0.0191827630    0.0004237797    
0.1499194700    0.0186956280    0.0004177338    
0.1501610600    0.0194314890    0.0004266794    
0.1504026500    0.0190518690    0.0004202732    
0.1506442400    0.0195133990    0.0004292029    
0.1508858200    0.0198343600    0.0004310799    
0.1511274100    0.0188744570    0.0004173763    
0.1513690000    0.0195389860    0.0004246602    
0.1516105900    0.0186625920    0.0004162689    
0.1518521800    0.0190511840    0.0004199516    
0.1520937700    0.0205544710    0.0004350701    
0.1523353600    0.0190172000    0.0004187957    
0.1525769400    0.0188854290    0.0004187467    
0.1528185300    0.0196027380    0.0004261465    
0.1530601200    0.0195244480    0.0004243443    
0.1533017100    0.0198697650    0.0004303275    
0.1535433000    0.0197355910    0.0004247406    
0.1537848900    0.0186523290    0.0004127672    
0.1540264800    0.0194599850    0.0004225442    
0.1542680600    0.0188357320    0.0004154042    
0.1545096500    0.0193642590    0.0004191830    
0.1547512400    0.0195045100    0.0004227146    
0.1549928300    0.0190000340    0.0004169041    
0.1552344200    0.0189671880    0.0004160832    
0.1554760100    0.0191729870    0.0004184885    
0.1557176000    0.0189748450    0.0004178630    
0.1559591800    0.0188529010    0.0004146751    
0.1562007700    0.0193006150    0.0004171217    
0.1564423600    0.0186603700    0.0004095497    
0.1566839500    0.0192897330    0.0004205362    
0.1569255400    0.0192393920    0.0004170667    
0.1571671300    0.0193891500    0.0004188396    
0.1574087100    0.0197698380    0.0004206349    
0.1576503000    0.0195450320    0.0004229972    
0.1578918900    0.0192984520    0.0004151405    
0.1581334800    0.0188639900    0.0004128272    
0.1583750700    0.0192412840    0.0004176970    
0.1586166600    0.0188161660    0.0004227552    
0.1588582500    0.0188962050    0.0004231672    
0.1590998300    0.0187190430    0.0004260936    
0.1593414200    0.0187649760    0.0004294821    
0.1595830100    0.0194030740    0.0004391679    
0.1598246000    0.0195928960    0.0004404288    
0.1600661900    0.0188453030    0.0004361451    
0.1603077800    0.0204583670    0.0004566645    
0.1605493700    0.0194827180    0.0004463773    
0.1607909500    0.0192918620    0.0004452890    
0.1610325400    0.0195556470    0.0004511374    
0.1612741300    0.0192179290    0.0004474128    
0.1615157200    0.0184353880    0.0004400619    
0.1617573100    0.0186719400    0.0004434402    
0.1619989000    0.0193208320    0.0004547652    
0.1622404900    0.0185558440    0.0004435695    
0.1624820700    0.0182792880    0.0004446476    
0.1627236600    0.0201208490    0.0004652919    
0.1629652500    0.0188344230    0.0004495870    
0.1632068400    0.0197032160    0.0004532170    
0.1634484300    0.0194263810    0.0004429985    
0.1636900200    0.0185324910    0.0004321584    
0.1639316100    0.0199160500    0.0004451139    
0.1641731900    0.0183645170    0.0004270818    
0.1644147800    0.0186613840    0.0004271111    
0.1646563700    0.0187849400    0.0004300517    
0.1648979600    0.0185445370    0.0004237713    
0.1651395500    0.0187493630    0.0004281168    
0.1653811400    0.0184238850    0.0004218964    
0.1656227200    0.0191980810    0.0004328681    
0.1658643100    0.0188331750    0.0004253981    
0.1661059000    0.0185210570    0.0004213686    
0.1663474900    0.0181249410    0.0004139668    
0.1665890800    0.0193960050    0.0004280730    
0.1668306700    0.0189412460    0.0004251364    
0.1670722600    0.0187724610    0.0004211359    
0.1673138400    0.0189658530    0.0004231384    
0.1675554300    0.0185929560    0.0004168992    
0.1677970200    0.0181967590    0.0004143124    
0.1680386100    0.0190136960    0.0004239948    
0.1682802000    0.0187657610    0.0004186742    
0.1685217900    0.0186486230    0.0004159573    
0.1687633800    0.0188938130    0.0004182135    
0.1690049600    0.0187242220    0.0004190007    
0.1692465500    0.0185015450    0.0004112470    
0.1694881400    0.0185744280    0.0004148186    
0.1697297300    0.0185929560    0.0004137903    
0.1699713200    0.0185697090    0.0004155431    
0.1702129100    0.0188850400    0.0004151812    
0.1704545000    0.0182305470    0.0004089788    
0.1706960800    0.0195642300    0.0004254099    
0.1709376700    0.0198180200    0.0004232919    
0.1711792600    0.0185701870    0.0004112517    
0.1714208500    0.0190163420    0.0004138880    
0.1716624400    0.0180320200    0.0004055469    
0.1719040300    0.0183644090    0.0004057009    
0.1721456200    0.0186923350    0.0004109446    
0.1723872000    0.0184664730    0.0004084543    
0.1726287900    0.0189941130    0.0004137964    
0.1728703800    0.0181990950    0.0004059306    
0.1731119700    0.0191351940    0.0004141274    
0.1733535600    0.0183238830    0.0004053996    
0.1735951500    0.0180432360    0.0003999744    
0.1738367300    0.0189233780    0.0004110865    
0.1740783200    0.0188804990    0.0004087109    
0.1743199100    0.0186106890    0.0004062153    
0.1745615000    0.0179749560    0.0003983630    
0.1748030900    0.0181534060    0.0003994828    
0.1750446800    0.0182828480    0.0004053857    
0.1752862700    0.0182690670    0.0003999035    
0.1755278500    0.0182643950    0.0004054752    
0.1757694400    0.0180391230    0.0003982234    
0.1760110300    0.0181650750    0.0004003216    
0.1762526200    0.0184882070    0.0004017277    
0.1764942100    0.0187023000    0.0004044745    
0.1767358000    0.0180906800    0.0003975253    
0.1769773900    0.0180927940    0.0003967108    
0.1772189700    0.0183398120    0.0004001123    
0.1774605600    0.0190231040    0.0004086504    
0.1777021500    0.0184362740    0.0004005993    
0.1779437400    0.0185624680    0.0004021092    
0.1781853300    0.0184616500    0.0004020057    
0.1784269200    0.0182233320    0.0003957855    
0.1786685100    0.0186750150    0.0004016365    
0.1789100900    0.0181854980    0.0003949638    
0.1791516800    0.0180076220    0.0003937092    
0.1793932700    0.0183560750    0.0003976382    
0.1796348600    0.0187380800    0.0003999520    
0.1798764500    0.0183795380    0.0003961070    
0.1801180400    0.0180419580    0.0003925877    
0.1803596200    0.0185063960    0.0004002377    
0.1806012100    0.0184183140    0.0003961157    
0.1808428000    0.0185163360    0.0003970319    
0.1810843900    0.0179795360    0.0003900309    
0.1813259800    0.0191702710    0.0004034282    
0.1815675700    0.0184110450    0.0003946835    
0.1818091600    0.0188844610    0.0003994531    
0.1820507400    0.0192909850    0.0004040052    
0.1822923300    0.0190690500    0.0004008545    
0.1825339200    0.0178553420    0.0003890801    
0.1827755100    0.0179454400    0.0003884695    
0.1830171000    0.0183238640    0.0003956429    
0.1832586900    0.0186013310    0.0003947024    
0.1835002800    0.0180852270    0.0003895833    
0.1837418600    0.0182799430    0.0003906185    
0.1839834500    0.0182481750    0.0003917325    
0.1842250400    0.0191792200    0.0004007866    
0.1844666300    0.0177278760    0.0003849341    
0.1847082200    0.0184134950    0.0003920428    
0.1849498100    0.0186347750    0.0003947904    
0.1851914000    0.0179381250    0.0003893158    
0.1854329800    0.0179656630    0.0003876378    
0.1856745700    0.0181697220    0.0003902282    
0.1859161600    0.0179236090    0.0003848537    
0.1861577500    0.0178822920    0.0003844099    
0.1863993400    0.0177123240    0.0003836030    
0.1866409300    0.0176464350    0.0003811050    
0.1868825200    0.0182707280    0.0003910470    
0.1871241000    0.0183499910    0.0003887570    
0.1873656900    0.0187136620    0.0003946941    
0.1876072800    0.0180436930    0.0003846054    
0.1878488700    0.0188391920    0.0003965487    
0.1880904600    0.0183603360    0.0003905571    
0.1883320500    0.0174679690    0.0003780450    
0.1885736300    0.0179727800    0.0003842303    
0.1888152200    0.0186832530    0.0003916213    
0.1890568100    0.0177759550    0.0003830100    
0.1892984000    0.0185031350    0.0003887007    
0.1895399900    0.0185600770    0.0003905870    
0.1897815800    0.0178120850    0.0003826355    
0.1900231700    0.0181737510    0.0003865006    
0.1902647500    0.0188218930    0.0003922931    
0.1905063400    0.0182327720    0.0003885474    
0.1907479300    0.0177859910    0.0003817228    
0.1909895200    0.0177517010    0.0003798513    
0.1912311100    0.0175213040    0.0003778742    
0.1914727000    0.0181862860    0.0003845990    
0.1917142900    0.0177216030    0.0003807797    
0.1919558700    0.0181063130    0.0003816298    
0.1921974600    0.0179179640    0.0003828835    
0.1924390500    0.0187325060    0.0003921372    
0.1926806400    0.0183242010    0.0003863081    
0.1929222300    0.0177227520    0.0003805409    
0.1931638200    0.0180784940    0.0003812128    
0.1934054100    0.0184130770    0.0003880093    
0.1936469900    0.0177880660    0.0003783839    
0.1938885800    0.0180724180    0.0003833931    
0.1941301700    0.0172712200    0.0003730886    
0.1943717600    0.0180598680    0.0003833857    
0.1946133500    0.0178217460    0.0003773964    
0.1948549400    0.0178638200    0.0003804259    
0.1950965300    0.0176024630    0.0003772630    
0.1953381100    0.0181447870    0.0003827810    
0.1955797000    0.0183862320    0.0003860746    
0.1958212900    0.0179435250    0.0003792955    
0.1960628800    0.0171528540    0.0003709647    
0.1963044700    0.0178012560    0.0003773011    
0.1965460600    0.0183613060    0.0003863185    
0.1967876400    0.0183262620    0.0003819629    
0.1970292300    0.0184015230    0.0003831157    
0.1972708200    0.0175868430    0.0003762376    
0.1975124100    0.0182151480    0.0003826509    
0.1977540000    0.0178900460    0.0003790979    
0.1979955900    0.0177144540    0.0003769886    
0.1982371800    0.0182705810    0.0003837308    
0.1984787600    0.0178719320    0.0003752753    
0.1987203500    0.0182462060    0.0003813728    
0.1989619400    0.0181340180    0.0003804432    
0.1992035300    0.0176030810    0.0003741105    
0.1994451200    0.0183262620    0.0003819629    
0.1996867100    0.0187000170    0.0003850970    
0.1999283000    0.0178326790    0.0003767841    
0.2001698800    0.0177109980    0.0003759797    
0.2004114700    0.0178704320    0.0003787673    
0.2006530600    0.0175777890    0.0003726484    
0.2008946500    0.0172835930    0.0003703438    
0.2011362400    0.0183071510    0.0003786156    
0.2013778300    0.0192099350    0.0003910635    
0.2016194200    0.0180124160    0.0003759119    
0.2018610000    0.0184703470    0.0003822360    
0.2021025900    0.0178162680    0.0003757669    
0.2023441800    0.0171499910    0.0003677344    
0.2025857700    0.0185811060    0.0003831359    
0.2028273600    0.0177166810    0.0003756773    
0.2030689500    0.0181934900    0.0003793605    
0.2033105400    0.0183075120    0.0003783804    
0.2035521200    0.0174259680    0.0003706814    
0.2037937100    0.0185575860    0.0003819210    
0.2040353000    0.0186798020    0.0003840298    
0.2042768900    0.0188007200    0.0003839281    
0.2045184800    0.0170999200    0.0003646544    
0.2047600700    0.0184706600    0.0003817523    
0.2050016500    0.0175573790    0.0003725507    
0.2052432400    0.0181945070    0.0003788878    
0.2054848300    0.0187572870    0.0003831211    
0.2057264200    0.0182838660    0.0003806661    
0.2059680100    0.0184998750    0.0003788128    
0.2062096000    0.0185578080    0.0003807181    
0.2064511900    0.0184178810    0.0003785651    
0.2066927700    0.0178432710    0.0003742612    
0.2069343600    0.0174693130    0.0003698504    
0.2071759500    0.0181703890    0.0003770797    
0.2074175400    0.0181865520    0.0003770094    
0.2076591300    0.0183864970    0.0003784801    
0.2079007200    0.0179834800    0.0003772850    
0.2081423100    0.0184531590    0.0003785712    
0.2083838900    0.0183160310    0.0003779917    
0.2086254800    0.0186242570    0.0003817600    
0.2088670700    0.0182930070    0.0003775166    
0.2091086600    0.0179575000    0.0003753384    
0.2093502500    0.0179821390    0.0003740601    
0.2095918400    0.0182862190    0.0003792385    
0.2098334300    0.0184362520    0.0003800683    
0.2100750100    0.0180646570    0.0003774133    
0.2103166000    0.0181386980    0.0003785473    
0.2105581900    0.0173985560    0.0003679403    
0.2107997800    0.0176367470    0.0003725611    
0.2110413700    0.0183048740    0.0003775204    
0.2112829600    0.0178823970    0.0003757436    
0.2115245400    0.0187718090    0.0003820652    
0.2117661300    0.0182858290    0.0003794753    
0.2120077200    0.0188854820    0.0003838227    
0.2122493100    0.0177790420    0.0003757347    
0.2124909000    0.0180288210    0.0003758452    
0.2127324900    0.0179219740    0.0003772420    
0.2129740800    0.0172799600    0.0003674924    
0.2132156600    0.0188430500    0.0003837537    
0.2134572500    0.0182700790    0.0003793119    
0.2136988400    0.0180266730    0.0003765375    
0.2139404300    0.0184917380    0.0003794425    
0.2141820200    0.0173832750    0.0003695225    
0.2144236100    0.0184310030    0.0003815853    
0.2146652000    0.0181713740    0.0003784061    
0.2149067800    0.0178626720    0.0003735196    
0.2151483700    0.0185285650    0.0003861794    
0.2153899600    0.0178749850    0.0003840754    
0.2156315500    0.0184709380    0.0003942500    
0.2158731400    0.0183979540    0.0003949478    
0.2161147300    0.0179757980    0.0003952873    
0.2163563200    0.0181343560    0.0003980049    
0.2165979000    0.0179457050    0.0003988919    
0.2168394900    0.0179536560    0.0003992660    
0.2170810800    0.0182705870    0.0004073226    
0.2173226700    0.0183073290    0.0004074336    
0.2175642600    0.0179328510    0.0004054758    
0.2178058500    0.0173922180    0.0004008019    
0.2180474400    0.0180100310    0.0004098485    
0.2182890200    0.0177116380    0.0004096888    
0.2185306100    0.0183356950    0.0004141611    
0.2187722000    0.0173073750    0.0004074862    
0.2190137900    0.0176229300    0.0004103908    
0.2192553800    0.0174099000    0.0004117300    
0.2194969700    0.0176265260    0.0004117044    
0.2197385500    0.0172204490    0.0004044320    
0.2199801400    0.0169796140    0.0003973538    
0.2202217300    0.0173023480    0.0003972568    
0.2204633200    0.0170028880    0.0003919339    
0.2207049100    0.0182986790    0.0004039532    
0.2209465000    0.0181381640    0.0004021776    
0.2211880900    0.0172598430    0.0003903583    
0.2214296700    0.0172284160    0.0003894484    
0.2216712600    0.0169689250    0.0003859565    
0.2219128500    0.0180081070    0.0003964774    
0.2221544400    0.0175174030    0.0003929803    
0.2223960300    0.0175629230    0.0003915460    
0.2226376200    0.0179368380    0.0003987934    
0.2228792100    0.0175840360    0.0003919193    
0.2231207900    0.0174093310    0.0003899675    
0.2233623800    0.0180710940    0.0003948139    
0.2236039700    0.0167010410    0.0003811474    
0.2238455600    0.0166160810    0.0003783228    
0.2240871500    0.0179360220    0.0003937468    
0.2243287400    0.0175707070    0.0003876939    
0.2245703300    0.0186016240    0.0004015466    
0.2248119100    0.0173309510    0.0003870483    
0.2250535000    0.0175693710    0.0003895657    
0.2252950900    0.0177747260    0.0003933463    
0.2255366800    0.0170083050    0.0003811759    
0.2257782700    0.0165585460    0.0003770128    
0.2260198600    0.0171607610    0.0003824852    
0.2262614500    0.0172341580    0.0003831705    
0.2265030300    0.0166686680    0.0003763149    
0.2267446200    0.0176085220    0.0003882449    
0.2269862100    0.0170815390    0.0003797773    
0.2272278000    0.0176166130    0.0003867349    
0.2274693900    0.0168083360    0.0003765998    
0.2277109800    0.0170424690    0.0003826147    
0.2279525600    0.0176063910    0.0003853054    
0.2281941500    0.0171229730    0.0003808869    
0.2284357400    0.0168988460    0.0003778697    
0.2286773300    0.0168787120    0.0003789383    
0.2289189200    0.0172441790    0.0003806745    
0.2291605100    0.0173007160    0.0003835146    
0.2294021000    0.0171679170    0.0003804773    
0.2296436800    0.0169963310    0.0003819641    
0.2298852700    0.0168835490    0.0003770566    
0.2301268600    0.0168651780    0.0003807513    
0.2303684500    0.0169150450    0.0003790858    
0.2306100400    0.0172511960    0.0003833599    
0.2308516300    0.0171803490    0.0003817855    
0.2310932200    0.0170671160    0.0003824939    
0.2313348000    0.0178033920    0.0003887797    
0.2315763900    0.0176613940    0.0003876246    
0.2318179800    0.0167847700    0.0003797110    
0.2320595700    0.0175323270    0.0003864710    
0.2323011600    0.0175643000    0.0003880251    
0.2325427500    0.0168528130    0.0003800849    
0.2327843400    0.0168265170    0.0003812411    
0.2330259200    0.0172991270    0.0003831030    
0.2332675100    0.0170828900    0.0003812233    
0.2335091000    0.0175949920    0.0003882298    
0.2337506900    0.0170159880    0.0003798250    
0.2339922800    0.0175164090    0.0003876298    
0.2342338700    0.0176782680    0.0003887447    
0.2344754600    0.0172467620    0.0003851682    
0.2347170400    0.0171169190    0.0003816029    
0.2349586300    0.0173534250    0.0003851565    
0.2352002200    0.0168284070    0.0003824638    
0.2354418100    0.0168792600    0.0003807782    
0.2356834000    0.0167443830    0.0003789913    
0.2359249900    0.0177245220    0.0003875196    
0.2361665700    0.0175671970    0.0003891351    
0.2364081600    0.0176637340    0.0003880500    
0.2366497500    0.0174896190    0.0003882749    
0.2368913400    0.0171055190    0.0003823954    
0.2371329300    0.0169829510    0.0003834102    
0.2373745200    0.0168105400    0.0003800023    
0.2376161100    0.0170596490    0.0003828075    
0.2378576900    0.0173170960    0.0003870286    
0.2380992800    0.0164843000    0.0003755170    
0.2383408700    0.0170661230    0.0003831458    
0.2385824600    0.0167801530    0.0003783500    
0.2388240500    0.0161483260    0.0003728302    
0.2390656400    0.0166936060    0.0003792043    
0.2393072300    0.0166784080    0.0003779824    
0.2395488100    0.0171025990    0.0003832891    
0.2397904000    0.0165530030    0.0003782617    
0.2400319900    0.0173967660    0.0003883245    
0.2402735800    0.0170978700    0.0003855137    
0.2405151700    0.0168215790    0.0003817176    
0.2407567600    0.0173756360    0.0003852700    
0.2409983500    0.0173447880    0.0003870679    
0.2412399300    0.0171752480    0.0003835711    
0.2414815200    0.0167410330    0.0003810690    
0.2417231100    0.0167515630    0.0003778975    
0.2419647000    0.0165531120    0.0003790568    
0.2422062900    0.0164549390    0.0003774029    
0.2424478800    0.0168735510    0.0003823068    
0.2426894600    0.0169790290    0.0003853897    
0.2429310500    0.0172118630    0.0003854476    
0.2431726400    0.0169207100    0.0003819077    
0.2434142300    0.0164671910    0.0003753221    
0.2436558200    0.0176152980    0.0003921294    
0.2438974100    0.0165699320    0.0003768815    
0.2441390000    0.0169019010    0.0003823607    
0.2443805800    0.0161979160    0.0003745746    
0.2446221700    0.0175513340    0.0003903189    
0.2448637600    0.0170969710    0.0003861812    
0.2451053500    0.0163286780    0.0003752975    
0.2453469400    0.0164918330    0.0003811676    
0.2455885300    0.0168548530    0.0003812964    
0.2458301200    0.0171035980    0.0003865282    
0.2460717000    0.0161775050    0.0003729080    
0.2463132900    0.0166419230    0.0003786169    
0.2465548800    0.0166112750    0.0003803887    
0.2467964700    0.0165040540    0.0003774389    
0.2470380600    0.0166950060    0.0003808114    
0.2472796500    0.0168742790    0.0003827164    
0.2475212400    0.0170073060    0.0003865297    
0.2477628200    0.0169652450    0.0003868749    
0.2480044100    0.0168814700    0.0003819963    
0.2482460000    0.0172392470    0.0003861576    
0.2484875900    0.0165154820    0.0003788911    
0.2487291800    0.0157070930    0.0003695019    
0.2489707700    0.0164175060    0.0003768418    
0.2492123600    0.0170260350    0.0003860590    
0.2494539400    0.0169193280    0.0003840346    
0.2496955300    0.0163229620    0.0003778706    
0.2499371200    0.0168339870    0.0003823931    
0.2501787100    0.0160091210    0.0003770245    
0.2504203000    0.0163479320    0.0003764367    
0.2506618900    0.0168185240    0.0003796981    
0.2509034700    0.0170283310    0.0003847289    
0.2511450600    0.0166136920    0.0003793515    
0.2513866500    0.0169303830    0.0003838902    
0.2516282400    0.0171765950    0.0003839843    
0.2518698300    0.0164663110    0.0003780617    
0.2521114200    0.0165155550    0.0003777019    
0.2523530100    0.0165559650    0.0003788243    
0.2525945900    0.0171395050    0.0003845027    
0.2528361800    0.0167546690    0.0003829701    
0.2530777700    0.0160399700    0.0003713195    
0.2533193600    0.0171561300    0.0003836227    
0.2535609500    0.0162391440    0.0003745279    
0.2538025400    0.0167802720    0.0003805843    
0.2540441300    0.0161674120    0.0003735697    
0.2542857100    0.0165816260    0.0003779303    
0.2545273000    0.0165734960    0.0003798225    
0.2547688900    0.0169471060    0.0003811467    
0.2550104800    0.0165125640    0.0003791236    
0.2552520700    0.0171762240    0.0003881695    
0.2554936600    0.0173585870    0.0003864148    
0.2557352500    0.0171193880    0.0003852163    
0.2559768300    0.0168393900    0.0003804601    
0.2562184200    0.0170478830    0.0003846801    
0.2564600100    0.0168418190    0.0003802240    
0.2567016000    0.0169848690    0.0003842377    
0.2569431900    0.0174759120    0.0003882578    
0.2571847800    0.0169629000    0.0003819853    
0.2574263700    0.0172257630    0.0003854690    
0.2576679500    0.0170554530    0.0003843620    
0.2579095400    0.0172562070    0.0003870233    
0.2581511300    0.0167074610    0.0003788355    
0.2583927200    0.0172128420    0.0003841234    
0.2586343100    0.0166548580    0.0003766757    
0.2588759000    0.0170457040    0.0003838499    
0.2591174800    0.0164788630    0.0003744229    
0.2593590700    0.0165384380    0.0003754859    
0.2596006600    0.0168504030    0.0003803208    
0.2598422500    0.0165758160    0.0003776018    
0.2600838400    0.0167797440    0.0003801814    
0.2603254300    0.0160210820    0.0003727850    
0.2605670200    0.0173827120    0.0003869519    
0.2608086000    0.0167701170    0.0003770708    
0.2610501900    0.0165756140    0.0003768158    
0.2612917800    0.0170951900    0.0003836050    
0.2615333700    0.0164985180    0.0003759385    
0.2617749600    0.0159110320    0.0003698240    
0.2620165500    0.0167238230    0.0003782354    
0.2622581400    0.0170554530    0.0003843620    
0.2624997200    0.0168706700    0.0003806813    
0.2627413100    0.0165475120    0.0003807297    
0.2629829000    0.0162098970    0.0003711001    
0.2632244900    0.0170737540    0.0003838980    
0.2634660800    0.0167122890    0.0003779746    
0.2637076700    0.0171197790    0.0003834816    
0.2639492600    0.0166387410    0.0003780556    
0.2641908400    0.0167052150    0.0003794680    
0.2644324300    0.0162618080    0.0003750506    
0.2646740200    0.0171522360    0.0003823902    
0.2649156100    0.0172210230    0.0003873072    
0.2651572000    0.0171965450    0.0003850080    
0.2653987900    0.0171948910    0.0003870133    
0.2656403800    0.0165875790    0.0003786566    
0.2658819600    0.0169385340    0.0003810503    
0.2661235500    0.0166483400    0.0003797469    
0.2663651400    0.0158889940    0.0003693118    
0.2666067300    0.0163431820    0.0003753336    
0.2668483200    0.0156445580    0.0003667141    
0.2670899100    0.0170457280    0.0003860097    
0.2673314900    0.0164355720    0.0003754802    
0.2675730800    0.0167562920    0.0003819113    
0.2678146700    0.0166321170    0.0003815669    
0.2680562600    0.0164582090    0.0003763905    
0.2682978500    0.0163082460    0.0003753239    
0.2685394400    0.0167358050    0.0003788942    
0.2687810300    0.0168940190    0.0003826723    
0.2690226100    0.0164359510    0.0003747074    
0.2692642000    0.0170413510    0.0003865057    
0.2695057900    0.0166333090    0.0003785189    
0.2697473800    0.0165155790    0.0003773080    
0.2699889700    0.0161086650    0.0003747215    
0.2702305600    0.0168740590    0.0003841965    
0.2704721500    0.0162045500    0.0003758350    
0.2707137300    0.0168761550    0.0003806114    
0.2709553200    0.0165531670    0.0003794562    
0.2711969100    0.0159269270    0.0003712984    
0.2714385000    0.0165902400    0.0003780285    
0.2716800900    0.0159715400    0.0003723384    
0.2719216800    0.0168746600    0.0003911667    
0.2721632700    0.0165056160    0.0003895826    
0.2724048500    0.0174043650    0.0004051912    
0.2726464400    0.0164846780    0.0004015878    
0.2728880300    0.0168438950    0.0004062605    
0.2731296200    0.0165567970    0.0004050308    
0.2733712100    0.0164633000    0.0004071533    
0.2736128000    0.0160062900    0.0004069542    
0.2738543800    0.0170997920    0.0004181891    
0.2740959700    0.0167842210    0.0004183004    
0.2743375600    0.0171968980    0.0004264713    
0.2745791500    0.0165341830    0.0004199687    
0.2748207400    0.0178358260    0.0004392208    
0.2750623300    0.0165595200    0.0004232141    
0.2753039200    0.0168695450    0.0004317018    
0.2755455000    0.0167429920    0.0004287441    
0.2757870900    0.0172018770    0.0004410738    
0.2760286800    0.0170645380    0.0004371214    
0.2762702700    0.0168910700    0.0004429707    
0.2765118600    0.0170448820    0.0004273256    
0.2767534500    0.0166475520    0.0004206826    
0.2769950400    0.0163910900    0.0004140696    
0.2772366200    0.0170665920    0.0004181280    
0.2774782100    0.0173349400    0.0004219258    
0.2777198000    0.0157702120    0.0004034371    
0.2779613900    0.0165544570    0.0004123181    
0.2782029800    0.0162176010    0.0004002211    
0.2784445700    0.0158607660    0.0003991472    
0.2786861600    0.0166202950    0.0004074385    
0.2789277400    0.0159996120    0.0003953234    
0.2791693300    0.0162596650    0.0003988376    
0.2794109200    0.0170176160    0.0004099738    
0.2796525100    0.0166977250    0.0004054566    
0.2798941000    0.0166201010    0.0003999332    
0.2801356900    0.0169035800    0.0004074631    
0.2803772800    0.0157240430    0.0003964604    
0.2806188600    0.0155804750    0.0003866230    
0.2808604500    0.0163435780    0.0003938497    
0.2811020400    0.0159627790    0.0003907332    
0.2813436300    0.0163436520    0.0003972104    
0.2815852200    0.0167289290    0.0003978570    
0.2818268100    0.0159627790    0.0003907332    
0.2820683900    0.0163764180    0.0003968365    
0.2823099800    0.0166678910    0.0004000422    
0.2825515700    0.0168006360    0.0003981015    
0.2827931600    0.0167235160    0.0004019565    
0.2830347500    0.0171796240    0.0004050401    
0.2832763400    0.0169714500    0.0004005777    
0.2835179300    0.0158841420    0.0003875334    
0.2837595100    0.0174165500    0.0004081381    
0.2840011000    0.0169392900    0.0004029739    
0.2842426900    0.0166899620    0.0003960353    
0.2844842800    0.0164890790    0.0003957506    
0.2847258700    0.0160443440    0.0003909767    
0.2849674600    0.0167346180    0.0004003772    
0.2852090500    0.0166535220    0.0003974146    
0.2854506300    0.0166609720    0.0003991869    
0.2856922200    0.0161975440    0.0003923868    
0.2859338100    0.0162378480    0.0003934786    
0.2861754000    0.0163289730    0.0003924735    
0.2864169900    0.0163636860    0.0003927410    
0.2866585800    0.0157628690    0.0003872345    
0.2869001700    0.0169405640    0.0004005186    
0.2871417500    0.0158059020    0.0003864304    
0.2873833400    0.0162634770    0.0003936377    
0.2876249300    0.0167498940    0.0003999422    
0.2878665200    0.0166978860    0.0004018050    
0.2881081100    0.0158674820    0.0003848430    
0.2883497000    0.0165491000    0.0003952605    
0.2885912900    0.0168289360    0.0003984366    
0.2888328700    0.0158693870    0.0003870582    
0.2890744600    0.0159099690    0.0003866703    
0.2893160500    0.0165113740    0.0003943594    
0.2895576400    0.0160320210    0.0003906765    
0.2897992300    0.0158301470    0.0003843900    
0.2900408200    0.0161082690    0.0003886309    
0.2902824000    0.0168221980    0.0004001884    
0.2905239900    0.0161148390    0.0003900401    
0.2907655800    0.0169923610    0.0003976522    
0.2910071700    0.0160524770    0.0003864982    
0.2912487600    0.0164461790    0.0003917979    
0.2914903500    0.0159421250    0.0003847344    
0.2917319400    0.0156416930    0.0003798139    
0.2919735200    0.0175445510    0.0004034563    
0.2922151100    0.0160002020    0.0003845714    
0.2924567000    0.0166445920    0.0003929723    
0.2926982900    0.0163785140    0.0003899646    
0.2929398800    0.0162893620    0.0003909572    
0.2931814700    0.0172412420    0.0003981694    
0.2934230600    0.0159751420    0.0003844134    
0.2936646400    0.0160436640    0.0003825345    
0.2939062300    0.0162978730    0.0003891492    
0.2941478200    0.0164506140    0.0003885008    
0.2943894100    0.0161935660    0.0003873216    
0.2946310000    0.0153812360    0.0003764983    
0.2948725900    0.0160796440    0.0003858127    
0.2951141800    0.0161581640    0.0003860335    
0.2953557600    0.0159942420    0.0003866684    
0.2955973500    0.0163342560    0.0003872678    
0.2958389400    0.0164843820    0.0003883249    
0.2960805300    0.0161422950    0.0003845584    
0.2963221200    0.0162836690    0.0003855270    
0.2965637100    0.0156879490    0.0003782700    
0.2968053000    0.0167540920    0.0003900522    
0.2970468800    0.0159942350    0.0003822262    
0.2972884700    0.0163999400    0.0003859077    
0.2975300600    0.0151921930    0.0003714262    
0.2977716500    0.0162465380    0.0003855133    
0.2980132400    0.0159512580    0.0003828424    
0.2982548300    0.0161500860    0.0003822572    
0.2984964100    0.0166533700    0.0003876022    
0.2987380000    0.0161193320    0.0003821722    
0.2989795900    0.0167074980    0.0003882317    
0.2992211800    0.0161490020    0.0003812716    
0.2994627700    0.0157363320    0.0003774667    
0.2997043600    0.0165725760    0.0003883605    
0.2999459500    0.0163967230    0.0003861528    
0.3001875300    0.0164575540    0.0003863020    
0.3004291200    0.0164684430    0.0003904492    
0.3006707100    0.0165360730    0.0003858139    
0.3009123000    0.0161666020    0.0003832929    
0.3011538900    0.0166794360    0.0003866412    
0.3013954800    0.0154035210    0.0003735903    
0.3016370700    0.0161500860    0.0003822572    
0.3018786500    0.0155891300    0.0003755599    
0.3021202400    0.0166536470    0.0003880293    
0.3023618300    0.0158977300    0.0003807908    
0.3026034200    0.0163908600    0.0003858008    
0.3028450100    0.0159602040    0.0003809780    
0.3030866000    0.0164693490    0.0003874337    
0.3033281900    0.0155842120    0.0003746811    
0.3035697700    0.0158178200    0.0003784427    
0.3038113600    0.0156686800    0.0003769298    
0.3040529500    0.0163380370    0.0003834966    
0.3042945400    0.0163351750    0.0003833239    
0.3045361300    0.0159836580    0.0003815378    
0.3047777200    0.0161626810    0.0003821275    
0.3050193100    0.0159872280    0.0003803250    
0.3052608900    0.0166513580    0.0003891397    
0.3055024800    0.0157342950    0.0003830802    
0.3057440700    0.0158100620    0.0003764300    
0.3059856600    0.0166710990    0.0003873858    
0.3062272500    0.0162496100    0.0003834333    
0.3064688400    0.0165149460    0.0003875424    
0.3067104200    0.0163242120    0.0003822256    
0.3069520100    0.0159484430    0.0003797248    
0.3071936000    0.0156462330    0.0003769356    
0.3074351900    0.0163359550    0.0003855780    
0.3076767800    0.0165720800    0.0003862337    
0.3079183700    0.0158409960    0.0003815170    
0.3081599600    0.0160890860    0.0003844929    
0.3084015400    0.0164641970    0.0003845558    
0.3086431300    0.0160457300    0.0003793624    
0.3088847200    0.0159640620    0.0003807448    
0.3091263100    0.0159819920    0.0003799855    
0.3093679000    0.0169076290    0.0003914055    
0.3096094900    0.0159201620    0.0003778751    
0.3098510800    0.0162036100    0.0003851458    
0.3100926600    0.0159769750    0.0003806200    
0.3103342500    0.0171466860    0.0003943069    
0.3105758400    0.0162849280    0.0003869693    
0.3108174300    0.0152529850    0.0003708128    
0.3110590200    0.0165179710    0.0003877202    
0.3113006100    0.0162044170    0.0003810958    
0.3115422000    0.0157353010    0.0003784230    
0.3117837800    0.0162981980    0.0003837261    
0.3120253700    0.0163574390    0.0003855485    
0.3122669600    0.0162576090    0.0003821355    
0.3125085500    0.0163326360    0.0003858222    
0.3127501400    0.0159459000    0.0003805281    
0.3129917300    0.0166003630    0.0003899765    
0.3132333100    0.0167610030    0.0003908491    
0.3134749000    0.0158667160    0.0003797213    
0.3137164900    0.0161842610    0.0003821041    
0.3139580800    0.0154693390    0.0003734334    
0.3141996700    0.0162682720    0.0003832340    
0.3144412600    0.0164034200    0.0003852437    
0.3146828500    0.0163301770    0.0003852271    
0.3149244300    0.0159651510    0.0003793707    
0.3151660200    0.0159654430    0.0003813204    
0.3154076100    0.0162711220    0.0003856626    
0.3156492000    0.0157775170    0.0003813175    
0.3158907900    0.0166981040    0.0003876995    
0.3161323800    0.0162418120    0.0003825046    
0.3163739700    0.0157127380    0.0003763597    
0.3166155500    0.0160474100    0.0003822980    
0.3168571400    0.0158710450    0.0003785263    
0.3170987300    0.0158953680    0.0003796467    
0.3173403200    0.0164394190    0.0003860891    
0.3175819100    0.0165027850    0.0003876842    
0.3178235000    0.0160223130    0.0003811597    
0.3180650900    0.0158191170    0.0003805488    
0.3183066700    0.0165118930    0.0003877912    
0.3185482600    0.0162323800    0.0003846363    
0.3187898500    0.0160986140    0.0003804002    
0.3190314400    0.0161555750    0.0003826016    
0.3192730300    0.0161654290    0.0003822993    
0.3195146200    0.0157956250    0.0003784537    
0.3197562100    0.0159071560    0.0003789567    
0.3199977900    0.0162733670    0.0003839938    
0.3202393800    0.0165574970    0.0003887550    
0.3204809700    0.0158191170    0.0003805488    
0.3207225600    0.0158389510    0.0003803662    
0.3209641500    0.0165209870    0.0003883262    
0.3212057400    0.0154715770    0.0003735962    
0.3214473200    0.0165240600    0.0003863758    
0.3216889100    0.0168641130    0.0003901891    
0.3219305000    0.0155259830    0.0003758976    
0.3221720900    0.0161157100    0.0003824089    
0.3224136800    0.0167881200    0.0003887431    
0.3226552700    0.0159841450    0.0003835213    
0.3228968600    0.0157073730    0.0003775331    
0.3231384400    0.0154756290    0.0003783558    
0.3233800300    0.0161030690    0.0003811444    
0.3236216200    0.0157922680    0.0003777233    
0.3238632100    0.0160857860    0.0003819139    
0.3241048000    0.0162756520    0.0003845835    
0.3243463900    0.0157188800    0.0003778097    
0.3245879800    0.0158228280    0.0003787794    
0.3248295600    0.0157634950    0.0003777923    
0.3250711500    0.0163429680    0.0003846736    
0.3253127400    0.0163388500    0.0003857538    
0.3255543300    0.0156538630    0.0003779980    
0.3257959200    0.0160594410    0.0003849956    
0.3260375100    0.0162203470    0.0003825298    
0.3262791000    0.0166936750    0.0003894910    
0.3265206800    0.0164034200    0.0003852437    
0.3267622700    0.0160720310    0.0003824507    
0.3270038600    0.0161184350    0.0003825813    
0.3272454500    0.0152564550    0.0003716667    
0.3274870400    0.0159769750    0.0003806200    
0.3277286300    0.0159759660    0.0003820078    
0.3279702200    0.0161321230    0.0003834466    
0.3282118000    0.0155496310    0.0003792593    
0.3284533900    0.0159924790    0.0003806654    
0.3286949800    0.0164752630    0.0004000547    
0.3289365700    0.0164971310    0.0004057626    
0.3291781600    0.0159687250    0.0004026298    
0.3294197500    0.0165201450    0.0004143003    
0.3296613300    0.0169441360    0.0004238684    
0.3299029200    0.0148616080    0.0003974772    
0.3301445100    0.0158743040    0.0004167360    
0.3303861000    0.0160096770    0.0004213073    
0.3306276900    0.0157615130    0.0004212441    
0.3308692800    0.0166773180    0.0004335062    
0.3311108700    0.0167600090    0.0004381795    
0.3313524500    0.0165661240    0.0004405510    
0.3315940400    0.0160052460    0.0004324163    
0.3318356300    0.0161834240    0.0004404570    
0.3320772200    0.0161427210    0.0004403288    
0.3323188100    0.0157602680    0.0004391427    
0.3325604000    0.0159089330    0.0004405572    
0.3328019900    0.0164440210    0.0004526068    
0.3330435700    0.0157625320    0.0004385254    
0.3332851600    0.0165548020    0.0004435560    
0.3335267500    0.0158762530    0.0004208677    
0.3337683400    0.0164787250    0.0004287789    
0.3340099300    0.0164023110    0.0004249246    
0.3342515200    0.0158180490    0.0004132702    
0.3344931100    0.0163296490    0.0004155786    
0.3347346900    0.0154834810    0.0004060564    
0.3349762800    0.0161054630    0.0004120136    
0.3352178700    0.0154705940    0.0004022749    
0.3354594600    0.0160300170    0.0004074258    
0.3357010500    0.0158193630    0.0004057581    
0.3359426400    0.0165550130    0.0004164866    
0.3361842300    0.0166782340    0.0004099690    
0.3364258100    0.0159310790    0.0004000310    
0.3366674000    0.0160806660    0.0004023941    
0.3369089900    0.0153341900    0.0003915148    
0.3371505800    0.0156310260    0.0003944915    
0.3373921700    0.0163269860    0.0004041531    
0.3376337600    0.0158811710    0.0003982758    
0.3378753400    0.0161538800    0.0004018428    
0.3381169300    0.0159198470    0.0003970049    
0.3383585200    0.0165439360    0.0004091476    
0.3386001100    0.0163437290    0.0004006586    
0.3388417000    0.0166194020    0.0004054719    
0.3390832900    0.0154116880    0.0003866235    
0.3393248800    0.0161070030    0.0003982200    
0.3395664600    0.0160432890    0.0003966448    
0.3398080500    0.0159172530    0.0003946157    
0.3400496400    0.0159506970    0.0003936344    
0.3402912300    0.0161235790    0.0003951430    
0.3405328200    0.0160110090    0.0003960889    
0.3407744100    0.0159942570    0.0003960382    
0.3410160000    0.0160912870    0.0003977099    
0.3412575800    0.0160302340    0.0003926197    
0.3414991700    0.0157173610    0.0003884680    
0.3417407600    0.0157837400    0.0003903472    
0.3419823500    0.0162385140    0.0003930335    
0.3422239400    0.0167413350    0.0004007674    
0.3424655300    0.0159037720    0.0003915238    
0.3427071200    0.0159491350    0.0003908679    
0.3429487000    0.0154005170    0.0003845326    
0.3431902900    0.0163753580    0.0003982163    
0.3434318800    0.0164582090    0.0004023784    
0.3436734700    0.0159327550    0.0003887194    
0.3439150600    0.0167662300    0.0003978450    
0.3441566500    0.0159026870    0.0003898467    
0.3443982300    0.0160376160    0.0003910451    
0.3446398200    0.0156482410    0.0003852331    
0.3448814100    0.0156848270    0.0003867201    
0.3451230000    0.0157975620    0.0003885560    
0.3453645900    0.0162180650    0.0003936934    
0.3456061800    0.0163784930    0.0003941194    
0.3458477700    0.0157679800    0.0003892439    
0.3460893500    0.0164120340    0.0003966528    
0.3463309400    0.0161809220    0.0003908390    
0.3465725300    0.0164672370    0.0003944319    
0.3468141200    0.0159272990    0.0003893984    
0.3470557100    0.0166186080    0.0003966944    
0.3472973000    0.0162480270    0.0003931486    
0.3475388900    0.0161261120    0.0003892880    
0.3477804700    0.0162391770    0.0003925898    
0.3480220600    0.0162896140    0.0003933496    
0.3482636500    0.0160342920    0.0003898070    
0.3485052400    0.0165496150    0.0003998611    
0.3487468300    0.0157612290    0.0003860311    
0.3489884200    0.0159570640    0.0003882739    
0.3492300100    0.0156394610    0.0003829338    
0.3494715900    0.0161310050    0.0003915800    
0.3497131800    0.0159863790    0.0003871577    
0.3499547700    0.0163690090    0.0003940052    
0.3501963600    0.0159381620    0.0003870128    
0.3504379500    0.0157681110    0.0003859682    
0.3506795400    0.0160788590    0.0003901992    
0.3509211300    0.0154846240    0.0003836543    
0.3511627100    0.0169234420    0.0004012368    
0.3514043000    0.0153019180    0.0003787789    
0.3516458900    0.0161628730    0.0003901754    
0.3518874800    0.0159019930    0.0003861345    
0.3521290700    0.0162049130    0.0003899425    
0.3523706600    0.0162505730    0.0003913813    
0.3526122400    0.0161882480    0.0003903333    
0.3528538300    0.0165113380    0.0003948093    
0.3530954200    0.0172246430    0.0004038628    
0.3533370100    0.0155837460    0.0003834130    
0.3535786000    0.0164378740    0.0003963523    
0.3538201900    0.0159595380    0.0003863944    
0.3540617800    0.0163663390    0.0003933716    
0.3543033600    0.0155058060    0.0003805750    
0.3545449500    0.0163862160    0.0003922663    
0.3547865400    0.0161008280    0.0003876624    
0.3550281300    0.0160015540    0.0003886667    
0.3552697200    0.0155340690    0.0003820752    
0.3555113100    0.0156284520    0.0003838165    
0.3557529000    0.0161148390    0.0003900401    
0.3559944800    0.0164338040    0.0003915030    
0.3562360700    0.0164123000    0.0003961967    
0.3564776600    0.0153283300    0.0003783908    
0.3567192500    0.0159435060    0.0003863461    
0.3569608400    0.0157411040    0.0003830190    
0.3572024300    0.0159166970    0.0003866056    
0.3574440200    0.0160662570    0.0003873919    
0.3576856000    0.0163452490    0.0003920728    
0.3579271900    0.0154730810    0.0003804600    
0.3581687800    0.0156001730    0.0003834691    
0.3584103700    0.0163741590    0.0003915291    
0.3586519600    0.0162033850    0.0003927588    
0.3588935500    0.0159166970    0.0003866056    
0.3591351400    0.0158656130    0.0003862774    
0.3593767200    0.0162816510    0.0003895399    
0.3596183100    0.0157217800    0.0003822095    
0.3598599000    0.0163179870    0.0003908570    
0.3601014900    0.0164083070    0.0003922336    
0.3603430800    0.0157400680    0.0003840183    
0.3605846700    0.0155361950    0.0003810914    
0.3608262500    0.0157220190    0.0003843796    
0.3610678400    0.0158124380    0.0003847548    
0.3613094300    0.0162522520    0.0003924474    
0.3615510200    0.0164679130    0.0003922044    
0.3617926100    0.0156945050    0.0003824517    
0.3620342000    0.0161681950    0.0003890589    
0.3622757900    0.0161596650    0.0003885164    
0.3625173700    0.0158379240    0.0003849194    
0.3627589600    0.0159113700    0.0003862484    
0.3630005500    0.0159048180    0.0003852955    
0.3632421400    0.0159301570    0.0003854572    
0.3634837300    0.0157715660    0.0003851308    
0.3637253200    0.0164108170    0.0003933062    
0.3639669100    0.0158505070    0.0003868279    
0.3642084900    0.0153824600    0.0003783462    
0.3644500800    0.0156670660    0.0003826931    
0.3646916700    0.0160398790    0.0003876584    
0.3649332600    0.0157210990    0.0003816295    
0.3651748500    0.0152005570    0.0003763852    
0.3654164400    0.0154964790    0.0003816126    
0.3656580300    0.0150842320    0.0003759328    
0.3658996100    0.0156223730    0.0003817153    
0.3661412000    0.0148107030    0.0003723681    
0.3663827900    0.0160336790    0.0003912982    
0.3666243800    0.0155033530    0.0003781305    
0.3668659700    0.0154987900    0.0003800596    
0.3671075600    0.0158275630    0.0003842139    
0.3673491500    0.0159726590    0.0003852470    
0.3675907300    0.0157613510    0.0003844232    
0.3678323200    0.0162920310    0.0003887881    
0.3680739100    0.0161232850    0.0003891064    
0.3683155000    0.0160821600    0.0003874376    
0.3685570900    0.0158648700    0.0003846665    
0.3687986800    0.0157586640    0.0003858525    
0.3690402600    0.0155931790    0.0003835290    
0.3692818500    0.0157421290    0.0003820275    
0.3695234400    0.0154451640    0.0003795442    
0.3697650300    0.0157471430    0.0003823744    
0.3700066200    0.0152931500    0.0003780988    
0.3702482100    0.0159553610    0.0003846061    
0.3704898000    0.0163871700    0.0003909472    
0.3707313800    0.0158993430    0.0003859564    
0.3709729700    0.0163655290    0.0003905420    
0.3712145600    0.0159772170    0.0003880755    
0.3714561500    0.0158127450    0.0003863668    
0.3716977400    0.0158849730    0.0003844764    
0.3719393300    0.0159885490    0.0003852942    
0.3721809200    0.0162758160    0.0003891776    
0.3724225000    0.0159966420    0.0003858255    
0.3726640900    0.0153102030    0.0003775983    
0.3729056800    0.0163811720    0.0003905818    
0.3731472700    0.0159951380    0.0003852293    
0.3733888600    0.0153068900    0.0003785542    
0.3736304500    0.0154494920    0.0003810336    
0.3738720400    0.0153996530    0.0003814320    
0.3741136200    0.0157281800    0.0003837283    
0.3743552100    0.0158462160    0.0003844403    
0.3745968000    0.0155265540    0.0003792609    
0.3748383900    0.0151012550    0.0003747314    
0.3750799800    0.0155778820    0.0003807419    
0.3753215700    0.0158581490    0.0003847298    
0.3755631500    0.0160191180    0.0003858069    
0.3758047400    0.0160793860    0.0003872584    
0.3760463300    0.0159688930    0.0003865076    
0.3762879200    0.0163738120    0.0003919693    
0.3765295100    0.0160637840    0.0003897186    
0.3767711000    0.0160869280    0.0003867676    
0.3770126900    0.0156171540    0.0003807930    
0.3772542700    0.0154151490    0.0003784640    
0.3774958600    0.0162769420    0.0003883175    
0.3777374500    0.0159567450    0.0003851995    
0.3779790400    0.0157325010    0.0003834915    
0.3782206300    0.0161008280    0.0003876624    
0.3784622200    0.0156777810    0.0003818175    
0.3787038100    0.0156932230    0.0003834465    
0.3789453900    0.0159287640    0.0003868987    
0.3791869800    0.0158049540    0.0003858311    
0.3794285700    0.0161278220    0.0003869687    
0.3796701600    0.0158674820    0.0003848430    
0.3799117500    0.0157884840    0.0003825895    
0.3801533400    0.0161754980    0.0003885603    
0.3803949300    0.0156509160    0.0003799258    
0.3806365100    0.0163815000    0.0003901463    
0.3808781000    0.0163506590    0.0003896329    
0.3811196900    0.0165489990    0.0003943593    
0.3813612800    0.0162507930    0.0003890244    
0.3816028700    0.0154542510    0.0003808037    
0.3818444600    0.0159074620    0.0003854727    
0.3820860500    0.0160502110    0.0003848850    
0.3823276300    0.0158010130    0.0003818854    
0.3825692200    0.0153334500    0.0003752163    
0.3828108100    0.0162585370    0.0003857980    
0.3830524000    0.0161701950    0.0003863209    
0.3832939900    0.0161313790    0.0003852836    
0.3835355800    0.0162234010    0.0003863810    
0.3837771600    0.0158216480    0.0003807199    
0.3840187500    0.0156674420    0.0003805513    
0.3842603400    0.0160044160    0.0003853410    
0.3845019300    0.0156505450    0.0003767117    
0.3847435200    0.0156715960    0.0003776562    
0.3849851100    0.0158740450    0.0003812089    
0.3852267000    0.0157417470    0.0003890708    
0.3854682800    0.0155141220    0.0003938051    
0.3857098700    0.0154429940    0.0003974139    
0.3859514600    0.0160637290    0.0004097410    
0.3861930500    0.0159700590    0.0004109775    
0.3864346400    0.0155589140    0.0004098711    
0.3866762300    0.0157897780    0.0004158085    
0.3869178200    0.0160032230    0.0004208461    
0.3871594000    0.0157717210    0.0004227265    
0.3874009900    0.0165422620    0.0004341218    
0.3876425800    0.0158294510    0.0004278230    
0.3878841700    0.0158701870    0.0004301827    
0.3881257600    0.0151931010    0.0004235036    
0.3883673500    0.0160839550    0.0004388891    
0.3886089400    0.0154123430    0.0004321406    
0.3888505200    0.0152924310    0.0004323624    
0.3890921100    0.0152253380    0.0004337721    
0.3893337000    0.0158447620    0.0004474422    
0.3895752900    0.0157804690    0.0004481352    
0.3898168800    0.0156757250    0.0004285481    
0.3900584700    0.0151611050    0.0004137070    
0.3903000600    0.0159512420    0.0004230042    
0.3905416400    0.0164537490    0.0004254015    
0.3907832300    0.0165562720    0.0004257814    
0.3910248200    0.0157224640    0.0004134628    
0.3912664100    0.0161031160    0.0004166147    
0.3915080000    0.0157904000    0.0004105906    
0.3917495900    0.0154106690    0.0004073818    
0.3919911700    0.0156265120    0.0004109395    
0.3922327600    0.0157264770    0.0004052462    
0.3924743500    0.0157308820    0.0004068483    
0.3927159400    0.0160379200    0.0004085514    
0.3929575300    0.0159292840    0.0004099282    
0.3931991200    0.0152067180    0.0003986612    
0.3934407100    0.0158014080    0.0004056981    
0.3936822900    0.0155937540    0.0004043851    
0.3939238800    0.0157175400    0.0004065032    
0.3941654700    0.0160224280    0.0004104269    
0.3944070600    0.0155522000    0.0004052196    
0.3946486500    0.0156957660    0.0004081299    
0.3948902400    0.0163701690    0.0004138052    
0.3951318300    0.0163321440    0.0004129760    
0.3953734100    0.0152138470    0.0003992599    
0.3956150000    0.0155652160    0.0004048722    
0.3958565900    0.0155569440    0.0004035663    
0.3960981800    0.0166571790    0.0004191895    
0.3963397700    0.0156293220    0.0004070909    
0.3965813600    0.0156717360    0.0004076429    
0.3968229500    0.0157904000    0.0004105906    
0.3970645300    0.0163231660    0.0004185427    
0.3973061200    0.0151911570    0.0004018600    
0.3975477100    0.0154386520    0.0004039097    
0.3977893000    0.0151746630    0.0004019867    
0.3980308900    0.0159747530    0.0004119175    
0.3982724800    0.0153876410    0.0004047978    
0.3985140700    0.0159870640    0.0004127842    
0.3987556500    0.0160422400    0.0004142089    
0.3989972400    0.0162141670    0.0004158846    
0.3992388300    0.0160447920    0.0004162217    
0.3994804200    0.0151030680    0.0004036465    
0.3997220100    0.0153195480    0.0004088485    
0.3999636000    0.0156864710    0.0004094135    
0.4002051800    0.0160631920    0.0004162790    
0.4004467700    0.0165377480    0.0004201948    
0.4006883600    0.0159027960    0.0004149183    
0.4009299500    0.0155808100    0.0004108758    
0.4011715400    0.0152089620    0.0004064766    
0.4014131300    0.0152139020    0.0004068994    
0.4016547200    0.0157257150    0.0004164383    
0.4018963000    0.0152616490    0.0004086151    
0.4021378900    0.0160337820    0.0004223806    
0.4023794800    0.0154913950    0.0004116792    
0.4026210700    0.0162455270    0.0004221398    
0.4028626600    0.0162545280    0.0004209549    
0.4031042500    0.0156259950    0.0004143791    
0.4033458400    0.0153402870    0.0004105734    
0.4035874200    0.0159655080    0.0004220491    
0.4038290100    0.0157597430    0.0004176324    
0.4040706000    0.0160161540    0.0004217699    
0.4043121900    0.0161989170    0.0004256981    
0.4045537800    0.0154885060    0.0004173905    
0.4047953700    0.0153660790    0.0004182117    
0.4050369600    0.0155219470    0.0004155843    
0.4052785400    0.0155781850    0.0004178395    
0.4055201300    0.0156089010    0.0004180622    
0.4057617200    0.0159562600    0.0004253869    
0.4060033100    0.0154185490    0.0004155053    
0.4062449000    0.0157189300    0.0004229861    
0.4064864900    0.0162851380    0.0004297484    
0.4067280800    0.0152970620    0.0004180399    
0.4069696600    0.0163120360    0.0004334875    
0.4072112500    0.0160396160    0.0004314594    
0.4074528400    0.0156836160    0.0004276466    
0.4076944300    0.0155316040    0.0004231872    
0.4079360200    0.0152363720    0.0004177878    
0.4081776100    0.0158724580    0.0004282041    
0.4084191900    0.0155723980    0.0004249301    
0.4086607800    0.0163429260    0.0004336962    
0.4089023700    0.0163397960    0.0004373246    
0.4091439600    0.0161279810    0.0004350975    
0.4093855500    0.0156621920    0.0004297872    
0.4096271400    0.0154674410    0.0004283312    
0.4098687300    0.0163559330    0.0004471439    
0.4101103100    0.0155087060    0.0004252553    
0.4103519000    0.0158859350    0.0004342949    
0.4105934900    0.0155887500    0.0004293917    
0.4108350800    0.0163278540    0.0004417777    
0.4110766700    0.0155598080    0.0004310544    
0.4113182600    0.0156806610    0.0004344023    
0.4115598500    0.0154971590    0.0004333281    
0.4118014300    0.0163886680    0.0004473706    
0.4120430200    0.0161272230    0.0004420492    
0.4122846100    0.0166750750    0.0004535023    
0.4125262000    0.0162460280    0.0004521516    
0.4127677900    0.0154789540    0.0004334974    
0.4130093800    0.0157635930    0.0004394060    
0.4132509700    0.0159578790    0.0004427623    
0.4134925500    0.0150639110    0.0004334153    
0.4137341400    0.0162502430    0.0004488059    
0.4139757300    0.0158489090    0.0004461385    
0.4142173200    0.0163488710    0.0004508425    
0.4144589100    0.0155924550    0.0004447731    
0.4147005000    0.0157815850    0.0004465493    
0.4149420800    0.0161460070    0.0004554047    
0.4151836700    0.0155768500    0.0004452346    
0.4154252600    0.0152963320    0.0004382921    
0.4156668500    0.0164033660    0.0004504652    
0.4159084400    0.0157724670    0.0004417174    
0.4161500300    0.0153465670    0.0004344141    
0.4163916200    0.0154879690    0.0004368445    
0.4166332000    0.0155642110    0.0004355436    
0.4168747900    0.0156910250    0.0004360301    
0.4171163800    0.0156546270    0.0004396257    
0.4173579700    0.0156828600    0.0004369858    
0.4175995600    0.0155726210    0.0004422327    
0.4178411500    0.0157979360    0.0004381559    
0.4180827400    0.0157235590    0.0004386310    
0.4183243200    0.0158911000    0.0004422734    
0.4185659100    0.0158625220    0.0004431979    
0.4188075000    0.0150673450    0.0004317309    
0.4190490900    0.0154188550    0.0004398212    
0.4192906800    0.0158509640    0.0004454909    
0.4195322700    0.0159459090    0.0004504782    
0.4197738600    0.0158186480    0.0004486770    
0.4200154400    0.0158571720    0.0004534324    
0.4202570300    0.0158810770    0.0004544877    
0.4204986200    0.0152695770    0.0004426429    
0.4207402100    0.0155168910    0.0004492463    
0.4209818000    0.0154135150    0.0004458797    
0.4212233900    0.0157746550    0.0004536770    
0.4214649800    0.0150973490    0.0004450031    
0.4217065600    0.0158106060    0.0004566032    
0.4219481500    0.0155671210    0.0004545266    
0.4221897400    0.0161835010    0.0004654353    
0.4224313300    0.0164047500    0.0004721891    
0.4226729200    0.0165179710    0.0004748583    
0.4229145100    0.0159368190    0.0004677196    
0.4231560900    0.0160049250    0.0004669117    
0.4233976800    0.0154428810    0.0004593980    
0.4236392700    0.0154252670    0.0004609180    
0.4238808600    0.0161388520    0.0004730381    
0.4241224500    0.0160597610    0.0004721417    
0.4243640400    0.0159489060    0.0004742415    
0.4246056300    0.0159226530    0.0004749329    
0.4248472100    0.0149144420    0.0004620332    
0.4250888000    0.0161571340    0.0004825714    
0.4253303900    0.0158879850    0.0004859370    
0.4255719800    0.0159925420    0.0004806663    
0.4258135700    0.0160051640    0.0004816988    
0.4260551600    0.0154941300    0.0004781592    
0.4262967500    0.0165953650    0.0004928109    
0.4265383300    0.0155984170    0.0004820668    
0.4267799200    0.0148322450    0.0004723549    
0.4270215100    0.0158983250    0.0004878531    
0.4272631000    0.0161857300    0.0004973754    
0.4275046900    0.0161570630    0.0004990933    
0.4277462800    0.0156398180    0.0004963146    
0.4279878700    0.0159527720    0.0005044710    
0.4282294500    0.0165582550    0.0005081036    
0.4284710400    0.0155333550    0.0004936824    
0.4287126300    0.0154266780    0.0004948109    
0.4289542200    0.0158020130    0.0005027290    
0.4291958100    0.0160106010    0.0005083371    
0.4294374000    0.0163736370    0.0005188186    
0.4296789900    0.0157921720    0.0005078420    
0.4299205700    0.0150812310    0.0005015943    
0.4301621600    0.0150344140    0.0005059483    
0.4304037500    0.0146958170    0.0005022927    
0.4306453400    0.0160822920    0.0005313739    
0.4308869300    0.0153359830    0.0005120536    
0.4311285200    0.0153036990    0.0005147191    
0.4313701000    0.0160998490    0.0005316639    
0.4316116900    0.0166278470    0.0005437887    
0.4318532800    0.0156327500    0.0005287857    
0.4320948700    0.0161646360    0.0005412321    
0.4323364600    0.0155679110    0.0005358696    
0.4325780500    0.0160541590    0.0005474423    
0.4328196400    0.0155273480    0.0005429010    
0.4330612200    0.0159396170    0.0005586833    
0.4333028100    0.0154356610    0.0005484823    
0.4335444000    0.0158814830    0.0005546055    
0.4337859900    0.0154500710    0.0005500371    
0.4340275800    0.0158771310    0.0005620443    
0.4342691700    0.0161483830    0.0005723642    
0.4345107600    0.0157103270    0.0005687520    
0.4347523400    0.0159724720    0.0005763569    
0.4349939300    0.0162238870    0.0005858106    
0.4352355200    0.0166650390    0.0006025258    
0.4354771100    0.0149674960    0.0005760992    
0.4357187000    0.0166735340    0.0006209549    
0.4359602900    0.0152920320    0.0005859920    
0.4362018800    0.0161618330    0.0006073989    
0.4364434600    0.0161023110    0.0006107955    
0.4366850500    0.0157434610    0.0006114253    
0.4369266400    0.0160942980    0.0006278984    
0.4371682300    0.0146175690    0.0006007784    
0.4374098200    0.0159840880    0.0006378345    
0.4376514100    0.0164400870    0.0006549888    
0.4378930000    0.0155343740    0.0006455866    
0.4381345800    0.0152578960    0.0006511912    
0.4383761700    0.0151401850    0.0006614020    
0.4386177600    0.0153824600    0.0006553149    
0.4388593500    0.0157026360    0.0006720108    
0.4391009400    0.0149219250    0.0006659981    
0.4393425300    0.0155704560    0.0006894714    
0.4395841100    0.0147472330    0.0006846231    
0.4398257000    0.0147610740    0.0007013198    
0.4400672900    0.0163534680    0.0007535280    
0.4403088800    0.0155952780    0.0007573737    
0.4405504700    0.0171566750    0.0008216557    
0.4407920600    0.0153769920    0.0008093154    
0.4410336500    0.0146940690    0.0008138292    
0.4412752300    0.0154373750    0.0008372092    
0.4415168200    0.0160085100    0.0008963045    
0.4417584100    0.0157253850    0.0012060820    
0.4420000000    0.0158146980    0.0018384213    