# Diamond Light Source Ltd.
# Data extracted from: /dls/b21/data/2017/mx13440-2/processed/b21-369037_00431.dat
q(1/A)          Column          Error           
0.0040000000    0.9032473800    0.0220830340    
0.0042415885    0.9509036500    0.0213108560    
0.0044831771    0.7467132900    0.0175806780    
0.0047247656    0.6224335400    0.0155414240    
0.0049663541    0.5225751300    0.0134258690    
0.0052079426    0.4181818400    0.0123584050    
0.0054495312    0.3700452800    0.0107180740    
0.0056911197    0.3603871200    0.0099723538    
0.0059327082    0.2836737900    0.0088475423    
0.0061742967    0.2569688500    0.0080697764    
0.0064158853    0.2344447900    0.0076305281    
0.0066574738    0.2108779100    0.0068381848    
0.0068990623    0.1982304800    0.0066899546    
0.0071406509    0.1827787500    0.0063102233    
0.0073822394    0.1789359700    0.0060353604    
0.0076238279    0.1618172000    0.0056032713    
0.0078654164    0.1518155000    0.0055141873    
0.0081070050    0.1499113500    0.0051941204    
0.0083485935    0.1448163800    0.0049296068    
0.0085901820    0.1444187000    0.0049564370    
0.0088317705    0.1420770000    0.0047866958    
0.0090733591    0.1337282900    0.0046140643    
0.0093149476    0.1311242300    0.0044027206    
0.0095565361    0.1349677800    0.0044667815    
0.0097981247    0.1305329100    0.0043927822    
0.0100397130    0.1254180300    0.0041598535    
0.0102813020    0.1237430900    0.0042269836    
0.0105228900    0.1192345600    0.0038869355    
0.0107644790    0.1248230200    0.0040181952    
0.0110060670    0.1245451100    0.0039131091    
0.0112476560    0.1236893000    0.0038804785    
0.0114892440    0.1132960600    0.0036604296    
0.0117308330    0.1148044700    0.0036672944    
0.0119724210    0.1049232500    0.0034573386    
0.0122140100    0.1101924500    0.0035110235    
0.0124555980    0.1101801300    0.0034051005    
0.0126971870    0.1066126000    0.0034535208    
0.0129387760    0.1062508200    0.0032619298    
0.0131803640    0.1116551600    0.0033991324    
0.0134219530    0.1055979600    0.0031882488    
0.0136635410    0.1125347400    0.0033041338    
0.0139051300    0.1053558000    0.0031970067    
0.0141467180    0.1129633400    0.0032354572    
0.0143883070    0.1045600200    0.0030673447    
0.0146298950    0.1087892100    0.0031287630    
0.0148714840    0.1086542300    0.0031497289    
0.0151130720    0.1077385500    0.0031023976    
0.0153546610    0.1046392000    0.0029432075    
0.0155962490    0.1060144300    0.0029925618    
0.0158378380    0.0982121390    0.0028141130    
0.0160794260    0.1028082700    0.0028792076    
0.0163210150    0.1037373200    0.0028286152    
0.0165626030    0.0966972620    0.0027833033    
0.0168041920    0.0997128000    0.0027229303    
0.0170457800    0.0982873980    0.0027197329    
0.0172873690    0.1032819400    0.0027712344    
0.0175289580    0.1040435500    0.0027649261    
0.0177705460    0.1028889100    0.0027019951    
0.0180121350    0.1034339800    0.0026787020    
0.0182537230    0.1010374100    0.0026183932    
0.0184953120    0.1006907600    0.0026067849    
0.0187369000    0.1002858300    0.0026015381    
0.0189784890    0.0962686120    0.0024823373    
0.0192200770    0.0959063520    0.0025168890    
0.0194616660    0.0987765770    0.0024889358    
0.0197032540    0.1006146200    0.0025312354    
0.0199448430    0.0945013240    0.0024531321    
0.0201864310    0.0967696880    0.0024635216    
0.0204280200    0.0973517830    0.0024224658    
0.0206696080    0.0965880500    0.0023785543    
0.0209111970    0.0988516500    0.0024590267    
0.0211527850    0.0902577500    0.0022779001    
0.0213943740    0.0935653740    0.0023246504    
0.0216359620    0.0963677800    0.0023702569    
0.0218775510    0.0994565270    0.0023967168    
0.0221191400    0.0963897400    0.0023167665    
0.0223607280    0.0938464890    0.0022707750    
0.0226023170    0.0900132200    0.0022907761    
0.0228439050    0.0931588480    0.0022281960    
0.0230854940    0.1005084800    0.0023094722    
0.0233270820    0.0917319150    0.0022016364    
0.0235686710    0.0942562100    0.0022461062    
0.0238102590    0.0956465140    0.0022153696    
0.0240518480    0.0961479100    0.0022075278    
0.0242934360    0.0921408780    0.0021925878    
0.0245350250    0.0924706060    0.0021693331    
0.0247766130    0.0922021360    0.0021529865    
0.0250182020    0.0904639510    0.0021545144    
0.0252597900    0.0893678020    0.0020902247    
0.0255013790    0.0900037290    0.0020813240    
0.0257429670    0.0910303850    0.0020972294    
0.0259845560    0.0896618760    0.0020575260    
0.0262261450    0.0919381980    0.0020954660    
0.0264677330    0.0908447430    0.0020593416    
0.0267093220    0.0917064730    0.0020537020    
0.0269509100    0.0892022780    0.0020368153    
0.0271924990    0.0905432860    0.0020368675    
0.0274340870    0.0903984700    0.0020465975    
0.0276756760    0.0910924820    0.0020207877    
0.0279172640    0.0879060770    0.0019815560    
0.0281588530    0.0863569690    0.0019397491    
0.0284004410    0.0903382350    0.0020015944    
0.0286420300    0.0860272700    0.0019159796    
0.0288836180    0.0872719530    0.0019499982    
0.0291252070    0.0861708040    0.0018981090    
0.0293667950    0.0912053280    0.0019761978    
0.0296083840    0.0865470960    0.0019022488    
0.0298499720    0.0843135810    0.0018838966    
0.0300915610    0.0887630360    0.0019264474    
0.0303331490    0.0884447520    0.0019070051    
0.0305747380    0.0868432740    0.0018651190    
0.0308163270    0.0858418520    0.0018543341    
0.0310579150    0.0813819710    0.0018143214    
0.0312995040    0.0822667780    0.0018094819    
0.0315410920    0.0856224930    0.0018372064    
0.0317826810    0.0847689100    0.0018222500    
0.0320242690    0.0837324800    0.0017941759    
0.0322658580    0.0835223810    0.0018174225    
0.0325074460    0.0840959890    0.0017925252    
0.0327490350    0.0845310010    0.0017916511    
0.0329906230    0.0828709290    0.0017552831    
0.0332322120    0.0838754250    0.0017765593    
0.0334738000    0.0842127550    0.0017563392    
0.0337153890    0.0835633240    0.0017469790    
0.0339569770    0.0828574390    0.0017421486    
0.0341985660    0.0813758680    0.0017290548    
0.0344401540    0.0805893240    0.0016982175    
0.0346817430    0.0828448710    0.0017369004    
0.0349233310    0.0804979880    0.0017046397    
0.0351649200    0.0792362850    0.0016601497    
0.0354065090    0.0785159860    0.0016619234    
0.0356480970    0.0788844280    0.0016427128    
0.0358896860    0.0789131440    0.0016614214    
0.0361312740    0.0776356830    0.0016251878    
0.0363728630    0.0764343840    0.0016081652    
0.0366144510    0.0768104170    0.0016254580    
0.0368560400    0.0783779240    0.0016175016    
0.0370976280    0.0783028860    0.0016366465    
0.0373392170    0.0793721280    0.0016321214    
0.0375808050    0.0771666810    0.0015921659    
0.0378223940    0.0774294880    0.0015948748    
0.0380639820    0.0743401920    0.0015689731    
0.0383055710    0.0746649610    0.0015418617    
0.0385471590    0.0775219290    0.0015771613    
0.0387887480    0.0753788750    0.0015612718    
0.0390303360    0.0732102830    0.0015209295    
0.0392719250    0.0748209290    0.0015356164    
0.0395135140    0.0752621640    0.0015401377    
0.0397551020    0.0728020230    0.0015444413    
0.0399966910    0.0727751870    0.0014864466    
0.0402382790    0.0735813720    0.0015057425    
0.0404798680    0.0751737020    0.0015107431    
0.0407214560    0.0709755630    0.0014825233    
0.0409630450    0.0774152050    0.0015238151    
0.0412046330    0.0750218970    0.0015092169    
0.0414462220    0.0707745030    0.0014534867    
0.0416878100    0.0708430080    0.0014524452    
0.0419293990    0.0702279180    0.0014443953    
0.0421709870    0.0732374520    0.0014697547    
0.0424125760    0.0705750010    0.0014496953    
0.0426541640    0.0711847680    0.0014337671    
0.0428957530    0.0714664810    0.0014382747    
0.0431373410    0.0684413380    0.0014058673    
0.0433789300    0.0697209870    0.0014091519    
0.0436205180    0.0707634620    0.0014164028    
0.0438621070    0.0702621220    0.0014146099    
0.0441036960    0.0682685970    0.0013912101    
0.0443452840    0.0673063280    0.0013704628    
0.0445868730    0.0682969470    0.0013946868    
0.0448284610    0.0684497370    0.0013789592    
0.0450700500    0.0673760230    0.0014147635    
0.0453116380    0.0703566020    0.0014491891    
0.0455532270    0.0678071940    0.0014637298    
0.0457948150    0.0676981280    0.0014606949    
0.0460364040    0.0676950730    0.0014643834    
0.0462779920    0.0678394560    0.0014889108    
0.0465195810    0.0668264390    0.0014777524    
0.0467611690    0.0672594000    0.0014884187    
0.0470027580    0.0644267320    0.0014567388    
0.0472443460    0.0642492130    0.0014845640    
0.0474859350    0.0677446810    0.0015058092    
0.0477275230    0.0633128860    0.0014676379    
0.0479691120    0.0652266550    0.0014916989    
0.0482107000    0.0631664150    0.0014822734    
0.0484522890    0.0637736290    0.0014811064    
0.0486938780    0.0647390880    0.0015027184    
0.0489354660    0.0637017240    0.0014948350    
0.0491770550    0.0599347880    0.0014666306    
0.0494186430    0.0650545670    0.0014979832    
0.0496602320    0.0605563010    0.0014048711    
0.0499018200    0.0607576740    0.0013873206    
0.0501434090    0.0629466370    0.0013892425    
0.0503849970    0.0613063950    0.0013576792    
0.0506265860    0.0607544990    0.0013418424    
0.0508681740    0.0632330220    0.0013624516    
0.0511097630    0.0609248900    0.0013310757    
0.0513513510    0.0620881340    0.0013192337    
0.0515929400    0.0597724930    0.0013153500    
0.0518345280    0.0594812730    0.0012912418    
0.0520761170    0.0591916440    0.0013028834    
0.0523177050    0.0586597890    0.0012583766    
0.0525592940    0.0603502270    0.0013006394    
0.0528008830    0.0602534100    0.0012657609    
0.0530424710    0.0583949600    0.0012501093    
0.0532840600    0.0578518430    0.0012376319    
0.0535256480    0.0577459360    0.0012364985    
0.0537672370    0.0586257770    0.0012353910    
0.0540088250    0.0585589140    0.0012372829    
0.0542504140    0.0580543830    0.0012371614    
0.0544920020    0.0568514730    0.0012140104    
0.0547335910    0.0548061920    0.0011833575    
0.0549751790    0.0573238200    0.0012052824    
0.0552167680    0.0567046230    0.0011999803    
0.0554583560    0.0529239250    0.0011464637    
0.0556999450    0.0566322780    0.0011824079    
0.0559415330    0.0552283970    0.0011758710    
0.0561831220    0.0538669780    0.0011497551    
0.0564247100    0.0532079450    0.0011393277    
0.0566662990    0.0541728050    0.0011451207    
0.0569078870    0.0537191970    0.0011515958    
0.0571494760    0.0538581280    0.0011417900    
0.0573910650    0.0526986240    0.0011122210    
0.0576326530    0.0537461580    0.0011318116    
0.0578742420    0.0549177260    0.0011418912    
0.0581158300    0.0532583390    0.0011139085    
0.0583574190    0.0535698740    0.0011150715    
0.0585990070    0.0517596730    0.0011022681    
0.0588405960    0.0518219600    0.0011008521    
0.0590821840    0.0515297080    0.0010875507    
0.0593237730    0.0528095360    0.0011040388    
0.0595653610    0.0527400330    0.0011074366    
0.0598069500    0.0505829130    0.0010609725    
0.0600485380    0.0499629510    0.0010601658    
0.0602901270    0.0501663110    0.0010632847    
0.0605317150    0.0498488570    0.0010541910    
0.0607733040    0.0510625190    0.0010621901    
0.0610148920    0.0503851910    0.0010607996    
0.0612564810    0.0481432050    0.0010322987    
0.0614980690    0.0495402520    0.0010370517    
0.0617396580    0.0503061440    0.0010686516    
0.0619812470    0.0489680500    0.0010533809    
0.0622228350    0.0490664060    0.0010477675    
0.0624644240    0.0469355410    0.0010174569    
0.0627060120    0.0483704670    0.0010412489    
0.0629476010    0.0478089980    0.0010417907    
0.0631891890    0.0470255970    0.0010266717    
0.0634307780    0.0453609910    0.0010038173    
0.0636723660    0.0464552290    0.0010149452    
0.0639139550    0.0460026670    0.0010081906    
0.0641555430    0.0461658810    0.0009993645    
0.0643971320    0.0468473170    0.0010165002    
0.0646387200    0.0453115800    0.0009815614    
0.0648803090    0.0436780290    0.0009720640    
0.0651218970    0.0460512990    0.0009787079    
0.0653634860    0.0458269560    0.0009837645    
0.0656050740    0.0460145560    0.0009832709    
0.0658466630    0.0454688980    0.0009724994    
0.0660882520    0.0442895360    0.0009574018    
0.0663298400    0.0455174550    0.0009722046    
0.0665714290    0.0448391460    0.0009601288    
0.0668130170    0.0444964960    0.0009596361    
0.0670546060    0.0452926290    0.0009625842    
0.0672961940    0.0438066280    0.0009427868    
0.0675377830    0.0417647510    0.0009131225    
0.0677793710    0.0429358660    0.0009318483    
0.0680209600    0.0423660210    0.0009145402    
0.0682625480    0.0432639610    0.0009249167    
0.0685041370    0.0423024530    0.0009116823    
0.0687457250    0.0430073900    0.0009318656    
0.0689873140    0.0411896990    0.0008981916    
0.0692289020    0.0416793530    0.0009035146    
0.0694704910    0.0413399420    0.0008991194    
0.0697120790    0.0404981760    0.0008871286    
0.0699536680    0.0416274950    0.0009036652    
0.0701952560    0.0409742510    0.0008958394    
0.0704368450    0.0421805100    0.0009118112    
0.0706784340    0.0396037900    0.0008920587    
0.0709200220    0.0397008700    0.0008853072    
0.0711616110    0.0404065630    0.0008924317    
0.0714031990    0.0393158090    0.0008873747    
0.0716447880    0.0399426920    0.0008987808    
0.0718863760    0.0400079800    0.0008873152    
0.0721279650    0.0392227060    0.0008703273    
0.0723695530    0.0391250760    0.0008645502    
0.0726111420    0.0377751170    0.0008547807    
0.0728527300    0.0376661750    0.0008411904    
0.0730943190    0.0388717430    0.0008604240    
0.0733359070    0.0367072570    0.0008310426    
0.0735774960    0.0391107850    0.0008610868    
0.0738190840    0.0380139010    0.0008399965    
0.0740606730    0.0392479050    0.0008554417    
0.0743022610    0.0377570550    0.0008396679    
0.0745438500    0.0377340400    0.0008356505    
0.0747854380    0.0381774040    0.0008319117    
0.0750270270    0.0367738620    0.0008231121    
0.0752686160    0.0365340600    0.0008102690    
0.0755102040    0.0361174520    0.0008068044    
0.0757517930    0.0361273060    0.0008098583    
0.0759933810    0.0357578400    0.0007930537    
0.0762349700    0.0352314060    0.0007974254    
0.0764765580    0.0354991780    0.0007929932    
0.0767181470    0.0364756750    0.0008026816    
0.0769597350    0.0348006600    0.0007779719    
0.0772013240    0.0355556320    0.0007847186    
0.0774429120    0.0350060450    0.0007748570    
0.0776845010    0.0351605950    0.0007733676    
0.0779260890    0.0353928200    0.0007807451    
0.0781676780    0.0343990350    0.0007644230    
0.0784092660    0.0354448190    0.0007775530    
0.0786508550    0.0357258480    0.0007742741    
0.0788924430    0.0341228170    0.0007639650    
0.0791340320    0.0342834480    0.0007605410    
0.0793756210    0.0339109780    0.0007584622    
0.0796172090    0.0339448380    0.0007511832    
0.0798587980    0.0336953070    0.0007555305    
0.0801003860    0.0327527600    0.0007443809    
0.0803419750    0.0333055550    0.0007401235    
0.0805835630    0.0336094850    0.0007494727    
0.0808251520    0.0347026830    0.0007605411    
0.0810667400    0.0329858840    0.0007414899    
0.0813083290    0.0324355570    0.0007265537    
0.0815499170    0.0324936280    0.0007379200    
0.0817915060    0.0311515430    0.0007176937    
0.0820330940    0.0324121110    0.0007243947    
0.0822746830    0.0319473150    0.0007210647    
0.0825162710    0.0314149830    0.0007117744    
0.0827578600    0.0324156870    0.0007253810    
0.0829994480    0.0324281970    0.0007162191    
0.0832410370    0.0310683520    0.0007092196    
0.0834826250    0.0319061820    0.0007104310    
0.0837242140    0.0315483360    0.0007050898    
0.0839658030    0.0312499720    0.0007035356    
0.0842073910    0.0308630750    0.0006969480    
0.0844489800    0.0302436820    0.0006855881    
0.0846905680    0.0293980810    0.0006709163    
0.0849321570    0.0314120550    0.0007013437    
0.0851737450    0.0301963690    0.0006791276    
0.0854153340    0.0307889100    0.0006900152    
0.0856569220    0.0286947860    0.0006616200    
0.0858985110    0.0297586790    0.0006809214    
0.0861400990    0.0287710620    0.0006624987    
0.0863816880    0.0290308130    0.0006679489    
0.0866232760    0.0292087570    0.0006754486    
0.0868648650    0.0292179450    0.0006668053    
0.0871064530    0.0299799180    0.0006775231    
0.0873480420    0.0290849750    0.0006620489    
0.0875896300    0.0291511360    0.0006644161    
0.0878312190    0.0300772440    0.0006740660    
0.0880728080    0.0289043910    0.0006587922    
0.0883143960    0.0283595800    0.0006521598    
0.0885559850    0.0291708480    0.0006638316    
0.0887975730    0.0284109320    0.0006519631    
0.0890391620    0.0285800140    0.0006542945    
0.0892807500    0.0286125920    0.0006523109    
0.0895223390    0.0287721890    0.0006525665    
0.0897639270    0.0279469650    0.0006389651    
0.0900055160    0.0272571310    0.0006325199    
0.0902471040    0.0286389840    0.0006510542    
0.0904886930    0.0263329300    0.0006187853    
0.0907302810    0.0277074550    0.0006292275    
0.0909718700    0.0280469640    0.0006442898    
0.0912134580    0.0273130500    0.0006254532    
0.0914550470    0.0271718250    0.0006319029    
0.0916966350    0.0276138230    0.0006288876    
0.0919382240    0.0268543800    0.0006223365    
0.0921798120    0.0265868230    0.0006153104    
0.0924214010    0.0268858710    0.0006187613    
0.0926629900    0.0260882790    0.0006060490    
0.0929045780    0.0274797480    0.0006284472    
0.0931461670    0.0259730680    0.0006040248    
0.0933877550    0.0267521630    0.0006140600    
0.0936293440    0.0260997490    0.0006089502    
0.0938709320    0.0273385790    0.0006218133    
0.0941125210    0.0261159950    0.0006029623    
0.0943541090    0.0264640230    0.0006069666    
0.0945956980    0.0265114240    0.0006085341    
0.0948372860    0.0258170480    0.0005974952    
0.0950788750    0.0257428540    0.0005949819    
0.0953204630    0.0258192400    0.0005981871    
0.0955620520    0.0261612740    0.0006011307    
0.0958036400    0.0254916920    0.0005904399    
0.0960452290    0.0263395920    0.0006001791    
0.0962868170    0.0262839770    0.0006022039    
0.0965284060    0.0258609390    0.0005947008    
0.0967699940    0.0263122400    0.0005998674    
0.0970115830    0.0250495820    0.0005792682    
0.0972531720    0.0253071500    0.0005841321    
0.0974947600    0.0254406630    0.0005850361    
0.0977363490    0.0261437780    0.0005908293    
0.0979779370    0.0278757560    0.0006123952    
0.0982195260    0.0248621900    0.0005786601    
0.0984611140    0.0262061170    0.0005905815    
0.0987027030    0.0256622060    0.0005850479    
0.0989442910    0.0259434930    0.0005885618    
0.0991858800    0.0257771890    0.0005847890    
0.0994274680    0.0274661070    0.0006010794    
0.0996690570    0.0270800280    0.0005927723    
0.0999106450    0.0244397880    0.0005676002    
0.1001522300    0.0264701760    0.0005860595    
0.1003938200    0.0260247320    0.0005832445    
0.1006354100    0.0269480650    0.0005910175    
0.1008770000    0.0249914500    0.0005703492    
0.1011185900    0.0262149900    0.0005841441    
0.1013601800    0.0263222380    0.0005859523    
0.1016017700    0.0261863940    0.0005804883    
0.1018433500    0.0268532860    0.0006010591    
0.1020849400    0.0255819710    0.0005947687    
0.1023265300    0.0262540100    0.0006072828    
0.1025681200    0.0268515540    0.0006110522    
0.1028097100    0.0258664750    0.0006086651    
0.1030513000    0.0268399580    0.0006221694    
0.1032928800    0.0262901000    0.0006215657    
0.1035344700    0.0261800200    0.0006119901    
0.1037760600    0.0269221250    0.0006312378    
0.1040176500    0.0269247580    0.0006339187    
0.1042592400    0.0278082770    0.0006461801    
0.1045008300    0.0266007230    0.0006282078    
0.1047424200    0.0258927160    0.0006254206    
0.1049840000    0.0255369870    0.0006241542    
0.1052255900    0.0262627430    0.0006349143    
0.1054671800    0.0235768130    0.0005978881    
0.1057087700    0.0235289440    0.0006013327    
0.1059503600    0.0238133540    0.0006072149    
0.1061919500    0.0235362740    0.0006032959    
0.1064335400    0.0234963860    0.0005879611    
0.1066751200    0.0230368390    0.0005734177    
0.1069167100    0.0239553760    0.0005830647    
0.1071583000    0.0228578360    0.0005622102    
0.1073998900    0.0235577760    0.0005688559    
0.1076414800    0.0226193130    0.0005614617    
0.1078830700    0.0221675630    0.0005478903    
0.1081246600    0.0219158780    0.0005480682    
0.1083662400    0.0222955880    0.0005459098    
0.1086078300    0.0221987280    0.0005506827    
0.1088494200    0.0221334550    0.0005427541    
0.1090910100    0.0231142610    0.0005531691    
0.1093326000    0.0224381800    0.0005421369    
0.1095741900    0.0214641910    0.0005316437    
0.1098157700    0.0226925030    0.0005412189    
0.1100573600    0.0213509830    0.0005288397    
0.1102989500    0.0224032000    0.0005369214    
0.1105405400    0.0220072230    0.0005318796    
0.1107821300    0.0222920410    0.0005378216    
0.1110237200    0.0221125360    0.0005304124    
0.1112653100    0.0216529120    0.0005303328    
0.1115068900    0.0219075200    0.0005257973    
0.1117484800    0.0226461280    0.0005337743    
0.1119900700    0.0221395680    0.0005256447    
0.1122316600    0.0218188260    0.0005236686    
0.1124732500    0.0217028790    0.0005193920    
0.1127148400    0.0216843270    0.0005186510    
0.1129564300    0.0216871230    0.0005205076    
0.1131980100    0.0217061110    0.0005181356    
0.1134396000    0.0220633510    0.0005236876    
0.1136811900    0.0218916330    0.0005203452    
0.1139227800    0.0215836020    0.0005146252    
0.1141643700    0.0217399150    0.0005126996    
0.1144059600    0.0221241930    0.0005174630    
0.1146475500    0.0215320430    0.0005132499    
0.1148891300    0.0215787580    0.0005073494    
0.1151307200    0.0222883610    0.0005211602    
0.1153723100    0.0210135300    0.0005001804    
0.1156139000    0.0216521780    0.0005119133    
0.1158554900    0.0206644480    0.0004948238    
0.1160970800    0.0214739100    0.0005095533    
0.1163386700    0.0208030930    0.0004974312    
0.1165802500    0.0207395740    0.0004961961    
0.1168218400    0.0214262640    0.0005010022    
0.1170634300    0.0210207650    0.0004967075    
0.1173050200    0.0212704980    0.0005010721    
0.1175466100    0.0218775580    0.0005067291    
0.1177882000    0.0211529450    0.0004956965    
0.1180297800    0.0211727510    0.0004961607    
0.1182713700    0.0213409640    0.0005002399    
0.1185129600    0.0212409830    0.0004962630    
0.1187545500    0.0207807540    0.0004899432    
0.1189961400    0.0209108690    0.0004905628    
0.1192377300    0.0211930530    0.0004911382    
0.1194793200    0.0217138210    0.0004964537    
0.1197209000    0.0198704750    0.0004751310    
0.1199624900    0.0203979610    0.0004805177    
0.1202040800    0.0208522410    0.0004823342    
0.1204456700    0.0201215770    0.0004792210    
0.1206872600    0.0201898100    0.0004748244    
0.1209288500    0.0202239630    0.0004786821    
0.1211704400    0.0210662180    0.0004861147    
0.1214120200    0.0205030050    0.0004778489    
0.1216536100    0.0210101810    0.0004826421    
0.1218952000    0.0208423060    0.0004781553    
0.1221367900    0.0208629480    0.0004818091    
0.1223783800    0.0199274910    0.0004677506    
0.1226199700    0.0209429970    0.0004812257    
0.1228615600    0.0208947270    0.0004802434    
0.1231031400    0.0205711710    0.0004760876    
0.1233447300    0.0213895820    0.0004852504    
0.1235863200    0.0202147410    0.0004738408    
0.1238279100    0.0209133260    0.0004766589    
0.1240695000    0.0202313290    0.0004675968    
0.1243110900    0.0199221930    0.0004638088    
0.1245526800    0.0203740260    0.0004702672    
0.1247942600    0.0206675480    0.0004699598    
0.1250358500    0.0204157860    0.0004691115    
0.1252774400    0.0201773020    0.0004653548    
0.1255190300    0.0206070680    0.0004690699    
0.1257606200    0.0201974740    0.0004661921    
0.1260022100    0.0200443700    0.0004640199    
0.1262437900    0.0204613470    0.0004672076    
0.1264853800    0.0199831220    0.0004611217    
0.1267269700    0.0204011390    0.0004635426    
0.1269685600    0.0200389720    0.0004596046    
0.1272101500    0.0205027880    0.0004648931    
0.1274517400    0.0190645840    0.0004513671    
0.1276933300    0.0202914600    0.0004588058    
0.1279349100    0.0200870250    0.0004619233    
0.1281765000    0.0200755160    0.0004608065    
0.1284180900    0.0196254990    0.0004531107    
0.1286596800    0.0205522250    0.0004650586    
0.1289012700    0.0204138260    0.0004619269    
0.1291428600    0.0200277530    0.0004585039    
0.1293844500    0.0206409470    0.0004617765    
0.1296260300    0.0195700130    0.0004517092    
0.1298676200    0.0204770940    0.0004620592    
0.1301092100    0.0200560670    0.0004549979    
0.1303508000    0.0202852050    0.0004564528    
0.1305923900    0.0202768840    0.0004609573    
0.1308339800    0.0193035760    0.0004484356    
0.1310755700    0.0199591140    0.0004540856    
0.1313171500    0.0205965940    0.0004603237    
0.1315587400    0.0207405150    0.0004613562    
0.1318003300    0.0197670450    0.0004517076    
0.1320419200    0.0207535810    0.0004590422    
0.1322835100    0.0203104460    0.0004559830    
0.1325251000    0.0200993710    0.0004534205    
0.1327666900    0.0209439220    0.0004618984    
0.1330082700    0.0194260990    0.0004448466    
0.1332498600    0.0206449430    0.0004593440    
0.1334914500    0.0203554120    0.0004583808    
0.1337330400    0.0194760670    0.0004425236    
0.1339746300    0.0202784190    0.0004526478    
0.1342162200    0.0196158120    0.0004450101    
0.1344578000    0.0205266830    0.0004567127    
0.1346993900    0.0194044240    0.0004413517    
0.1349409800    0.0200428420    0.0004511134    
0.1351825700    0.0202124140    0.0004497203    
0.1354241600    0.0202677350    0.0004510628    
0.1356657500    0.0198541150    0.0004469789    
0.1359073400    0.0189982560    0.0004399206    
0.1361489200    0.0193263060    0.0004395749    
0.1363905100    0.0200339040    0.0004471898    
0.1366321000    0.0200178130    0.0004468306    
0.1368736900    0.0201773970    0.0004486082    
0.1371152800    0.0194216820    0.0004380212    
0.1373568700    0.0201350770    0.0004477780    
0.1375984600    0.0198521930    0.0004456949    
0.1378400400    0.0202172930    0.0004490515    
0.1380816300    0.0197221130    0.0004412205    
0.1383232200    0.0191600490    0.0004371525    
0.1385648100    0.0201437060    0.0004484136    
0.1388064000    0.0196202440    0.0004393816    
0.1390479900    0.0188654280    0.0004289814    
0.1392895800    0.0196413420    0.0004420767    
0.1395311600    0.0197704260    0.0004396686    
0.1397727500    0.0184602200    0.0004248502    
0.1400143400    0.0192859130    0.0004340769    
0.1402559300    0.0200017470    0.0004464720    
0.1404975200    0.0197530980    0.0004389577    
0.1407391100    0.0197255610    0.0004389967    
0.1409806900    0.0189782560    0.0004336825    
0.1412222800    0.0188110530    0.0004275239    
0.1414638700    0.0201237740    0.0004430572    
0.1417054600    0.0194571630    0.0004322747    
0.1419470500    0.0194559180    0.0004370186    
0.1421886400    0.0194350300    0.0004325308    
0.1424302300    0.0197443170    0.0004371465    
0.1426718100    0.0194037560    0.0004342070    
0.1429134000    0.0196378530    0.0004359663    
0.1431549900    0.0203913570    0.0004452941    
0.1433965800    0.0196093400    0.0004368431    
0.1436381700    0.0187849020    0.0004247413    
0.1438797600    0.0196668360    0.0004342618    
0.1441213500    0.0193045520    0.0004309095    
0.1443629300    0.0200695700    0.0004386857    
0.1446045200    0.0192650880    0.0004301357    
0.1448461100    0.0201966510    0.0004404126    
0.1450877000    0.0191813910    0.0004265692    
0.1453292900    0.0193934960    0.0004325717    
0.1455708800    0.0192802510    0.0004289800    
0.1458124700    0.0196078020    0.0004364840    
0.1460540500    0.0199622760    0.0004333486    
0.1462956400    0.0200951920    0.0004377840    
0.1465372300    0.0195743510    0.0004307520    
0.1467788200    0.0191229560    0.0004252697    
0.1470204100    0.0197070580    0.0004322097    
0.1472620000    0.0192080730    0.0004262151    
0.1475035900    0.0192063070    0.0004255478    
0.1477451700    0.0195487290    0.0004311288    
0.1479867600    0.0199602550    0.0004329987    
0.1482283500    0.0199157800    0.0004353241    
0.1484699400    0.0195605930    0.0004296179    
0.1487115300    0.0194713700    0.0004299458    
0.1489531200    0.0190712510    0.0004203940    
0.1491947000    0.0201127920    0.0004349792    
0.1494362900    0.0200377460    0.0004320447    
0.1496778800    0.0192454460    0.0004248536    
0.1499194700    0.0194118920    0.0004260438    
0.1501610600    0.0194758700    0.0004275509    
0.1504026500    0.0194855500    0.0004254122    
0.1506442400    0.0197376900    0.0004320511    
0.1508858200    0.0198513080    0.0004316522    
0.1511274100    0.0202399000    0.0004325990    
0.1513690000    0.0191396030    0.0004206760    
0.1516105900    0.0201937590    0.0004333983    
0.1518521800    0.0192895170    0.0004229507    
0.1520937700    0.0196228030    0.0004254782    
0.1523353600    0.0189498160    0.0004184294    
0.1525769400    0.0203332830    0.0004348930    
0.1528185300    0.0200463930    0.0004313297    
0.1530601200    0.0202802760    0.0004328691    
0.1533017100    0.0192986730    0.0004244800    
0.1535433000    0.0200183870    0.0004281579    
0.1537848900    0.0191709120    0.0004188425    
0.1540264800    0.0205244710    0.0004343378    
0.1542680600    0.0198425050    0.0004267452    
0.1545096500    0.0195627620    0.0004217053    
0.1547512400    0.0194570350    0.0004225798    
0.1549928300    0.0195566170    0.0004233470    
0.1552344200    0.0196688620    0.0004240910    
0.1554760100    0.0192807220    0.0004200404    
0.1557176000    0.0196819850    0.0004259611    
0.1559591800    0.0197731750    0.0004250576    
0.1562007700    0.0195701800    0.0004204026    
0.1564423600    0.0198105720    0.0004223628    
0.1566839500    0.0203072280    0.0004318732    
0.1569255400    0.0190023200    0.0004148622    
0.1571671300    0.0189708710    0.0004146700    
0.1574087100    0.0200833820    0.0004243389    
0.1576503000    0.0199837580    0.0004281033    
0.1578918900    0.0194047780    0.0004166572    
0.1581334800    0.0195405660    0.0004205434    
0.1583750700    0.0196937930    0.0004229604    
0.1586166600    0.0199348110    0.0004355320    
0.1588582500    0.0196517490    0.0004319327    
0.1590998300    0.0192385770    0.0004323549    
0.1593414200    0.0189464820    0.0004319426    
0.1595830100    0.0196670510    0.0004425432    
0.1598246000    0.0204315580    0.0004501610    
0.1600661900    0.0193039490    0.0004418178    
0.1603077800    0.0192697880    0.0004435994    
0.1605493700    0.0196509970    0.0004487044    
0.1607909500    0.0197178730    0.0004505839    
0.1610325400    0.0197264060    0.0004535106    
0.1612741300    0.0198890730    0.0004555679    
0.1615157200    0.0189210960    0.0004462225    
0.1617573100    0.0196867390    0.0004557409    
0.1619989000    0.0196880510    0.0004594798    
0.1622404900    0.0188335780    0.0004472790    
0.1624820700    0.0194066050    0.0004585659    
0.1627236600    0.0197151380    0.0004609916    
0.1629652500    0.0190618630    0.0004527005    
0.1632068400    0.0193313940    0.0004493243    
0.1634484300    0.0196738930    0.0004462129    
0.1636900200    0.0196259080    0.0004451246    
0.1639316100    0.0195433120    0.0004413258    
0.1641731900    0.0187955910    0.0004324541    
0.1644147800    0.0195861620    0.0004379599    
0.1646563700    0.0189469910    0.0004322914    
0.1648979600    0.0193346330    0.0004330941    
0.1651395500    0.0191552670    0.0004331156    
0.1653811400    0.0185248150    0.0004234313    
0.1656227200    0.0191348780    0.0004325440    
0.1658643100    0.0193291430    0.0004313509    
0.1661059000    0.0196204270    0.0004340845    
0.1663474900    0.0190100510    0.0004243357    
0.1665890800    0.0183519650    0.0004167673    
0.1668306700    0.0191569850    0.0004279355    
0.1670722600    0.0191280670    0.0004254886    
0.1673138400    0.0181677540    0.0004145124    
0.1675554300    0.0188699230    0.0004203709    
0.1677970200    0.0190895020    0.0004247358    
0.1680386100    0.0201845630    0.0004372478    
0.1682802000    0.0195762440    0.0004280047    
0.1685217900    0.0194257780    0.0004249182    
0.1687633800    0.0192153270    0.0004221365    
0.1690049600    0.0195563530    0.0004285954    
0.1692465500    0.0190018990    0.0004171459    
0.1694881400    0.0190162310    0.0004201008    
0.1697297300    0.0188847560    0.0004174000    
0.1699713200    0.0188733020    0.0004193032    
0.1702129100    0.0192665240    0.0004197310    
0.1704545000    0.0194306910    0.0004226061    
0.1706960800    0.0187932440    0.0004173186    
0.1709376700    0.0190747790    0.0004156524    
0.1711792600    0.0180288250    0.0004055776    
0.1714208500    0.0194747370    0.0004192238    
0.1716624400    0.0194259560    0.0004213090    
0.1719040300    0.0189900800    0.0004129254    
0.1721456200    0.0191966370    0.0004168260    
0.1723872000    0.0193052460    0.0004180035    
0.1726287900    0.0193082810    0.0004175801    
0.1728703800    0.0192024220    0.0004173454    
0.1731119700    0.0190978250    0.0004140952    
0.1733535600    0.0192643940    0.0004160475    
0.1735951500    0.0184221440    0.0004045161    
0.1738367300    0.0186532790    0.0004085095    
0.1740783200    0.0188967740    0.0004092551    
0.1743199100    0.0191416210    0.0004123396    
0.1745615000    0.0179365720    0.0003982956    
0.1748030900    0.0190579750    0.0004096832    
0.1750446800    0.0190991920    0.0004147102    
0.1752862700    0.0187579830    0.0004055839    
0.1755278500    0.0193253260    0.0004174608    
0.1757694400    0.0192164980    0.0004113835    
0.1760110300    0.0188429750    0.0004080899    
0.1762526200    0.0190374460    0.0004080181    
0.1764942100    0.0184467920    0.0004020636    
0.1767358000    0.0195496680    0.0004136164    
0.1769773900    0.0184478010    0.0004009444    
0.1772189700    0.0182066890    0.0003990163    
0.1774605600    0.0183098430    0.0004012770    
0.1777021500    0.0184869160    0.0004015102    
0.1779437400    0.0182817490    0.0003994162    
0.1781853300    0.0184773590    0.0004025387    
0.1784269200    0.0184800470    0.0003989222    
0.1786685100    0.0185961530    0.0004011483    
0.1789100900    0.0178916950    0.0003921129    
0.1791516800    0.0179538190    0.0003934744    
0.1793932700    0.0192089210    0.0004071368    
0.1796348600    0.0179422730    0.0003917191    
0.1798764500    0.0191908780    0.0004051197    
0.1801180400    0.0179032910    0.0003914281    
0.1803596200    0.0189906440    0.0004058052    
0.1806012100    0.0189976890    0.0004026597    
0.1808428000    0.0182511820    0.0003945337    
0.1810843900    0.0184950590    0.0003959391    
0.1813259800    0.0182522100    0.0003940040    
0.1815675700    0.0184526780    0.0003954852    
0.1818091600    0.0184867740    0.0003955804    
0.1820507400    0.0186476310    0.0003975688    
0.1822923300    0.0187572850    0.0003979220    
0.1825339200    0.0182527220    0.0003937399    
0.1827755100    0.0185843180    0.0003956798    
0.1830171000    0.0186478350    0.0003994844    
0.1832586900    0.0180810710    0.0003894938    
0.1835002800    0.0178992060    0.0003879234    
0.1837418600    0.0188647580    0.0003971748    
0.1839834500    0.0188117780    0.0003980939    
0.1842250400    0.0187439040    0.0003965687    
0.1844666300    0.0185050270    0.0003936349    
0.1847082200    0.0184132080    0.0003923926    
0.1849498100    0.0181237020    0.0003896895    
0.1851914000    0.0179535010    0.0003898332    
0.1854329800    0.0188442930    0.0003973609    
0.1856745700    0.0188069530    0.0003973694    
0.1859161600    0.0184194800    0.0003904922    
0.1861577500    0.0182787470    0.0003889976    
0.1863993400    0.0189759980    0.0003974085    
0.1866409300    0.0176287420    0.0003812567    
0.1868825200    0.0186306330    0.0003952352    
0.1871241000    0.0186883220    0.0003926777    
0.1873656900    0.0190475890    0.0003985584    
0.1876072800    0.0192670320    0.0003977872    
0.1878488700    0.0187560520    0.0003960288    
0.1880904600    0.0185931490    0.0003933792    
0.1883320500    0.0177453210    0.0003813774    
0.1885736300    0.0184001410    0.0003891215    
0.1888152200    0.0184290740    0.0003892984    
0.1890568100    0.0181469310    0.0003873343    
0.1892984000    0.0184546550    0.0003885406    
0.1895399900    0.0189146480    0.0003946551    
0.1897815800    0.0179923840    0.0003849134    
0.1900231700    0.0179512110    0.0003844727    
0.1902647500    0.0178564820    0.0003824438    
0.1905063400    0.0177015470    0.0003831899    
0.1907479300    0.0182940450    0.0003874848    
0.1909895200    0.0180360940    0.0003832266    
0.1912311100    0.0179937210    0.0003832791    
0.1914727000    0.0178605240    0.0003814819    
0.1917142900    0.0176059820    0.0003798771    
0.1919558700    0.0187835740    0.0003890515    
0.1921974600    0.0175568030    0.0003793462    
0.1924390500    0.0185359810    0.0003904259    
0.1926806400    0.0186835510    0.0003904287    
0.1929222300    0.0187615030    0.0003918865    
0.1931638200    0.0182962700    0.0003838472    
0.1934054100    0.0189377000    0.0003938522    
0.1936469900    0.0184651720    0.0003858652    
0.1938885800    0.0178442270    0.0003813078    
0.1941301700    0.0182227460    0.0003835730    
0.1943717600    0.0178640970    0.0003816453    
0.1946133500    0.0176536860    0.0003759509    
0.1948549400    0.0178472950    0.0003805921    
0.1950965300    0.0179014710    0.0003807962    
0.1953381100    0.0184120640    0.0003859369    
0.1955797000    0.0181757020    0.0003842034    
0.1958212900    0.0176224280    0.0003762248    
0.1960628800    0.0186224220    0.0003868772    
0.1963044700    0.0179214390    0.0003789133    
0.1965460600    0.0183618020    0.0003866714    
0.1967876400    0.0181439310    0.0003804002    
0.1970292300    0.0183947080    0.0003833895    
0.1972708200    0.0189005960    0.0003903882    
0.1975124100    0.0181915820    0.0003827475    
0.1977540000    0.0187189890    0.0003881303    
0.1979955900    0.0182768180    0.0003832705    
0.1982371800    0.0182711890    0.0003840825    
0.1984787600    0.0187330120    0.0003845552    
0.1987203500    0.0184467640    0.0003838082    
0.1989619400    0.0184225450    0.0003838030    
0.1992035300    0.0176347820    0.0003747842    
0.1994451200    0.0184469950    0.0003835640    
0.1996867100    0.0185430200    0.0003838222    
0.1999283000    0.0181758330    0.0003807344    
0.2001698800    0.0183106020    0.0003826352    
0.2004114700    0.0177739350    0.0003780833    
0.2006530600    0.0185037680    0.0003826819    
0.2008946500    0.0181415010    0.0003797654    
0.2011362400    0.0186382070    0.0003823674    
0.2013778300    0.0187101810    0.0003862905    
0.2016194200    0.0181941810    0.0003781438    
0.2018610000    0.0183530460    0.0003813633    
0.2021025900    0.0172290600    0.0003698552    
0.2023441800    0.0179313060    0.0003763561    
0.2025857700    0.0183296520    0.0003808772    
0.2028273600    0.0179241580    0.0003782108    
0.2030689500    0.0182658770    0.0003804566    
0.2033105400    0.0188497220    0.0003842883    
0.2035521200    0.0176548320    0.0003734434    
0.2037937100    0.0181500510    0.0003780440    
0.2040353000    0.0187925360    0.0003855335    
0.2042768900    0.0184654270    0.0003808317    
0.2045184800    0.0182447190    0.0003770021    
0.2047600700    0.0175158890    0.0003720894    
0.2050016500    0.0183492610    0.0003812023    
0.2052432400    0.0179506240    0.0003766786    
0.2054848300    0.0180228060    0.0003758832    
0.2057264200    0.0192139750    0.0003905796    
0.2059680100    0.0187507720    0.0003817161    
0.2062096000    0.0187711950    0.0003832453    
0.2064511900    0.0186225430    0.0003810052    
0.2066927700    0.0181978390    0.0003783016    
0.2069343600    0.0187480280    0.0003834923    
0.2071759500    0.0190968050    0.0003869208    
0.2074175400    0.0185794630    0.0003814032    
0.2076591300    0.0183415610    0.0003783575    
0.2079007200    0.0183013300    0.0003809472    
0.2081423100    0.0186731230    0.0003811635    
0.2083838900    0.0180129830    0.0003751891    
0.2086254800    0.0180384840    0.0003760467    
0.2088670700    0.0185757080    0.0003807649    
0.2091086600    0.0184849740    0.0003811537    
0.2093502500    0.0174376840    0.0003686853    
0.2095918400    0.0183427890    0.0003801665    
0.2098334300    0.0186028920    0.0003821257    
0.2100750100    0.0182630750    0.0003798219    
0.2103166000    0.0187174550    0.0003848852    
0.2105581900    0.0181548350    0.0003761903    
0.2107997800    0.0186146140    0.0003830946    
0.2110413700    0.0181740390    0.0003765074    
0.2112829600    0.0182626120    0.0003800589    
0.2115245400    0.0182602990    0.0003771630    
0.2117661300    0.0188552270    0.0003856851    
0.2120077200    0.0175519130    0.0003703562    
0.2122493100    0.0177633320    0.0003759067    
0.2124909000    0.0183281660    0.0003792937    
0.2127324900    0.0183201760    0.0003817532    
0.2129740800    0.0178669760    0.0003740186    
0.2132156600    0.0185872930    0.0003814835    
0.2134572500    0.0190997930    0.0003881783    
0.2136988400    0.0181536880    0.0003782018    
0.2139404300    0.0179790390    0.0003744821    
0.2141820200    0.0184061020    0.0003805807    
0.2144236100    0.0186066540    0.0003837443    
0.2146652000    0.0175567720    0.0003722865    
0.2149067800    0.0182078250    0.0003774504    
0.2151483700    0.0185296790    0.0003865386    
0.2153899600    0.0183122790    0.0003890949    
0.2156315500    0.0192123360    0.0004024464    
0.2158731400    0.0178280430    0.0003891324    
0.2161147300    0.0186873960    0.0004033982    
0.2163563200    0.0184820490    0.0004021640    
0.2165979000    0.0175871970    0.0003952428    
0.2168394900    0.0179504090    0.0003995892    
0.2170810800    0.0178213410    0.0004026458    
0.2173226700    0.0176590100    0.0004005145    
0.2175642600    0.0178641150    0.0004050622    
0.2178058500    0.0177196390    0.0004049212    
0.2180474400    0.0175285690    0.0004046970    
0.2182890200    0.0170694900    0.0004025554    
0.2185306100    0.0174690240    0.0004046185    
0.2187722000    0.0180497700    0.0004165085    
0.2190137900    0.0181908180    0.0004173260    
0.2192553800    0.0174022360    0.0004120099    
0.2194969700    0.0184674870    0.0004217905    
0.2197385500    0.0177652940    0.0004111500    
0.2199801400    0.0174293920    0.0004029446    
0.2202217300    0.0183294770    0.0004092462    
0.2204633200    0.0185721360    0.0004099899    
0.2207049100    0.0181440290    0.0004026046    
0.2209465000    0.0179028230    0.0003999196    
0.2211880900    0.0179719500    0.0003986882    
0.2214296700    0.0183442210    0.0004022237    
0.2216712600    0.0177909770    0.0003955504    
0.2219128500    0.0181542210    0.0003984409    
0.2221544400    0.0174076400    0.0003920998    
0.2223960300    0.0179268560    0.0003959380    
0.2226376200    0.0174361960    0.0003935425    
0.2228792100    0.0173444230    0.0003895902    
0.2231207900    0.0168893730    0.0003844456    
0.2233623800    0.0175678740    0.0003896283    
0.2236039700    0.0170796830    0.0003857907    
0.2238455600    0.0170947320    0.0003840785    
0.2240871500    0.0169811480    0.0003834672    
0.2243287400    0.0174823730    0.0003870663    
0.2245703300    0.0166726180    0.0003804987    
0.2248119100    0.0173361850    0.0003874552    
0.2250535000    0.0169952750    0.0003834930    
0.2252950900    0.0176933740    0.0003927983    
0.2255366800    0.0180059870    0.0003925492    
0.2257782700    0.0172935230    0.0003856359    
0.2260198600    0.0174137150    0.0003856406    
0.2262614500    0.0168811450    0.0003795673    
0.2265030300    0.0171497720    0.0003820506    
0.2267446200    0.0171685700    0.0003837091    
0.2269862100    0.0168331590    0.0003773454    
0.2272278000    0.0173251410    0.0003838674    
0.2274693900    0.0176162930    0.0003858919    
0.2277109800    0.0170473450    0.0003830139    
0.2279525600    0.0172664140    0.0003819106    
0.2281941500    0.0171028830    0.0003810060    
0.2284357400    0.0172255420    0.0003818482    
0.2286773300    0.0165937680    0.0003760642    
0.2289189200    0.0173594210    0.0003822882    
0.2291605100    0.0169145450    0.0003795515    
0.2294021000    0.0175282830    0.0003847958    
0.2296436800    0.0169323460    0.0003815876    
0.2298852700    0.0169139550    0.0003777357    
0.2301268600    0.0172744520    0.0003856904    
0.2303684500    0.0178476790    0.0003897468    
0.2306100400    0.0172139880    0.0003832909    
0.2308516300    0.0174322740    0.0003849207    
0.2310932200    0.0173211290    0.0003856766    
0.2313348000    0.0172656040    0.0003832073    
0.2315763900    0.0175824050    0.0003871049    
0.2318179800    0.0175292490    0.0003883898    
0.2320595700    0.0171286440    0.0003823396    
0.2323011600    0.0174671180    0.0003872985    
0.2325427500    0.0175444060    0.0003881544    
0.2327843400    0.0175404390    0.0003895952    
0.2330259200    0.0179677370    0.0003907877    
0.2332675100    0.0163551310    0.0003733503    
0.2335091000    0.0168629140    0.0003804095    
0.2337506900    0.0170975940    0.0003810773    
0.2339922800    0.0171784330    0.0003842175    
0.2342338700    0.0172733470    0.0003846126    
0.2344754600    0.0167952500    0.0003804351    
0.2347170400    0.0178807010    0.0003903748    
0.2349586300    0.0180184050    0.0003928199    
0.2352002200    0.0173899020    0.0003891420    
0.2354418100    0.0169010530    0.0003813669    
0.2356834000    0.0171698400    0.0003841214    
0.2359249900    0.0171622980    0.0003816672    
0.2361665700    0.0167353000    0.0003801514    
0.2364081600    0.0173880940    0.0003853569    
0.2366497500    0.0173484090    0.0003870523    
0.2368913400    0.0171962720    0.0003837536    
0.2371329300    0.0172563390    0.0003868318    
0.2373745200    0.0170387390    0.0003829172    
0.2376161100    0.0176583300    0.0003898172    
0.2378576900    0.0168110230    0.0003816746    
0.2380992800    0.0169424760    0.0003810426    
0.2383408700    0.0169503620    0.0003821878    
0.2385824600    0.0168018270    0.0003789350    
0.2388240500    0.0168672760    0.0003813823    
0.2390656400    0.0169480330    0.0003824270    
0.2393072300    0.0166912810    0.0003784686    
0.2395488100    0.0162040130    0.0003734199    
0.2397904000    0.0172149530    0.0003860981    
0.2400319900    0.0167073520    0.0003808949    
0.2402735800    0.0170241660    0.0003850281    
0.2405151700    0.0164960930    0.0003783468    
0.2407567600    0.0166795000    0.0003778132    
0.2409983500    0.0164587640    0.0003773914    
0.2412399300    0.0170431280    0.0003824368    
0.2414815200    0.0163975240    0.0003774786    
0.2417231100    0.0172599890    0.0003839347    
0.2419647000    0.0167220560    0.0003813292    
0.2422062900    0.0169528350    0.0003834149    
0.2424478800    0.0174159170    0.0003887520    
0.2426894600    0.0169482640    0.0003853869    
0.2429310500    0.0171131500    0.0003846866    
0.2431726400    0.0171066190    0.0003843456    
0.2434142300    0.0171652910    0.0003835400    
0.2436558200    0.0172884850    0.0003888245    
0.2438974100    0.0168917510    0.0003808663    
0.2441390000    0.0163950800    0.0003769233    
0.2443805800    0.0173812060    0.0003883644    
0.2446221700    0.0170351060    0.0003848820    
0.2448637600    0.0165335330    0.0003801063    
0.2451053500    0.0171876550    0.0003853889    
0.2453469400    0.0167245220    0.0003841927    
0.2455885300    0.0163580850    0.0003759734    
0.2458301200    0.0172131580    0.0003881132    
0.2460717000    0.0168869390    0.0003813398    
0.2463132900    0.0163353490    0.0003754509    
0.2465548800    0.0174614700    0.0003903527    
0.2467964700    0.0166202500    0.0003791062    
0.2470380600    0.0164031020    0.0003778073    
0.2472796500    0.0165133570    0.0003789421    
0.2475212400    0.0175835710    0.0003933773    
0.2477628200    0.0170930180    0.0003886785    
0.2480044100    0.0170157860    0.0003838581    
0.2482460000    0.0169323400    0.0003830493    
0.2484875900    0.0174421500    0.0003897262    
0.2487291800    0.0173115300    0.0003882641    
0.2489707700    0.0172356310    0.0003864647    
0.2492123600    0.0170566980    0.0003867543    
0.2494539400    0.0168974040    0.0003841311    
0.2496955300    0.0170358970    0.0003863820    
0.2499371200    0.0165336310    0.0003793075    
0.2501787100    0.0170786840    0.0003897659    
0.2504203000    0.0165684140    0.0003793078    
0.2506618900    0.0170549150    0.0003827013    
0.2509034700    0.0162578610    0.0003762628    
0.2511450600    0.0166175790    0.0003797374    
0.2513866500    0.0167603080    0.0003823009    
0.2516282400    0.0167173590    0.0003791574    
0.2518698300    0.0176612040    0.0003918911    
0.2521114200    0.0165020310    0.0003778871    
0.2523530100    0.0164728940    0.0003782128    
0.2525945900    0.0168506420    0.0003815919    
0.2528361800    0.0165831440    0.0003813477    
0.2530777700    0.0170419440    0.0003830860    
0.2533193600    0.0165682940    0.0003773325    
0.2535609500    0.0161991620    0.0003744033    
0.2538025400    0.0170785610    0.0003842976    
0.2540441300    0.0171045030    0.0003845894    
0.2542857100    0.0171810250    0.0003850467    
0.2545273000    0.0167515880    0.0003822014    
0.2547688900    0.0170463270    0.0003826049    
0.2550104800    0.0168649510    0.0003834925    
0.2552520700    0.0174004960    0.0003910471    
0.2554936600    0.0168986580    0.0003816044    
0.2557352500    0.0164989450    0.0003785117    
0.2559768300    0.0167836020    0.0003801712    
0.2562184200    0.0162350900    0.0003757358    
0.2564600100    0.0163045850    0.0003744472    
0.2567016000    0.0155176790    0.0003675978    
0.2569431900    0.0162630300    0.0003748795    
0.2571847800    0.0168900410    0.0003815071    
0.2574263700    0.0160297130    0.0003721807    
0.2576679500    0.0163398960    0.0003765513    
0.2579095400    0.0165829230    0.0003797395    
0.2581511300    0.0171247940    0.0003838829    
0.2583927200    0.0172266660    0.0003846235    
0.2586343100    0.0168128690    0.0003787989    
0.2588759000    0.0166347710    0.0003795361    
0.2591174800    0.0170454730    0.0003811484    
0.2593590700    0.0168585940    0.0003794441    
0.2596006600    0.0167947540    0.0003800341    
0.2598422500    0.0166746060    0.0003790662    
0.2600838400    0.0166805230    0.0003793969    
0.2603254300    0.0165452490    0.0003791751    
0.2605670200    0.0163698670    0.0003758473    
0.2608086000    0.0170211520    0.0003802245    
0.2610501900    0.0169487300    0.0003813762    
0.2612917800    0.0167896660    0.0003805039    
0.2615333700    0.0166998630    0.0003785659    
0.2617749600    0.0163185870    0.0003748676    
0.2620165500    0.0166425340    0.0003776546    
0.2622581400    0.0164874150    0.0003782472    
0.2624997200    0.0162298300    0.0003737172    
0.2627413100    0.0167616020    0.0003835296    
0.2629829000    0.0169029520    0.0003792913    
0.2632244900    0.0167153710    0.0003801895    
0.2634660800    0.0173932410    0.0003859451    
0.2637076700    0.0168580260    0.0003808812    
0.2639492600    0.0167289440    0.0003794202    
0.2641908400    0.0164416980    0.0003768020    
0.2644324300    0.0169843330    0.0003836370    
0.2646740200    0.0163461740    0.0003736329    
0.2649156100    0.0167371810    0.0003821712    
0.2651572000    0.0168216530    0.0003811309    
0.2653987900    0.0161001560    0.0003748279    
0.2656403800    0.0168599160    0.0003820959    
0.2658819600    0.0166942370    0.0003786330    
0.2661235500    0.0168431960    0.0003823065    
0.2663651400    0.0166485630    0.0003783764    
0.2666067300    0.0171325250    0.0003846366    
0.2668483200    0.0167922140    0.0003802688    
0.2670899100    0.0172778400    0.0003889788    
0.2673314900    0.0165253260    0.0003768430    
0.2675730800    0.0161847720    0.0003756796    
0.2678146700    0.0172671660    0.0003891331    
0.2680562600    0.0171346000    0.0003843926    
0.2682978500    0.0164241500    0.0003769943    
0.2685394400    0.0168003190    0.0003799655    
0.2687810300    0.0162123840    0.0003752103    
0.2690226100    0.0175352980    0.0003873844    
0.2692642000    0.0160357750    0.0003752663    
0.2695057900    0.0166891520    0.0003794950    
0.2697473800    0.0171325250    0.0003846366    
0.2699889700    0.0158931650    0.0003725415    
0.2702305600    0.0164487550    0.0003796653    
0.2704721500    0.0168450080    0.0003835351    
0.2707137300    0.0158746120    0.0003694769    
0.2709553200    0.0164086960    0.0003781368    
0.2711969100    0.0168487770    0.0003822364    
0.2714385000    0.0180008130    0.0003941259    
0.2716800900    0.0168090140    0.0003823194    
0.2719216800    0.0175136680    0.0003988629    
0.2721632700    0.0171341140    0.0003972878    
0.2724048500    0.0168970450    0.0003996014    
0.2726464400    0.0169358000    0.0004074120    
0.2728880300    0.0168153320    0.0004062812    
0.2731296200    0.0167752110    0.0004080606    
0.2733712100    0.0167552220    0.0004111169    
0.2736128000    0.0165533810    0.0004142230    
0.2738543800    0.0171100960    0.0004186916    
0.2740959700    0.0168457800    0.0004194439    
0.2743375600    0.0163484630    0.0004161922    
0.2745791500    0.0172478910    0.0004293231    
0.2748207400    0.0158958630    0.0004150200    
0.2750623300    0.0166001780    0.0004241147    
0.2753039200    0.0173094190    0.0004376875    
0.2755455000    0.0166081630    0.0004273986    
0.2757870900    0.0165077390    0.0004324718    
0.2760286800    0.0163773580    0.0004286150    
0.2762702700    0.0173288160    0.0004490777    
0.2765118600    0.0160130500    0.0004145622    
0.2767534500    0.0159746490    0.0004124637    
0.2769950400    0.0167140210    0.0004185049    
0.2772366200    0.0162968520    0.0004089578    
0.2774782100    0.0169546390    0.0004176476    
0.2777198000    0.0169773050    0.0004189693    
0.2779613900    0.0166562860    0.0004139566    
0.2782029800    0.0161082840    0.0003992290    
0.2784445700    0.0164931040    0.0004073924    
0.2786861600    0.0165501650    0.0004069439    
0.2789277400    0.0164296260    0.0004009612    
0.2791693300    0.0167005810    0.0004045729    
0.2794109200    0.0165931160    0.0004051925    
0.2796525100    0.0168954680    0.0004082174    
0.2798941000    0.0164186480    0.0003978598    
0.2801356900    0.0165896350    0.0004040248    
0.2803772800    0.0167637960    0.0004097271    
0.2806188600    0.0163966500    0.0003969772    
0.2808604500    0.0164015360    0.0003949026    
0.2811020400    0.0163939500    0.0003963315    
0.2813436300    0.0169243360    0.0004045690    
0.2815852200    0.0165884330    0.0003965394    
0.2818268100    0.0161256680    0.0003930752    
0.2820683900    0.0167912520    0.0004021929    
0.2823099800    0.0162265970    0.0003950662    
0.2825515700    0.0172750550    0.0004040465    
0.2827931600    0.0167439550    0.0004025641    
0.2830347500    0.0165504580    0.0003979119    
0.2832763400    0.0167462730    0.0003982695    
0.2835179300    0.0167557450    0.0003983821    
0.2837595100    0.0162981350    0.0003951716    
0.2840011000    0.0168161370    0.0004018678    
0.2842426900    0.0166164600    0.0003955179    
0.2844842800    0.0165853820    0.0003972618    
0.2847258700    0.0165695620    0.0003976822    
0.2849674600    0.0166879850    0.0004001788    
0.2852090500    0.0171015520    0.0004030874    
0.2854506300    0.0165089280    0.0003977189    
0.2856922200    0.0167028510    0.0003988190    
0.2859338100    0.0164867880    0.0003968402    
0.2861754000    0.0167836420    0.0003982582    
0.2864169900    0.0166481190    0.0003964962    
0.2866585800    0.0167537900    0.0003995799    
0.2869001700    0.0162216520    0.0003922808    
0.2871417500    0.0162318830    0.0003919556    
0.2873833400    0.0170467960    0.0004033686    
0.2876249300    0.0163782570    0.0003958365    
0.2878665200    0.0166310960    0.0004013615    
0.2881081100    0.0159241100    0.0003858761    
0.2883497000    0.0166640200    0.0003969875    
0.2885912900    0.0170387980    0.0004012741    
0.2888328700    0.0166923920    0.0003973253    
0.2890744600    0.0164281720    0.0003932706    
0.2893160500    0.0159183410    0.0003875612    
0.2895576400    0.0158987590    0.0003893995    
0.2897992300    0.0160176160    0.0003870073    
0.2900408200    0.0166257180    0.0003951789    
0.2902824000    0.0162802530    0.0003940437    
0.2905239900    0.0160492860    0.0003895963    
0.2907655800    0.0165381910    0.0003926551    
0.2910071700    0.0159695160    0.0003858452    
0.2912487600    0.0164103430    0.0003917230    
0.2914903500    0.0161196610    0.0003872190    
0.2917319400    0.0160486740    0.0003850696    
0.2919735200    0.0167024520    0.0003940090    
0.2922151100    0.0162975560    0.0003884778    
0.2924567000    0.0166095050    0.0003929112    
0.2926982900    0.0161289620    0.0003873307    
0.2929398800    0.0160178930    0.0003880347    
0.2931814700    0.0161300180    0.0003854711    
0.2934230600    0.0168379310    0.0003950129    
0.2936646400    0.0164563250    0.0003877716    
0.2939062300    0.0166902590    0.0003941603    
0.2941478200    0.0166456860    0.0003911492    
0.2943894100    0.0165289940    0.0003916647    
0.2946310000    0.0159813470    0.0003841182    
0.2948725900    0.0162755300    0.0003885050    
0.2951141800    0.0166030320    0.0003916637    
0.2953557600    0.0170625310    0.0003997323    
0.2955973500    0.0168603780    0.0003938094    
0.2958389400    0.0161200040    0.0003843547    
0.2960805300    0.0169147720    0.0003940066    
0.2963221200    0.0164958750    0.0003883802    
0.2965637100    0.0164106390    0.0003872330    
0.2968053000    0.0165568360    0.0003880982    
0.2970468800    0.0164805790    0.0003883431    
0.2972884700    0.0173664830    0.0003974742    
0.2975300600    0.0171299570    0.0003947582    
0.2977716500    0.0162116470    0.0003854457    
0.2980132400    0.0162561370    0.0003868316    
0.2982548300    0.0156262690    0.0003763454    
0.2984964100    0.0169906390    0.0003918599    
0.2987380000    0.0163571370    0.0003853274    
0.2989795900    0.0167195120    0.0003887208    
0.2992211800    0.0163945140    0.0003845047    
0.2994627700    0.0164721770    0.0003865388    
0.2997043600    0.0161647960    0.0003838980    
0.2999459500    0.0169455510    0.0003929155    
0.3001875300    0.0162782640    0.0003845379    
0.3004291200    0.0164610060    0.0003907124    
0.3006707100    0.0164305850    0.0003849274    
0.3009123000    0.0163960010    0.0003863501    
0.3011538900    0.0165658140    0.0003856689    
0.3013954800    0.0170016190    0.0003928452    
0.3016370700    0.0170039910    0.0003925857    
0.3018786500    0.0162516820    0.0003838028    
0.3021202400    0.0158503620    0.0003788961    
0.3023618300    0.0157618880    0.0003795017    
0.3026034200    0.0165841270    0.0003884179    
0.3028450100    0.0157429630    0.0003787168    
0.3030866000    0.0157502990    0.0003792226    
0.3033281900    0.0161717930    0.0003820227    
0.3035697700    0.0160095770    0.0003810724    
0.3038113600    0.0165780310    0.0003880624    
0.3040529500    0.0157993330    0.0003774607    
0.3042945400    0.0161302990    0.0003812553    
0.3045361300    0.0166419920    0.0003896663    
0.3047777200    0.0156849470    0.0003767765    
0.3050193100    0.0165507930    0.0003873187    
0.3052608900    0.0163351470    0.0003857739    
0.3055024800    0.0163419330    0.0003907586    
0.3057440700    0.0158924070    0.0003777488    
0.3059856600    0.0160698700    0.0003806786    
0.3062272500    0.0162607460    0.0003839099    
0.3064688400    0.0157429630    0.0003787168    
0.3067104200    0.0161205000    0.0003801751    
0.3069520100    0.0152978640    0.0003722339    
0.3071936000    0.0171845400    0.0003953866    
0.3074351900    0.0172497430    0.0003965720    
0.3076767800    0.0155197790    0.0003741064    
0.3079183700    0.0162285220    0.0003865029    
0.3081599600    0.0159799850    0.0003835319    
0.3084015400    0.0160529320    0.0003800642    
0.3086431300    0.0163531700    0.0003833242    
0.3088847200    0.0164294750    0.0003866027    
0.3091263100    0.0157754540    0.0003778620    
0.3093679000    0.0163934460    0.0003857548    
0.3096094900    0.0152749390    0.0003704717    
0.3098510800    0.0161043960    0.0003843105    
0.3100926600    0.0165689480    0.0003879560    
0.3103342500    0.0163691030    0.0003856093    
0.3105758400    0.0159089330    0.0003828202    
0.3108174300    0.0162377400    0.0003829400    
0.3110590200    0.0165933050    0.0003889531    
0.3113006100    0.0155242780    0.0003733481    
0.3115422000    0.0159915690    0.0003818355    
0.3117837800    0.0160017230    0.0003805622    
0.3120253700    0.0166600120    0.0003894483    
0.3122669600    0.0167458000    0.0003881796    
0.3125085500    0.0163711800    0.0003866249    
0.3127501400    0.0158836460    0.0003801264    
0.3129917300    0.0163090340    0.0003868873    
0.3132333100    0.0160607390    0.0003829417    
0.3134749000    0.0168511930    0.0003916764    
0.3137164900    0.0162314830    0.0003830055    
0.3139580800    0.0161474300    0.0003818736    
0.3141996700    0.0159900690    0.0003802850    
0.3144412600    0.0165417290    0.0003872126    
0.3146828500    0.0157496290    0.0003786581    
0.3149244300    0.0157952210    0.0003776859    
0.3151660200    0.0158482130    0.0003802598    
0.3154076100    0.0167766170    0.0003919599    
0.3156492000    0.0158059310    0.0003820043    
0.3158907900    0.0163223710    0.0003836577    
0.3161323800    0.0168666750    0.0003901439    
0.3163739700    0.0161293680    0.0003816600    
0.3166155500    0.0157478500    0.0003790538    
0.3168571400    0.0157006560    0.0003768278    
0.3170987300    0.0164326900    0.0003863575    
0.3173403200    0.0158149880    0.0003790264    
0.3175819100    0.0160124430    0.0003822250    
0.3178235000    0.0165144440    0.0003873174    
0.3180650900    0.0158659490    0.0003814547    
0.3183066700    0.0159850710    0.0003818981    
0.3185482600    0.0160698700    0.0003830505    
0.3187898500    0.0162176550    0.0003821477    
0.3190314400    0.0161937470    0.0003833981    
0.3192730300    0.0160405670    0.0003811627    
0.3195146200    0.0166143670    0.0003884874    
0.3197562100    0.0162523490    0.0003833912    
0.3199977900    0.0161392840    0.0003827528    
0.3202393800    0.0169256460    0.0003934070    
0.3204809700    0.0169664770    0.0003944626    
0.3207225600    0.0166361430    0.0003901716    
0.3209641500    0.0162947060    0.0003860048    
0.3212057400    0.0164212720    0.0003852382    
0.3214473200    0.0167348340    0.0003891822    
0.3216889100    0.0158724950    0.0003788843    
0.3219305000    0.0163471400    0.0003860572    
0.3221720900    0.0154538550    0.0003748110    
0.3224136800    0.0157722800    0.0003771374    
0.3226552700    0.0156810570    0.0003802097    
0.3228968600    0.0166628920    0.0003891967    
0.3231384400    0.0157537060    0.0003820835    
0.3233800300    0.0156259660    0.0003757936    
0.3236216200    0.0162732460    0.0003837773    
0.3238632100    0.0159149100    0.0003802219    
0.3241048000    0.0157405250    0.0003785487    
0.3243463900    0.0163566980    0.0003857454    
0.3245879800    0.0162873480    0.0003846451    
0.3248295600    0.0164358950    0.0003861128    
0.3250711500    0.0159914360    0.0003808564    
0.3253127400    0.0160945580    0.0003832038    
0.3255543300    0.0157826390    0.0003798912    
0.3257959200    0.0156722840    0.0003806689    
0.3260375100    0.0164393470    0.0003854502    
0.3262791000    0.0160318480    0.0003820357    
0.3265206800    0.0160069550    0.0003809021    
0.3267622700    0.0163562570    0.0003861648    
0.3270038600    0.0162384350    0.0003843484    
0.3272454500    0.0159007300    0.0003797748    
0.3274870400    0.0160875030    0.0003822781    
0.3277286300    0.0154373890    0.0003758515    
0.3279702200    0.0160881310    0.0003832681    
0.3282118000    0.0166896610    0.0003932699    
0.3284533900    0.0161574380    0.0003829680    
0.3286949800    0.0170012490    0.0004067564    
0.3289365700    0.0165468380    0.0004067392    
0.3291781600    0.0164754750    0.0004093365    
0.3294197500    0.0171119690    0.0004220356    
0.3296613300    0.0164541520    0.0004180708    
0.3299029200    0.0163260910    0.0004169761    
0.3301445100    0.0153658540    0.0004103767    
0.3303861000    0.0163161840    0.0004257040    
0.3306276900    0.0162974300    0.0004287313    
0.3308692800    0.0166621970    0.0004336997    
0.3311108700    0.0158261620    0.0004261804    
0.3313524500    0.0159152190    0.0004321980    
0.3315940400    0.0162798480    0.0004365025    
0.3318356300    0.0165128020    0.0004453171    
0.3320772200    0.0159191090    0.0004376620    
0.3323188100    0.0171738350    0.0004588262    
0.3325604000    0.0153998130    0.0004338406    
0.3328019900    0.0160992350    0.0004482398    
0.3330435700    0.0169520160    0.0004551799    
0.3332851600    0.0159178970    0.0004353314    
0.3335267500    0.0161730930    0.0004251663    
0.3337683400    0.0167319420    0.0004324495    
0.3340099300    0.0165090470    0.0004266887    
0.3342515200    0.0170471950    0.0004294126    
0.3344931100    0.0163484630    0.0004161922    
0.3347346900    0.0160874410    0.0004142727    
0.3349762800    0.0170320000    0.0004240807    
0.3352178700    0.0164730040    0.0004154766    
0.3354594600    0.0158929020    0.0004060447    
0.3357010500    0.0166193930    0.0004162661    
0.3359426400    0.0165428400    0.0004167081    
0.3361842300    0.0161530100    0.0004038253    
0.3364258100    0.0166641730    0.0004094997    
0.3366674000    0.0167047850    0.0004104977    
0.3369089900    0.0159025740    0.0003990637    
0.3371505800    0.0160880580    0.0004005774    
0.3373921700    0.0159955870    0.0004003905    
0.3376337600    0.0162299680    0.0004029881    
0.3378753400    0.0160027160    0.0004003182    
0.3381169300    0.0164543470    0.0004039778    
0.3383585200    0.0162392150    0.0004057269    
0.3386001100    0.0164617190    0.0004024642    
0.3388417000    0.0167087940    0.0004069268    
0.3390832900    0.0161001620    0.0003955205    
0.3393248800    0.0164023140    0.0004022157    
0.3395664600    0.0165535610    0.0004032659    
0.3398080500    0.0162497440    0.0003990748    
0.3400496400    0.0160183490    0.0003948234    
0.3402912300    0.0157645650    0.0003910707    
0.3405328200    0.0165110260    0.0004025882    
0.3407744100    0.0159149960    0.0003954113    
0.3410160000    0.0158248420    0.0003947585    
0.3412575800    0.0164348110    0.0003979011    
0.3414991700    0.0157841410    0.0003896428    
0.3417407600    0.0161216390    0.0003948584    
0.3419823500    0.0161915180    0.0003928175    
0.3422239400    0.0162909270    0.0003956953    
0.3424655300    0.0163765900    0.0003976588    
0.3427071200    0.0157763360    0.0003890946    
0.3429487000    0.0164670620    0.0003979827    
0.3431902900    0.0162787330    0.0003973970    
0.3434318800    0.0158078360    0.0003947028    
0.3436734700    0.0154674040    0.0003833454    
0.3439150600    0.0164843290    0.0003948413    
0.3441566500    0.0156153810    0.0003866568    
0.3443982300    0.0153023370    0.0003823196    
0.3446398200    0.0156289180    0.0003853417    
0.3448814100    0.0160569470    0.0003916329    
0.3451230000    0.0157685670    0.0003885487    
0.3453645900    0.0164770510    0.0003971816    
0.3456061800    0.0157714310    0.0003870946    
0.3458477700    0.0161621670    0.0003944339    
0.3460893500    0.0160382340    0.0003924626    
0.3463309400    0.0163802970    0.0003935934    
0.3465725300    0.0164590340    0.0003946886    
0.3468141200    0.0158987590    0.0003893995    
0.3470557100    0.0159655200    0.0003891715    
0.3472973000    0.0157721970    0.0003876977    
0.3475388900    0.0155149730    0.0003821839    
0.3477804700    0.0158785890    0.0003885560    
0.3480220600    0.0153674080    0.0003823969    
0.3482636500    0.0159777260    0.0003894690    
0.3485052400    0.0162600260    0.0003967040    
0.3487468300    0.0161684890    0.0003913386    
0.3489884200    0.0168944080    0.0003998746    
0.3492300100    0.0162406030    0.0003905752    
0.3494715900    0.0163600330    0.0003947050    
0.3497131800    0.0162687820    0.0003909139    
0.3499547700    0.0166645120    0.0003979035    
0.3501963600    0.0160139370    0.0003882808    
0.3504379500    0.0165442160    0.0003957086    
0.3506795400    0.0159275750    0.0003887087    
0.3509211300    0.0154077610    0.0003830454    
0.3511627100    0.0162201080    0.0003931642    
0.3514043000    0.0165505740    0.0003942849    
0.3516458900    0.0161731100    0.0003906503    
0.3518874800    0.0159775970    0.0003873997    
0.3521290700    0.0157734880    0.0003850630    
0.3523706600    0.0161476360    0.0003904909    
0.3526122400    0.0161796870    0.0003905813    
0.3528538300    0.0157182760    0.0003855577    
0.3530954200    0.0164872690    0.0003954794    
0.3533370100    0.0168403430    0.0003989304    
0.3535786000    0.0163717360    0.0003959102    
0.3538201900    0.0159226780    0.0003862953    
0.3540617800    0.0162821510    0.0003927117    
0.3543033600    0.0157863880    0.0003843485    
0.3545449500    0.0160394350    0.0003884426    
0.3547865400    0.0153163200    0.0003784404    
0.3550281300    0.0164748710    0.0003947280    
0.3552697200    0.0166447040    0.0003958539    
0.3555113100    0.0163459410    0.0003928813    
0.3557529000    0.0165127010    0.0003951810    
0.3559944800    0.0165194610    0.0003928753    
0.3562360700    0.0165280910    0.0003979497    
0.3564776600    0.0157957450    0.0003844624    
0.3567192500    0.0157189900    0.0003839614    
0.3569608400    0.0156294040    0.0003820012    
0.3572024300    0.0164251340    0.0003930853    
0.3574440200    0.0159454680    0.0003862802    
0.3576856000    0.0159412930    0.0003875461    
0.3579271900    0.0157446140    0.0003841292    
0.3581687800    0.0160343200    0.0003891183    
0.3584103700    0.0163098590    0.0003911113    
0.3586519600    0.0159464450    0.0003899831    
0.3588935500    0.0155784770    0.0003828202    
0.3591351400    0.0154607930    0.0003816607    
0.3593767200    0.0164603580    0.0003920244    
0.3596183100    0.0156663160    0.0003818782    
0.3598599000    0.0160284930    0.0003877231    
0.3601014900    0.0162312100    0.0003904622    
0.3603430800    0.0156463970    0.0003832186    
0.3605846700    0.0156859160    0.0003832679    
0.3608262500    0.0160515950    0.0003887371    
0.3610678400    0.0164786780    0.0003931303    
0.3613094300    0.0154650720    0.0003831699    
0.3615510200    0.0156553800    0.0003827504    
0.3617926100    0.0160028660    0.0003865382    
0.3620342000    0.0149217860    0.0003740983    
0.3622757900    0.0162542710    0.0003900027    
0.3625173700    0.0166536780    0.0003950631    
0.3627589600    0.0153294760    0.0003794611    
0.3630005500    0.0154659300    0.0003802842    
0.3632421400    0.0156411640    0.0003822886    
0.3634837300    0.0161674110    0.0003902850    
0.3637253200    0.0150900130    0.0003774863    
0.3639669100    0.0156520730    0.0003847449    
0.3642084900    0.0151211640    0.0003754566    
0.3644500800    0.0161260580    0.0003886079    
0.3646916700    0.0158341170    0.0003855106    
0.3649332600    0.0150255140    0.0003734272    
0.3651748500    0.0155920580    0.0003815445    
0.3654164400    0.0155149730    0.0003821839    
0.3656580300    0.0161438530    0.0003892629    
0.3658996100    0.0162111230    0.0003891915    
0.3661412000    0.0165443310    0.0003939126    
0.3663827900    0.0162538890    0.0003943307    
0.3666243800    0.0155405120    0.0003789242    
0.3668659700    0.0156013940    0.0003816587    
0.3671075600    0.0162765280    0.0003899758    
0.3673491500    0.0157966360    0.0003834632    
0.3675907300    0.0162499960    0.0003906881    
0.3678323200    0.0157915780    0.0003831147    
0.3680739100    0.0162652100    0.0003911670    
0.3683155000    0.0157277470    0.0003834895    
0.3685570900    0.0156878820    0.0003828591    
0.3687986800    0.0161845590    0.0003913838    
0.3690402600    0.0163205800    0.0003927258    
0.3692818500    0.0159840960    0.0003852988    
0.3695234400    0.0166409280    0.0003943171    
0.3697650300    0.0158871210    0.0003844158    
0.3700066200    0.0157795630    0.0003844103    
0.3702482100    0.0154268350    0.0003785228    
0.3704898000    0.0152861080    0.0003779247    
0.3707313800    0.0157871870    0.0003849389    
0.3709729700    0.0157974620    0.0003840494    
0.3712145600    0.0160437630    0.0003892329    
0.3714561500    0.0156331580    0.0003845124    
0.3716977400    0.0151677770    0.0003760349    
0.3719393300    0.0159801370    0.0003855395    
0.3721809200    0.0160627410    0.0003869698    
0.3724225000    0.0157550970    0.0003832461    
0.3726640900    0.0163453660    0.0003905059    
0.3729056800    0.0159441950    0.0003856840    
0.3731472700    0.0156800420    0.0003817594    
0.3733888600    0.0150249530    0.0003753893    
0.3736304500    0.0156279460    0.0003835728    
0.3738720400    0.0158059730    0.0003867791    
0.3741136200    0.0154563810    0.0003807406    
0.3743552100    0.0158840970    0.0003852459    
0.3745968000    0.0152946550    0.0003767568    
0.3748383900    0.0157525930    0.0003830719    
0.3750799800    0.0154474530    0.0003794859    
0.3753215700    0.0162981350    0.0003903815    
0.3755631500    0.0153218990    0.0003776571    
0.3758047400    0.0161083440    0.0003879558    
0.3760463300    0.0150792160    0.0003759246    
0.3762879200    0.0156230850    0.0003832228    
0.3765295100    0.0152591890    0.0003801751    
0.3767711000    0.0162370020    0.0003889172    
0.3770126900    0.0159522320    0.0003852028    
0.3772542700    0.0156942420    0.0003822184    
0.3774958600    0.0156380430    0.0003809627    
0.3777374500    0.0164792060    0.0003918072    
0.3779790400    0.0151521270    0.0003766902    
0.3782206300    0.0156342410    0.0003823479    
0.3784622200    0.0162370020    0.0003889172    
0.3787038100    0.0148579770    0.0003734386    
0.3789453900    0.0163057840    0.0003918030    
0.3791869800    0.0150030600    0.0003762541    
0.3794285700    0.0157941050    0.0003832888    
0.3796701600    0.0164290440    0.0003919462    
0.3799117500    0.0148881490    0.0003718553    
0.3801533400    0.0159241100    0.0003858761    
0.3803949300    0.0155589910    0.0003791494    
0.3806365100    0.0157966360    0.0003834632    
0.3808781000    0.0157103910    0.0003822717    
0.3811196900    0.0158633060    0.0003864504    
0.3813612800    0.0162054230    0.0003888306    
0.3816028700    0.0160178930    0.0003880347    
0.3818444600    0.0163665630    0.0003913475    
0.3820860500    0.0169759960    0.0003961858    
0.3823276300    0.0160883620    0.0003856890    
0.3825692200    0.0165200430    0.0003898145    
0.3828108100    0.0155633030    0.0003777991    
0.3830524000    0.0153301750    0.0003764912    
0.3832939900    0.0160774620    0.0003849854    
0.3835355800    0.0149896520    0.0003717331    
0.3837771600    0.0157216520    0.0003798564    
0.3840187500    0.0158623380    0.0003832556    
0.3842603400    0.0157915780    0.0003831147    
0.3845019300    0.0158694910    0.0003796790    
0.3847435200    0.0161374450    0.0003835731    
0.3849851100    0.0160952250    0.0003842010    
0.3852267000    0.0152884200    0.0003837728    
0.3854682800    0.0152516500    0.0003908111    
0.3857098700    0.0162494690    0.0004080257    
0.3859514600    0.0157680830    0.0004063183    
0.3861930500    0.0157975100    0.0004091191    
0.3864346400    0.0154355000    0.0004086097    
0.3866762300    0.0162240900    0.0004218677    
0.3869178200    0.0159766070    0.0004208745    
0.3871594000    0.0161860470    0.0004286285    
0.3874009900    0.0161041100    0.0004287195    
0.3876425800    0.0154641150    0.0004232378    
0.3878841700    0.0159221310    0.0004312740    
0.3881257600    0.0167460570    0.0004450214    
0.3883673500    0.0153930580    0.0004297457    
0.3886089400    0.0154643760    0.0004332591    
0.3888505200    0.0158710500    0.0004408625    
0.3890921100    0.0160203480    0.0004453534    
0.3893337000    0.0161644340    0.0004523400    
0.3895752900    0.0161658630    0.0004539827    
0.3898168800    0.0156804810    0.0004289989    
0.3900584700    0.0157878020    0.0004225508    
0.3903000600    0.0159237800    0.0004230203    
0.3905416400    0.0155798800    0.0004143233    
0.3907832300    0.0165860880    0.0004265482    
0.3910248200    0.0155764970    0.0004119095    
0.3912664100    0.0164236610    0.0004211195    
0.3915080000    0.0160541410    0.0004143780    
0.3917495900    0.0166575290    0.0004239230    
0.3919911700    0.0157304370    0.0004126748    
0.3922327600    0.0162569440    0.0004123950    
0.3924743500    0.0156748820    0.0004064890    
0.3927159400    0.0161814920    0.0004107454    
0.3929575300    0.0155035390    0.0004047770    
0.3931991200    0.0158727840    0.0004076651    
0.3934407100    0.0164350940    0.0004141254    
0.3936822900    0.0159685220    0.0004095839    
0.3939238800    0.0163988510    0.0004155938    
0.3941654700    0.0160407510    0.0004110312    
0.3944070600    0.0155378990    0.0004053978    
0.3946486500    0.0153944550    0.0004045573    
0.3948902400    0.0154565400    0.0004024540    
0.3951318300    0.0166021680    0.0004167507    
0.3953734100    0.0158500560    0.0004078893    
0.3956150000    0.0159625060    0.0004103757    
0.3958565900    0.0158261810    0.0004074098    
0.3960981800    0.0165075170    0.0004176777    
0.3963397700    0.0160292550    0.0004126375    
0.3965813600    0.0157424490    0.0004089293    
0.3968229500    0.0151343170    0.0004023320    
0.3970645300    0.0151054250    0.0004029905    
0.3973061200    0.0163047910    0.0004167040    
0.3975477100    0.0161016290    0.0004128623    
0.3977893000    0.0165461680    0.0004201376    
0.3980308900    0.0158651940    0.0004108720    
0.3982724800    0.0151913240    0.0004025693    
0.3985140700    0.0157702790    0.0004103450    
0.3987556500    0.0159639900    0.0004135693    
0.3989972400    0.0151747250    0.0004026954    
0.3992388300    0.0163765570    0.0004208813    
0.3994804200    0.0160488910    0.0004164682    
0.3997220100    0.0161560320    0.0004202401    
0.3999636000    0.0161857340    0.0004162522    
0.4002051800    0.0162434230    0.0004189846    
0.4004467700    0.0166851830    0.0004224436    
0.4006883600    0.0156819990    0.0004123987    
0.4009299500    0.0161190350    0.0004182884    
0.4011715400    0.0162267150    0.0004202346    
0.4014131300    0.0162334030    0.0004206900    
0.4016547200    0.0160633710    0.0004212641    
0.4018963000    0.0156617730    0.0004143094    
0.4021378900    0.0158620130    0.0004204902    
0.4023794800    0.0156179330    0.0004137291    
0.4026210700    0.0160000570    0.0004193154    
0.4028626600    0.0153554820    0.0004095159    
0.4031042500    0.0156871620    0.0004155631    
0.4033458400    0.0165568360    0.0004269268    
0.4035874200    0.0160836770    0.0004239893    
0.4038290100    0.0157548640    0.0004179435    
0.4040706000    0.0152772420    0.0004122965    
0.4043121900    0.0150177070    0.0004102525    
0.4045537800    0.0153924480    0.0004164687    
0.4047953700    0.0153253360    0.0004180328    
0.4050369600    0.0153938440    0.0004142383    
0.4052785400    0.0152581870    0.0004138979    
0.4055201300    0.0156594460    0.0004191155    
0.4057617200    0.0157804970    0.0004234182    
0.4060033100    0.0155921420    0.0004182138    
0.4062449000    0.0158954750    0.0004257377    
0.4064864900    0.0157577750    0.0004231133    
0.4067280800    0.0157022890    0.0004239220    
0.4069696600    0.0154412500    0.0004221379    
0.4072112500    0.0157196920    0.0004275193    
0.4074528400    0.0158169960    0.0004298478    
0.4076944300    0.0159869730    0.0004297325    
0.4079360200    0.0158376390    0.0004263349    
0.4081776100    0.0159473340    0.0004295992    
0.4084191900    0.0154494330    0.0004236300    
0.4086607800    0.0151040770    0.0004173098    
0.4089023700    0.0159939970    0.0004330617    
0.4091439600    0.0155925880    0.0004281998    
0.4093855500    0.0155368020    0.0004284486    
0.4096271400    0.0161607390    0.0004382196    
0.4098687300    0.0154056950    0.0004343511    
0.4101103100    0.0156184070    0.0004271408    
0.4103519000    0.0157004480    0.0004321406    
0.4105934900    0.0155338820    0.0004290211    
0.4108350800    0.0154950910    0.0004307517    
0.4110766700    0.0161142040    0.0004390612    
0.4113182600    0.0161911390    0.0004418139    
0.4115598500    0.0161562670    0.0004428453    
0.4118014300    0.0159655200    0.0004419548    
0.4120430200    0.0147603460    0.0004232820    
0.4122846100    0.0159637550    0.0004441236    
0.4125262000    0.0153297810    0.0004396116    
0.4127677900    0.0158230480    0.0004386837    
0.4130093800    0.0153257070    0.0004336500    
0.4132509700    0.0152974330    0.0004338934    
0.4134925500    0.0164277460    0.0004530176    
0.4137341400    0.0150998340    0.0004330174    
0.4139757300    0.0151477430    0.0004365507    
0.4142173200    0.0162163990    0.0004494164    
0.4144589100    0.0166627520    0.0004601987    
0.4147005000    0.0164175960    0.0004558685    
0.4149420800    0.0163037650    0.0004580360    
0.4151836700    0.0149164510    0.0004360864    
0.4154252600    0.0151980680    0.0004372753    
0.4156668500    0.0151316590    0.0004330407    
0.4159084400    0.0156893370    0.0004409484    
0.4161500300    0.0153372470    0.0004346731    
0.4163916200    0.0159602300    0.0004438537    
0.4166332000    0.0161294840    0.0004437814    
0.4168747900    0.0162048210    0.0004435102    
0.4171163800    0.0159672870    0.0004443938    
0.4173579700    0.0163332050    0.0004463557    
0.4175995600    0.0150596750    0.0004352798    
0.4178411500    0.0157898650    0.0004384382    
0.4180827400    0.0156047770    0.0004373643    
0.4183243200    0.0164992900    0.0004510630    
0.4185659100    0.0150971550    0.0004327627    
0.4188075000    0.0156893370    0.0004409484    
0.4190490900    0.0149690220    0.0004337480    
0.4192906800    0.0152398150    0.0004372115    
0.4195322700    0.0151969310    0.0004401673    
0.4197738600    0.0163061030    0.0004559476    
0.4200154400    0.0160675780    0.0004568415    
0.4202570300    0.0160530080    0.0004573525    
0.4204986200    0.0163125970    0.0004579228    
0.4207402100    0.0151278750    0.0004439784    
0.4209818000    0.0154800380    0.0004472431    
0.4212233900    0.0163389830    0.0004621362    
0.4214649800    0.0165568360    0.0004664360    
0.4217065600    0.0161825460    0.0004623584    
0.4219481500    0.0153425500    0.0004516423    
0.4221897400    0.0156360180    0.0004579066    
0.4224313300    0.0156445760    0.0004615341    
0.4226729200    0.0164656640    0.0004745325    
0.4229145100    0.0154842170    0.0004614451    
0.4231560900    0.0168797850    0.0004799346    
0.4233976800    0.0157445100    0.0004642803    
0.4236392700    0.0151495050    0.0004571906    
0.4238808600    0.0163623760    0.0004767314    
0.4241224500    0.0158105730    0.0004688861    
0.4243640400    0.0164014390    0.0004813554    
0.4246056300    0.0154830070    0.0004687518    
0.4248472100    0.0158303230    0.0004764367    
0.4250888000    0.0150455430    0.0004660945    
0.4253303900    0.0151721360    0.0004752911    
0.4255719800    0.0161950170    0.0004841349    
0.4258135700    0.0153368580    0.0004719592    
0.4260551600    0.0160690000    0.0004873872    
0.4262967500    0.0159361990    0.0004833592    
0.4265383300    0.0157608340    0.0004850061    
0.4267799200    0.0151452850    0.0004777431    
0.4270215100    0.0154320510    0.0004810785    
0.4272631000    0.0161383210    0.0004970935    
0.4275046900    0.0152440270    0.0004852227    
0.4277462800    0.0155102000    0.0004946985    
0.4279878700    0.0150705560    0.0004907648    
0.4282294500    0.0154946990    0.0004919572    
0.4284710400    0.0159071370    0.0005000366    
0.4287126300    0.0154385600    0.0004954470    
0.4289542200    0.0151254710    0.0004922921    
0.4291958100    0.0156190460    0.0005025346    
0.4294374000    0.0156290820    0.0005073415    
0.4296789900    0.0154116000    0.0005021371    
0.4299205700    0.0157936170    0.0005137664    
0.4301621600    0.0161531490    0.0005249068    
0.4304037500    0.0166829610    0.0005356576    
0.4306453400    0.0152669970    0.0005181957    
0.4308869300    0.0159459460    0.0005226073    
0.4311285200    0.0149150270    0.0005085982    
0.4313701000    0.0156715370    0.0005250163    
0.4316116900    0.0164796340    0.0005418470    
0.4318532800    0.0157863340    0.0005318551    
0.4320948700    0.0160666660    0.0005400751    
0.4323364600    0.0152448540    0.0005307577    
0.4325780500    0.0157651500    0.0005429806    
0.4328196400    0.0151559700    0.0005368520    
0.4330612200    0.0151836380    0.0005457646    
0.4333028100    0.0160101480    0.0005590986    
0.4335444000    0.0159294870    0.0005559429    
0.4337859900    0.0153013410    0.0005478759    
0.4340275800    0.0160053840    0.0005648177    
0.4342691700    0.0150393520    0.0005528576    
0.4345107600    0.0151198010    0.0005584626    
0.4347523400    0.0166471200    0.0005889328    
0.4349939300    0.0147485810    0.0005590435    
0.4352355200    0.0162367560    0.0005952684    
0.4354771100    0.0162606490    0.0006010109    
0.4357187000    0.0159158760    0.0006072285    
0.4359602900    0.0162194000    0.0006040420    
0.4362018800    0.0153219340    0.0005919379    
0.4364434600    0.0161080990    0.0006114551    
0.4366850500    0.0164616810    0.0006257792    
0.4369266400    0.0157060890    0.0006208377    
0.4371682300    0.0155344020    0.0006198901    
0.4374098200    0.0171092970    0.0006604971    
0.4376514100    0.0166004060    0.0006587670    
0.4378930000    0.0156698620    0.0006489794    
0.4381345800    0.0155359550    0.0006576894    
0.4383761700    0.0161805440    0.0006843641    
0.4386177600    0.0164729330    0.0006787554    
0.4388593500    0.0157309150    0.0006732210    
0.4391009400    0.0152763610    0.0006744678    
0.4393425300    0.0152008880    0.0006818530    
0.4395841100    0.0162384350    0.0007190500    
0.4398257000    0.0155554140    0.0007205907    
0.4400672900    0.0146437560    0.0007136930    
0.4403088800    0.0145916330    0.0007332571    
0.4405504700    0.0154530470    0.0007804967    
0.4407920600    0.0157033910    0.0008185958    
0.4410336500    0.0161203370    0.0008531787    
0.4412752300    0.0169207220    0.0008772986    
0.4415168200    0.0171936370    0.0009297254    
0.4417584100    0.0156610370    0.0012046951    
0.4420000000    0.0173418580    0.0019268731    