# Diamond Light Source Ltd.
# Data extracted from: /dls/b21/data/2017/mx13440-2/processed/b21-369037_00450.dat
q(1/A)          Column          Error           
0.0040000000    0.8272763400    0.0209252720    
0.0042415885    0.8853961800    0.0203606610    
0.0044831771    0.7158084000    0.0170430570    
0.0047247656    0.5713989200    0.0147436310    
0.0049663541    0.4967510100    0.0129606820    
0.0052079426    0.3960004400    0.0119074320    
0.0054495312    0.3201660000    0.0098711407    
0.0056911197    0.2978477100    0.0089763672    
0.0059327082    0.2499648400    0.0082232394    
0.0061742967    0.2233485200    0.0074490901    
0.0064158853    0.1862562700    0.0067341095    
0.0066574738    0.1823868000    0.0062966915    
0.0068990623    0.1595849900    0.0059432556    
0.0071406509    0.1569755300    0.0057901295    
0.0073822394    0.1383002200    0.0052535908    
0.0076238279    0.1295348400    0.0049637859    
0.0078654164    0.1250740500    0.0049556142    
0.0081070050    0.1104446600    0.0044142562    
0.0083485935    0.1102205400    0.0042581911    
0.0085901820    0.1112301300    0.0043068477    
0.0088317705    0.1003927800    0.0039839658    
0.0090733591    0.0970767540    0.0038924232    
0.0093149476    0.0998526050    0.0038040813    
0.0095565361    0.0908673200    0.0036288912    
0.0097981247    0.0818820340    0.0034448031    
0.0100397130    0.0896789430    0.0034828416    
0.0102813020    0.0887541260    0.0035444984    
0.0105228900    0.0899356660    0.0033424327    
0.0107644790    0.0855957110    0.0032945804    
0.0110060670    0.0849742240    0.0032003144    
0.0112476560    0.0761447510    0.0030145996    
0.0114892440    0.0804617800    0.0030542874    
0.0117308330    0.0813105420    0.0030558373    
0.0119724210    0.0762805240    0.0029187931    
0.0122140100    0.0755641330    0.0028787642    
0.0124555980    0.0758271610    0.0027969270    
0.0126971870    0.0744674110    0.0028577970    
0.0129387760    0.0730416730    0.0026778377    
0.0131803640    0.0718243120    0.0026993229    
0.0134219530    0.0710599220    0.0025895675    
0.0136635410    0.0713297590    0.0026045945    
0.0139051300    0.0756095440    0.0026815942    
0.0141467180    0.0708613250    0.0025372424    
0.0143883070    0.0738356040    0.0025521318    
0.0146298950    0.0726888150    0.0025322349    
0.0148714840    0.0725941140    0.0025491241    
0.0151130720    0.0698012150    0.0024724859    
0.0153546610    0.0740967200    0.0024522435    
0.0155962490    0.0701431940    0.0024101487    
0.0158378380    0.0697215970    0.0023476483    
0.0160794260    0.0694053990    0.0023423188    
0.0163210150    0.0708489110    0.0023145330    
0.0165626030    0.0641667170    0.0022449093    
0.0168041920    0.0665539400    0.0022026139    
0.0170457800    0.0709758480    0.0022883532    
0.0172873690    0.0675015860    0.0022182398    
0.0175289580    0.0690078130    0.0022295413    
0.0177705460    0.0735286180    0.0022616162    
0.0180121350    0.0714774660    0.0022047928    
0.0182537230    0.0715116560    0.0021810851    
0.0184953120    0.0657639700    0.0020859065    
0.0187369000    0.0652346830    0.0020774955    
0.0189784890    0.0656371050    0.0020294744    
0.0192200770    0.0679261660    0.0020972459    
0.0194616660    0.0668933840    0.0020280036    
0.0197032540    0.0626784960    0.0019781158    
0.0199448430    0.0657375060    0.0020258115    
0.0201864310    0.0677541450    0.0020410097    
0.0204280200    0.0639410120    0.0019438640    
0.0206696080    0.0647728040    0.0019285822    
0.0209111970    0.0642262990    0.0019625384    
0.0211527850    0.0641932610    0.0019020747    
0.0213943740    0.0634160260    0.0018949162    
0.0216359620    0.0640114820    0.0019127089    
0.0218775510    0.0667000710    0.0019433617    
0.0221191400    0.0600492080    0.0018105517    
0.0223607280    0.0646386490    0.0018659571    
0.0226023170    0.0594392330    0.0018431324    
0.0228439050    0.0632714350    0.0018181747    
0.0230854940    0.0626889000    0.0018059143    
0.0233270820    0.0619559160    0.0017915016    
0.0235686710    0.0610779510    0.0017902264    
0.0238102590    0.0650936120    0.0018095527    
0.0240518480    0.0612158780    0.0017440492    
0.0242934360    0.0599985170    0.0017518282    
0.0245350250    0.0611674120    0.0017469275    
0.0247766130    0.0615580630    0.0017418218    
0.0250182020    0.0626790120    0.0017756735    
0.0252597900    0.0635040790    0.0017445912    
0.0255013790    0.0617173830    0.0017064895    
0.0257429670    0.0604891160    0.0016927070    
0.0259845560    0.0615160860    0.0016874317    
0.0262261450    0.0621790650    0.0017062598    
0.0264677330    0.0600442830    0.0016576954    
0.0267093220    0.0609131480    0.0016572322    
0.0269509100    0.0630109810    0.0016949708    
0.0271924990    0.0617664830    0.0016657182    
0.0274340870    0.0593690710    0.0016421864    
0.0276756760    0.0594177750    0.0016159504    
0.0279172640    0.0559197940    0.0015648406    
0.0281588530    0.0614233490    0.0016197726    
0.0284004410    0.0559116620    0.0015591285    
0.0286420300    0.0598640520    0.0015825094    
0.0288836180    0.0623630660    0.0016321160    
0.0291252070    0.0596384030    0.0015634878    
0.0293667950    0.0571320210    0.0015486402    
0.0296083840    0.0604991640    0.0015747303    
0.0298499720    0.0561636820    0.0015223921    
0.0300915610    0.0572610650    0.0015320086    
0.0303331490    0.0585300820    0.0015360163    
0.0305747380    0.0547812550    0.0014667121    
0.0308163270    0.0576086740    0.0015040865    
0.0310579150    0.0571802890    0.0015057876    
0.0312995040    0.0550933990    0.0014661629    
0.0315410920    0.0595540840    0.0015170861    
0.0317826810    0.0570278050    0.0014798695    
0.0320242690    0.0566091810    0.0014606693    
0.0322658580    0.0577665040    0.0014965215    
0.0325074460    0.0554742140    0.0014414966    
0.0327490350    0.0550604660    0.0014317124    
0.0329906230    0.0546354630    0.0014111521    
0.0332322120    0.0578799920    0.0014612247    
0.0334738000    0.0545837480    0.0014000436    
0.0337153890    0.0540651600    0.0013913264    
0.0339569770    0.0572770250    0.0014341683    
0.0341985660    0.0550333710    0.0014078761    
0.0344401540    0.0563424240    0.0014059270    
0.0346817430    0.0552632010    0.0014045932    
0.0349233310    0.0577184930    0.0014291835    
0.0351649200    0.0527523190    0.0013412088    
0.0354065090    0.0522810090    0.0013427475    
0.0356480970    0.0509413690    0.0013070486    
0.0358896860    0.0549012760    0.0013721032    
0.0361312740    0.0533637790    0.0013340945    
0.0363728630    0.0544661340    0.0013441260    
0.0366144510    0.0511561490    0.0013134243    
0.0368560400    0.0523923470    0.0013093996    
0.0370976280    0.0531547530    0.0013351420    
0.0373392170    0.0518201060    0.0013057439    
0.0375808050    0.0536540690    0.0013145138    
0.0378223940    0.0512386690    0.0012845847    
0.0380639820    0.0524601530    0.0013049951    
0.0383055710    0.0497869520    0.0012466232    
0.0385471590    0.0512738700    0.0012699958    
0.0387887480    0.0511989160    0.0012740149    
0.0390303360    0.0508627770    0.0012552016    
0.0392719250    0.0519695830    0.0012671740    
0.0395135140    0.0503938110    0.0012478151    
0.0397551020    0.0498829020    0.0012658026    
0.0399966910    0.0492897350    0.0012112292    
0.0402382790    0.0498121250    0.0012266615    
0.0404798680    0.0501826650    0.0012221512    
0.0407214560    0.0503945040    0.0012368845    
0.0409630450    0.0496059990    0.0012077489    
0.0412046330    0.0494087930    0.0012126911    
0.0414462220    0.0484018140    0.0011901286    
0.0416878100    0.0513218470    0.0012240322    
0.0419293990    0.0496846470    0.0012029088    
0.0421709870    0.0472486520    0.0011688624    
0.0424125760    0.0486068690    0.0011912160    
0.0426541640    0.0477035730    0.0011621200    
0.0428957530    0.0494889970    0.0011850466    
0.0431373410    0.0496003920    0.0011849992    
0.0433789300    0.0481639470    0.0011596516    
0.0436205180    0.0492781150    0.0011703068    
0.0438621070    0.0490015810    0.0011696920    
0.0441036960    0.0485276870    0.0011613616    
0.0443452840    0.0494057160    0.0011625679    
0.0445868730    0.0471867080    0.0011478267    
0.0448284610    0.0477412580    0.0011402574    
0.0450700500    0.0462189530    0.0011601967    
0.0453116380    0.0462655790    0.0011635688    
0.0455532270    0.0470836910    0.0012076712    
0.0457948150    0.0460372640    0.0011926592    
0.0460364040    0.0497192680    0.0012425935    
0.0462779920    0.0468363710    0.0012249252    
0.0465195810    0.0454267950    0.0012063518    
0.0467611690    0.0460143170    0.0012189490    
0.0470027580    0.0434633470    0.0011846789    
0.0472443460    0.0459368900    0.0012429002    
0.0474859350    0.0430178050    0.0011880833    
0.0477275230    0.0448255750    0.0012227178    
0.0479691120    0.0438116260    0.0012104692    
0.0482107000    0.0447047780    0.0012346748    
0.0484522890    0.0443780430    0.0012233204    
0.0486938780    0.0447961570    0.0012376707    
0.0489354660    0.0440519700    0.0012308093    
0.0491770550    0.0431354000    0.0012319373    
0.0494186430    0.0424047490    0.0011974730    
0.0496602320    0.0416331150    0.0011533648    
0.0499018200    0.0428560840    0.0011536470    
0.0501434090    0.0432538960    0.0011402362    
0.0503849970    0.0430055690    0.0011258928    
0.0506265860    0.0398620430    0.0010761740    
0.0508681740    0.0417298760    0.0010958802    
0.0511097630    0.0417951180    0.0010915875    
0.0513513510    0.0429236620    0.0010860661    
0.0515929400    0.0427920910    0.0011019524    
0.0518345280    0.0422366640    0.0010773397    
0.0520761170    0.0416939190    0.0010826851    
0.0523177050    0.0408345300    0.0010395481    
0.0525592940    0.0432809010    0.0010905762    
0.0528008830    0.0404049230    0.0010262861    
0.0530424710    0.0411384140    0.0010389018    
0.0532840600    0.0407517510    0.0010284814    
0.0535256480    0.0398692290    0.0010172840    
0.0537672370    0.0408594400    0.0010211669    
0.0540088250    0.0400832200    0.0010135478    
0.0542504140    0.0422328710    0.0010447794    
0.0544920020    0.0392656180    0.0009989602    
0.0547335910    0.0387752090    0.0009855273    
0.0549751790    0.0406946460    0.0010054960    
0.0552167680    0.0392343820    0.0009882998    
0.0554583560    0.0390529480    0.0009751056    
0.0556999450    0.0391346540    0.0009732098    
0.0559415330    0.0379443640    0.0009650338    
0.0561831220    0.0387342210    0.0009653435    
0.0564247100    0.0400365950    0.0009785419    
0.0566662990    0.0379209210    0.0009486161    
0.0569078870    0.0381665730    0.0009610972    
0.0571494760    0.0393210050    0.0009659694    
0.0573910650    0.0377635120    0.0009322193    
0.0576326530    0.0388807880    0.0009531437    
0.0578742420    0.0382898510    0.0009440625    
0.0581158300    0.0386449380    0.0009394906    
0.0583574190    0.0381364000    0.0009315425    
0.0585990070    0.0368660240    0.0009210751    
0.0588405960    0.0384695320    0.0009391196    
0.0590821840    0.0399861530    0.0009485624    
0.0593237730    0.0371091520    0.0009163452    
0.0595653610    0.0359737080    0.0009055902    
0.0598069500    0.0381570750    0.0009123893    
0.0600485380    0.0353078860    0.0008824214    
0.0602901270    0.0352614970    0.0008826414    
0.0605317150    0.0361711460    0.0008891259    
0.0607733040    0.0347012930    0.0008669906    
0.0610148920    0.0357107220    0.0008842430    
0.0612564810    0.0348499490    0.0008696197    
0.0614980690    0.0343925830    0.0008555475    
0.0617396580    0.0341840370    0.0008722234    
0.0619812470    0.0363653340    0.0008988004    
0.0622228350    0.0338887040    0.0008621657    
0.0624644240    0.0350504890    0.0008705677    
0.0627060120    0.0358396420    0.0008874353    
0.0629476010    0.0339169740    0.0008688096    
0.0631891890    0.0343014600    0.0008681827    
0.0634307780    0.0359110670    0.0008843374    
0.0636723660    0.0340208980    0.0008599805    
0.0639139550    0.0366074810    0.0008904848    
0.0641555430    0.0350786660    0.0008625322    
0.0643971320    0.0325422490    0.0008388404    
0.0646387200    0.0335608140    0.0008364107    
0.0648803090    0.0338273720    0.0008470088    
0.0651218970    0.0338495750    0.0008308051    
0.0653634860    0.0336844680    0.0008350951    
0.0656050740    0.0328955310    0.0008231603    
0.0658466630    0.0333397920    0.0008245253    
0.0660882520    0.0340861140    0.0008316160    
0.0663298400    0.0340779710    0.0008329060    
0.0665714290    0.0342433230    0.0008307670    
0.0668130170    0.0321992040    0.0008082704    
0.0670546060    0.0321487650    0.0008029667    
0.0672961940    0.0329602540    0.0008097096    
0.0675377830    0.0312560430    0.0007821347    
0.0677793710    0.0318417280    0.0007945548    
0.0680209600    0.0316242960    0.0007823387    
0.0682625480    0.0331478930    0.0008016003    
0.0685041370    0.0307614850    0.0007697591    
0.0687457250    0.0311169400    0.0007848210    
0.0689873140    0.0312404840    0.0007745046    
0.0692289020    0.0317397180    0.0007806685    
0.0694704910    0.0326482860    0.0007911395    
0.0697120790    0.0315104140    0.0007747942    
0.0699536680    0.0322321860    0.0007873227    
0.0701952560    0.0316821140    0.0007799597    
0.0704368450    0.0324049960    0.0007913078    
0.0706784340    0.0296263960    0.0007639324    
0.0709200220    0.0296695510    0.0007577743    
0.0711616110    0.0309364340    0.0007731693    
0.0714031990    0.0317495660    0.0007895557    
0.0716447880    0.0304340300    0.0007767930    
0.0718863760    0.0302893360    0.0007644339    
0.0721279650    0.0275468210    0.0007221709    
0.0723695530    0.0303965730    0.0007545106    
0.0726111420    0.0295428160    0.0007484593    
0.0728527300    0.0293750550    0.0007355265    
0.0730943190    0.0311248640    0.0007623241    
0.0733359070    0.0299360190    0.0007430787    
0.0735774960    0.0304061520    0.0007517437    
0.0738190840    0.0294968990    0.0007326303    
0.0740606730    0.0288620630    0.0007263339    
0.0743022610    0.0302967340    0.0007447265    
0.0745438500    0.0295904050    0.0007326962    
0.0747854380    0.0297142770    0.0007266864    
0.0750270270    0.0277970170    0.0007085637    
0.0752686160    0.0291743880    0.0007169215    
0.0755102040    0.0281636250    0.0007054145    
0.0757517930    0.0291703950    0.0007205313    
0.0759933810    0.0277785970    0.0006920899    
0.0762349700    0.0291246590    0.0007178702    
0.0764765580    0.0300606600    0.0007225202    
0.0767181470    0.0291958890    0.0007110382    
0.0769597350    0.0279958980    0.0006908883    
0.0772013240    0.0283032240    0.0006932153    
0.0774429120    0.0279791310    0.0006858949    
0.0776845010    0.0276157560    0.0006786202    
0.0779260890    0.0270149510    0.0006753738    
0.0781676780    0.0281774990    0.0006850184    
0.0784092660    0.0275912910    0.0006792506    
0.0786508550    0.0269793570    0.0006662077    
0.0788924430    0.0261581750    0.0006622853    
0.0791340320    0.0256704430    0.0006516097    
0.0793756210    0.0273906270    0.0006749245    
0.0796172090    0.0267917250    0.0006607692    
0.0798587980    0.0267719820    0.0006668037    
0.0801003860    0.0260389250    0.0006571632    
0.0803419750    0.0265400870    0.0006541652    
0.0805835630    0.0271981110    0.0006675514    
0.0808251520    0.0261773510    0.0006540251    
0.0810667400    0.0268473080    0.0006623415    
0.0813083290    0.0255597990    0.0006385960    
0.0815499170    0.0268936610    0.0006646999    
0.0817915060    0.0258871620    0.0006477866    
0.0820330940    0.0260772420    0.0006433434    
0.0822746830    0.0264692300    0.0006498575    
0.0825162710    0.0241258860    0.0006175982    
0.0827578600    0.0253974970    0.0006357326    
0.0829994480    0.0259290190    0.0006341149    
0.0832410370    0.0250614520    0.0006306889    
0.0834826250    0.0259135110    0.0006339252    
0.0837242140    0.0254749830    0.0006273409    
0.0839658030    0.0259931460    0.0006353033    
0.0842073910    0.0274330580    0.0006505914    
0.0844489800    0.0251395000    0.0006188917    
0.0846905680    0.0248876070    0.0006112106    
0.0849321570    0.0252222510    0.0006222502    
0.0851737450    0.0241226190    0.0006010031    
0.0854153340    0.0253932760    0.0006204565    
0.0856569220    0.0256184250    0.0006189759    
0.0858985110    0.0247138070    0.0006143989    
0.0861400990    0.0247809280    0.0006087743    
0.0863816880    0.0247690820    0.0006108844    
0.0866232760    0.0241940970    0.0006086686    
0.0868648650    0.0251379120    0.0006123916    
0.0871064530    0.0239269270    0.0005992979    
0.0873480420    0.0244210930    0.0006006600    
0.0875896300    0.0238127730    0.0005945766    
0.0878312190    0.0244805120    0.0006021214    
0.0880728080    0.0244061050    0.0005993855    
0.0883143960    0.0247294880    0.0006029789    
0.0885559850    0.0244360830    0.0006015748    
0.0887975730    0.0237605440    0.0005903355    
0.0890391620    0.0245968640    0.0006009971    
0.0892807500    0.0222332440    0.0005693350    
0.0895223390    0.0231429220    0.0005794792    
0.0897639270    0.0229436790    0.0005732338    
0.0900055160    0.0244911210    0.0005936478    
0.0902471040    0.0223884190    0.0005699549    
0.0904886930    0.0237912870    0.0005823576    
0.0907302810    0.0240530400    0.0005804768    
0.0909718700    0.0239844830    0.0005899211    
0.0912134580    0.0236732530    0.0005765396    
0.0914550470    0.0238573990    0.0005862636    
0.0916966350    0.0241225670    0.0005819852    
0.0919382240    0.0223536360    0.0005621889    
0.0921798120    0.0237888020    0.0005762856    
0.0924214010    0.0226579960    0.0005624219    
0.0926629900    0.0229255890    0.0005625171    
0.0929045780    0.0221773910    0.0005589952    
0.0931461670    0.0217582660    0.0005473886    
0.0933877550    0.0226199810    0.0005590722    
0.0936293440    0.0236925790    0.0005744605    
0.0938709320    0.0233212020    0.0005686407    
0.0941125210    0.0221363220    0.0005496421    
0.0943541090    0.0240606260    0.0005730345    
0.0945956980    0.0224301200    0.0005542104    
0.0948372860    0.0213377120    0.0005378306    
0.0950788750    0.0228912440    0.0005555211    
0.0953204630    0.0220239120    0.0005470197    
0.0955620520    0.0228712250    0.0005565121    
0.0958036400    0.0226713420    0.0005513221    
0.0960452290    0.0220278030    0.0005434410    
0.0962868170    0.0223859200    0.0005502701    
0.0965284060    0.0225908990    0.0005503431    
0.0967699940    0.0226847490    0.0005514851    
0.0970115830    0.0217207710    0.0005340814    
0.0972531720    0.0223909870    0.0005440221    
0.0974947600    0.0222765230    0.0005420416    
0.0977363490    0.0223313790    0.0005406622    
0.0979779370    0.0226721990    0.0005468342    
0.0982195260    0.0233173530    0.0005548606    
0.0984611140    0.0238905510    0.0005583185    
0.0987027030    0.0228304260    0.0005463764    
0.0989442910    0.0226324470    0.0005442946    
0.0991858800    0.0233457630    0.0005510308    
0.0994274680    0.0227094610    0.0005411618    
0.0996690570    0.0236475910    0.0005484628    
0.0999106450    0.0234555270    0.0005505628    
0.1001522300    0.0234822240    0.0005465418    
0.1003938200    0.0230401630    0.0005433638    
0.1006354100    0.0240803710    0.0005531699    
0.1008770000    0.0244875910    0.0005589958    
0.1011185900    0.0231604890    0.0005436375    
0.1013601800    0.0236439170    0.0005498585    
0.1016017700    0.0237669280    0.0005475611    
0.1018433500    0.0239383600    0.0005618962    
0.1020849400    0.0238320830    0.0005683980    
0.1023265300    0.0234107930    0.0005677951    
0.1025681200    0.0244426500    0.0005772423    
0.1028097100    0.0238979100    0.0005792688    
0.1030513000    0.0236544170    0.0005783148    
0.1032928800    0.0242175650    0.0005906723    
0.1035344700    0.0247258970    0.0005888788    
0.1037760600    0.0245068310    0.0005963103    
0.1040176500    0.0249617580    0.0006043460    
0.1042592400    0.0254218000    0.0006117305    
0.1045008300    0.0231836770    0.0005806817    
0.1047424200    0.0249988530    0.0006084626    
0.1049840000    0.0235246830    0.0005931430    
0.1052255900    0.0225565450    0.0005826017    
0.1054671800    0.0218798010    0.0005702817    
0.1057087700    0.0219064750    0.0005745004    
0.1059503600    0.0211140830    0.0005661202    
0.1061919500    0.0214516330    0.0005702721    
0.1064335400    0.0207124490    0.0005465806    
0.1066751200    0.0211149200    0.0005435567    
0.1069167100    0.0202290650    0.0005305101    
0.1071583000    0.0208767960    0.0005319900    
0.1073998900    0.0199975820    0.0005189365    
0.1076414800    0.0215463370    0.0005425723    
0.1078830700    0.0207097440    0.0005243393    
0.1081246600    0.0203834100    0.0005233402    
0.1083662400    0.0209401850    0.0005238321    
0.1086078300    0.0203964920    0.0005226435    
0.1088494200    0.0196630580    0.0005065175    
0.1090910100    0.0204407670    0.0005150589    
0.1093326000    0.0197756990    0.0005039315    
0.1095741900    0.0197901880    0.0005054507    
0.1098157700    0.0206394610    0.0005110594    
0.1100573600    0.0201224160    0.0005083299    
0.1102989500    0.0210168270    0.0005149080    
0.1105405400    0.0207178240    0.0005109675    
0.1107821300    0.0198441330    0.0005024234    
0.1110237200    0.0202935110    0.0005031106    
0.1112653100    0.0205907230    0.0005120550    
0.1115068900    0.0204872990    0.0005034479    
0.1117484800    0.0203510230    0.0005010076    
0.1119900700    0.0200650490    0.0004954711    
0.1122316600    0.0201825680    0.0004986772    
0.1124732500    0.0203015390    0.0004973836    
0.1127148400    0.0195920970    0.0004881274    
0.1129564300    0.0200974820    0.0004961207    
0.1131980100    0.0199215590    0.0004914785    
0.1134396000    0.0208255290    0.0005037615    
0.1136811900    0.0198124330    0.0004901306    
0.1139227800    0.0199685730    0.0004901094    
0.1141643700    0.0201984760    0.0004893097    
0.1144059600    0.0197910190    0.0004845852    
0.1146475500    0.0201014520    0.0004910101    
0.1148891300    0.0202425770    0.0004865386    
0.1151307200    0.0207751830    0.0004981901    
0.1153723100    0.0192583510    0.0004741078    
0.1156139000    0.0199215350    0.0004861804    
0.1158554900    0.0203164580    0.0004857950    
0.1160970800    0.0201273550    0.0004884475    
0.1163386700    0.0206624910    0.0004908523    
0.1165802500    0.0200992620    0.0004836531    
0.1168218400    0.0200634910    0.0004800208    
0.1170634300    0.0190543500    0.0004682351    
0.1173050200    0.0201003460    0.0004822849    
0.1175466100    0.0190083250    0.0004676693    
0.1177882000    0.0202020470    0.0004796435    
0.1180297800    0.0195484500    0.0004720416    
0.1182713700    0.0195651440    0.0004742456    
0.1185129600    0.0195732590    0.0004716790    
0.1187545500    0.0187077280    0.0004602736    
0.1189961400    0.0194732670    0.0004687253    
0.1192377300    0.0192144460    0.0004630323    
0.1194793200    0.0192619040    0.0004629677    
0.1197209000    0.0200925860    0.0004730615    
0.1199624900    0.0190871590    0.0004602323    
0.1202040800    0.0200596630    0.0004684076    
0.1204456700    0.0194576390    0.0004665953    
0.1206872600    0.0193004300    0.0004596644    
0.1209288500    0.0186936030    0.0004556706    
0.1211704400    0.0186838000    0.0004532821    
0.1214120200    0.0199800090    0.0004670573    
0.1216536100    0.0193256090    0.0004583184    
0.1218952000    0.0192175310    0.0004546062    
0.1221367900    0.0192748860    0.0004585361    
0.1223783800    0.0189223790    0.0004513010    
0.1226199700    0.0191764200    0.0004559357    
0.1228615600    0.0199430820    0.0004645469    
0.1231031400    0.0197564660    0.0004619579    
0.1233447300    0.0196094440    0.0004600318    
0.1235863200    0.0188919650    0.0004535523    
0.1238279100    0.0194905600    0.0004556158    
0.1240695000    0.0191980720    0.0004510021    
0.1243110900    0.0188108770    0.0004462368    
0.1245526800    0.0195905770    0.0004565836    
0.1247942600    0.0197585480    0.0004549715    
0.1250358500    0.0198138220    0.0004575806    
0.1252774400    0.0190232420    0.0004473890    
0.1255190300    0.0191030460    0.0004471685    
0.1257606200    0.0190726960    0.0004485521    
0.1260022100    0.0189133280    0.0004462876    
0.1262437900    0.0200383510    0.0004577878    
0.1264853800    0.0192461990    0.0004480710    
0.1267269700    0.0198556880    0.0004527884    
0.1269685600    0.0189734740    0.0004428030    
0.1272101500    0.0197485340    0.0004517566    
0.1274517400    0.0187318580    0.0004429932    
0.1276933300    0.0186723070    0.0004357743    
0.1279349100    0.0184322440    0.0004381185    
0.1281765000    0.0190277500    0.0004441906    
0.1284180900    0.0190449860    0.0004419516    
0.1286596800    0.0187349830    0.0004396382    
0.1289012700    0.0190904370    0.0004422924    
0.1291428600    0.0182449830    0.0004333004    
0.1293844500    0.0190098750    0.0004387803    
0.1296260300    0.0187561530    0.0004378504    
0.1298676200    0.0190321290    0.0004410599    
0.1301092100    0.0191458640    0.0004401639    
0.1303508000    0.0200678320    0.0004495177    
0.1305923900    0.0192209520    0.0004443631    
0.1308339800    0.0186382900    0.0004362894    
0.1310755700    0.0187060410    0.0004352597    
0.1313171500    0.0189613840    0.0004373117    
0.1315587400    0.0192665020    0.0004402694    
0.1318003300    0.0189434760    0.0004378312    
0.1320419200    0.0189721220    0.0004345647    
0.1322835100    0.0189980610    0.0004366505    
0.1325251000    0.0197044050    0.0004445105    
0.1327666900    0.0188346450    0.0004336972    
0.1330082700    0.0190044170    0.0004356474    
0.1332498600    0.0187263220    0.0004331595    
0.1334914500    0.0180529710    0.0004274165    
0.1337330400    0.0185216330    0.0004272833    
0.1339746300    0.0190875110    0.0004348189    
0.1342162200    0.0183000070    0.0004255816    
0.1344578000    0.0188681030    0.0004335490    
0.1346993900    0.0184720050    0.0004263654    
0.1349409800    0.0189522140    0.0004343367    
0.1351825700    0.0188538940    0.0004300554    
0.1354241600    0.0191904150    0.0004345773    
0.1356657500    0.0189509800    0.0004323824    
0.1359073400    0.0190144030    0.0004357619    
0.1361489200    0.0186034750    0.0004270178    
0.1363905100    0.0184365640    0.0004247560    
0.1366321000    0.0190279910    0.0004313418    
0.1368736900    0.0192528850    0.0004338833    
0.1371152800    0.0187301240    0.0004259047    
0.1373568700    0.0189193750    0.0004297639    
0.1375984600    0.0188048470    0.0004294956    
0.1378400400    0.0187737630    0.0004284506    
0.1380816300    0.0195377770    0.0004348175    
0.1383232200    0.0190084350    0.0004311201    
0.1385648100    0.0188377840    0.0004293529    
0.1388064000    0.0186366230    0.0004239979    
0.1390479900    0.0188007240    0.0004240166    
0.1392895800    0.0191870950    0.0004326205    
0.1395311600    0.0188834770    0.0004254503    
0.1397727500    0.0183946160    0.0004199071    
0.1400143400    0.0187919960    0.0004242515    
0.1402559300    0.0186512240    0.0004268786    
0.1404975200    0.0182556370    0.0004178246    
0.1407391100    0.0186770600    0.0004229521    
0.1409806900    0.0186053210    0.0004251604    
0.1412222800    0.0189557810    0.0004249278    
0.1414638700    0.0193745000    0.0004304382    
0.1417054600    0.0192442870    0.0004256586    
0.1419470500    0.0184576980    0.0004214570    
0.1421886400    0.0183359140    0.0004159740    
0.1424302300    0.0189767920    0.0004243340    
0.1426718100    0.0188128980    0.0004233233    
0.1429134000    0.0181418130    0.0004148936    
0.1431549900    0.0191231530    0.0004269667    
0.1433965800    0.0185561720    0.0004207543    
0.1436381700    0.0188394420    0.0004211574    
0.1438797600    0.0182557180    0.0004142613    
0.1441213500    0.0184820140    0.0004174661    
0.1443629300    0.0185001300    0.0004170251    
0.1446045200    0.0191407220    0.0004245117    
0.1448461100    0.0188206120    0.0004209469    
0.1450877000    0.0187858640    0.0004179800    
0.1453292900    0.0191542850    0.0004256508    
0.1455708800    0.0189013810    0.0004205502    
0.1458124700    0.0186414390    0.0004213898    
0.1460540500    0.0185278690    0.0004133667    
0.1462956400    0.0191860620    0.0004235427    
0.1465372300    0.0182697110    0.0004120405    
0.1467788200    0.0177551160    0.0004057319    
0.1470204100    0.0187157670    0.0004170402    
0.1472620000    0.0189511530    0.0004191748    
0.1475035900    0.0192448450    0.0004217684    
0.1477451700    0.0186798770    0.0004172777    
0.1479867600    0.0188221360    0.0004163211    
0.1482283500    0.0189647150    0.0004206081    
0.1484699400    0.0183714240    0.0004122429    
0.1487115300    0.0188095340    0.0004184031    
0.1489531200    0.0181604860    0.0004061824    
0.1491947000    0.0189982130    0.0004185806    
0.1494362900    0.0185480920    0.0004115705    
0.1496778800    0.0184902830    0.0004123230    
0.1499194700    0.0186179260    0.0004131201    
0.1501610600    0.0188263120    0.0004162099    
0.1504026500    0.0192301190    0.0004184418    
0.1506442400    0.0188769800    0.0004183537    
0.1508858200    0.0189735360    0.0004178342    
0.1511274100    0.0186184660    0.0004108125    
0.1513690000    0.0187181750    0.0004119111    
0.1516105900    0.0192042150    0.0004184729    
0.1518521800    0.0178194770    0.0004025010    
0.1520937700    0.0192010240    0.0004167249    
0.1523353600    0.0186499010    0.0004110062    
0.1525769400    0.0185658980    0.0004114595    
0.1528185300    0.0181330410    0.0004061786    
0.1530601200    0.0180973790    0.0004048722    
0.1533017100    0.0186356950    0.0004130063    
0.1535433000    0.0195801240    0.0004192640    
0.1537848900    0.0188839010    0.0004115908    
0.1540264800    0.0185712910    0.0004090752    
0.1542680600    0.0187777740    0.0004110389    
0.1545096500    0.0185455980    0.0004065414    
0.1547512400    0.0180669720    0.0004031842    
0.1549928300    0.0188219320    0.0004112181    
0.1552344200    0.0191837480    0.0004146929    
0.1554760100    0.0191261170    0.0004142221    
0.1557176000    0.0181022610    0.0004044756    
0.1559591800    0.0192323370    0.0004150649    
0.1562007700    0.0184596230    0.0004042684    
0.1564423600    0.0188121590    0.0004075181    
0.1566839500    0.0186836130    0.0004101586    
0.1569255400    0.0179807180    0.0003995715    
0.1571671300    0.0188291130    0.0004090387    
0.1574087100    0.0187658210    0.0004061333    
0.1576503000    0.0188358330    0.0004115218    
0.1578918900    0.0186024720    0.0004039246    
0.1581334800    0.0185620970    0.0004058319    
0.1583750700    0.0186834220    0.0004079000    
0.1586166600    0.0188621030    0.0004194687    
0.1588582500    0.0186140860    0.0004162236    
0.1590998300    0.0193368020    0.0004291772    
0.1593414200    0.0187865580    0.0004258688    
0.1595830100    0.0187338910    0.0004276520    
0.1598246000    0.0200495110    0.0004415292    
0.1600661900    0.0183099850    0.0004260441    
0.1603077800    0.0185707650    0.0004311792    
0.1605493700    0.0193050190    0.0004403455    
0.1607909500    0.0189064470    0.0004368588    
0.1610325400    0.0187459320    0.0004377311    
0.1612741300    0.0186082360    0.0004363036    
0.1615157200    0.0194365130    0.0004477936    
0.1617573100    0.0190102800    0.0004434205    
0.1619989000    0.0184181080    0.0004400256    
0.1622404900    0.0186405180    0.0004405868    
0.1624820700    0.0184728720    0.0004429805    
0.1627236600    0.0188204890    0.0004459631    
0.1629652500    0.0183921670    0.0004402863    
0.1632068400    0.0180710050    0.0004301401    
0.1634484300    0.0184638080    0.0004280042    
0.1636900200    0.0185276440    0.0004282203    
0.1639316100    0.0188270870    0.0004288864    
0.1641731900    0.0182311550    0.0004217058    
0.1644147800    0.0184812330    0.0004212264    
0.1646563700    0.0187293780    0.0004255578    
0.1648979600    0.0177088010    0.0004103924    
0.1651395500    0.0192204820    0.0004295683    
0.1653811400    0.0178761380    0.0004118445    
0.1656227200    0.0185192270    0.0004213270    
0.1658643100    0.0180244960    0.0004124264    
0.1661059000    0.0186982160    0.0004195759    
0.1663474900    0.0186272050    0.0004158936    
0.1665890800    0.0177964850    0.0004063590    
0.1668306700    0.0177871560    0.0004082803    
0.1670722600    0.0182789760    0.0004118307    
0.1673138400    0.0183948560    0.0004129767    
0.1675554300    0.0187286340    0.0004146589    
0.1677970200    0.0190108460    0.0004196747    
0.1680386100    0.0186643480    0.0004163080    
0.1682802000    0.0184301330    0.0004111862    
0.1685217900    0.0187889130    0.0004137684    
0.1687633800    0.0188468250    0.0004139411    
0.1690049600    0.0178552450    0.0004054870    
0.1692465500    0.0179462030    0.0004013896    
0.1694881400    0.0180875490    0.0004056687    
0.1697297300    0.0180252670    0.0004037644    
0.1699713200    0.0176531080    0.0004015182    
0.1702129100    0.0180721670    0.0004024991    
0.1704545000    0.0182829450    0.0004058870    
0.1706960800    0.0181423160    0.0004059791    
0.1709376700    0.0179895980    0.0003996702    
0.1711792600    0.0183185580    0.0004047868    
0.1714208500    0.0177472860    0.0003962475    
0.1716624400    0.0180678260    0.0004023027    
0.1719040300    0.0179919470    0.0003979585    
0.1721456200    0.0180385960    0.0004000682    
0.1723872000    0.0179409940    0.0003989844    
0.1726287900    0.0179726780    0.0003989007    
0.1728703800    0.0183182180    0.0004035986    
0.1731119700    0.0180535640    0.0003986393    
0.1733535600    0.0174235930    0.0003917640    
0.1735951500    0.0179730580    0.0003956099    
0.1738367300    0.0180674650    0.0003980738    
0.1740783200    0.0188469410    0.0004046794    
0.1743199100    0.0182430030    0.0003985697    
0.1745615000    0.0185118680    0.0004006372    
0.1748030900    0.0177596600    0.0003915773    
0.1750446800    0.0185561510    0.0004047357    
0.1752862700    0.0176586150    0.0003896336    
0.1755278500    0.0187687570    0.0004073432    
0.1757694400    0.0185280650    0.0003999588    
0.1760110300    0.0175715910    0.0003901909    
0.1762526200    0.0182089800    0.0003951012    
0.1764942100    0.0179124780    0.0003922858    
0.1767358000    0.0183076030    0.0003963093    
0.1769773900    0.0171882860    0.0003831939    
0.1772189700    0.0177974780    0.0003906113    
0.1774605600    0.0175706950    0.0003892126    
0.1777021500    0.0181150870    0.0003935274    
0.1779437400    0.0183673540    0.0003963972    
0.1781853300    0.0182260300    0.0003958441    
0.1784269200    0.0175259490    0.0003846519    
0.1786685100    0.0181204430    0.0003920741    
0.1789100900    0.0173126460    0.0003819069    
0.1791516800    0.0178799930    0.0003887874    
0.1793932700    0.0183238670    0.0003937204    
0.1796348600    0.0184113310    0.0003928882    
0.1798764500    0.0176819200    0.0003850270    
0.1801180400    0.0180800370    0.0003894715    
0.1803596200    0.0183114250    0.0003945475    
0.1806012100    0.0180470660    0.0003885810    
0.1808428000    0.0179845050    0.0003877737    
0.1810843900    0.0172175590    0.0003782481    
0.1813259800    0.0178435140    0.0003857212    
0.1815675700    0.0173920620    0.0003801600    
0.1818091600    0.0182811640    0.0003894903    
0.1820507400    0.0172757270    0.0003788865    
0.1822923300    0.0179418020    0.0003853332    
0.1825339200    0.0179190240    0.0003862720    
0.1827755100    0.0176657780    0.0003819683    
0.1830171000    0.0176941060    0.0003852923    
0.1832586900    0.0178820490    0.0003835196    
0.1835002800    0.0180337600    0.0003855340    
0.1837418600    0.0178710270    0.0003827553    
0.1839834500    0.0187146580    0.0003931442    
0.1842250400    0.0175283560    0.0003797078    
0.1844666300    0.0173697660    0.0003776036    
0.1847082200    0.0184202740    0.0003885926    
0.1849498100    0.0179893460    0.0003844088    
0.1851914000    0.0175177200    0.0003812707    
0.1854329800    0.0178579170    0.0003830020    
0.1856745700    0.0169887330    0.0003739436    
0.1859161600    0.0170755200    0.0003722640    
0.1861577500    0.0177247790    0.0003792753    
0.1863993400    0.0178279780    0.0003813962    
0.1866409300    0.0183089190    0.0003847057    
0.1868825200    0.0184700250    0.0003896422    
0.1871241000    0.0174151410    0.0003753228    
0.1873656900    0.0173079500    0.0003761709    
0.1876072800    0.0180752380    0.0003814836    
0.1878488700    0.0180841670    0.0003850311    
0.1880904600    0.0176892700    0.0003799096    
0.1883320500    0.0176698170    0.0003768074    
0.1885736300    0.0176513340    0.0003773583    
0.1888152200    0.0179701860    0.0003806252    
0.1890568100    0.0189898620    0.0003923157    
0.1892984000    0.0178754820    0.0003786193    
0.1895399900    0.0180908920    0.0003821546    
0.1897815800    0.0171140970    0.0003716944    
0.1900231700    0.0176630390    0.0003776085    
0.1902647500    0.0176099810    0.0003760448    
0.1905063400    0.0173374360    0.0003754838    
0.1907479300    0.0178862790    0.0003793589    
0.1909895200    0.0170510400    0.0003689353    
0.1912311100    0.0170318520    0.0003692122    
0.1914727000    0.0174057090    0.0003728749    
0.1917142900    0.0179269500    0.0003795392    
0.1919558700    0.0171030960    0.0003675748    
0.1921974600    0.0179430200    0.0003797093    
0.1924390500    0.0175348390    0.0003759864    
0.1926806400    0.0178764940    0.0003781321    
0.1929222300    0.0173656540    0.0003733039    
0.1931638200    0.0181498930    0.0003785337    
0.1934054100    0.0180114860    0.0003803075    
0.1936469900    0.0179916500    0.0003771246    
0.1938885800    0.0179249250    0.0003783955    
0.1941301700    0.0176192850    0.0003734442    
0.1943717600    0.0168736020    0.0003672516    
0.1946133500    0.0174873040    0.0003704804    
0.1948549400    0.0178148480    0.0003764914    
0.1950965300    0.0175417540    0.0003732288    
0.1953381100    0.0181454230    0.0003793491    
0.1955797000    0.0182086660    0.0003807545    
0.1958212900    0.0178588310    0.0003750002    
0.1960628800    0.0177522000    0.0003740000    
0.1963044700    0.0178991370    0.0003749384    
0.1965460600    0.0175220190    0.0003739959    
0.1967876400    0.0174199150    0.0003690528    
0.1970292300    0.0178687320    0.0003741374    
0.1972708200    0.0175331640    0.0003722884    
0.1975124100    0.0179051570    0.0003759730    
0.1977540000    0.0176805350    0.0003734861    
0.1979955900    0.0175315770    0.0003716687    
0.1982371800    0.0175322180    0.0003725203    
0.1984787600    0.0175677680    0.0003687259    
0.1987203500    0.0174188340    0.0003692785    
0.1989619400    0.0171982650    0.0003671693    
0.1992035300    0.0174209930    0.0003688274    
0.1994451200    0.0176466560    0.0003714468    
0.1996867100    0.0179527680    0.0003739349    
0.1999283000    0.0176310180    0.0003712822    
0.2001698800    0.0176999460    0.0003724860    
0.2004114700    0.0177085060    0.0003736604    
0.2006530600    0.0174185850    0.0003676247    
0.2008946500    0.0178473570    0.0003729548    
0.2011362400    0.0177874700    0.0003698506    
0.2013778300    0.0180063130    0.0003752129    
0.2016194200    0.0175515750    0.0003677386    
0.2018610000    0.0179302470    0.0003732230    
0.2021025900    0.0177544820    0.0003717452    
0.2023441800    0.0178422410    0.0003717133    
0.2025857700    0.0183341270    0.0003771624    
0.2028273600    0.0183386550    0.0003787814    
0.2030689500    0.0182798400    0.0003768438    
0.2033105400    0.0177189420    0.0003689045    
0.2035521200    0.0183998110    0.0003774767    
0.2037937100    0.0178319870    0.0003710170    
0.2040353000    0.0179580160    0.0003731549    
0.2042768900    0.0175866730    0.0003679897    
0.2045184800    0.0185735410    0.0003766283    
0.2047600700    0.0177606110    0.0003709801    
0.2050016500    0.0182837100    0.0003767635    
0.2052432400    0.0182720420    0.0003762835    
0.2054848300    0.0172843770    0.0003644677    
0.2057264200    0.0177311310    0.0003715006    
0.2059680100    0.0175519410    0.0003656654    
0.2062096000    0.0180878250    0.0003724898    
0.2064511900    0.0184400040    0.0003753897    
0.2066927700    0.0170615600    0.0003626837    
0.2069343600    0.0170415190    0.0003620124    
0.2071759500    0.0177301280    0.0003691374    
0.2074175400    0.0179610670    0.0003712994    
0.2076591300    0.0177821970    0.0003688649    
0.2079007200    0.0180583020    0.0003746729    
0.2081423100    0.0175968190    0.0003663620    
0.2083838900    0.0183561830    0.0003750066    
0.2086254800    0.0180144870    0.0003720858    
0.2088670700    0.0174608320    0.0003655166    
0.2091086600    0.0173050210    0.0003651466    
0.2093502500    0.0177445870    0.0003682433    
0.2095918400    0.0177042630    0.0003698031    
0.2098334300    0.0176371170    0.0003684006    
0.2100750100    0.0180126090    0.0003734838    
0.2103166000    0.0182410210    0.0003762035    
0.2105581900    0.0173166390    0.0003637757    
0.2107997800    0.0183802220    0.0003769162    
0.2110413700    0.0180310160    0.0003713200    
0.2112829600    0.0169810260    0.0003628623    
0.2115245400    0.0179549320    0.0003703032    
0.2117661300    0.0183222920    0.0003764413    
0.2120077200    0.0172376510    0.0003634016    
0.2122493100    0.0187166360    0.0003820517    
0.2124909000    0.0179141400    0.0003712825    
0.2127324900    0.0181785330    0.0003765197    
0.2129740800    0.0176386890    0.0003679521    
0.2132156600    0.0173163110    0.0003645741    
0.2134572500    0.0177267590    0.0003702730    
0.2136988400    0.0173334930    0.0003659103    
0.2139404300    0.0177404400    0.0003683158    
0.2141820200    0.0176046790    0.0003685278    
0.2144236100    0.0171858200    0.0003651602    
0.2146652000    0.0178231590    0.0003713964    
0.2149067800    0.0180264580    0.0003718574    
0.2151483700    0.0182208940    0.0003795196    
0.2153899600    0.0173283510    0.0003747601    
0.2156315500    0.0174959520    0.0003802569    
0.2158731400    0.0178357570    0.0003853735    
0.2161147300    0.0178847950    0.0003907437    
0.2163563200    0.0176813350    0.0003894718    
0.2165979000    0.0174244620    0.0003895254    
0.2168394900    0.0175279090    0.0003909598    
0.2170810800    0.0177030180    0.0003973444    
0.2173226700    0.0179442780    0.0003997500    
0.2175642600    0.0186115800    0.0004093672    
0.2178058500    0.0174802910    0.0003982060    
0.2180474400    0.0180451590    0.0004065628    
0.2182890200    0.0176740750    0.0004055778    
0.2185306100    0.0174473130    0.0004003742    
0.2187722000    0.0172899210    0.0004036221    
0.2190137900    0.0164911620    0.0003934281    
0.2192553800    0.0173949730    0.0004078565    
0.2194969700    0.0166596210    0.0003966577    
0.2197385500    0.0175467930    0.0004045790    
0.2199801400    0.0173152050    0.0003976569    
0.2202217300    0.0177095150    0.0003982936    
0.2204633200    0.0167697720    0.0003857414    
0.2207049100    0.0167277690    0.0003827554    
0.2209465000    0.0171919430    0.0003880296    
0.2211880900    0.0168210880    0.0003819031    
0.2214296700    0.0170240360    0.0003836539    
0.2216712600    0.0172861840    0.0003860486    
0.2219128500    0.0177374670    0.0003899522    
0.2221544400    0.0176803100    0.0003912569    
0.2223960300    0.0173345380    0.0003854976    
0.2226376200    0.0172328890    0.0003873782    
0.2228792100    0.0173896490    0.0003862460    
0.2231207900    0.0173982280    0.0003863412    
0.2233623800    0.0171040520    0.0003806544    
0.2236039700    0.0174189440    0.0003857565    
0.2238455600    0.0174271310    0.0003839656    
0.2240871500    0.0176916370    0.0003875424    
0.2243287400    0.0163323000    0.0003704241    
0.2245703300    0.0169919790    0.0003803327    
0.2248119100    0.0172247270    0.0003823942    
0.2250535000    0.0169242900    0.0003789126    
0.2252950900    0.0165335440    0.0003759566    
0.2255366800    0.0163769060    0.0003706739    
0.2257782700    0.0169031110    0.0003774935    
0.2260198600    0.0172892090    0.0003804653    
0.2262614500    0.0173526270    0.0003810315    
0.2265030300    0.0170797700    0.0003775053    
0.2267446200    0.0157046320    0.0003633619    
0.2269862100    0.0169253010    0.0003746407    
0.2272278000    0.0171264380    0.0003778912    
0.2274693900    0.0172452600    0.0003780365    
0.2277109800    0.0165689360    0.0003738728    
0.2279525600    0.0165461750    0.0003701689    
0.2281941500    0.0169581830    0.0003756447    
0.2284357400    0.0170696120    0.0003763626    
0.2286773300    0.0167105180    0.0003736585    
0.2289189200    0.0171998700    0.0003767700    
0.2291605100    0.0172167270    0.0003791458    
0.2294021000    0.0171507150    0.0003768705    
0.2296436800    0.0167092100    0.0003753221    
0.2298852700    0.0165402340    0.0003698509    
0.2301268600    0.0171882620    0.0003809282    
0.2303684500    0.0171548640    0.0003783343    
0.2306100400    0.0169342890    0.0003764105    
0.2308516300    0.0170480560    0.0003768965    
0.2310932200    0.0164503720    0.0003721461    
0.2313348000    0.0166595050    0.0003727042    
0.2315763900    0.0171617020    0.0003786693    
0.2318179800    0.0167292260    0.0003756769    
0.2320595700    0.0165243190    0.0003718262    
0.2323011600    0.0163325090    0.0003708105    
0.2325427500    0.0170312710    0.0003786597    
0.2327843400    0.0169242900    0.0003789126    
0.2330259200    0.0172980280    0.0003796496    
0.2332675100    0.0166186100    0.0003726296    
0.2335091000    0.0168596540    0.0003766169    
0.2337506900    0.0172279090    0.0003787497    
0.2339922800    0.0163016880    0.0003705886    
0.2342338700    0.0173369030    0.0003815149    
0.2344754600    0.0169045090    0.0003779019    
0.2347170400    0.0168859780    0.0003756151    
0.2349586300    0.0168835410    0.0003764935    
0.2352002200    0.0173981920    0.0003853914    
0.2354418100    0.0162483560    0.0003702382    
0.2356834000    0.0160657980    0.0003678976    
0.2359249900    0.0166503060    0.0003722191    
0.2361665700    0.0161270730    0.0003694946    
0.2364081600    0.0161003140    0.0003671510    
0.2366497500    0.0166858060    0.0003758408    
0.2368913400    0.0169507060    0.0003772416    
0.2371329300    0.0166962110    0.0003767447    
0.2373745200    0.0167714080    0.0003761502    
0.2376161100    0.0160796290    0.0003683109    
0.2378576900    0.0176360220    0.0003870677    
0.2380992800    0.0170800230    0.0003788085    
0.2383408700    0.0162455630    0.0003704632    
0.2385824600    0.0165219290    0.0003720551    
0.2388240500    0.0162822060    0.0003710096    
0.2390656400    0.0166488320    0.0003752937    
0.2393072300    0.0170952180    0.0003792388    
0.2395488100    0.0162736650    0.0003705265    
0.2397904000    0.0166559460    0.0003760277    
0.2400319900    0.0175368120    0.0003863821    
0.2402735800    0.0162969320    0.0003729949    
0.2405151700    0.0166313150    0.0003761432    
0.2407567600    0.0164691940    0.0003717168    
0.2409983500    0.0164152890    0.0003731711    
0.2412399300    0.0163885260    0.0003713175    
0.2414815200    0.0161178970    0.0003705508    
0.2417231100    0.0169375640    0.0003765763    
0.2419647000    0.0166833050    0.0003771262    
0.2422062900    0.0166707080    0.0003764569    
0.2424478800    0.0171757670    0.0003822504    
0.2426894600    0.0165293080    0.0003768358    
0.2429310500    0.0157765270    0.0003657112    
0.2431726400    0.0167789290    0.0003768881    
0.2434142300    0.0162566870    0.0003695656    
0.2436558200    0.0167858680    0.0003793477    
0.2438974100    0.0164251160    0.0003718603    
0.2441390000    0.0168799490    0.0003786799    
0.2443805800    0.0168354850    0.0003784450    
0.2446221700    0.0167856040    0.0003782806    
0.2448637600    0.0166969530    0.0003782085    
0.2451053500    0.0170616940    0.0003801828    
0.2453469400    0.0167246570    0.0003804007    
0.2455885300    0.0167736620    0.0003769600    
0.2458301200    0.0170035940    0.0003819345    
0.2460717000    0.0163693720    0.0003717433    
0.2463132900    0.0160735670    0.0003687529    
0.2465548800    0.0165109430    0.0003758315    
0.2467964700    0.0167938200    0.0003773178    
0.2470380600    0.0166182180    0.0003765217    
0.2472796500    0.0163764070    0.0003736413    
0.2475212400    0.0168670530    0.0003814748    
0.2477628200    0.0160899630    0.0003733783    
0.2480044100    0.0164352250    0.0003735278    
0.2482460000    0.0170753390    0.0003808652    
0.2484875900    0.0161774160    0.0003716247    
0.2487291800    0.0168006090    0.0003787150    
0.2489707700    0.0160559160    0.0003693211    
0.2492123600    0.0168246890    0.0003803221    
0.2494539400    0.0165996020    0.0003769717    
0.2496955300    0.0165550820    0.0003771295    
0.2499371200    0.0157395340    0.0003664322    
0.2501787100    0.0174232640    0.0003897910    
0.2504203000    0.0169323880    0.0003796652    
0.2506618900    0.0167955440    0.0003760301    
0.2509034700    0.0165103550    0.0003754293    
0.2511450600    0.0164441600    0.0003740208    
0.2513866500    0.0166275810    0.0003770242    
0.2516282400    0.0164562960    0.0003724708    
0.2518698300    0.0162655830    0.0003723749    
0.2521114200    0.0165170890    0.0003743265    
0.2523530100    0.0165748410    0.0003756353    
0.2525945900    0.0159942800    0.0003680982    
0.2528361800    0.0165925650    0.0003776895    
0.2530777700    0.0163946980    0.0003720307    
0.2533193600    0.0165207290    0.0003730701    
0.2535609500    0.0176453750    0.0003869004    
0.2538025400    0.0161241020    0.0003697177    
0.2540441300    0.0166242710    0.0003754083    
0.2542857100    0.0165473140    0.0003741477    
0.2545273000    0.0167045210    0.0003778955    
0.2547688900    0.0165429790    0.0003731921    
0.2550104800    0.0159265730    0.0003689911    
0.2552520700    0.0164985610    0.0003770177    
0.2554936600    0.0163976280    0.0003721930    
0.2557352500    0.0159023130    0.0003679356    
0.2559768300    0.0162342970    0.0003702063    
0.2562184200    0.0169134780    0.0003797188    
0.2564600100    0.0162876860    0.0003705577    
0.2567016000    0.0163566910    0.0003736781    
0.2569431900    0.0167482470    0.0003766743    
0.2571847800    0.0159836740    0.0003674651    
0.2574263700    0.0164602150    0.0003734213    
0.2576679500    0.0161719330    0.0003709120    
0.2579095400    0.0154045640    0.0003623851    
0.2581511300    0.0165098820    0.0003732059    
0.2583927200    0.0163746030    0.0003712881    
0.2586343100    0.0162900500    0.0003691811    
0.2588759000    0.0169870280    0.0003797466    
0.2591174800    0.0165768340    0.0003721609    
0.2593590700    0.0164017240    0.0003705717    
0.2596006600    0.0165153090    0.0003731380    
0.2598422500    0.0167102050    0.0003757237    
0.2600838400    0.0167165100    0.0003760557    
0.2603254300    0.0161604910    0.0003710401    
0.2605670200    0.0166234520    0.0003750075    
0.2608086000    0.0161620940    0.0003668469    
0.2610501900    0.0167334590    0.0003752048    
0.2612917800    0.0166964470    0.0003756994    
0.2615333700    0.0165820250    0.0003735031    
0.2617749600    0.0160992220    0.0003686630    
0.2620165500    0.0160130470    0.0003667858    
0.2622581400    0.0166738500    0.0003766239    
0.2624997200    0.0168135890    0.0003766230    
0.2627413100    0.0160966990    0.0003721345    
0.2629829000    0.0163204840    0.0003690189    
0.2632244900    0.0164632000    0.0003735852    
0.2634660800    0.0168835410    0.0003764935    
0.2637076700    0.0166111170    0.0003743484    
0.2639492600    0.0164339550    0.0003723468    
0.2641908400    0.0162455920    0.0003708498    
0.2644324300    0.0165401420    0.0003748489    
0.2646740200    0.0161924110    0.0003681996    
0.2649156100    0.0162286310    0.0003726046    
0.2651572000    0.0161355390    0.0003695915    
0.2653987900    0.0158949900    0.0003687546    
0.2656403800    0.0173690450    0.0003839928    
0.2658819600    0.0158947300    0.0003658071    
0.2661235500    0.0165717660    0.0003754692    
0.2663651400    0.0161949510    0.0003695013    
0.2666067300    0.0164318370    0.0003729695    
0.2668483200    0.0161752020    0.0003695319    
0.2670899100    0.0164146310    0.0003753939    
0.2673314900    0.0166049760    0.0003740201    
0.2675730800    0.0164993480    0.0003755676    
0.2678146700    0.0161541080    0.0003726659    
0.2680562600    0.0161638520    0.0003696587    
0.2682978500    0.0169667070    0.0003793871    
0.2685394400    0.0170093580    0.0003785470    
0.2687810300    0.0165578150    0.0003754423    
0.2690226100    0.0166034310    0.0003732286    
0.2692642000    0.0163060970    0.0003746796    
0.2695057900    0.0168603260    0.0003776698    
0.2697473800    0.0161524700    0.0003697854    
0.2699889700    0.0167536980    0.0003787174    
0.2702305600    0.0165894460    0.0003775207    
0.2704721500    0.0165910410    0.0003768745    
0.2707137300    0.0163804210    0.0003716111    
0.2709553200    0.0161545970    0.0003714928    
0.2711969100    0.0160076200    0.0003688940    
0.2714385000    0.0161581650    0.0003697221    
0.2716800900    0.0163678820    0.0003735441    
0.2719216800    0.0161186820    0.0003788700    
0.2721632700    0.0173753930    0.0003961249    
0.2724048500    0.0164908900    0.0003908716    
0.2726464400    0.0164396610    0.0003974366    
0.2728880300    0.0159363650    0.0003916148    
0.2731296200    0.0166499200    0.0004025197    
0.2733712100    0.0160007350    0.0003977871    
0.2736128000    0.0165837520    0.0004105090    
0.2738543800    0.0165428540    0.0004076277    
0.2740959700    0.0161461620    0.0004065870    
0.2743375600    0.0163803640    0.0004124846    
0.2745791500    0.0161965610    0.0004119249    
0.2748207400    0.0167095040    0.0004213075    
0.2750623300    0.0167201270    0.0004214414    
0.2753039200    0.0159927850    0.0004165579    
0.2755455000    0.0165729340    0.0004227294    
0.2757870900    0.0163832830    0.0004265843    
0.2760286800    0.0163854400    0.0004244876    
0.2762702700    0.0168285640    0.0004381785    
0.2765118600    0.0160245560    0.0004106162    
0.2767534500    0.0172268100    0.0004240947    
0.2769950400    0.0167143180    0.0004143763    
0.2772366200    0.0165903190    0.0004085492    
0.2774782100    0.0162382070    0.0004046925    
0.2777198000    0.0167653240    0.0004122344    
0.2779613900    0.0159860610    0.0004015382    
0.2782029800    0.0171012580    0.0004072883    
0.2784445700    0.0173725540    0.0004139844    
0.2786861600    0.0159797050    0.0003959207    
0.2789277400    0.0161067730    0.0003930820    
0.2791693300    0.0170449790    0.0004046874    
0.2794109200    0.0170818570    0.0004070572    
0.2796525100    0.0168825470    0.0004040321    
0.2798941000    0.0154438530    0.0003820583    
0.2801356900    0.0163697460    0.0003973754    
0.2803772800    0.0166798120    0.0004046639    
0.2806188600    0.0163382690    0.0003923571    
0.2808604500    0.0166851190    0.0003943690    
0.2811020400    0.0160811910    0.0003886569    
0.2813436300    0.0164779890    0.0003952568    
0.2815852200    0.0165877080    0.0003926153    
0.2818268100    0.0167105370    0.0003961890    
0.2820683900    0.0161401890    0.0003904250    
0.2823099800    0.0159548810    0.0003878764    
0.2825515700    0.0158794300    0.0003835566    
0.2827931600    0.0166806000    0.0003978343    
0.2830347500    0.0166660310    0.0003953561    
0.2832763400    0.0154050520    0.0003782161    
0.2835179300    0.0158414820    0.0003835361    
0.2837595100    0.0162596630    0.0003908076    
0.2840011000    0.0157324870    0.0003848657    
0.2842426900    0.0154223700    0.0003772792    
0.2844842800    0.0159796150    0.0003860892    
0.2847258700    0.0163094590    0.0003906527    
0.2849674600    0.0161060460    0.0003892576    
0.2852090500    0.0157968220    0.0003835807    
0.2854506300    0.0165696390    0.0003945152    
0.2856922200    0.0164213070    0.0003915388    
0.2859338100    0.0162845470    0.0003905044    
0.2861754000    0.0163055990    0.0003886695    
0.2864169900    0.0159414150    0.0003841584    
0.2866585800    0.0167048490    0.0003950561    
0.2869001700    0.0164887810    0.0003915923    
0.2871417500    0.0154211460    0.0003782693    
0.2873833400    0.0164030300    0.0003917718    
0.2876249300    0.0153436280    0.0003793468    
0.2878665200    0.0162947880    0.0003933599    
0.2881081100    0.0162803730    0.0003863161    
0.2883497000    0.0163087460    0.0003888550    
0.2885912900    0.0160183980    0.0003852313    
0.2888328700    0.0155948330    0.0003802487    
0.2890744600    0.0162530180    0.0003873061    
0.2893160500    0.0160125550    0.0003848683    
0.2895576400    0.0167363790    0.0003955806    
0.2897992300    0.0163628750    0.0003872938    
0.2900408200    0.0159122560    0.0003827894    
0.2902824000    0.0161379840    0.0003884444    
0.2905239900    0.0159193390    0.0003841845    
0.2907655800    0.0159024660    0.0003812325    
0.2910071700    0.0163045980    0.0003860225    
0.2912487600    0.0157120270    0.0003795131    
0.2914903500    0.0161220570    0.0003834240    
0.2917319400    0.0155974410    0.0003758692    
0.2919735200    0.0163195650    0.0003856211    
0.2922151100    0.0157231140    0.0003778023    
0.2924567000    0.0162011100    0.0003842190    
0.2926982900    0.0164594530    0.0003874153    
0.2929398800    0.0168550620    0.0003941155    
0.2931814700    0.0158582070    0.0003784355    
0.2934230600    0.0157348480    0.0003780843    
0.2936646400    0.0162314830    0.0003813108    
0.2939062300    0.0158056190    0.0003797848    
0.2941478200    0.0160302410    0.0003800599    
0.2943894100    0.0157583680    0.0003786494    
0.2946310000    0.0156763540    0.0003766788    
0.2948725900    0.0161557200    0.0003832504    
0.2951141800    0.0154525170    0.0003741189    
0.2953557600    0.0161213140    0.0003847142    
0.2955973500    0.0166282530    0.0003872275    
0.2958389400    0.0168454040    0.0003890280    
0.2960805300    0.0164654180    0.0003848994    
0.2963221200    0.0158848610    0.0003773563    
0.2965637100    0.0165181320    0.0003846630    
0.2968053000    0.0168111790    0.0003872064    
0.2970468800    0.0163092310    0.0003825045    
0.2972884700    0.0160531150    0.0003783755    
0.2975300600    0.0156161140    0.0003731899    
0.2977716500    0.0153719930    0.0003716252    
0.2980132400    0.0161352250    0.0003815850    
0.2982548300    0.0160567280    0.0003777269    
0.2984964100    0.0155315450    0.0003709571    
0.2987380000    0.0159556190    0.0003768109    
0.2989795900    0.0162314830    0.0003792237    
0.2992211800    0.0156745200    0.0003722544    
0.2994627700    0.0160151030    0.0003773748    
0.2997043600    0.0160795360    0.0003791036    
0.2999459500    0.0164339300    0.0003831180    
0.3001875300    0.0159049530    0.0003763498    
0.3004291200    0.0160011630    0.0003814128    
0.3006707100    0.0164436590    0.0003812782    
0.3009123000    0.0159934850    0.0003778106    
0.3011538900    0.0163283080    0.0003791135    
0.3013954800    0.0158755290    0.0003758641    
0.3016370700    0.0159145540    0.0003760510    
0.3018786500    0.0158079240    0.0003747890    
0.3021202400    0.0170927820    0.0003895806    
0.3023618300    0.0158821300    0.0003771850    
0.3026034200    0.0163741770    0.0003821406    
0.3028450100    0.0149691670    0.0003656458    
0.3030866000    0.0161031830    0.0003796611    
0.3033281900    0.0157124530    0.0003728400    
0.3035697700    0.0160062100    0.0003772700    
0.3038113600    0.0153706330    0.0003699741    
0.3040529500    0.0163198900    0.0003798406    
0.3042945400    0.0162108700    0.0003784324    
0.3045361300    0.0160376830    0.0003787490    
0.3047777200    0.0164237290    0.0003817408    
0.3050193100    0.0164832490    0.0003827109    
0.3052608900    0.0160498760    0.0003786149    
0.3055024800    0.0155902840    0.0003778977    
0.3057440700    0.0154832850    0.0003691732    
0.3059856600    0.0156922020    0.0003724643    
0.3062272500    0.0159678690    0.0003766803    
0.3064688400    0.0166840110    0.0003860220    
0.3067104200    0.0161025690    0.0003762118    
0.3069520100    0.0158407910    0.0003750416    
0.3071936000    0.0156250320    0.0003732965    
0.3074351900    0.0152036080    0.0003686333    
0.3076767800    0.0164878630    0.0003817903    
0.3079183700    0.0158825480    0.0003785854    
0.3081599600    0.0157562100    0.0003770766    
0.3084015400    0.0164255550    0.0003806538    
0.3086431300    0.0154680630    0.0003691252    
0.3088847200    0.0157320530    0.0003745727    
0.3091263100    0.0159091010    0.0003757124    
0.3093679000    0.0162225840    0.0003799502    
0.3096094900    0.0158116020    0.0003732017    
0.3098510800    0.0159048150    0.0003781505    
0.3100926600    0.0154864020    0.0003713648    
0.3103342500    0.0152993900    0.0003691157    
0.3105758400    0.0162013800    0.0003825082    
0.3108174300    0.0156353450    0.0003720593    
0.3110590200    0.0162404210    0.0003809955    
0.3113006100    0.0156945410    0.0003716832    
0.3115422000    0.0153734310    0.0003706863    
0.3117837800    0.0162019070    0.0003791541    
0.3120253700    0.0163594070    0.0003821082    
0.3122669600    0.0158256960    0.0003736385    
0.3125085500    0.0165507420    0.0003849010    
0.3127501400    0.0158747470    0.0003762676    
0.3129917300    0.0155656680    0.0003742353    
0.3132333100    0.0159062570    0.0003773325    
0.3134749000    0.0159488600    0.0003772831    
0.3137164900    0.0161871830    0.0003787058    
0.3139580800    0.0158743900    0.0003748926    
0.3141996700    0.0152945970    0.0003682506    
0.3144412600    0.0163677330    0.0003813675    
0.3146828500    0.0161719830    0.0003799130    
0.3149244300    0.0158478300    0.0003745789    
0.3151660200    0.0161539630    0.0003801196    
0.3154076100    0.0150374630    0.0003674237    
0.3156492000    0.0164275880    0.0003855986    
0.3158907900    0.0161430760    0.0003777773    
0.3161323800    0.0154381930    0.0003695717    
0.3163739700    0.0152900570    0.0003679281    
0.3166155500    0.0157246220    0.0003750341    
0.3168571400    0.0160039110    0.0003766930    
0.3170987300    0.0153617270    0.0003698669    
0.3173403200    0.0161810190    0.0003796019    
0.3175819100    0.0157335660    0.0003751408    
0.3178235000    0.0160741550    0.0003783464    
0.3180650900    0.0161565590    0.0003811315    
0.3183066700    0.0163060210    0.0003819044    
0.3185482600    0.0151901620    0.0003687410    
0.3187898500    0.0160225570    0.0003760915    
0.3190314400    0.0167387170    0.0003859471    
0.3192730300    0.0153701840    0.0003694286    
0.3195146200    0.0158693320    0.0003759281    
0.3197562100    0.0158177160    0.0003744953    
0.3199977900    0.0163115720    0.0003809909    
0.3202393800    0.0158400390    0.0003768235    
0.3204809700    0.0156350900    0.0003749303    
0.3207225600    0.0158068570    0.0003765673    
0.3209641500    0.0160103620    0.0003788440    
0.3212057400    0.0158505040    0.0003747468    
0.3214473200    0.0156517870    0.0003726616    
0.3216889100    0.0157911170    0.0003741803    
0.3219305000    0.0161510410    0.0003799456    
0.3221720900    0.0158987730    0.0003764144    
0.3224136800    0.0161342350    0.0003776739    
0.3226552700    0.0160507310    0.0003808670    
0.3228968600    0.0163889260    0.0003821727    
0.3231384400    0.0154986440    0.0003752357    
0.3233800300    0.0158682240    0.0003749562    
0.3236216200    0.0159534660    0.0003762359    
0.3238632100    0.0161810190    0.0003796019    
0.3241048000    0.0160291840    0.0003782320    
0.3243463900    0.0159817680    0.0003775338    
0.3245879800    0.0159405750    0.0003767710    
0.3248295600    0.0158995020    0.0003760103    
0.3250711500    0.0163441190    0.0003812315    
0.3253127400    0.0157693450    0.0003755671    
0.3255543300    0.0151766760    0.0003688486    
0.3257959200    0.0152283460    0.0003715336    
0.3260375100    0.0157796240    0.0003739079    
0.3262791000    0.0166182300    0.0003851190    
0.3265206800    0.0155324630    0.0003715092    
0.3267622700    0.0162582970    0.0003812051    
0.3270038600    0.0161422990    0.0003794251    
0.3272454500    0.0160151030    0.0003773748    
0.3274870400    0.0156645090    0.0003734942    
0.3277286300    0.0160939280    0.0003799713    
0.3279702200    0.0166134000    0.0003856289    
0.3282118000    0.0157257630    0.0003779751    
0.3284533900    0.0163916620    0.0003819251    
0.3286949800    0.0155700120    0.0003854152    
0.3289365700    0.0160158470    0.0003962086    
0.3291781600    0.0155834200    0.0003941698    
0.3294197500    0.0163471310    0.0004084231    
0.3296613300    0.0156101320    0.0004031863    
0.3299029200    0.0159843910    0.0004085155    
0.3301445100    0.0159342160    0.0004137711    
0.3303861000    0.0148631310    0.0004022944    
0.3306276900    0.0163088810    0.0004246471    
0.3308692800    0.0157592940    0.0004176205    
0.3311108700    0.0164827560    0.0004306367    
0.3313524500    0.0161432680    0.0004309855    
0.3315940400    0.0157648850    0.0004253020    
0.3318356300    0.0162589540    0.0004375178    
0.3320772200    0.0159955600    0.0004343798    
0.3323188100    0.0164277670    0.0004443184    
0.3325604000    0.0159958390    0.0004377905    
0.3328019900    0.0160887440    0.0004436692    
0.3330435700    0.0166548430    0.0004467177    
0.3332851600    0.0155233980    0.0004256582    
0.3335267500    0.0150992240    0.0004067523    
0.3337683400    0.0165236790    0.0004255064    
0.3340099300    0.0163576160    0.0004205334    
0.3342515200    0.0160865590    0.0004130193    
0.3344931100    0.0159960430    0.0004076169    
0.3347346900    0.0156876450    0.0004050532    
0.3349762800    0.0161797240    0.0004092528    
0.3352178700    0.0158719250    0.0004037991    
0.3354594600    0.0160789310    0.0004043815    
0.3357010500    0.0155670960    0.0003988941    
0.3359426400    0.0154768490    0.0003990788    
0.3361842300    0.0167659340    0.0004073531    
0.3364258100    0.0160012960    0.0003973102    
0.3366674000    0.0158622860    0.0003960624    
0.3369089900    0.0155900780    0.0003912218    
0.3371505800    0.0157719170    0.0003927058    
0.3373921700    0.0162118320    0.0003991077    
0.3376337600    0.0152832290    0.0003871965    
0.3378753400    0.0155213560    0.0003903586    
0.3381169300    0.0160629450    0.0003952029    
0.3383585200    0.0148965260    0.0003847549    
0.3386001100    0.0160031870    0.0003929012    
0.3388417000    0.0159238230    0.0003933307    
0.3390832900    0.0163553150    0.0003947060    
0.3393248800    0.0156158730    0.0003885796    
0.3395664600    0.0158334010    0.0003905020    
0.3398080500    0.0154307980    0.0003850487    
0.3400496400    0.0155509310    0.0003851790    
0.3402912300    0.0163773130    0.0003946627    
0.3405328200    0.0163597950    0.0003967833    
0.3407744100    0.0156022560    0.0003876412    
0.3410160000    0.0157359140    0.0003897608    
0.3412575800    0.0157718640    0.0003859444    
0.3414991700    0.0154834010    0.0003821024    
0.3417407600    0.0153497490    0.0003814853    
0.3419823500    0.0155743760    0.0003814546    
0.3422239400    0.0161215560    0.0003897463    
0.3424655300    0.0156666630    0.0003851035    
0.3427071200    0.0160590080    0.0003886887    
0.3429487000    0.0152288020    0.0003789479    
0.3431902900    0.0161490570    0.0003919028    
0.3434318800    0.0158063730    0.0003907874    
0.3436734700    0.0163836140    0.0003906401    
0.3439150600    0.0156690060    0.0003811519    
0.3441566500    0.0154493180    0.0003807978    
0.3443982300    0.0163688260    0.0003915136    
0.3446398200    0.0162066450    0.0003885246    
0.3448814100    0.0158444240    0.0003851911    
0.3451230000    0.0159561610    0.0003869938    
0.3453645900    0.0153179140    0.0003791749    
0.3456061800    0.0153963130    0.0003786869    
0.3458477700    0.0159389390    0.0003878328    
0.3460893500    0.0160243530    0.0003884192    
0.3463309400    0.0155021170    0.0003791167    
0.3465725300    0.0157458990    0.0003822316    
0.3468141200    0.0154554390    0.0003801412    
0.3470557100    0.0163399820    0.0003898214    
0.3472973000    0.0155089760    0.0003806529    
0.3475388900    0.0159576770    0.0003837710    
0.3477804700    0.0155572430    0.0003808066    
0.3480220600    0.0163714090    0.0003907937    
0.3482636500    0.0159057360    0.0003847536    
0.3485052400    0.0157412490    0.0003864702    
0.3487468300    0.0153864800    0.0003779880    
0.3489884200    0.0151056710    0.0003743802    
0.3492300100    0.0157188770    0.0003804563    
0.3494715900    0.0164959910    0.0003924281    
0.3497131800    0.0162805950    0.0003871945    
0.3499547700    0.0151448300    0.0003755815    
0.3501963600    0.0161791830    0.0003864254    
0.3504379500    0.0156252770    0.0003807647    
0.3506795400    0.0165352810    0.0003921441    
0.3509211300    0.0156464520    0.0003821896    
0.3511627100    0.0157612310    0.0003837360    
0.3514043000    0.0160688000    0.0003846677    
0.3516458900    0.0157072900    0.0003811820    
0.3518874800    0.0158293790    0.0003817912    
0.3521290700    0.0153160810    0.0003756922    
0.3523706600    0.0160247320    0.0003851609    
0.3526122400    0.0144382550    0.0003653206    
0.3528538300    0.0157709930    0.0003823903    
0.3530954200    0.0160237840    0.0003860312    
0.3533370100    0.0152216480    0.0003755285    
0.3535786000    0.0157590550    0.0003845961    
0.3538201900    0.0156189740    0.0003788158    
0.3540617800    0.0159064820    0.0003843222    
0.3543033600    0.0154670010    0.0003766841    
0.3545449500    0.0156135800    0.0003794670    
0.3547865400    0.0160970350    0.0003841348    
0.3550281300    0.0155113890    0.0003792300    
0.3552697200    0.0150901110    0.0003731930    
0.3555113100    0.0156544320    0.0003806848    
0.3557529000    0.0159193390    0.0003841845    
0.3559944800    0.0151414450    0.0003724182    
0.3562360700    0.0161845170    0.0003899035    
0.3564776600    0.0159532110    0.0003825589    
0.3567192500    0.0158054680    0.0003812145    
0.3569608400    0.0156883990    0.0003789424    
0.3572024300    0.0156781370    0.0003802507    
0.3574440200    0.0152835250    0.0003744433    
0.3576856000    0.0156742180    0.0003804915    
0.3579271900    0.0161151060    0.0003847852    
0.3581687800    0.0157562650    0.0003819210    
0.3584103700    0.0155388250    0.0003779852    
0.3586519600    0.0157359360    0.0003835752    
0.3588935500    0.0151616810    0.0003739353    
0.3591351400    0.0157296370    0.0003811636    
0.3593767200    0.0157982370    0.0003802666    
0.3596183100    0.0157873680    0.0003795655    
0.3598599000    0.0160629160    0.0003843067    
0.3601014900    0.0157096690    0.0003803448    
0.3603430800    0.0154953610    0.0003775989    
0.3605846700    0.0157449060    0.0003801964    
0.3608262500    0.0147763100    0.0003692924    
0.3610678400    0.0158054680    0.0003812145    
0.3613094300    0.0154031560    0.0003786262    
0.3615510200    0.0164577700    0.0003885615    
0.3617926100    0.0149653050    0.0003701065    
0.3620342000    0.0157043280    0.0003799928    
0.3622757900    0.0163109890    0.0003868249    
0.3625173700    0.0157200380    0.0003800394    
0.3627589600    0.0157649200    0.0003810131    
0.3630005500    0.0148320060    0.0003687318    
0.3632421400    0.0156360840    0.0003784524    
0.3634837300    0.0158404740    0.0003825041    
0.3637253200    0.0156729470    0.0003809098    
0.3639669100    0.0157617220    0.0003822779    
0.3642084900    0.0150616460    0.0003710170    
0.3644500800    0.0149461840    0.0003704274    
0.3646916700    0.0162498860    0.0003866829    
0.3649332600    0.0163497620    0.0003856891    
0.3651748500    0.0155419500    0.0003771696    
0.3654164400    0.0154962050    0.0003781813    
0.3656580300    0.0156517870    0.0003795000    
0.3658996100    0.0161765230    0.0003849372    
0.3661412000    0.0164674770    0.0003891162    
0.3663827900    0.0160564130    0.0003880580    
0.3666243800    0.0153166500    0.0003724706    
0.3668659700    0.0153955010    0.0003753884    
0.3671075600    0.0158834040    0.0003814337    
0.3673491500    0.0153493370    0.0003742628    
0.3675907300    0.0149361570    0.0003708629    
0.3678323200    0.0152534630    0.0003728127    
0.3680739100    0.0153369070    0.0003760899    
0.3683155000    0.0156845260    0.0003791808    
0.3685570900    0.0159383640    0.0003820930    
0.3687986800    0.0158850790    0.0003839172    
0.3690402600    0.0157034040    0.0003814248    
0.3692818500    0.0157701540    0.0003789326    
0.3695234400    0.0157551640    0.0003798907    
0.3697650300    0.0162497210    0.0003849391    
0.3700066200    0.0154786650    0.0003769682    
0.3702482100    0.0156062610    0.0003769584    
0.3704898000    0.0155078450    0.0003768972    
0.3707313800    0.0152101140    0.0003741072    
0.3709729700    0.0154778780    0.0003763913    
0.3712145600    0.0159969600    0.0003848270    
0.3714561500    0.0157617220    0.0003822779    
0.3716977400    0.0164142700    0.0003873186    
0.3719393300    0.0155840470    0.0003769721    
0.3721809200    0.0160029990    0.0003824356    
0.3724225000    0.0153541050    0.0003746018    
0.3726640900    0.0159875840    0.0003823949    
0.3729056800    0.0156400280    0.0003782156    
0.3731472700    0.0154721510    0.0003754757    
0.3733888600    0.0158330520    0.0003815470    
0.3736304500    0.0159299880    0.0003834379    
0.3738720400    0.0148273110    0.0003709147    
0.3741136200    0.0155939930    0.0003786556    
0.3743552100    0.0159292040    0.0003819832    
0.3745968000    0.0155309090    0.0003759067    
0.3748383900    0.0151873350    0.0003724221    
0.3750799800    0.0157562370    0.0003794756    
0.3753215700    0.0162528720    0.0003859897    
0.3755631500    0.0154223420    0.0003751518    
0.3758047400    0.0160391230    0.0003832989    
0.3760463300    0.0154719720    0.0003770289    
0.3762879200    0.0160625330    0.0003847382    
0.3765295100    0.0159621960    0.0003849947    
0.3767711000    0.0157718140    0.0003795207    
0.3770126900    0.0160855820    0.0003829901    
0.3772542700    0.0163440330    0.0003861993    
0.3774958600    0.0157583680    0.0003786494    
0.3777374500    0.0160549210    0.0003829118    
0.3779790400    0.0153593160    0.0003755121    
0.3782206300    0.0156936930    0.0003792916    
0.3784622200    0.0160914510    0.0003833472    
0.3787038100    0.0158910270    0.0003823894    
0.3789453900    0.0154408290    0.0003775049    
0.3791869800    0.0158367960    0.0003827502    
0.3794285700    0.0151737010    0.0003719759    
0.3796701600    0.0158495300    0.0003811702    
0.3799117500    0.0151418980    0.0003713079    
0.3801533400    0.0158128620    0.0003807290    
0.3803949300    0.0152441880    0.0003715885    
0.3806365100    0.0148930550    0.0003686580    
0.3808781000    0.0157390670    0.0003788424    
0.3811196900    0.0149239810    0.0003711331    
0.3813612800    0.0147802830    0.0003676733    
0.3816028700    0.0152515730    0.0003749002    
0.3818444600    0.0155587390    0.0003777996    
0.3820860500    0.0151739590    0.0003708695    
0.3823276300    0.0159172470    0.0003798444    
0.3825692200    0.0157715910    0.0003771209    
0.3828108100    0.0150327030    0.0003676368    
0.3830524000    0.0158266020    0.0003787613    
0.3832939900    0.0155807780    0.0003752498    
0.3835355800    0.0155536650    0.0003749232    
0.3837771600    0.0157276230    0.0003761771    
0.3840187500    0.0162768730    0.0003843977    
0.3842603400    0.0158366300    0.0003798725    
0.3845019300    0.0156645090    0.0003734942    
0.3847435200    0.0151589180    0.0003680911    
0.3849851100    0.0156440810    0.0003750381    
0.3852267000    0.0156490890    0.0003844393    
0.3854682800    0.0153839120    0.0003886264    
0.3857098700    0.0150161310    0.0003883626    
0.3859514600    0.0164025570    0.0004103204    
0.3861930500    0.0155182390    0.0004014830    
0.3864346400    0.0155457450    0.0004060173    
0.3866762300    0.0158837680    0.0004132980    
0.3869178200    0.0153039700    0.0004078522    
0.3871594000    0.0160126400    0.0004221167    
0.3874009900    0.0157317080    0.0004195495    
0.3876425800    0.0156826100    0.0004220088    
0.3878841700    0.0160673360    0.0004289583    
0.3881257600    0.0154778780    0.0004236145    
0.3883673500    0.0159844820    0.0004335996    
0.3886089400    0.0159339850    0.0004354458    
0.3888505200    0.0156192010    0.0004330322    
0.3890921100    0.0158875960    0.0004391252    
0.3893337000    0.0148540410    0.0004293362    
0.3895752900    0.0151982670    0.0004358402    
0.3898168800    0.0159591680    0.0004285209    
0.3900584700    0.0159653930    0.0004207251    
0.3903000600    0.0151701940    0.0004088125    
0.3905416400    0.0156949940    0.0004117450    
0.3907832300    0.0155503920    0.0004089377    
0.3910248200    0.0154092300    0.0004056465    
0.3912664100    0.0154340230    0.0004042038    
0.3915080000    0.0156967250    0.0004056936    
0.3917495900    0.0156427210    0.0004067506    
0.3919911700    0.0158670880    0.0004103710    
0.3922327600    0.0152913700    0.0003960113    
0.3924743500    0.0156045450    0.0004015713    
0.3927159400    0.0155670960    0.0003988941    
0.3929575300    0.0159344810    0.0004063121    
0.3931991200    0.0160125080    0.0004054124    
0.3934407100    0.0154676480    0.0003977850    
0.3936822900    0.0156959260    0.0004020633    
0.3939238800    0.0163140860    0.0004104254    
0.3941654700    0.0152608980    0.0003969565    
0.3944070600    0.0151910920    0.0003968900    
0.3946486500    0.0152482830    0.0003986564    
0.3948902400    0.0156356440    0.0004007822    
0.3951318300    0.0156092990    0.0004001069    
0.3953734100    0.0152710400    0.0003964165    
0.3956150000    0.0152558010    0.0003972272    
0.3958565900    0.0156385680    0.0004009889    
0.3960981800    0.0152921290    0.0003980382    
0.3963397700    0.0160058530    0.0004082648    
0.3965813600    0.0158079930    0.0004057335    
0.3968229500    0.0148054610    0.0003940076    
0.3970645300    0.0154409890    0.0004034190    
0.3973061200    0.0153788430    0.0004007027    
0.3975477100    0.0155569010    0.0004018114    
0.3977893000    0.0158654380    0.0004073421    
0.3980308900    0.0154282540    0.0004011739    
0.3982724800    0.0154366420    0.0004017997    
0.3985140700    0.0151882300    0.0003987250    
0.3987556500    0.0153876980    0.0004020266    
0.3989972400    0.0153584470    0.0004011255    
0.3992388300    0.0150685570    0.0003997372    
0.3994804200    0.0153521010    0.0004033050    
0.3997220100    0.0153670420    0.0004058034    
0.3999636000    0.0152484990    0.0004000316    
0.4002051800    0.0164010020    0.0004168549    
0.4004467700    0.0154555590    0.0004025650    
0.4006883600    0.0154057330    0.0004047139    
0.4009299500    0.0156426660    0.0004079924    
0.4011715400    0.0161852500    0.0004155532    
0.4014131300    0.0161602300    0.0004155963    
0.4016547200    0.0152170150    0.0004059675    
0.4018963000    0.0155044330    0.0004081527    
0.4021378900    0.0158672220    0.0004164066    
0.4023794800    0.0161168740    0.0004161359    
0.4026210700    0.0156856450    0.0004110756    
0.4028626600    0.0150965640    0.0004020393    
0.4031042500    0.0161775220    0.0004178411    
0.4033458400    0.0153141450    0.0004065384    
0.4035874200    0.0160634700    0.0004195390    
0.4038290100    0.0153257080    0.0004081417    
0.4040706000    0.0158933270    0.0004163754    
0.4043121900    0.0148874050    0.0004044356    
0.4045537800    0.0152335850    0.0004102230    
0.4047953700    0.0157396200    0.0004194623    
0.4050369600    0.0164791810    0.0004243605    
0.4052785400    0.0154316490    0.0004121339    
0.4055201300    0.0150878010    0.0004073323    
0.4057617200    0.0154369870    0.0004146493    
0.4060033100    0.0150768040    0.0004071839    
0.4062449000    0.0162538400    0.0004262592    
0.4064864900    0.0156486050    0.0004174817    
0.4067280800    0.0158425260    0.0004216063    
0.4069696600    0.0161786850    0.0004278339    
0.4072112500    0.0153082030    0.0004177209    
0.4074528400    0.0155519900    0.0004220230    
0.4076944300    0.0157634120    0.0004225038    
0.4079360200    0.0164039990    0.0004296066    
0.4081776100    0.0157587580    0.0004228349    
0.4084191900    0.0157721730    0.0004238055    
0.4086607800    0.0159036880    0.0004239853    
0.4089023700    0.0153923200    0.0004206431    
0.4091439600    0.0159202260    0.0004284029    
0.4093855500    0.0156253120    0.0004254247    
0.4096271400    0.0159130660    0.0004305549    
0.4098687300    0.0151389790    0.0004263233    
0.4101103100    0.0156321550    0.0004231092    
0.4103519000    0.0155551710    0.0004258894    
0.4105934900    0.0158791300    0.0004294795    
0.4108350800    0.0152140800    0.0004226134    
0.4110766700    0.0156919970    0.0004289930    
0.4113182600    0.0157547820    0.0004315164    
0.4115598500    0.0159577850    0.0004357709    
0.4118014300    0.0150640950    0.0004250580    
0.4120430200    0.0149819920    0.0004222374    
0.4122846100    0.0155410390    0.0004338771    
0.4125262000    0.0154363870    0.0004367817    
0.4127677900    0.0155121150    0.0004300633    
0.4130093800    0.0155297760    0.0004322172    
0.4132509700    0.0156845350    0.0004350107    
0.4134925500    0.0153578570    0.0004336924    
0.4137341400    0.0163735080    0.0004464580    
0.4139757300    0.0153927740    0.0004357221    
0.4142173200    0.0163739360    0.0004471350    
0.4144589100    0.0158244500    0.0004440448    
0.4147005000    0.0151394570    0.0004334414    
0.4149420800    0.0161978430    0.0004520377    
0.4151836700    0.0155857230    0.0004413608    
0.4154252600    0.0158491300    0.0004421340    
0.4156668500    0.0154539270    0.0004333066    
0.4159084400    0.0157819580    0.0004378812    
0.4161500300    0.0157846340    0.0004366131    
0.4163916200    0.0156223990    0.0004347951    
0.4166332000    0.0160639010    0.0004385052    
0.4168747900    0.0155293880    0.0004298818    
0.4171163800    0.0157868950    0.0004375133    
0.4173579700    0.0160481210    0.0004380745    
0.4175995600    0.0146404030    0.0004249401    
0.4178411500    0.0154437790    0.0004293253    
0.4180827400    0.0156346190    0.0004334596    
0.4183243200    0.0154618170    0.0004323398    
0.4185659100    0.0153477510    0.0004320311    
0.4188075000    0.0159156010    0.0004397313    
0.4190490900    0.0150938010    0.0004312514    
0.4192906800    0.0149403420    0.0004286200    
0.4195322700    0.0146358310    0.0004276997    
0.4197738600    0.0165231160    0.0004544397    
0.4200154400    0.0158409770    0.0004491297    
0.4202570300    0.0160569050    0.0004528915    
0.4204986200    0.0149838770    0.0004345435    
0.4207402100    0.0151499520    0.0004399151    
0.4209818000    0.0149984980    0.0004358850    
0.4212233900    0.0150952790    0.0004398134    
0.4214649800    0.0156131410    0.0004484757    
0.4217065600    0.0152429170    0.0004443036    
0.4219481500    0.0152235320    0.0004454449    
0.4221897400    0.0162490120    0.0004621870    
0.4224313300    0.0160446070    0.0004627824    
0.4226729200    0.0152170150    0.0004516807    
0.4229145100    0.0152338670    0.0004531802    
0.4231560900    0.0157454300    0.0004589510    
0.4233976800    0.0147640280    0.0004451522    
0.4236392700    0.0158662750    0.0004632612    
0.4238808600    0.0154280790    0.0004583496    
0.4241224500    0.0148046390    0.0004492447    
0.4243640400    0.0154697670    0.0004628680    
0.4246056300    0.0154430970    0.0004635247    
0.4248472100    0.0153646170    0.0004647417    
0.4250888000    0.0148206650    0.0004580304    
0.4253303900    0.0153118940    0.0004727605    
0.4255719800    0.0163449900    0.0004815689    
0.4258135700    0.0151920980    0.0004650884    
0.4260551600    0.0154199090    0.0004727276    
0.4262967500    0.0154505700    0.0004712380    
0.4265383300    0.0151731200    0.0004711786    
0.4267799200    0.0154386220    0.0004775847    
0.4270215100    0.0152317180    0.0004732264    
0.4272631000    0.0151457150    0.0004768087    
0.4275046900    0.0147779170    0.0004730296    
0.4277462800    0.0153910340    0.0004879286    
0.4279878700    0.0154794450    0.0004924668    
0.4282294500    0.0164917990    0.0005025279    
0.4284710400    0.0151630820    0.0004833814    
0.4287126300    0.0149637230    0.0004829521    
0.4289542200    0.0153937290    0.0004917346    
0.4291958100    0.0144720160    0.0004789538    
0.4294374000    0.0152573790    0.0004963226    
0.4296789900    0.0146756980    0.0004851636    
0.4299205700    0.0156798750    0.0005068584    
0.4301621600    0.0154176790    0.0005077542    
0.4304037500    0.0148207830    0.0004998926    
0.4306453400    0.0147255880    0.0005038992    
0.4308869300    0.0163378270    0.0005237667    
0.4311285200    0.0149109750    0.0005035078    
0.4313701000    0.0163981660    0.0005317470    
0.4316116900    0.0152999770    0.0005169383    
0.4318532800    0.0161085170    0.0005319501    
0.4320948700    0.0163204710    0.0005389494    
0.4323364600    0.0157785960    0.0005346373    
0.4325780500    0.0171053920    0.0005600054    
0.4328196400    0.0145039360    0.0005199913    
0.4330612200    0.0147891120    0.0005333090    
0.4333028100    0.0159443690    0.0005524397    
0.4335444000    0.0150077810    0.0005342912    
0.4337859900    0.0164622620    0.0005626685    
0.4340275800    0.0152805210    0.0005464303    
0.4342691700    0.0161584280    0.0005673991    
0.4345107600    0.0160157820    0.0005690960    
0.4347523400    0.0142774410    0.0005400224    
0.4349939300    0.0154559170    0.0005666414    
0.4352355200    0.0157037460    0.0005796358    
0.4354771100    0.0154620120    0.0005802790    
0.4357187000    0.0141722650    0.0005673447    
0.4359602900    0.0146656740    0.0005687104    
0.4362018800    0.0147069790    0.0005742111    
0.4364434600    0.0156095290    0.0005959746    
0.4366850500    0.0159516300    0.0006099258    
0.4369266400    0.0163116780    0.0006264462    
0.4371682300    0.0147683860    0.0005984452    
0.4374098200    0.0150232870    0.0006128127    
0.4376514100    0.0159666530    0.0006396905    
0.4378930000    0.0150720910    0.0006301958    
0.4381345800    0.0150395970    0.0006407084    
0.4383761700    0.0151815440    0.0006563554    
0.4386177600    0.0148605810    0.0006383166    
0.4388593500    0.0148286460    0.0006471752    
0.4391009400    0.0144214970    0.0006488538    
0.4393425300    0.0164913470    0.0007031934    
0.4395841100    0.0160754110    0.0007083672    
0.4398257000    0.0160024100    0.0007236540    
0.4400672900    0.0139467990    0.0006896248    
0.4403088800    0.0156053430    0.0007508124    
0.4405504700    0.0170817030    0.0008124938    
0.4407920600    0.0153529750    0.0008014188    
0.4410336500    0.0166446480    0.0008583822    
0.4412752300    0.0148045390    0.0008125047    
0.4415168200    0.0159686250    0.0008871458    
0.4417584100    0.0174427880    0.0012588248    
0.4420000000    0.0163714090    0.0018536971    