# Diamond Light Source Ltd.
# Data extracted from: /dls/b21/data/2017/mx13440-2/processed/b21-369037_00441.dat
q(1/A)          Column          Error           
0.0040000000    0.8420331100    0.0211502030    
0.0042415885    0.9704528600    0.0213557300    
0.0044831771    0.7147984500    0.0170625930    
0.0047247656    0.6147572100    0.0153211260    
0.0049663541    0.4860357900    0.0128438950    
0.0052079426    0.4567666300    0.0128121380    
0.0054495312    0.3610648600    0.0105021080    
0.0056911197    0.3456556200    0.0096878950    
0.0059327082    0.2946082900    0.0089439650    
0.0061742967    0.2615815700    0.0080764294    
0.0064158853    0.2258030000    0.0074283732    
0.0066574738    0.2075010200    0.0067286814    
0.0068990623    0.1899464400    0.0064960312    
0.0071406509    0.1976440800    0.0065090610    
0.0073822394    0.1748687300    0.0059184097    
0.0076238279    0.1576985900    0.0054870357    
0.0078654164    0.1574645600    0.0055706957    
0.0081070050    0.1439690700    0.0050492156    
0.0083485935    0.1466253200    0.0049204237    
0.0085901820    0.1479643700    0.0049765802    
0.0088317705    0.1375802500    0.0046724704    
0.0090733591    0.1286104600    0.0044885360    
0.0093149476    0.1220423100    0.0042133684    
0.0095565361    0.1184057700    0.0041501200    
0.0097981247    0.1205876900    0.0041881836    
0.0100397130    0.1307409100    0.0042130670    
0.0102813020    0.1174991700    0.0040858464    
0.0105228900    0.1233099000    0.0039210268    
0.0107644790    0.1145510300    0.0038183678    
0.0110060670    0.1166227800    0.0037561669    
0.0112476560    0.1175158800    0.0037519934    
0.0114892440    0.1117145300    0.0036055710    
0.0117308330    0.1118133400    0.0035901099    
0.0119724210    0.1057092400    0.0034423663    
0.0122140100    0.1031440900    0.0033695705    
0.0124555980    0.1106938300    0.0033855917    
0.0126971870    0.1058960700    0.0034142262    
0.0129387760    0.1036625300    0.0031960526    
0.0131803640    0.1012122000    0.0032102561    
0.0134219530    0.1055171900    0.0031614085    
0.0136635410    0.1046232800    0.0031602617    
0.0139051300    0.1080598100    0.0032117444    
0.0141467180    0.1049538200    0.0030935746    
0.0143883070    0.0942970830    0.0028895050    
0.0146298950    0.1054533600    0.0030556565    
0.0148714840    0.0946056770    0.0029154326    
0.0151130720    0.1028487000    0.0030068092    
0.0153546610    0.0998681370    0.0028522114    
0.0155962490    0.1032362000    0.0029293496    
0.0158378380    0.0998924680    0.0028152689    
0.0160794260    0.0977502150    0.0027849177    
0.0163210150    0.0991921830    0.0027437191    
0.0165626030    0.1000363100    0.0028081923    
0.0168041920    0.1029450200    0.0027444689    
0.0170457800    0.1020453000    0.0027489599    
0.0172873690    0.0980428810    0.0026783274    
0.0175289580    0.0989793230    0.0026751168    
0.0177705460    0.0980993230    0.0026171454    
0.0180121350    0.0994567480    0.0026055804    
0.0182537230    0.0978837540    0.0025564873    
0.0184953120    0.0927033290    0.0024811477    
0.0187369000    0.0912423890    0.0024615195    
0.0189784890    0.0971833650    0.0024740528    
0.0192200770    0.0922257680    0.0024482800    
0.0194616660    0.0927516250    0.0023924454    
0.0197032540    0.0925494030    0.0024081491    
0.0199448430    0.0943038940    0.0024308680    
0.0201864310    0.0958371750    0.0024319143    
0.0204280200    0.0939540900    0.0023606853    
0.0206696080    0.0892777620    0.0022683893    
0.0209111970    0.0940785630    0.0023796396    
0.0211527850    0.0945258160    0.0023123960    
0.0213943740    0.0917829060    0.0022838919    
0.0216359620    0.0932183690    0.0023124631    
0.0218775510    0.0917260740    0.0022831847    
0.0221191400    0.0937503470    0.0022664591    
0.0223607280    0.0945603580    0.0022610710    
0.0226023170    0.0909237630    0.0022838247    
0.0228439050    0.0906182250    0.0021799357    
0.0230854940    0.0928940350    0.0022024185    
0.0233270820    0.0929146990    0.0021979720    
0.0235686710    0.0923781670    0.0022057412    
0.0238102590    0.0901765930    0.0021337970    
0.0240518480    0.0931619400    0.0021555102    
0.0242934360    0.0908193970    0.0021593085    
0.0245350250    0.0925922890    0.0021533090    
0.0247766130    0.0914182180    0.0021265802    
0.0250182020    0.0937109500    0.0021752108    
0.0252597900    0.0887545020    0.0020662944    
0.0255013790    0.0926353780    0.0020945583    
0.0257429670    0.0898103880    0.0020663819    
0.0259845560    0.0885048290    0.0020277737    
0.0262261450    0.0918758030    0.0020779150    
0.0264677330    0.0891603230    0.0020237593    
0.0267093220    0.0909167510    0.0020284016    
0.0269509100    0.0885518100    0.0020130611    
0.0271924990    0.0859823160    0.0019689459    
0.0274340870    0.0865344720    0.0019862826    
0.0276756760    0.0880016600    0.0019702413    
0.0279172640    0.0902783010    0.0019919717    
0.0281588530    0.0847168530    0.0019057957    
0.0284004410    0.0851386920    0.0019275175    
0.0286420300    0.0866231500    0.0019071478    
0.0288836180    0.0868176250    0.0019292806    
0.0291252070    0.0857782820    0.0018785567    
0.0293667950    0.0841831600    0.0018833346    
0.0296083840    0.0820756230    0.0018375651    
0.0298499720    0.0823421310    0.0018467747    
0.0300915610    0.0840915150    0.0018599948    
0.0303331490    0.0819305410    0.0018206787    
0.0305747380    0.0872657160    0.0018546196    
0.0308163270    0.0799344500    0.0017750068    
0.0310579150    0.0835016090    0.0018230228    
0.0312995040    0.0843173930    0.0018171683    
0.0315410920    0.0839410580    0.0018044540    
0.0317826810    0.0814456640    0.0017718144    
0.0320242690    0.0823538000    0.0017650395    
0.0322658580    0.0824572880    0.0017912804    
0.0325074460    0.0800423880    0.0017347313    
0.0327490350    0.0790670700    0.0017188494    
0.0329906230    0.0805927110    0.0017170720    
0.0332322120    0.0795331300    0.0017160539    
0.0334738000    0.0805574230    0.0017039891    
0.0337153890    0.0814704920    0.0017110968    
0.0339569770    0.0795121590    0.0016928980    
0.0341985660    0.0830009220    0.0017321958    
0.0344401540    0.0802495460    0.0016810105    
0.0346817430    0.0773616990    0.0016649442    
0.0349233310    0.0816242710    0.0017027242    
0.0351649200    0.0783781490    0.0016378618    
0.0354065090    0.0770855980    0.0016334774    
0.0356480970    0.0783954030    0.0016244482    
0.0358896860    0.0769955040    0.0016279174    
0.0361312740    0.0771289370    0.0016068529    
0.0363728630    0.0765754410    0.0015967083    
0.0366144510    0.0778143160    0.0016228935    
0.0368560400    0.0788636650    0.0016094626    
0.0370976280    0.0759381840    0.0015987872    
0.0373392170    0.0746996580    0.0015706243    
0.0375808050    0.0727954650    0.0015339815    
0.0378223940    0.0780967330    0.0015888555    
0.0380639820    0.0778743380    0.0015929253    
0.0383055710    0.0766023320    0.0015491824    
0.0385471590    0.0721444580    0.0015092454    
0.0387887480    0.0736308590    0.0015306581    
0.0390303360    0.0741210280    0.0015180578    
0.0392719250    0.0724753340    0.0014992045    
0.0395135140    0.0727234310    0.0015017683    
0.0397551020    0.0729257870    0.0015333272    
0.0399966910    0.0712513030    0.0014589776    
0.0402382790    0.0744648040    0.0015025775    
0.0404798680    0.0745674010    0.0014925425    
0.0407214560    0.0720938310    0.0014821451    
0.0409630450    0.0710991150    0.0014485910    
0.0412046330    0.0725359180    0.0014720710    
0.0414462220    0.0707279200    0.0014413274    
0.0416878100    0.0709099280    0.0014414493    
0.0419293990    0.0688110070    0.0014182562    
0.0421709870    0.0690752710    0.0014159050    
0.0424125760    0.0702066890    0.0014342838    
0.0426541640    0.0697038600    0.0014073692    
0.0428957530    0.0676162620    0.0013877486    
0.0431373410    0.0709825690    0.0014202196    
0.0433789300    0.0665026550    0.0013651806    
0.0436205180    0.0657805390    0.0013546451    
0.0438621070    0.0682121630    0.0013826159    
0.0441036960    0.0684865240    0.0013822270    
0.0443452840    0.0665030960    0.0013513094    
0.0445868730    0.0673153720    0.0013734971    
0.0448284610    0.0682556730    0.0013659333    
0.0450700500    0.0670278840    0.0013997597    
0.0453116380    0.0662633670    0.0013950955    
0.0455532270    0.0655088120    0.0014271429    
0.0457948150    0.0647223030    0.0014167484    
0.0460364040    0.0648654970    0.0014219283    
0.0462779920    0.0653704570    0.0014498158    
0.0465195810    0.0648881360    0.0014444573    
0.0467611690    0.0635894970    0.0014356081    
0.0470027580    0.0630709280    0.0014297424    
0.0472443460    0.0658531320    0.0014908975    
0.0474859350    0.0631358370    0.0014419987    
0.0477275230    0.0655462060    0.0014812938    
0.0479691120    0.0632758090    0.0014574110    
0.0482107000    0.0636266280    0.0014757039    
0.0484522890    0.0613308140    0.0014407865    
0.0486938780    0.0616087210    0.0014541525    
0.0489354660    0.0621638900    0.0014648101    
0.0491770550    0.0634246340    0.0014965968    
0.0494186430    0.0593628910    0.0014194501    
0.0496602320    0.0631143120    0.0014227065    
0.0499018200    0.0614367580    0.0013838371    
0.0501434090    0.0593742050    0.0013383979    
0.0503849970    0.0583720260    0.0013141388    
0.0506265860    0.0602190320    0.0013251765    
0.0508681740    0.0605450510    0.0013224614    
0.0511097630    0.0595200370    0.0013050632    
0.0513513510    0.0588321700    0.0012738534    
0.0515929400    0.0605527270    0.0013132641    
0.0518345280    0.0583908590    0.0012690667    
0.0520761170    0.0563813310    0.0012613557    
0.0523177050    0.0574016890    0.0012348019    
0.0525592940    0.0607353200    0.0012942932    
0.0528008830    0.0583466220    0.0012355584    
0.0530424710    0.0574861850    0.0012303725    
0.0532840600    0.0552319980    0.0011995623    
0.0535256480    0.0562741110    0.0012108261    
0.0537672370    0.0556633170    0.0011940959    
0.0540088250    0.0562063740    0.0012024301    
0.0542504140    0.0553606580    0.0011984062    
0.0544920020    0.0542064740    0.0011759035    
0.0547335910    0.0551604870    0.0011776325    
0.0549751790    0.0539621090    0.0011600061    
0.0552167680    0.0552718500    0.0011751991    
0.0554583560    0.0567440000    0.0011775757    
0.0556999450    0.0543407630    0.0011489278    
0.0559415330    0.0521268790    0.0011331930    
0.0561831220    0.0538012550    0.0011398162    
0.0564247100    0.0539162530    0.0011376661    
0.0566662990    0.0533053070    0.0011267833    
0.0569078870    0.0523002520    0.0011271501    
0.0571494760    0.0528289420    0.0011217372    
0.0573910650    0.0503302740    0.0010782034    
0.0576326530    0.0516190560    0.0011002719    
0.0578742420    0.0521692710    0.0011040034    
0.0581158300    0.0505256740    0.0010762330    
0.0583574190    0.0510904750    0.0010802069    
0.0585990070    0.0515313640    0.0010909927    
0.0588405960    0.0507620000    0.0010807767    
0.0590821840    0.0514272740    0.0010777350    
0.0593237730    0.0516231970    0.0010827923    
0.0595653610    0.0504539380    0.0010744613    
0.0598069500    0.0478459280    0.0010235740    
0.0600485380    0.0496277130    0.0010481090    
0.0602901270    0.0488307560    0.0010406023    
0.0605317150    0.0491164120    0.0010380053    
0.0607733040    0.0496360640    0.0010388297    
0.0610148920    0.0503035620    0.0010514190    
0.0612564810    0.0469584370    0.0010113215    
0.0614980690    0.0487042160    0.0010199976    
0.0617396580    0.0488974450    0.0010451131    
0.0619812470    0.0467345920    0.0010208051    
0.0622228350    0.0486109180    0.0010345090    
0.0624644240    0.0485495630    0.0010264844    
0.0627060120    0.0467798300    0.0010157534    
0.0629476010    0.0456808020    0.0010101528    
0.0631891890    0.0471768300    0.0010200545    
0.0634307780    0.0469515790    0.0010130551    
0.0636723660    0.0459731480    0.0010015485    
0.0639139550    0.0451138120    0.0009903768    
0.0641555430    0.0445538330    0.0009738688    
0.0643971320    0.0453809280    0.0009924219    
0.0646387200    0.0442093760    0.0009617554    
0.0648803090    0.0451285840    0.0009801302    
0.0651218970    0.0449249840    0.0009588942    
0.0653634860    0.0443450170    0.0009599478    
0.0656050740    0.0455257980    0.0009701724    
0.0658466630    0.0449045170    0.0009586757    
0.0660882520    0.0449040050    0.0009562706    
0.0663298400    0.0435421630    0.0009432315    
0.0665714290    0.0455978860    0.0009604345    
0.0668130170    0.0432952000    0.0009389838    
0.0670546060    0.0435608460    0.0009364135    
0.0672961940    0.0427856850    0.0009242456    
0.0675377830    0.0419406570    0.0009076874    
0.0677793710    0.0415319010    0.0009091187    
0.0680209600    0.0406191770    0.0008882886    
0.0682625480    0.0411702740    0.0008950060    
0.0685041370    0.0408517020    0.0008887107    
0.0687457250    0.0407292560    0.0008995588    
0.0689873140    0.0424573590    0.0009045774    
0.0692289020    0.0402410190    0.0008806508    
0.0694704910    0.0408126390    0.0008861849    
0.0697120790    0.0413220300    0.0008889028    
0.0699536680    0.0413083450    0.0008929578    
0.0701952560    0.0397206610    0.0008749384    
0.0704368450    0.0397983020    0.0008785690    
0.0706784340    0.0403931410    0.0008936623    
0.0709200220    0.0393565060    0.0008743731    
0.0711616110    0.0404383330    0.0008856053    
0.0714031990    0.0399081020    0.0008868467    
0.0716447880    0.0386264590    0.0008767427    
0.0718863760    0.0383603760    0.0008618677    
0.0721279650    0.0400008170    0.0008718521    
0.0723695530    0.0385361430    0.0008511210    
0.0726111420    0.0378553700    0.0008488092    
0.0728527300    0.0368596690    0.0008254463    
0.0730943190    0.0369374380    0.0008320002    
0.0733359070    0.0360083650    0.0008164763    
0.0735774960    0.0371040420    0.0008319627    
0.0738190840    0.0378982990    0.0008319758    
0.0740606730    0.0381790910    0.0008369308    
0.0743022610    0.0368951940    0.0008233565    
0.0745438500    0.0373118840    0.0008242827    
0.0747854380    0.0355860730    0.0007967253    
0.0750270270    0.0358949230    0.0008066784    
0.0752686160    0.0369923030    0.0008087802    
0.0755102040    0.0345814440    0.0007831155    
0.0757517930    0.0361025560    0.0008030726    
0.0759933810    0.0366217170    0.0007961243    
0.0762349700    0.0355197000    0.0007942447    
0.0764765580    0.0366911920    0.0007997160    
0.0767181470    0.0353701440    0.0007840696    
0.0769597350    0.0359375790    0.0007842223    
0.0772013240    0.0353441330    0.0007760915    
0.0774429120    0.0343948440    0.0007618882    
0.0776845010    0.0352838110    0.0007684935    
0.0779260890    0.0345887980    0.0007656212    
0.0781676780    0.0338314700    0.0007519961    
0.0784092660    0.0342562140    0.0007582595    
0.0786508550    0.0329411620    0.0007375092    
0.0788924430    0.0343000930    0.0007597894    
0.0791340320    0.0342490990    0.0007540489    
0.0793756210    0.0342025600    0.0007555925    
0.0796172090    0.0330414050    0.0007351616    
0.0798587980    0.0332724130    0.0007447389    
0.0801003860    0.0327609710    0.0007384893    
0.0803419750    0.0345200680    0.0007474398    
0.0805835630    0.0324792520    0.0007308403    
0.0808251520    0.0325396690    0.0007305371    
0.0810667400    0.0324084610    0.0007290628    
0.0813083290    0.0319962210    0.0007158152    
0.0815499170    0.0314786030    0.0007204643    
0.0817915060    0.0317427880    0.0007186484    
0.0820330940    0.0319727320    0.0007136842    
0.0822746830    0.0309072600    0.0007035287    
0.0825162710    0.0317846890    0.0007101948    
0.0827578600    0.0325035440    0.0007205241    
0.0829994480    0.0322357800    0.0007083504    
0.0832410370    0.0312558540    0.0007056379    
0.0834826250    0.0325003900    0.0007112517    
0.0837242140    0.0293219630    0.0006742909    
0.0839658030    0.0309521570    0.0006945465    
0.0842073910    0.0310347640    0.0006932655    
0.0844489800    0.0312121700    0.0006908797    
0.0846905680    0.0312173930    0.0006858067    
0.0849321570    0.0295993320    0.0006753334    
0.0851737450    0.0304793110    0.0006768169    
0.0854153340    0.0305545510    0.0006818582    
0.0856569220    0.0293610900    0.0006638772    
0.0858985110    0.0300026930    0.0006782110    
0.0861400990    0.0296312850    0.0006669249    
0.0863816880    0.0284147050    0.0006555107    
0.0866232760    0.0296631940    0.0006752106    
0.0868648650    0.0298132170    0.0006681488    
0.0871064530    0.0297107620    0.0006690527    
0.0873480420    0.0289009660    0.0006546459    
0.0875896300    0.0279988800    0.0006459178    
0.0878312190    0.0275740040    0.0006402180    
0.0880728080    0.0283381070    0.0006470629    
0.0883143960    0.0289827030    0.0006539855    
0.0885559850    0.0297293840    0.0006647692    
0.0887975730    0.0283240080    0.0006457318    
0.0890391620    0.0291983080    0.0006560175    
0.0892807500    0.0277593050    0.0006373455    
0.0895223390    0.0274230710    0.0006319620    
0.0897639270    0.0274131850    0.0006277463    
0.0900055160    0.0287560100    0.0006444556    
0.0902471040    0.0269279120    0.0006262305    
0.0904886930    0.0283578640    0.0006369740    
0.0907302810    0.0277558870    0.0006247144    
0.0909718700    0.0274813250    0.0006326328    
0.0912134580    0.0269602310    0.0006164050    
0.0914550470    0.0268668490    0.0006232953    
0.0916966350    0.0274534920    0.0006220182    
0.0919382240    0.0271764900    0.0006210248    
0.0921798120    0.0266935440    0.0006115877    
0.0924214010    0.0266795310    0.0006114272    
0.0926629900    0.0262800680    0.0006033826    
0.0929045780    0.0272235480    0.0006204822    
0.0931461670    0.0260685670    0.0006002696    
0.0933877550    0.0267537120    0.0006091412    
0.0936293440    0.0259474260    0.0006022895    
0.0938709320    0.0252586330    0.0005928865    
0.0941125210    0.0265196770    0.0006027199    
0.0943541090    0.0263826950    0.0006011613    
0.0945956980    0.0265404480    0.0006039724    
0.0948372860    0.0259342860    0.0005940361    
0.0950788750    0.0255200590    0.0005876393    
0.0953204630    0.0256103380    0.0005909728    
0.0955620520    0.0256879740    0.0005908795    
0.0958036400    0.0258774320    0.0005901080    
0.0960452290    0.0249758260    0.0005797368    
0.0962868170    0.0255100910    0.0005885029    
0.0965284060    0.0253257030    0.0005837833    
0.0967699940    0.0264964450    0.0005971243    
0.0970115830    0.0258479200    0.0005836961    
0.0972531720    0.0258703750    0.0005858486    
0.0974947600    0.0249670780    0.0005749061    
0.0977363490    0.0255411850    0.0005792858    
0.0979779370    0.0255760310    0.0005818749    
0.0982195260    0.0255640140    0.0005820535    
0.0984611140    0.0259174270    0.0005825980    
0.0987027030    0.0251331450    0.0005743312    
0.0989442910    0.0264740170    0.0005897695    
0.0991858800    0.0261084980    0.0005838038    
0.0994274680    0.0258742960    0.0005787115    
0.0996690570    0.0267995950    0.0005849544    
0.0999106450    0.0262145950    0.0005831228    
0.1001522300    0.0256504940    0.0005722763    
0.1003938200    0.0258137740    0.0005762061    
0.1006354100    0.0255089290    0.0005703970    
0.1008770000    0.0256927320    0.0005736471    
0.1011185900    0.0249626790    0.0005654384    
0.1013601800    0.0265167990    0.0005833859    
0.1016017700    0.0262102260    0.0005760837    
0.1018433500    0.0262114610    0.0005890588    
0.1020849400    0.0266690450    0.0006023923    
0.1023265300    0.0252530600    0.0005908058    
0.1025681200    0.0261889570    0.0005986145    
0.1028097100    0.0259878020    0.0006051863    
0.1030513000    0.0265236860    0.0006135207    
0.1032928800    0.0274597130    0.0006301349    
0.1035344700    0.0257185550    0.0006016962    
0.1037760600    0.0266948960    0.0006235151    
0.1040176500    0.0271985270    0.0006320114    
0.1042592400    0.0271856710    0.0006337692    
0.1045008300    0.0251674690    0.0006061372    
0.1047424200    0.0258051060    0.0006193423    
0.1049840000    0.0243625000    0.0006047315    
0.1052255900    0.0254645960    0.0006201661    
0.1054671800    0.0241540900    0.0006002985    
0.1057087700    0.0231370400    0.0005915100    
0.1059503600    0.0239652570    0.0006042515    
0.1061919500    0.0234028380    0.0005967472    
0.1064335400    0.0231490810    0.0005789080    
0.1066751200    0.0222325560    0.0005587904    
0.1069167100    0.0239069100    0.0005777920    
0.1071583000    0.0223557350    0.0005515313    
0.1073998900    0.0227750430    0.0005548291    
0.1076414800    0.0224628020    0.0005550179    
0.1078830700    0.0230251330    0.0005538986    
0.1081246600    0.0233990930    0.0005617580    
0.1083662400    0.0225567300    0.0005446833    
0.1086078300    0.0228379560    0.0005540648    
0.1088494200    0.0224469280    0.0005421900    
0.1090910100    0.0227831990    0.0005447783    
0.1093326000    0.0216148620    0.0005278201    
0.1095741900    0.0220015730    0.0005339307    
0.1098157700    0.0214019120    0.0005213779    
0.1100573600    0.0212797480    0.0005237125    
0.1102989500    0.0231333740    0.0005412148    
0.1105405400    0.0218698400    0.0005259544    
0.1107821300    0.0217690850    0.0005272031    
0.1110237200    0.0212827060    0.0005161814    
0.1112653100    0.0223286650    0.0005342153    
0.1115068900    0.0221651590    0.0005246283    
0.1117484800    0.0225558370    0.0005284267    
0.1119900700    0.0212324270    0.0005106251    
0.1122316600    0.0226072110    0.0005287604    
0.1124732500    0.0223460510    0.0005227951    
0.1127148400    0.0215934230    0.0005134020    
0.1129564300    0.0219175850    0.0005190594    
0.1131980100    0.0211637980    0.0005075091    
0.1134396000    0.0217956560    0.0005163166    
0.1136811900    0.0232327140    0.0005317371    
0.1139227800    0.0221193670    0.0005167851    
0.1141643700    0.0216416310    0.0005074271    
0.1144059600    0.0219128160    0.0005108452    
0.1146475500    0.0213678120    0.0005071785    
0.1148891300    0.0216909700    0.0005045776    
0.1151307200    0.0211640250    0.0005037626    
0.1153723100    0.0219773970    0.0005074110    
0.1156139000    0.0206980840    0.0004964840    
0.1158554900    0.0210330850    0.0004952047    
0.1160970800    0.0207136230    0.0004964285    
0.1163386700    0.0209264110    0.0004948926    
0.1165802500    0.0214354260    0.0005003963    
0.1168218400    0.0213943870    0.0004966047    
0.1170634300    0.0203376810    0.0004846428    
0.1173050200    0.0205349790    0.0004883747    
0.1175466100    0.0214232810    0.0004974094    
0.1177882000    0.0213057060    0.0004934839    
0.1180297800    0.0204332730    0.0004835008    
0.1182713700    0.0206646170    0.0004882919    
0.1185129600    0.0214142340    0.0004942770    
0.1187545500    0.0213004540    0.0004920441    
0.1189961400    0.0211535450    0.0004894347    
0.1192377300    0.0205512880    0.0004797567    
0.1194793200    0.0205842830    0.0004794829    
0.1197209000    0.0210279230    0.0004848439    
0.1199624900    0.0215861350    0.0004903408    
0.1202040800    0.0204524540    0.0004738479    
0.1204456700    0.0212256330    0.0004882359    
0.1206872600    0.0210202520    0.0004805963    
0.1209288500    0.0202234140    0.0004748275    
0.1211704400    0.0199893450    0.0004697203    
0.1214120200    0.0204486440    0.0004733787    
0.1216536100    0.0204882710    0.0004727783    
0.1218952000    0.0200767890    0.0004655194    
0.1221367900    0.0204193720    0.0004728277    
0.1223783800    0.0205374840    0.0004710383    
0.1226199700    0.0207381910    0.0004750173    
0.1228615600    0.0198541550    0.0004643691    
0.1231031400    0.0197321860    0.0004625296    
0.1233447300    0.0204512860    0.0004706734    
0.1235863200    0.0215194740    0.0004849632    
0.1238279100    0.0207601620    0.0004710924    
0.1240695000    0.0202901880    0.0004645120    
0.1243110900    0.0202831700    0.0004642296    
0.1245526800    0.0206672490    0.0004698316    
0.1247942600    0.0202209190    0.0004611171    
0.1250358500    0.0201100700    0.0004618431    
0.1252774400    0.0200548460    0.0004602109    
0.1255190300    0.0196677130    0.0004545702    
0.1257606200    0.0202340400    0.0004628628    
0.1260022100    0.0208966450    0.0004699734    
0.1262437900    0.0202806500    0.0004614008    
0.1264853800    0.0200714610    0.0004584246    
0.1267269700    0.0206444480    0.0004625499    
0.1269685600    0.0206308550    0.0004625938    
0.1272101500    0.0202263290    0.0004580361    
0.1274517400    0.0202104040    0.0004609972    
0.1276933300    0.0194969620    0.0004461185    
0.1279349100    0.0199116940    0.0004562057    
0.1281765000    0.0195979190    0.0004516321    
0.1284180900    0.0199288560    0.0004529285    
0.1286596800    0.0205337580    0.0004611127    
0.1289012700    0.0202412060    0.0004562720    
0.1291428600    0.0194591510    0.0004483152    
0.1293844500    0.0192430490    0.0004422813    
0.1296260300    0.0198619250    0.0004514074    
0.1298676200    0.0202312580    0.0004555850    
0.1301092100    0.0196333300    0.0004465582    
0.1303508000    0.0199098350    0.0004485745    
0.1305923900    0.0191272840    0.0004441006    
0.1308339800    0.0201117790    0.0004540472    
0.1310755700    0.0197716480    0.0004483148    
0.1313171500    0.0194771560    0.0004440409    
0.1315587400    0.0194995520    0.0004437450    
0.1318003300    0.0200192930    0.0004509261    
0.1320419200    0.0201714720    0.0004489205    
0.1322835100    0.0203075470    0.0004522850    
0.1325251000    0.0203310790    0.0004523606    
0.1327666900    0.0196462700    0.0004437640    
0.1330082700    0.0196562930    0.0004438772    
0.1332498600    0.0190673260    0.0004378956    
0.1334914500    0.0197755270    0.0004481724    
0.1337330400    0.0196984490    0.0004414651    
0.1339746300    0.0194466460    0.0004397039    
0.1342162200    0.0205037040    0.0004513126    
0.1344578000    0.0195980380    0.0004426746    
0.1346993900    0.0204765760    0.0004497360    
0.1349409800    0.0191524080    0.0004374338    
0.1351825700    0.0197509000    0.0004409826    
0.1354241600    0.0200222000    0.0004447182    
0.1356657500    0.0198926440    0.0004438156    
0.1359073400    0.0200071200    0.0004478208    
0.1361489200    0.0195972650    0.0004390872    
0.1363905100    0.0198407790    0.0004414515    
0.1366321000    0.0198542860    0.0004414244    
0.1368736900    0.0196089290    0.0004386884    
0.1371152800    0.0189843050    0.0004295795    
0.1373568700    0.0193619110    0.0004355668    
0.1375984600    0.0196229030    0.0004395513    
0.1378400400    0.0195107860    0.0004375892    
0.1380816300    0.0189012240    0.0004284681    
0.1383232200    0.0200309430    0.0004433839    
0.1385648100    0.0188880290    0.0004307219    
0.1388064000    0.0198966610    0.0004389088    
0.1390479900    0.0192160180    0.0004294685    
0.1392895800    0.0196205360    0.0004382905    
0.1395311600    0.0201369290    0.0004401580    
0.1397727500    0.0194634530    0.0004327349    
0.1400143400    0.0201403130    0.0004400218    
0.1402559300    0.0191126780    0.0004329279    
0.1404975200    0.0192544120    0.0004298974    
0.1407391100    0.0201306990    0.0004399168    
0.1409806900    0.0198445420    0.0004399050    
0.1412222800    0.0190930340    0.0004272538    
0.1414638700    0.0200990720    0.0004392256    
0.1417054600    0.0197409320    0.0004319151    
0.1419470500    0.0199750440    0.0004392507    
0.1421886400    0.0194174360    0.0004288594    
0.1424302300    0.0192090980    0.0004277146    
0.1426718100    0.0193607380    0.0004302386    
0.1429134000    0.0195233770    0.0004311993    
0.1431549900    0.0198064750    0.0004353334    
0.1433965800    0.0203295170    0.0004412168    
0.1436381700    0.0194479840    0.0004286984    
0.1438797600    0.0188140860    0.0004213282    
0.1441213500    0.0200459870    0.0004355765    
0.1443629300    0.0188140860    0.0004213282    
0.1446045200    0.0196464320    0.0004308801    
0.1448461100    0.0193440340    0.0004275512    
0.1450877000    0.0185008520    0.0004155659    
0.1453292900    0.0190069860    0.0004247968    
0.1455708800    0.0194129220    0.0004269929    
0.1458124700    0.0198292200    0.0004354129    
0.1460540500    0.0199573360    0.0004298116    
0.1462956400    0.0197358590    0.0004303645    
0.1465372300    0.0183095110    0.0004132536    
0.1467788200    0.0188260360    0.0004185631    
0.1470204100    0.0192702240    0.0004239568    
0.1472620000    0.0194867620    0.0004258448    
0.1475035900    0.0197337420    0.0004278837    
0.1477451700    0.0190298560    0.0004219491    
0.1479867600    0.0187255990    0.0004160217    
0.1482283500    0.0195313170    0.0004276361    
0.1484699400    0.0187274110    0.0004169892    
0.1487115300    0.0194584960    0.0004263484    
0.1489531200    0.0195773990    0.0004225119    
0.1491947000    0.0194852470    0.0004246976    
0.1494362900    0.0194327130    0.0004220516    
0.1496778800    0.0190941460    0.0004197783    
0.1499194700    0.0190826380    0.0004190193    
0.1501610600    0.0194410620    0.0004237346    
0.1504026500    0.0191735180    0.0004185998    
0.1506442400    0.0197752480    0.0004289854    
0.1508858200    0.0200506160    0.0004303262    
0.1511274100    0.0196792360    0.0004231360    
0.1513690000    0.0190969570    0.0004168290    
0.1516105900    0.0190832580    0.0004179261    
0.1518521800    0.0194642650    0.0004214466    
0.1520937700    0.0190725490    0.0004160981    
0.1523353600    0.0192645750    0.0004184985    
0.1525769400    0.0192205480    0.0004194267    
0.1528185300    0.0188760930    0.0004151852    
0.1530601200    0.0191372960    0.0004171138    
0.1533017100    0.0195224820    0.0004235021    
0.1535433000    0.0191391460    0.0004152841    
0.1537848900    0.0194311870    0.0004182863    
0.1540264800    0.0196169700    0.0004212134    
0.1542680600    0.0205542770    0.0004308401    
0.1545096500    0.0188827510    0.0004109804    
0.1547512400    0.0201569180    0.0004266552    
0.1549928300    0.0196312010    0.0004207437    
0.1552344200    0.0187330590    0.0004105522    
0.1554760100    0.0190259950    0.0004139021    
0.1557176000    0.0194393760    0.0004199245    
0.1559591800    0.0193846090    0.0004174771    
0.1562007700    0.0190168600    0.0004110853    
0.1564423600    0.0186604380    0.0004066237    
0.1566839500    0.0193494090    0.0004181763    
0.1569255400    0.0190545190    0.0004120920    
0.1571671300    0.0199959840    0.0004223038    
0.1574087100    0.0192412650    0.0004120081    
0.1576503000    0.0191854650    0.0004160933    
0.1578918900    0.0189267800    0.0004081854    
0.1581334800    0.0197441900    0.0004193305    
0.1583750700    0.0194409950    0.0004168587    
0.1586166600    0.0186792800    0.0004182045    
0.1588582500    0.0193370550    0.0004250159    
0.1590998300    0.0192268860    0.0004287488    
0.1593414200    0.0189628440    0.0004286552    
0.1595830100    0.0182350790    0.0004227022    
0.1598246000    0.0197042420    0.0004385222    
0.1600661900    0.0197609860    0.0004434238    
0.1603077800    0.0192124190    0.0004393778    
0.1605493700    0.0199512870    0.0004484851    
0.1607909500    0.0194629110    0.0004440625    
0.1610325400    0.0188975540    0.0004403123    
0.1612741300    0.0193036140    0.0004452047    
0.1615157200    0.0196639470    0.0004512406    
0.1617573100    0.0194441540    0.0004492832    
0.1619989000    0.0199531150    0.0004588439    
0.1622404900    0.0189396270    0.0004449307    
0.1624820700    0.0196502670    0.0004577262    
0.1627236600    0.0193463970    0.0004529890    
0.1629652500    0.0191480400    0.0004500752    
0.1632068400    0.0189807240    0.0004416511    
0.1634484300    0.0189405980    0.0004342986    
0.1636900200    0.0195103070    0.0004402439    
0.1639316100    0.0192989990    0.0004350330    
0.1641731900    0.0189253970    0.0004304563    
0.1644147800    0.0193688810    0.0004320226    
0.1646563700    0.0191773660    0.0004314152    
0.1648979600    0.0184999920    0.0004202374    
0.1651395500    0.0184534370    0.0004216896    
0.1653811400    0.0191138620    0.0004266530    
0.1656227200    0.0191940630    0.0004297298    
0.1658643100    0.0187733460    0.0004216867    
0.1661059000    0.0186163890    0.0004194327    
0.1663474900    0.0190504810    0.0004213718    
0.1665890800    0.0188217590    0.0004186750    
0.1668306700    0.0188690270    0.0004212928    
0.1670722600    0.0186727500    0.0004170144    
0.1673138400    0.0189004840    0.0004193899    
0.1675554300    0.0195076550    0.0004239793    
0.1677970200    0.0190906770    0.0004213343    
0.1680386100    0.0182769040    0.0004127279    
0.1682802000    0.0182591070    0.0004100324    
0.1685217900    0.0188220380    0.0004149005    
0.1687633800    0.0184696080    0.0004105371    
0.1690049600    0.0190028780    0.0004190905    
0.1692465500    0.0180668490    0.0004034830    
0.1694881400    0.0193509630    0.0004203752    
0.1697297300    0.0195627520    0.0004214114    
0.1699713200    0.0187544020    0.0004146201    
0.1702129100    0.0189669970    0.0004131077    
0.1704545000    0.0185949710    0.0004100945    
0.1706960800    0.0186199570    0.0004120508    
0.1709376700    0.0186534650    0.0004077321    
0.1711792600    0.0187546110    0.0004103352    
0.1714208500    0.0183370450    0.0004035240    
0.1716624400    0.0187732200    0.0004108408    
0.1719040300    0.0192514210    0.0004124147    
0.1721456200    0.0192276530    0.0004138090    
0.1723872000    0.0191564060    0.0004130416    
0.1726287900    0.0184659040    0.0004050865    
0.1728703800    0.0182701510    0.0004038157    
0.1731119700    0.0181823880    0.0004008005    
0.1733535600    0.0184961510    0.0004043901    
0.1735951500    0.0184243070    0.0004012877    
0.1738367300    0.0184866220    0.0004034112    
0.1740783200    0.0190302440    0.0004073962    
0.1743199100    0.0181883220    0.0003987095    
0.1745615000    0.0181541090    0.0003974823    
0.1748030900    0.0183195000    0.0003984383    
0.1750446800    0.0181996870    0.0004015722    
0.1752862700    0.0180520350    0.0003946802    
0.1755278500    0.0176670910    0.0003959400    
0.1757694400    0.0182068440    0.0003972114    
0.1760110300    0.0180890080    0.0003966277    
0.1762526200    0.0182765370    0.0003965671    
0.1764942100    0.0189102170    0.0004038101    
0.1767358000    0.0184099680    0.0003981523    
0.1769773900    0.0190184190    0.0004038254    
0.1772189700    0.0185260750    0.0003992651    
0.1774605600    0.0192887070    0.0004085527    
0.1777021500    0.0190660970    0.0004044732    
0.1779437400    0.0184956050    0.0003985159    
0.1781853300    0.0186215540    0.0004008577    
0.1784269200    0.0190653590    0.0004019331    
0.1786685100    0.0189540050    0.0004017338    
0.1789100900    0.0178588630    0.0003886036    
0.1791516800    0.0189306190    0.0004007883    
0.1793932700    0.0184512870    0.0003958191    
0.1796348600    0.0181430320    0.0003907379    
0.1798764500    0.0186647710    0.0003963163    
0.1801180400    0.0186018460    0.0003957839    
0.1803596200    0.0186353410    0.0003987595    
0.1806012100    0.0192225290    0.0004017794    
0.1808428000    0.0180512290    0.0003892123    
0.1810843900    0.0185408470    0.0003932420    
0.1813259800    0.0189139970    0.0003978589    
0.1815675700    0.0177985460    0.0003852896    
0.1818091600    0.0185905320    0.0003935000    
0.1820507400    0.0188744660    0.0003967641    
0.1822923300    0.0178837710    0.0003854225    
0.1825339200    0.0186875410    0.0003951994    
0.1827755100    0.0181706640    0.0003881061    
0.1830171000    0.0184250060    0.0003938982    
0.1832586900    0.0175851320    0.0003810271    
0.1835002800    0.0185639370    0.0003918850    
0.1837418600    0.0180854350    0.0003857582    
0.1839834500    0.0183944820    0.0003904891    
0.1842250400    0.0177832740    0.0003831677    
0.1844666300    0.0191974040    0.0003977082    
0.1847082200    0.0183158230    0.0003882074    
0.1849498100    0.0186991810    0.0003926459    
0.1851914000    0.0182157230    0.0003895130    
0.1854329800    0.0178169880    0.0003832718    
0.1856745700    0.0187618950    0.0003937025    
0.1859161600    0.0189961250    0.0003933696    
0.1861577500    0.0183444570    0.0003865633    
0.1863993400    0.0179842050    0.0003837736    
0.1866409300    0.0184498660    0.0003868993    
0.1868825200    0.0180022760    0.0003853896    
0.1871241000    0.0186163820    0.0003887705    
0.1873656900    0.0177086100    0.0003812052    
0.1876072800    0.0182635160    0.0003841759    
0.1878488700    0.0183651920    0.0003887303    
0.1880904600    0.0184100610    0.0003882908    
0.1883320500    0.0182918720    0.0003840932    
0.1885736300    0.0185589380    0.0003876554    
0.1888152200    0.0180611330    0.0003822943    
0.1890568100    0.0177912550    0.0003804365    
0.1892984000    0.0178210620    0.0003787431    
0.1895399900    0.0183362680    0.0003854505    
0.1897815800    0.0179878550    0.0003817710    
0.1900231700    0.0183686790    0.0003857911    
0.1902647500    0.0180138300    0.0003810371    
0.1905063400    0.0178343540    0.0003815326    
0.1907479300    0.0176861340    0.0003779296    
0.1909895200    0.0183241590    0.0003831695    
0.1912311100    0.0183482490    0.0003839252    
0.1914727000    0.0186328330    0.0003865101    
0.1917142900    0.0176305260    0.0003770858    
0.1919558700    0.0178801700    0.0003765289    
0.1921974600    0.0177192430    0.0003780334    
0.1924390500    0.0182553380    0.0003843442    
0.1926806400    0.0180873220    0.0003810603    
0.1929222300    0.0186463210    0.0003875410    
0.1931638200    0.0181142180    0.0003788624    
0.1934054100    0.0175624770    0.0003762332    
0.1936469900    0.0178600430    0.0003764391    
0.1938885800    0.0186969740    0.0003871748    
0.1941301700    0.0174145380    0.0003719561    
0.1943717600    0.0183803140    0.0003840081    
0.1946133500    0.0179775940    0.0003763343    
0.1948549400    0.0175934420    0.0003748379    
0.1950965300    0.0186430000    0.0003854790    
0.1953381100    0.0180615020    0.0003791723    
0.1955797000    0.0179645590    0.0003788946    
0.1958212900    0.0180041230    0.0003772203    
0.1960628800    0.0179445990    0.0003767181    
0.1963044700    0.0178236480    0.0003748403    
0.1965460600    0.0175790140    0.0003752980    
0.1967876400    0.0175473250    0.0003710864    
0.1970292300    0.0178721240    0.0003748663    
0.1972708200    0.0177330950    0.0003750989    
0.1975124100    0.0181538380    0.0003792765    
0.1977540000    0.0182450180    0.0003801045    
0.1979955900    0.0186642810    0.0003841981    
0.1982371800    0.0183996670    0.0003823320    
0.1984787600    0.0176329460    0.0003700939    
0.1987203500    0.0188899930    0.0003852694    
0.1989619400    0.0186625490    0.0003831895    
0.1992035300    0.0181439820    0.0003771005    
0.1994451200    0.0176964300    0.0003726597    
0.1996867100    0.0175190530    0.0003700750    
0.1999283000    0.0182850030    0.0003788062    
0.2001698800    0.0177656140    0.0003738680    
0.2004114700    0.0170461430    0.0003672851    
0.2006530600    0.0186902900    0.0003815139    
0.2008946500    0.0183672780    0.0003790494    
0.2011362400    0.0182008060    0.0003748165    
0.2013778300    0.0177670590    0.0003734026    
0.2016194200    0.0182508310    0.0003756874    
0.2018610000    0.0186907520    0.0003817621    
0.2021025900    0.0188125410    0.0003833710    
0.2023441800    0.0179084360    0.0003730924    
0.2025857700    0.0177635630    0.0003719353    
0.2028273600    0.0180062050    0.0003760280    
0.2030689500    0.0185348010    0.0003801660    
0.2033105400    0.0181701310    0.0003742642    
0.2035521200    0.0175042530    0.0003688582    
0.2037937100    0.0184095210    0.0003776759    
0.2040353000    0.0181647300    0.0003759919    
0.2042768900    0.0183474870    0.0003765618    
0.2045184800    0.0177839160    0.0003692185    
0.2047600700    0.0183476100    0.0003777596    
0.2050016500    0.0184606390    0.0003792837    
0.2052432400    0.0181142780    0.0003753499    
0.2054848300    0.0183050240    0.0003757694    
0.2057264200    0.0184297280    0.0003794503    
0.2059680100    0.0174717810    0.0003655056    
0.2062096000    0.0189787560    0.0003822604    
0.2064511900    0.0196206100    0.0003879379    
0.2066927700    0.0185641840    0.0003790188    
0.2069343600    0.0187256810    0.0003801826    
0.2071759500    0.0182201710    0.0003748975    
0.2074175400    0.0184668400    0.0003771886    
0.2076591300    0.0180632080    0.0003724571    
0.2079007200    0.0188353300    0.0003833581    
0.2081423100    0.0193310850    0.0003847030    
0.2083838900    0.0183473890    0.0003756116    
0.2086254800    0.0186675760    0.0003794724    
0.2088670700    0.0180708880    0.0003725362    
0.2091086600    0.0190628390    0.0003839539    
0.2093502500    0.0183089900    0.0003747470    
0.2095918400    0.0181575990    0.0003752018    
0.2098334300    0.0181736930    0.0003746556    
0.2100750100    0.0178618000    0.0003726063    
0.2103166000    0.0181918820    0.0003763927    
0.2105581900    0.0185697800    0.0003774065    
0.2107997800    0.0176338290    0.0003698681    
0.2110413700    0.0176527560    0.0003680854    
0.2112829600    0.0180012940    0.0003742966    
0.2115245400    0.0183128340    0.0003746688    
0.2117661300    0.0182971140    0.0003768797    
0.2120077200    0.0186472840    0.0003786690    
0.2122493100    0.0180424600    0.0003758030    
0.2124909000    0.0187529650    0.0003805797    
0.2127324900    0.0187078010    0.0003826694    
0.2129740800    0.0185361770    0.0003778961    
0.2132156600    0.0182896450    0.0003753746    
0.2134572500    0.0187318350    0.0003813306    
0.2136988400    0.0180180440    0.0003737572    
0.2139404300    0.0178216080    0.0003698416    
0.2141820200    0.0183901110    0.0003773571    
0.2144236100    0.0184800240    0.0003793619    
0.2146652000    0.0184951730    0.0003790345    
0.2149067800    0.0185706930    0.0003781285    
0.2151483700    0.0178283060    0.0003761045    
0.2153899600    0.0182630850    0.0003854482    
0.2156315500    0.0182327710    0.0003889008    
0.2158731400    0.0178935710    0.0003867129    
0.2161147300    0.0178911680    0.0003915376    
0.2163563200    0.0182980270    0.0003969400    
0.2165979000    0.0185816310    0.0004029974    
0.2168394900    0.0180830900    0.0003978391    
0.2170810800    0.0177776490    0.0003989190    
0.2173226700    0.0182343120    0.0004037145    
0.2175642600    0.0172978840    0.0003953867    
0.2178058500    0.0175997730    0.0004003051    
0.2180474400    0.0180845250    0.0004077603    
0.2182890200    0.0178143790    0.0004079391    
0.2185306100    0.0176134820    0.0004030218    
0.2187722000    0.0180728190    0.0004134239    
0.2190137900    0.0177205240    0.0004085848    
0.2192553800    0.0176802730    0.0004119497    
0.2194969700    0.0177262320    0.0004099167    
0.2197385500    0.0173684530    0.0004032637    
0.2199801400    0.0174436100    0.0003998683    
0.2202217300    0.0178201740    0.0004002765    
0.2204633200    0.0178828750    0.0003990759    
0.2207049100    0.0176249260    0.0003936136    
0.2209465000    0.0170183830    0.0003867814    
0.2211880900    0.0174317740    0.0003894943    
0.2214296700    0.0173301830    0.0003878056    
0.2216712600    0.0170041760    0.0003835962    
0.2219128500    0.0178549030    0.0003919660    
0.2221544400    0.0177980480    0.0003932850    
0.2223960300    0.0170374500    0.0003828882    
0.2226376200    0.0177163530    0.0003935024    
0.2228792100    0.0178244310    0.0003917694    
0.2231207900    0.0176005500    0.0003893012    
0.2233623800    0.0173205630    0.0003837660    
0.2236039700    0.0170462660    0.0003823148    
0.2238455600    0.0176701010    0.0003873495    
0.2240871500    0.0173994020    0.0003850405    
0.2243287400    0.0171265260    0.0003800269    
0.2245703300    0.0175164280    0.0003868732    
0.2248119100    0.0172801110    0.0003837183    
0.2250535000    0.0171062880    0.0003816505    
0.2252950900    0.0169552690    0.0003814268    
0.2255366800    0.0170692360    0.0003791292    
0.2257782700    0.0177612280    0.0003876741    
0.2260198600    0.0171852810    0.0003800231    
0.2262614500    0.0173162320    0.0003813371    
0.2265030300    0.0177461190    0.0003855120    
0.2267446200    0.0177712320    0.0003872473    
0.2269862100    0.0170879760    0.0003771344    
0.2272278000    0.0169389070    0.0003765131    
0.2274693900    0.0177417640    0.0003841505    
0.2277109800    0.0176888600    0.0003870175    
0.2279525600    0.0169400460    0.0003752429    
0.2281941500    0.0174553960    0.0003818181    
0.2284357400    0.0169746880    0.0003760103    
0.2286773300    0.0167305830    0.0003745757    
0.2289189200    0.0174210770    0.0003798878    
0.2291605100    0.0175236370    0.0003832192    
0.2294021000    0.0174221470    0.0003805450    
0.2296436800    0.0174650660    0.0003844283    
0.2298852700    0.0168091190    0.0003735360    
0.2301268600    0.0168961450    0.0003783773    
0.2303684500    0.0171850100    0.0003793684    
0.2306100400    0.0172994370    0.0003811521    
0.2308516300    0.0174625640    0.0003821578    
0.2310932200    0.0172043080    0.0003812838    
0.2313348000    0.0170309660    0.0003775349    
0.2315763900    0.0169486260    0.0003770087    
0.2318179800    0.0179598240    0.0003899705    
0.2320595700    0.0168123650    0.0003757481    
0.2323011600    0.0167818060    0.0003765729    
0.2325427500    0.0177366620    0.0003871379    
0.2327843400    0.0172510400    0.0003832618    
0.2330259200    0.0174291110    0.0003817916    
0.2332675100    0.0172002140    0.0003797965    
0.2335091000    0.0164831050    0.0003730776    
0.2337506900    0.0171998930    0.0003791430    
0.2339922800    0.0178673190    0.0003886956    
0.2342338700    0.0171147140    0.0003797648    
0.2344754600    0.0166110920    0.0003753021    
0.2347170400    0.0168060600    0.0003754197    
0.2349586300    0.0172074090    0.0003807918    
0.2352002200    0.0171457030    0.0003832938    
0.2354418100    0.0166812130    0.0003758327    
0.2356834000    0.0176897450    0.0003867593    
0.2359249900    0.0169793390    0.0003765755    
0.2361665700    0.0164163260    0.0003734844    
0.2364081600    0.0174457920    0.0003828926    
0.2366497500    0.0168836650    0.0003787632    
0.2368913400    0.0169040460    0.0003774202    
0.2371329300    0.0166728280    0.0003771786    
0.2373745200    0.0172739470    0.0003824516    
0.2376161100    0.0171045940    0.0003805722    
0.2378576900    0.0168828880    0.0003794147    
0.2380992800    0.0164856510    0.0003728488    
0.2383408700    0.0168654730    0.0003781648    
0.2385824600    0.0171046060    0.0003792605    
0.2388240500    0.0164698930    0.0003738333    
0.2390656400    0.0171606310    0.0003817246    
0.2393072300    0.0172261960    0.0003813944    
0.2395488100    0.0174687020    0.0003846015    
0.2397904000    0.0169051980    0.0003795329    
0.2400319900    0.0171575550    0.0003828896    
0.2402735800    0.0169229200    0.0003807955    
0.2405151700    0.0172821830    0.0003841434    
0.2407567600    0.0169345010    0.0003776299    
0.2409983500    0.0169274760    0.0003796505    
0.2412399300    0.0172937490    0.0003821415    
0.2414815200    0.0165368190    0.0003760311    
0.2417231100    0.0170844380    0.0003789065    
0.2419647000    0.0164029380    0.0003746369    
0.2422062900    0.0167922860    0.0003785273    
0.2424478800    0.0171028720    0.0003821453    
0.2426894600    0.0170993890    0.0003839894    
0.2429310500    0.0170858660    0.0003812898    
0.2431726400    0.0167222200    0.0003769480    
0.2434142300    0.0167470610    0.0003757933    
0.2436558200    0.0162113910    0.0003734907    
0.2438974100    0.0167311050    0.0003760036    
0.2441390000    0.0166867740    0.0003772046    
0.2443805800    0.0159160030    0.0003686473    
0.2446221700    0.0167965400    0.0003791051    
0.2448637600    0.0164235500    0.0003757944    
0.2451053500    0.0164192470    0.0003736475    
0.2453469400    0.0168561810    0.0003826013    
0.2455885300    0.0173460720    0.0003840485    
0.2458301200    0.0169891800    0.0003824801    
0.2460717000    0.0171588230    0.0003813072    
0.2463132900    0.0163115150    0.0003721608    
0.2465548800    0.0161085210    0.0003719112    
0.2467964700    0.0167795460    0.0003778564    
0.2470380600    0.0165856840    0.0003768500    
0.2472796500    0.0166938610    0.0003779446    
0.2475212400    0.0169556100    0.0003831837    
0.2477628200    0.0170454110    0.0003850166    
0.2480044100    0.0168370320    0.0003787669    
0.2482460000    0.0165077130    0.0003751753    
0.2484875900    0.0171799770    0.0003836767    
0.2487291800    0.0167601180    0.0003789594    
0.2489707700    0.0163542320    0.0003734271    
0.2492123600    0.0165764620    0.0003782058    
0.2494539400    0.0165752610    0.0003773934    
0.2496955300    0.0170476510    0.0003834080    
0.2499371200    0.0162774320    0.0003733317    
0.2501787100    0.0160349570    0.0003746322    
0.2504203000    0.0170037520    0.0003811696    
0.2506618900    0.0171029080    0.0003801585    
0.2509034700    0.0165801780    0.0003769196    
0.2511450600    0.0158306170    0.0003676571    
0.2513866500    0.0160199840    0.0003707575    
0.2516282400    0.0160519530    0.0003685481    
0.2518698300    0.0170190110    0.0003816075    
0.2521114200    0.0168508430    0.0003787902    
0.2523530100    0.0169781190    0.0003808822    
0.2525945900    0.0161471520    0.0003705386    
0.2528361800    0.0169043670    0.0003819282    
0.2530777700    0.0167351490    0.0003765703    
0.2533193600    0.0166158450    0.0003748359    
0.2535609500    0.0166464870    0.0003764863    
0.2538025400    0.0170943750    0.0003813847    
0.2540441300    0.0170092860    0.0003804343    
0.2542857100    0.0170417550    0.0003804001    
0.2545273000    0.0164661750    0.0003758852    
0.2547688900    0.0165452040    0.0003739089    
0.2550104800    0.0174357830    0.0003867939    
0.2552520700    0.0166375990    0.0003793046    
0.2554936600    0.0165262990    0.0003743430    
0.2557352500    0.0169610290    0.0003806904    
0.2559768300    0.0156166480    0.0003637686    
0.2562184200    0.0166082960    0.0003769748    
0.2564600100    0.0162634970    0.0003709687    
0.2567016000    0.0165459030    0.0003765298    
0.2569431900    0.0163682290    0.0003730666    
0.2571847800    0.0162803970    0.0003715475    
0.2574263700    0.0166913420    0.0003767308    
0.2576679500    0.0161977780    0.0003718962    
0.2579095400    0.0173099340    0.0003848553    
0.2581511300    0.0166558100    0.0003755464    
0.2583927200    0.0159030000    0.0003665804    
0.2586343100    0.0164932490    0.0003721650    
0.2588759000    0.0168114690    0.0003784793    
0.2591174800    0.0163280430    0.0003700421    
0.2593590700    0.0163449250    0.0003706151    
0.2596006600    0.0165935050    0.0003747135    
0.2598422500    0.0169672260    0.0003793039    
0.2600838400    0.0163879360    0.0003730316    
0.2603254300    0.0169900000    0.0003811487    
0.2605670200    0.0165917230    0.0003753438    
0.2608086000    0.0165563590    0.0003719826    
0.2610501900    0.0162888880    0.0003708731    
0.2612917800    0.0172250810    0.0003823079    
0.2615333700    0.0167870960    0.0003765021    
0.2617749600    0.0161250570    0.0003696425    
0.2620165500    0.0167386280    0.0003756986    
0.2622581400    0.0164197820    0.0003744361    
0.2624997200    0.0172654790    0.0003823579    
0.2627413100    0.0164931900    0.0003773879    
0.2629829000    0.0169672670    0.0003769573    
0.2632244900    0.0166944570    0.0003768971    
0.2634660800    0.0174433570    0.0003833936    
0.2637076700    0.0167997600    0.0003771657    
0.2639492600    0.0176295870    0.0003863686    
0.2641908400    0.0164078290    0.0003733877    
0.2644324300    0.0169340480    0.0003799891    
0.2646740200    0.0164205570    0.0003714716    
0.2649156100    0.0167868650    0.0003796612    
0.2651572000    0.0172065530    0.0003823679    
0.2653987900    0.0166151320    0.0003777142    
0.2656403800    0.0161468500    0.0003709225    
0.2658819600    0.0160973510    0.0003688136    
0.2661235500    0.0177005760    0.0003887655    
0.2663651400    0.0173212160    0.0003828419    
0.2666067300    0.0162548820    0.0003716433    
0.2668483200    0.0165317850    0.0003742753    
0.2670899100    0.0166220170    0.0003784579    
0.2673314900    0.0161676830    0.0003697463    
0.2675730800    0.0169810110    0.0003817163    
0.2678146700    0.0164211390    0.0003764297    
0.2680562600    0.0172759930    0.0003828725    
0.2682978500    0.0164421310    0.0003741683    
0.2685394400    0.0168356990    0.0003773076    
0.2687810300    0.0164910770    0.0003753793    
0.2690226100    0.0172123910    0.0003807157    
0.2692642000    0.0168159410    0.0003811972    
0.2695057900    0.0169908080    0.0003798311    
0.2697473800    0.0173934880    0.0003844393    
0.2699889700    0.0170564500    0.0003828321    
0.2702305600    0.0167027320    0.0003795095    
0.2704721500    0.0161885910    0.0003729654    
0.2707137300    0.0173719870    0.0003834026    
0.2709553200    0.0165060670    0.0003762082    
0.2711969100    0.0170141350    0.0003810196    
0.2714385000    0.0167106000    0.0003766860    
0.2716800900    0.0165056170    0.0003758077    
0.2719216800    0.0165002650    0.0003840388    
0.2721632700    0.0165152900    0.0003869119    
0.2724048500    0.0173145830    0.0004012566    
0.2726464400    0.0160859670    0.0003938666    
0.2728880300    0.0170193560    0.0004054527    
0.2731296200    0.0164968140    0.0004014073    
0.2733712100    0.0167251330    0.0004074456    
0.2736128000    0.0175224200    0.0004227489    
0.2738543800    0.0165034140    0.0004078960    
0.2740959700    0.0166582320    0.0004137494    
0.2743375600    0.0162221990    0.0004112491    
0.2745791500    0.0162040750    0.0004127841    
0.2748207400    0.0166542140    0.0004213894    
0.2750623300    0.0160464740    0.0004136294    
0.2753039200    0.0174678420    0.0004361512    
0.2755455000    0.0166885330    0.0004249873    
0.2757870900    0.0166112930    0.0004303386    
0.2760286800    0.0165014200    0.0004267767    
0.2762702700    0.0168451930    0.0004392074    
0.2765118600    0.0167915780    0.0004211075    
0.2767534500    0.0167248440    0.0004186447    
0.2769950400    0.0166732170    0.0004146335    
0.2772366200    0.0161671590    0.0004040527    
0.2774782100    0.0166122730    0.0004100858    
0.2777198000    0.0169699580    0.0004155112    
0.2779613900    0.0166223960    0.0004102107    
0.2782029800    0.0166389560    0.0004024900    
0.2784445700    0.0163676160    0.0004025770    
0.2786861600    0.0168562020    0.0004073876    
0.2789277400    0.0168983090    0.0004033710    
0.2791693300    0.0166356670    0.0004005398    
0.2794109200    0.0170478710    0.0004074057    
0.2796525100    0.0169937080    0.0004061113    
0.2798941000    0.0158711290    0.0003880251    
0.2801356900    0.0164595250    0.0003992021    
0.2803772800    0.0165249100    0.0004035270    
0.2806188600    0.0163610560    0.0003933583    
0.2808604500    0.0165037690    0.0003929469    
0.2811020400    0.0155657410    0.0003830860    
0.2813436300    0.0157683130    0.0003873682    
0.2815852200    0.0158004640    0.0003838956    
0.2818268100    0.0163671270    0.0003928236    
0.2820683900    0.0163706960    0.0003939318    
0.2823099800    0.0167333830    0.0003979629    
0.2825515700    0.0162452080    0.0003886680    
0.2827931600    0.0168758170    0.0004008971    
0.2830347500    0.0166054870    0.0003953687    
0.2832763400    0.0163476240    0.0003903371    
0.2835179300    0.0162544220    0.0003892228    
0.2837595100    0.0157071620    0.0003848223    
0.2840011000    0.0160932540    0.0003899748    
0.2842426900    0.0159427710    0.0003843026    
0.2844842800    0.0161325310    0.0003886511    
0.2847258700    0.0163981430    0.0003924394    
0.2849674600    0.0162696700    0.0003919549    
0.2852090500    0.0162761210    0.0003900781    
0.2854506300    0.0162917030    0.0003919175    
0.2856922200    0.0156857610    0.0003833786    
0.2859338100    0.0162791700    0.0003911635    
0.2861754000    0.0163939910    0.0003904438    
0.2864169900    0.0163536480    0.0003898148    
0.2866585800    0.0161948030    0.0003896992    
0.2869001700    0.0165219520    0.0003927125    
0.2871417500    0.0169870800    0.0003977465    
0.2873833400    0.0158158500    0.0003854087    
0.2876249300    0.0159277120    0.0003872159    
0.2878665200    0.0170033530    0.0004025660    
0.2881081100    0.0163867780    0.0003882948    
0.2883497000    0.0158853410    0.0003844853    
0.2885912900    0.0163288980    0.0003896679    
0.2888328700    0.0164995370    0.0003918478    
0.2890744600    0.0161002530    0.0003861961    
0.2893160500    0.0164804930    0.0003911749    
0.2895576400    0.0166013950    0.0003947123    
0.2897992300    0.0154666900    0.0003772363    
0.2900408200    0.0168308570    0.0003944130    
0.2902824000    0.0163292410    0.0003914636    
0.2905239900    0.0158201990    0.0003836962    
0.2907655800    0.0164293010    0.0003882141    
0.2910071700    0.0168145780    0.0003927397    
0.2912487600    0.0159451360    0.0003830266    
0.2914903500    0.0161727180    0.0003847377    
0.2917319400    0.0161098760    0.0003827016    
0.2919735200    0.0162337790    0.0003853190    
0.2922151100    0.0161276920    0.0003833413    
0.2924567000    0.0165264450    0.0003887768    
0.2926982900    0.0170330670    0.0003948387    
0.2929398800    0.0158353870    0.0003827162    
0.2931814700    0.0164609040    0.0003862743    
0.2934230600    0.0160758980    0.0003828680    
0.2936646400    0.0170199740    0.0003911862    
0.2939062300    0.0165420620    0.0003892519    
0.2941478200    0.0160625820    0.0003811482    
0.2943894100    0.0165474020    0.0003887324    
0.2946310000    0.0161433210    0.0003829562    
0.2948725900    0.0165806700    0.0003889776    
0.2951141800    0.0165553520    0.0003879569    
0.2953557600    0.0170196690    0.0003960205    
0.2955973500    0.0156852890    0.0003767847    
0.2958389400    0.0163307790    0.0003837494    
0.2960805300    0.0164903820    0.0003859049    
0.2963221200    0.0158808110    0.0003780074    
0.2965637100    0.0160849090    0.0003802887    
0.2968053000    0.0161932360    0.0003807276    
0.2970468800    0.0169550160    0.0003907267    
0.2972884700    0.0159694490    0.0003780877    
0.2975300600    0.0164707320    0.0003839759    
0.2977716500    0.0168537960    0.0003898460    
0.2980132400    0.0165211630    0.0003868372    
0.2982548300    0.0169279110    0.0003885575    
0.2984964100    0.0166118450    0.0003843523    
0.2987380000    0.0167204320    0.0003864511    
0.2989795900    0.0158648460    0.0003756111    
0.2992211800    0.0160876130    0.0003778267    
0.2994627700    0.0161637730    0.0003798250    
0.2997043600    0.0158790270    0.0003774307    
0.2999459500    0.0163693960    0.0003830736    
0.3001875300    0.0163125590    0.0003818481    
0.3004291200    0.0161974080    0.0003844557    
0.3006707100    0.0168684790    0.0003868876    
0.3009123000    0.0166350940    0.0003860285    
0.3011538900    0.0158764590    0.0003745239    
0.3013954800    0.0159522920    0.0003774699    
0.3016370700    0.0162322440    0.0003804897    
0.3018786500    0.0162411630    0.0003805942    
0.3021202400    0.0158817360    0.0003762219    
0.3023618300    0.0159949990    0.0003792244    
0.3026034200    0.0163812170    0.0003829311    
0.3028450100    0.0159839170    0.0003785363    
0.3030866000    0.0160910510    0.0003802215    
0.3033281900    0.0159305860    0.0003761149    
0.3035697700    0.0157889090    0.0003753948    
0.3038113600    0.0157941320    0.0003757314    
0.3040529500    0.0166377680    0.0003842328    
0.3042945400    0.0162621460    0.0003797329    
0.3045361300    0.0162138950    0.0003815298    
0.3047777200    0.0162709220    0.0003806650    
0.3050193100    0.0166425090    0.0003852680    
0.3052608900    0.0159928820    0.0003786424    
0.3055024800    0.0165951030    0.0003906082    
0.3057440700    0.0159206330    0.0003750446    
0.3059856600    0.0162562090    0.0003798014    
0.3062272500    0.0161341370    0.0003793381    
0.3064688400    0.0165935110    0.0003856871    
0.3067104200    0.0164269770    0.0003806868    
0.3069520100    0.0164253870    0.0003826070    
0.3071936000    0.0163991200    0.0003831403    
0.3074351900    0.0165608390    0.0003854486    
0.3076767800    0.0157947880    0.0003743724    
0.3079183700    0.0158961850    0.0003794498    
0.3081599600    0.0153708410    0.0003731270    
0.3084015400    0.0161588900    0.0003782510    
0.3086431300    0.0152955750    0.0003677416    
0.3088847200    0.0155218750    0.0003727517    
0.3091263100    0.0162174870    0.0003800394    
0.3093679000    0.0152556070    0.0003691353    
0.3096094900    0.0158967880    0.0003748992    
0.3098510800    0.0165864930    0.0003868849    
0.3100926600    0.0159997150    0.0003781688    
0.3103342500    0.0162857440    0.0003815341    
0.3105758400    0.0158807840    0.0003794066    
0.3108174300    0.0161554450    0.0003788977    
0.3110590200    0.0157534300    0.0003759351    
0.3113006100    0.0157881090    0.0003734804    
0.3115422000    0.0156996030    0.0003752923    
0.3117837800    0.0158167260    0.0003753143    
0.3120253700    0.0167694650    0.0003875844    
0.3122669600    0.0162474320    0.0003792859    
0.3125085500    0.0163156610    0.0003828660    
0.3127501400    0.0168287920    0.0003881271    
0.3129917300    0.0157588810    0.0003772486    
0.3132333100    0.0161449570    0.0003808578    
0.3134749000    0.0161692760    0.0003805853    
0.3137164900    0.0166118450    0.0003843523    
0.3139580800    0.0162798540    0.0003803538    
0.3141996700    0.0156717160    0.0003734538    
0.3144412600    0.0160984620    0.0003789185    
0.3146828500    0.0162140660    0.0003811120    
0.3149244300    0.0170351970    0.0003890775    
0.3151660200    0.0151096260    0.0003683084    
0.3154076100    0.0165259860    0.0003858937    
0.3156492000    0.0164067740    0.0003860685    
0.3158907900    0.0162473350    0.0003796977    
0.3161323800    0.0161348240    0.0003785182    
0.3163739700    0.0160043760    0.0003771220    
0.3166155500    0.0159445610    0.0003783477    
0.3168571400    0.0155649240    0.0003721792    
0.3170987300    0.0166432790    0.0003856995    
0.3173403200    0.0169561230    0.0003893076    
0.3175819100    0.0158368280    0.0003770673    
0.3178235000    0.0166790330    0.0003861136    
0.3180650900    0.0162345490    0.0003827583    
0.3183066700    0.0163395840    0.0003830058    
0.3185482600    0.0165312860    0.0003853876    
0.3187898500    0.0154706200    0.0003702419    
0.3190314400    0.0156396770    0.0003737530    
0.3192730300    0.0161936670    0.0003798986    
0.3195146200    0.0160444070    0.0003786966    
0.3197562100    0.0154759310    0.0003711137    
0.3199977900    0.0154253130    0.0003711828    
0.3202393800    0.0161597370    0.0003813126    
0.3204809700    0.0163247910    0.0003838207    
0.3207225600    0.0159465390    0.0003789284    
0.3209641500    0.0163126970    0.0003831130    
0.3212057400    0.0161227380    0.0003786517    
0.3214473200    0.0165559080    0.0003839842    
0.3216889100    0.0161789780    0.0003794496    
0.3219305000    0.0158700560    0.0003773241    
0.3221720900    0.0165570690    0.0003848400    
0.3224136800    0.0157859140    0.0003742672    
0.3226552700    0.0161012090    0.0003821724    
0.3228968600    0.0160472080    0.0003788683    
0.3231384400    0.0158296990    0.0003799249    
0.3233800300    0.0161049530    0.0003784428    
0.3236216200    0.0161907700    0.0003797262    
0.3238632100    0.0159103310    0.0003771110    
0.3241048000    0.0158378280    0.0003766643    
0.3243463900    0.0155129230    0.0003726442    
0.3245879800    0.0161159140    0.0003795396    
0.3248295600    0.0159941920    0.0003778273    
0.3250711500    0.0156014770    0.0003731599    
0.3253127400    0.0163665180    0.0003833213    
0.3255543300    0.0157998320    0.0003770424    
0.3257959200    0.0158853200    0.0003801665    
0.3260375100    0.0157759170    0.0003745569    
0.3262791000    0.0156676250    0.0003746349    
0.3265206800    0.0155990080    0.0003729942    
0.3267622700    0.0163275870    0.0003827246    
0.3270038600    0.0157367100    0.0003753224    
0.3272454500    0.0154229700    0.0003710190    
0.3274870400    0.0155796110    0.0003731710    
0.3277286300    0.0164957990    0.0003853990    
0.3279702200    0.0153273780    0.0003710892    
0.3282118000    0.0161579650    0.0003838440    
0.3284533900    0.0160952020    0.0003791570    
0.3286949800    0.0162310560    0.0003942411    
0.3289365700    0.0166360320    0.0004045553    
0.3291781600    0.0160615370    0.0004009125    
0.3294197500    0.0162643900    0.0004081432    
0.3296613300    0.0164624240    0.0004148141    
0.3299029200    0.0155721290    0.0004039602    
0.3301445100    0.0154325420    0.0004079601    
0.3303861000    0.0159784010    0.0004178877    
0.3306276900    0.0162473110    0.0004246303    
0.3308692800    0.0161398940    0.0004234166    
0.3311108700    0.0157759990    0.0004220838    
0.3313524500    0.0156834580    0.0004255905    
0.3315940400    0.0159730850    0.0004288946    
0.3318356300    0.0161065700    0.0004362698    
0.3320772200    0.0159483450    0.0004345421    
0.3323188100    0.0164645910    0.0004456405    
0.3325604000    0.0162957110    0.0004426940    
0.3328019900    0.0158782700    0.0004415744    
0.3330435700    0.0164520540    0.0004448126    
0.3332851600    0.0163541830    0.0004377097    
0.3335267500    0.0164090150    0.0004248133    
0.3337683400    0.0159361010    0.0004186469    
0.3340099300    0.0160602040    0.0004174651    
0.3342515200    0.0162952500    0.0004164601    
0.3344931100    0.0159511340    0.0004077987    
0.3347346900    0.0164071720    0.0004150059    
0.3349762800    0.0158553180    0.0004058800    
0.3352178700    0.0153843170    0.0003982849    
0.3354594600    0.0167102240    0.0004130075    
0.3357010500    0.0163840360    0.0004099854    
0.3359426400    0.0156788700    0.0004024194    
0.3361842300    0.0164109100    0.0004037640    
0.3364258100    0.0161497770    0.0003998891    
0.3366674000    0.0159707650    0.0003981509    
0.3369089900    0.0155690870    0.0003916829    
0.3371505800    0.0161444880    0.0003980534    
0.3373921700    0.0163311500    0.0004013161    
0.3376337600    0.0163343680    0.0004010321    
0.3378753400    0.0160420720    0.0003975880    
0.3381169300    0.0160835020    0.0003961886    
0.3383585200    0.0156899070    0.0003955997    
0.3386001100    0.0158786010    0.0003920941    
0.3388417000    0.0163339600    0.0003991022    
0.3390832900    0.0159092680    0.0003900080    
0.3393248800    0.0161299500    0.0003956558    
0.3395664600    0.0160564780    0.0003939721    
0.3398080500    0.0161920490    0.0003951632    
0.3400496400    0.0162406310    0.0003943574    
0.3402912300    0.0161707880    0.0003928932    
0.3405328200    0.0163142400    0.0003969648    
0.3407744100    0.0163948150    0.0003981013    
0.3410160000    0.0162206440    0.0003964518    
0.3412575800    0.0160484010    0.0003900348    
0.3414991700    0.0154745940    0.0003827017    
0.3417407600    0.0158349260    0.0003881856    
0.3419823500    0.0160916510    0.0003884561    
0.3422239400    0.0153680440    0.0003812342    
0.3424655300    0.0160478340    0.0003904825    
0.3427071200    0.0163924240    0.0003934308    
0.3429487000    0.0157206730    0.0003857326    
0.3431902900    0.0155789410    0.0003856362    
0.3434318800    0.0155740920    0.0003886243    
0.3436734700    0.0160611010    0.0003874929    
0.3439150600    0.0160063190    0.0003859466    
0.3441566500    0.0157892600    0.0003856779    
0.3443982300    0.0163449640    0.0003919532    
0.3446398200    0.0162667730    0.0003899660    
0.3448814100    0.0171062880    0.0004009776    
0.3451230000    0.0163733490    0.0003927468    
0.3453645900    0.0158646260    0.0003865973    
0.3456061800    0.0164163520    0.0003917549    
0.3458477700    0.0158938820    0.0003880020    
0.3460893500    0.0164712510    0.0003945281    
0.3463309400    0.0164809250    0.0003916267    
0.3465725300    0.0163537900    0.0003902619    
0.3468141200    0.0165826260    0.0003944891    
0.3470557100    0.0157191900    0.0003830532    
0.3472973000    0.0155008740    0.0003812587    
0.3475388900    0.0164615360    0.0003905050    
0.3477804700    0.0158395020    0.0003849577    
0.3480220600    0.0161887090    0.0003893272    
0.3482636500    0.0165065590    0.0003926795    
0.3485052400    0.0159996460    0.0003903514    
0.3487468300    0.0166179090    0.0003935507    
0.3489884200    0.0165307390    0.0003923675    
0.3492300100    0.0157402250    0.0003814201    
0.3494715900    0.0164916010    0.0003931031    
0.3497131800    0.0162485700    0.0003875303    
0.3499547700    0.0157525930    0.0003837533    
0.3501963600    0.0162392080    0.0003878590    
0.3504379500    0.0158043170    0.0003836497    
0.3506795400    0.0159058790    0.0003853212    
0.3509211300    0.0162104940    0.0003897384    
0.3511627100    0.0155477610    0.0003818349    
0.3514043000    0.0165813050    0.0003914781    
0.3516458900    0.0158027040    0.0003830466    
0.3518874800    0.0154721880    0.0003781586    
0.3521290700    0.0156873930    0.0003809236    
0.3523706600    0.0160563090    0.0003862548    
0.3526122400    0.0162453140    0.0003882264    
0.3528538300    0.0161272970    0.0003874024    
0.3530954200    0.0160552300    0.0003871260    
0.3533370100    0.0155663870    0.0003804610    
0.3535786000    0.0162508790    0.0003912752    
0.3538201900    0.0162302240    0.0003868728    
0.3540617800    0.0158163730    0.0003839423    
0.3543033600    0.0164543740    0.0003892415    
0.3545449500    0.0152827280    0.0003761208    
0.3547865400    0.0162579660    0.0003867657    
0.3550281300    0.0157643630    0.0003830185    
0.3552697200    0.0164800640    0.0003907247    
0.3555113100    0.0171341630    0.0003990088    
0.3557529000    0.0156154670    0.0003812053    
0.3559944800    0.0167973710    0.0003929814    
0.3562360700    0.0158957240    0.0003871253    
0.3564776600    0.0156348780    0.0003794247    
0.3567192500    0.0153842150    0.0003767971    
0.3569608400    0.0152229420    0.0003739705    
0.3572024300    0.0153752940    0.0003772581    
0.3574440200    0.0161597240    0.0003857406    
0.3576856000    0.0158158070    0.0003829145    
0.3579271900    0.0162763330    0.0003874219    
0.3581687800    0.0161120600    0.0003869248    
0.3584103700    0.0158733360    0.0003827401    
0.3586519600    0.0156910870    0.0003837381    
0.3588935500    0.0165879150    0.0003918527    
0.3591351400    0.0156025810    0.0003803246    
0.3593767200    0.0163345750    0.0003873843    
0.3596183100    0.0163313940    0.0003867654    
0.3598599000    0.0162609400    0.0003873849    
0.3601014900    0.0157217390    0.0003811961    
0.3603430800    0.0155620850    0.0003791123    
0.3605846700    0.0164944270    0.0003898618    
0.3608262500    0.0159335070    0.0003841910    
0.3610678400    0.0166116300    0.0003915399    
0.3613094300    0.0163384100    0.0003906743    
0.3615510200    0.0164083350    0.0003886965    
0.3617926100    0.0155261150    0.0003776760    
0.3620342000    0.0158548780    0.0003825175    
0.3622757900    0.0165372440    0.0003902204    
0.3625173700    0.0163316630    0.0003880799    
0.3627589600    0.0154999160    0.0003784973    
0.3630005500    0.0153654800    0.0003760000    
0.3632421400    0.0161445990    0.0003852698    
0.3634837300    0.0164184020    0.0003901410    
0.3637253200    0.0152943780    0.0003769788    
0.3639669100    0.0155782430    0.0003807507    
0.3642084900    0.0156770940    0.0003792229    
0.3644500800    0.0153886560    0.0003765672    
0.3646916700    0.0154420220    0.0003776470    
0.3649332600    0.0157620400    0.0003793954    
0.3651748500    0.0164631940    0.0003889064    
0.3654164400    0.0156926520    0.0003812761    
0.3656580300    0.0156544420    0.0003802356    
0.3658996100    0.0164020300    0.0003883293    
0.3661412000    0.0160855950    0.0003852906    
0.3663827900    0.0163136670    0.0003918793    
0.3666243800    0.0163462510    0.0003854990    
0.3668659700    0.0157741650    0.0003806810    
0.3671075600    0.0157860350    0.0003809675    
0.3673491500    0.0163863510    0.0003874156    
0.3675907300    0.0155831000    0.0003795116    
0.3678323200    0.0162795080    0.0003858613    
0.3680739100    0.0164583220    0.0003903190    
0.3683155000    0.0160095420    0.0003837994    
0.3685570900    0.0153263360    0.0003753795    
0.3687986800    0.0162327200    0.0003888146    
0.3690402600    0.0152781210    0.0003769217    
0.3692818500    0.0159931640    0.0003823097    
0.3695234400    0.0155561860    0.0003781838    
0.3697650300    0.0162276340    0.0003853904    
0.3700066200    0.0159784010    0.0003837150    
0.3702482100    0.0155636330    0.0003771409    
0.3704898000    0.0165767150    0.0003903917    
0.3707313800    0.0162824670    0.0003877877    
0.3709729700    0.0156455470    0.0003791259    
0.3712145600    0.0155824250    0.0003805121    
0.3714561500    0.0155782430    0.0003807507    
0.3716977400    0.0154018970    0.0003758797    
0.3719393300    0.0160445810    0.0003832105    
0.3721809200    0.0156128820    0.0003784454    
0.3724225000    0.0156954410    0.0003794447    
0.3726640900    0.0155787110    0.0003781731    
0.3729056800    0.0157806740    0.0003806165    
0.3731472700    0.0154198040    0.0003755347    
0.3733888600    0.0150335250    0.0003724777    
0.3736304500    0.0159335070    0.0003841910    
0.3738720400    0.0157391260    0.0003828576    
0.3741136200    0.0158548780    0.0003825175    
0.3743552100    0.0156481250    0.0003792997    
0.3745968000    0.0165656660    0.0003889469    
0.3748383900    0.0157111660    0.0003794923    
0.3750799800    0.0158605600    0.0003814354    
0.3753215700    0.0158071230    0.0003813654    
0.3755631500    0.0161848420    0.0003850261    
0.3758047400    0.0155837670    0.0003785189    
0.3760463300    0.0156953650    0.0003804448    
0.3762879200    0.0156688930    0.0003806989    
0.3765295100    0.0162917030    0.0003896689    
0.3767711000    0.0154270080    0.0003760448    
0.3770126900    0.0163740760    0.0003871254    
0.3772542700    0.0161115660    0.0003841535    
0.3774958600    0.0162551740    0.0003852846    
0.3777374500    0.0159953230    0.0003829088    
0.3779790400    0.0156282400    0.0003794872    
0.3782206300    0.0159359350    0.0003829161    
0.3784622200    0.0159403250    0.0003822499    
0.3787038100    0.0158576270    0.0003826952    
0.3789453900    0.0160724620    0.0003858626    
0.3791869800    0.0158212730    0.0003832716    
0.3794285700    0.0157608490    0.0003798071    
0.3796701600    0.0155402970    0.0003781329    
0.3799117500    0.0160205800    0.0003826373    
0.3801533400    0.0164143810    0.0003886217    
0.3803949300    0.0158735000    0.0003798836    
0.3806365100    0.0162581180    0.0003858967    
0.3808781000    0.0164839080    0.0003884216    
0.3811196900    0.0157945520    0.0003825121    
0.3813612800    0.0159642770    0.0003828243    
0.3816028700    0.0158076380    0.0003823807    
0.3818444600    0.0150824090    0.0003726608    
0.3820860500    0.0155122970    0.0003756764    
0.3823276300    0.0157215540    0.0003782018    
0.3825692200    0.0159839700    0.0003803552    
0.3828108100    0.0152057900    0.0003704325    
0.3830524000    0.0155213950    0.0003757865    
0.3832939900    0.0148221840    0.0003666791    
0.3835355800    0.0157383650    0.0003778417    
0.3837771600    0.0163187950    0.0003838920    
0.3840187500    0.0161459160    0.0003835578    
0.3842603400    0.0156941780    0.0003788610    
0.3845019300    0.0159460850    0.0003775345    
0.3847435200    0.0157893150    0.0003763630    
0.3849851100    0.0157923630    0.0003775097    
0.3852267000    0.0163706960    0.0003939318    
0.3854682800    0.0157858710    0.0003944004    
0.3857098700    0.0160799910    0.0004026294    
0.3859514600    0.0160822180    0.0004070469    
0.3861930500    0.0153881530    0.0004005376    
0.3864346400    0.0159972310    0.0004126343    
0.3866762300    0.0157592000    0.0004124371    
0.3869178200    0.0162771560    0.0004213996    
0.3871594000    0.0159268520    0.0004217646    
0.3874009900    0.0162729850    0.0004274970    
0.3876425800    0.0154330450    0.0004194134    
0.3878841700    0.0161384410    0.0004307031    
0.3881257600    0.0148021750    0.0004150324    
0.3883673500    0.0158194790    0.0004321552    
0.3886089400    0.0158019960    0.0004344422    
0.3888505200    0.0163519530    0.0004438944    
0.3890921100    0.0154470680    0.0004337969    
0.3893337000    0.0151956250    0.0004350495    
0.3895752900    0.0160951650    0.0004493473    
0.3898168800    0.0164225910    0.0004355037    
0.3900584700    0.0162138050    0.0004247713    
0.3903000600    0.0166750370    0.0004294040    
0.3905416400    0.0165013120    0.0004229715    
0.3907832300    0.0159642850    0.0004151121    
0.3910248200    0.0151555710    0.0004030395    
0.3912664100    0.0158737850    0.0004106816    
0.3915080000    0.0155549980    0.0004046064    
0.3917495900    0.0165287890    0.0004188868    
0.3919911700    0.0154678850    0.0004059267    
0.3922327600    0.0158319110    0.0004036967    
0.3924743500    0.0153823820    0.0003994414    
0.3927159400    0.0163327400    0.0004093431    
0.3929575300    0.0157752210    0.0004050258    
0.3931991200    0.0158452600    0.0004040371    
0.3934407100    0.0155455700    0.0003995248    
0.3936822900    0.0157644960    0.0004036874    
0.3939238800    0.0157527910    0.0004040506    
0.3941654700    0.0160740650    0.0004081500    
0.3944070600    0.0164339430    0.0004135716    
0.3946486500    0.0160266830    0.0004094626    
0.3948902400    0.0159411220    0.0004054284    
0.3951318300    0.0155128030    0.0003996075    
0.3953734100    0.0162779310    0.0004100352    
0.3956150000    0.0162986230    0.0004113401    
0.3958565900    0.0153457110    0.0003979528    
0.3960981800    0.0160871900    0.0004090110    
0.3963397700    0.0155321660    0.0004029235    
0.3965813600    0.0154171910    0.0004014295    
0.3968229500    0.0151340230    0.0003990938    
0.3970645300    0.0164398090    0.0004170338    
0.3973061200    0.0160436940    0.0004100311    
0.3975477100    0.0157396180    0.0004049132    
0.3977893000    0.0159138020    0.0004087186    
0.3980308900    0.0152970290    0.0004002045    
0.3982724800    0.0162392160    0.0004128763    
0.3985140700    0.0162216610    0.0004128304    
0.3987556500    0.0151285120    0.0003993652    
0.3989972400    0.0161620140    0.0004122480    
0.3992388300    0.0154756980    0.0004058523    
0.3994804200    0.0153133500    0.0004035422    
0.3997220100    0.0164351150    0.0004204468    
0.3999636000    0.0150312020    0.0003979071    
0.4002051800    0.0157812580    0.0004096610    
0.4004467700    0.0150708770    0.0003982603    
0.4006883600    0.0153561750    0.0004048113    
0.4009299500    0.0152414290    0.0004034723    
0.4011715400    0.0161596270    0.0004159937    
0.4014131300    0.0155336160    0.0004082144    
0.4016547200    0.0155995950    0.0004118010    
0.4018963000    0.0160580400    0.0004161455    
0.4021378900    0.0160028690    0.0004189577    
0.4023794800    0.0160903930    0.0004165645    
0.4026210700    0.0159168490    0.0004148616    
0.4028626600    0.0158403490    0.0004125875    
0.4031042500    0.0155009480    0.0004097684    
0.4033458400    0.0161833800    0.0004186913    
0.4035874200    0.0156831470    0.0004153110    
0.4038290100    0.0155462120    0.0004118292    
0.4040706000    0.0159741900    0.0004182069    
0.4043121900    0.0155932770    0.0004146796    
0.4045537800    0.0163988850    0.0004264128    
0.4047953700    0.0159214370    0.0004226599    
0.4050369600    0.0151912080    0.0004081948    
0.4052785400    0.0152900430    0.0004109989    
0.4055201300    0.0163910420    0.0004253470    
0.4057617200    0.0154383630    0.0004154363    
0.4060033100    0.0156846270    0.0004160803    
0.4062449000    0.0154053080    0.0004157527    
0.4064864900    0.0157401990    0.0004194777    
0.4067280800    0.0152030860    0.0004137756    
0.4069696600    0.0150122890    0.0004128870    
0.4072112500    0.0155480500    0.0004217608    
0.4074528400    0.0150809360    0.0004163527    
0.4076944300    0.0156173020    0.0004213206    
0.4079360200    0.0164874440    0.0004314961    
0.4081776100    0.0151225870    0.0004149799    
0.4084191900    0.0155906560    0.0004221407    
0.4086607800    0.0149416240    0.0004117228    
0.4089023700    0.0155071160    0.0004229913    
0.4091439600    0.0159445780    0.0004295250    
0.4093855500    0.0150438600    0.0004182078    
0.4096271400    0.0156213260    0.0004273805    
0.4098687300    0.0159904510    0.0004389603    
0.4101103100    0.0158740650    0.0004271607    
0.4103519000    0.0154607320    0.0004253815    
0.4105934900    0.0162411800    0.0004351530    
0.4108350800    0.0161778020    0.0004366005    
0.4110766700    0.0159385590    0.0004331514    
0.4113182600    0.0152556770    0.0004254132    
0.4115598500    0.0151928490    0.0004259863    
0.4118014300    0.0155894740    0.0004332081    
0.4120430200    0.0147389740    0.0004195751    
0.4122846100    0.0155622230    0.0004349774    
0.4125262000    0.0160890900    0.0004467468    
0.4127677900    0.0157611450    0.0004343051    
0.4130093800    0.0157443530    0.0004359995    
0.4132509700    0.0157669450    0.0004369604    
0.4134925500    0.0157344410    0.0004397910    
0.4137341400    0.0155300650    0.0004356127    
0.4139757300    0.0164402590    0.0004511382    
0.4142173200    0.0154174740    0.0004346832    
0.4144589100    0.0154204220    0.0004391518    
0.4147005000    0.0155941980    0.0004407181    
0.4149420800    0.0156248400    0.0004447931    
0.4151836700    0.0160826200    0.0004491721    
0.4154252600    0.0157965140    0.0004422175    
0.4156668500    0.0157307610    0.0004379806    
0.4159084400    0.0156088170    0.0004362797    
0.4161500300    0.0162189720    0.0004433996    
0.4163916200    0.0165184260    0.0004479187    
0.4166332000    0.0154266560    0.0004305160    
0.4168747900    0.0158258840    0.0004347705    
0.4171163800    0.0160280170    0.0004416588    
0.4173579700    0.0154355080    0.0004304279    
0.4175995600    0.0153879830    0.0004364617    
0.4178411500    0.0160042020    0.0004378555    
0.4180827400    0.0159218020    0.0004382332    
0.4183243200    0.0154342450    0.0004327547    
0.4185659100    0.0151361470    0.0004298377    
0.4188075000    0.0149381250    0.0004268036    
0.4190490900    0.0161886430    0.0004474460    
0.4192906800    0.0153536950    0.0004353141    
0.4195322700    0.0157188170    0.0004440627    
0.4197738600    0.0158317210    0.0004456547    
0.4200154400    0.0156185620    0.0004467921    
0.4202570300    0.0158728710    0.0004511232    
0.4204986200    0.0150900630    0.0004368887    
0.4207402100    0.0156549070    0.0004480151    
0.4209818000    0.0156517320    0.0004461012    
0.4212233900    0.0163474370    0.0004585397    
0.4214649800    0.0147918320    0.0004373297    
0.4217065600    0.0162743710    0.0004599409    
0.4219481500    0.0162480950    0.0004610432    
0.4221897400    0.0153328500    0.0004498004    
0.4224313300    0.0157155980    0.0004588618    
0.4226729200    0.0151792740    0.0004519563    
0.4229145100    0.0153445110    0.0004556659    
0.4231560900    0.0156427200    0.0004582994    
0.4233976800    0.0156136300    0.0004586297    
0.4236392700    0.0159522920    0.0004653762    
0.4238808600    0.0149659520    0.0004522695    
0.4241224500    0.0155437070    0.0004611747    
0.4243640400    0.0167226260    0.0004821384    
0.4246056300    0.0143553170    0.0004477300    
0.4248472100    0.0154780580    0.0004673187    
0.4250888000    0.0162111910    0.0004799236    
0.4253303900    0.0158521780    0.0004819204    
0.4255719800    0.0150100130    0.0004623392    
0.4258135700    0.0161487930    0.0004803976    
0.4260551600    0.0157244020    0.0004782570    
0.4262967500    0.0152049480    0.0004683436    
0.4265383300    0.0163602370    0.0004901703    
0.4267799200    0.0164894170    0.0004944848    
0.4270215100    0.0158047220    0.0004829388    
0.4272631000    0.0154731000    0.0004828276    
0.4275046900    0.0160181480    0.0004933919    
0.4277462800    0.0154170840    0.0004892464    
0.4279878700    0.0151122840    0.0004874930    
0.4282294500    0.0156615520    0.0004906228    
0.4284710400    0.0160081440    0.0004975891    
0.4287126300    0.0157232660    0.0004959749    
0.4289542200    0.0155139050    0.0004945652    
0.4291958100    0.0154962090    0.0004965306    
0.4294374000    0.0161566590    0.0005116865    
0.4296789900    0.0150360180    0.0004919935    
0.4299205700    0.0156887120    0.0005079408    
0.4301621600    0.0168847380    0.0005323477    
0.4304037500    0.0157219440    0.0005158203    
0.4306453400    0.0154551950    0.0005171884    
0.4308869300    0.0161287860    0.0005213696    
0.4311285200    0.0156830390    0.0005173357    
0.4313701000    0.0160609420    0.0005272262    
0.4316116900    0.0157073520    0.0005247458    
0.4318532800    0.0150222190    0.0005146528    
0.4320948700    0.0156128820    0.0005281136    
0.4323364600    0.0160916930    0.0005409163    
0.4325780500    0.0148870340    0.0005234002    
0.4328196400    0.0162043810    0.0005506473    
0.4330612200    0.0144772240    0.0005286335    
0.4333028100    0.0150045040    0.0005369034    
0.4335444000    0.0152161960    0.0005389853    
0.4337859900    0.0155581900    0.0005480139    
0.4340275800    0.0154745020    0.0005509069    
0.4342691700    0.0152184770    0.0005516693    
0.4345107600    0.0152633230    0.0005565961    
0.4347523400    0.0146994350    0.0005489604    
0.4349939300    0.0164098590    0.0005849483    
0.4352355200    0.0164491790    0.0005943330    
0.4354771100    0.0153226520    0.0005787286    
0.4357187000    0.0156382110    0.0005970697    
0.4359602900    0.0166680050    0.0006074159    
0.4362018800    0.0154141110    0.0005889429    
0.4364434600    0.0159871850    0.0006042588    
0.4366850500    0.0164555560    0.0006206330    
0.4369266400    0.0165170820    0.0006315464    
0.4371682300    0.0170868160    0.0006449003    
0.4374098200    0.0168854970    0.0006508881    
0.4376514100    0.0145339140    0.0006114463    
0.4378930000    0.0156305130    0.0006429534    
0.4381345800    0.0148762240    0.0006383999    
0.4383761700    0.0151239410    0.0006563231    
0.4386177600    0.0155211490    0.0006535583    
0.4388593500    0.0157908560    0.0006690800    
0.4391009400    0.0165847190    0.0006971077    
0.4393425300    0.0156195700    0.0006856230    
0.4395841100    0.0167303250    0.0007239920    
0.4398257000    0.0156347790    0.0007166189    
0.4400672900    0.0155387250    0.0007292685    
0.4403088800    0.0150468620    0.0007386214    
0.4405504700    0.0150116400    0.0007630846    
0.4407920600    0.0165016470    0.0008323980    
0.4410336500    0.0155511710    0.0008312450    
0.4412752300    0.0148147080    0.0008142900    
0.4415168200    0.0160773380    0.0008918103    
0.4417584100    0.0189664600    0.0013150874    
0.4420000000    0.0179068280    0.0019422682    