# Diamond Light Source Ltd.
# Data extracted from: /dls/b21/data/2017/mx13440-2/processed/b21-369037_00462.dat
q(1/A)          Column          Error           
0.0040000000    0.7890199900    0.0204888430    
0.0042415885    0.8749449600    0.0202927560    
0.0044831771    0.6771135800    0.0166190990    
0.0047247656    0.5411045100    0.0143847700    
0.0049663541    0.4531086400    0.0124104420    
0.0052079426    0.3764674700    0.0116402310    
0.0054495312    0.2765560300    0.0091981167    
0.0056911197    0.2923281500    0.0089159251    
0.0059327082    0.2167307300    0.0076769964    
0.0061742967    0.1758131200    0.0066262061    
0.0064158853    0.1612835600    0.0062827155    
0.0066574738    0.1356995100    0.0054454336    
0.0068990623    0.1354968800    0.0054906107    
0.0071406509    0.1227992900    0.0051344964    
0.0073822394    0.1027104900    0.0045392054    
0.0076238279    0.0892918040    0.0041319319    
0.0078654164    0.0846720930    0.0040880072    
0.0081070050    0.0876097720    0.0039417500    
0.0083485935    0.0754063320    0.0035312250    
0.0085901820    0.0707398740    0.0034435632    
0.0088317705    0.0721505790    0.0033861944    
0.0090733591    0.0691860730    0.0032945749    
0.0093149476    0.0598738560    0.0029533595    
0.0095565361    0.0633701390    0.0030383656    
0.0097981247    0.0571059650    0.0028842868    
0.0100397130    0.0564261320    0.0027698499    
0.0102813020    0.0526475260    0.0027370145    
0.0105228900    0.0516950500    0.0025406731    
0.0107644790    0.0562136840    0.0026768421    
0.0110060670    0.0536731450    0.0025500881    
0.0112476560    0.0475083240    0.0023873831    
0.0114892440    0.0495306840    0.0024025911    
0.0117308330    0.0469854330    0.0023289815    
0.0119724210    0.0418752130    0.0021682163    
0.0122140100    0.0438767840    0.0021993444    
0.0124555980    0.0441776170    0.0021404125    
0.0126971870    0.0415616770    0.0021405353    
0.0129387760    0.0442110690    0.0020887767    
0.0131803640    0.0415037990    0.0020572670    
0.0134219530    0.0411694160    0.0019761952    
0.0136635410    0.0428294740    0.0020235024    
0.0139051300    0.0417778570    0.0019985059    
0.0141467180    0.0441992860    0.0020090585    
0.0143883070    0.0382184330    0.0018409171    
0.0146298950    0.0383071070    0.0018430515    
0.0148714840    0.0387804690    0.0018679894    
0.0151130720    0.0370631210    0.0018063460    
0.0153546610    0.0396478560    0.0017984632    
0.0155962490    0.0342968770    0.0016896858    
0.0158378380    0.0397304950    0.0017768017    
0.0160794260    0.0390948070    0.0017625300    
0.0163210150    0.0344307920    0.0016176997    
0.0165626030    0.0398689110    0.0017741432    
0.0168041920    0.0371506300    0.0016499174    
0.0170457800    0.0357468510    0.0016282244    
0.0172873690    0.0348790920    0.0015986806    
0.0175289580    0.0394624900    0.0016903874    
0.0177705460    0.0404170380    0.0016811272    
0.0180121350    0.0365742510    0.0015812428    
0.0182537230    0.0349723880    0.0015292358    
0.0184953120    0.0335187180    0.0014930424    
0.0187369000    0.0323216210    0.0014661385    
0.0189784890    0.0331786500    0.0014466579    
0.0192200770    0.0360600730    0.0015320457    
0.0194616660    0.0328173890    0.0014241534    
0.0197032540    0.0320671960    0.0014185692    
0.0199448430    0.0353303940    0.0014889986    
0.0201864310    0.0339916460    0.0014494086    
0.0204280200    0.0341566540    0.0014244309    
0.0206696080    0.0341135030    0.0014032420    
0.0209111970    0.0330941320    0.0014124231    
0.0211527850    0.0329718960    0.0013667291    
0.0213943740    0.0338082490    0.0013871693    
0.0216359620    0.0315978680    0.0013473376    
0.0218775510    0.0334098350    0.0013789715    
0.0221191400    0.0324307740    0.0013340238    
0.0223607280    0.0303758970    0.0012824714    
0.0226023170    0.0325745290    0.0013680016    
0.0228439050    0.0322468380    0.0013013765    
0.0230854940    0.0331026330    0.0013157116    
0.0233270820    0.0348363740    0.0013468520    
0.0235686710    0.0349703710    0.0013581367    
0.0238102590    0.0307947450    0.0012478661    
0.0240518480    0.0325154370    0.0012743805    
0.0242934360    0.0315693840    0.0012740366    
0.0245350250    0.0300909650    0.0012284585    
0.0247766130    0.0318558140    0.0012562707    
0.0250182020    0.0309464440    0.0012509358    
0.0252597900    0.0336276410    0.0012728250    
0.0255013790    0.0295490170    0.0011838564    
0.0257429670    0.0310448210    0.0012158090    
0.0259845560    0.0315928440    0.0012124221    
0.0262261450    0.0306866120    0.0012017805    
0.0264677330    0.0296264030    0.0011674438    
0.0267093220    0.0325413350    0.0012144319    
0.0269509100    0.0324486540    0.0012194951    
0.0271924990    0.0300731990    0.0011653128    
0.0274340870    0.0296336120    0.0011632210    
0.0276756760    0.0288033180    0.0011280250    
0.0279172640    0.0326613250    0.0011990350    
0.0281588530    0.0298410870    0.0011319369    
0.0284004410    0.0312480340    0.0011686102    
0.0286420300    0.0302770950    0.0011283607    
0.0288836180    0.0293258450    0.0011221223    
0.0291252070    0.0312311120    0.0011343651    
0.0293667950    0.0311832320    0.0011470937    
0.0296083840    0.0299126480    0.0011101625    
0.0298499720    0.0320235870    0.0011525541    
0.0300915610    0.0306954860    0.0011245956    
0.0303331490    0.0311597590    0.0011236496    
0.0305747380    0.0299608940    0.0010875116    
0.0308163270    0.0289345660    0.0010687226    
0.0310579150    0.0282208160    0.0010606032    
0.0312995040    0.0276901180    0.0010421313    
0.0315410920    0.0307672950    0.0010932682    
0.0317826810    0.0310750120    0.0010952503    
0.0320242690    0.0313312470    0.0010894942    
0.0322658580    0.0302027680    0.0010849155    
0.0325074460    0.0288793020    0.0010427712    
0.0327490350    0.0294136880    0.0010491515    
0.0329906230    0.0301161910    0.0010504228    
0.0332322120    0.0295171090    0.0010462062    
0.0334738000    0.0296359020    0.0010343001    
0.0337153890    0.0289728790    0.0010211598    
0.0339569770    0.0289139560    0.0010216244    
0.0341985660    0.0291081120    0.0010265640    
0.0344401540    0.0301516670    0.0010311653    
0.0346817430    0.0278472320    0.0009996574    
0.0349233310    0.0310193530    0.0010504478    
0.0351649200    0.0283815960    0.0009863286    
0.0354065090    0.0275245670    0.0009768103    
0.0356480970    0.0288900900    0.0009868667    
0.0358896860    0.0275073800    0.0009737507    
0.0361312740    0.0288658920    0.0009837470    
0.0363728630    0.0291753910    0.0009863082    
0.0366144510    0.0275247590    0.0009659297    
0.0368560400    0.0298029980    0.0009901383    
0.0370976280    0.0269011570    0.0009522906    
0.0373392170    0.0279135720    0.0009608248    
0.0375808050    0.0273551820    0.0009410469    
0.0378223940    0.0263839920    0.0009241909    
0.0380639820    0.0277045510    0.0009508177    
0.0383055710    0.0271410220    0.0009228224    
0.0385471590    0.0276992390    0.0009358705    
0.0387887480    0.0279475060    0.0009437202    
0.0390303360    0.0290200430    0.0009505831    
0.0392719250    0.0286358050    0.0009430700    
0.0395135140    0.0278593460    0.0009301965    
0.0397551020    0.0276704550    0.0009452047    
0.0399966910    0.0284831710    0.0009231449    
0.0402382790    0.0265387880    0.0008976879    
0.0404798680    0.0270769640    0.0009000687    
0.0407214560    0.0274035390    0.0009144679    
0.0409630450    0.0288190040    0.0009229468    
0.0412046330    0.0274659150    0.0009065103    
0.0414462220    0.0274155700    0.0008980268    
0.0416878100    0.0263814300    0.0008798699    
0.0419293990    0.0265525170    0.0008816619    
0.0421709870    0.0276712990    0.0008968319    
0.0424125760    0.0273791700    0.0008963538    
0.0426541640    0.0268929250    0.0008748269    
0.0428957530    0.0259002080    0.0008595286    
0.0431373410    0.0266937180    0.0008715808    
0.0433789300    0.0265789720    0.0008637005    
0.0436205180    0.0282735990    0.0008887730    
0.0438621070    0.0261299080    0.0008563731    
0.0441036960    0.0262620390    0.0008565732    
0.0443452840    0.0278563450    0.0008752244    
0.0445868730    0.0269999700    0.0008705140    
0.0448284610    0.0280875930    0.0008768814    
0.0450700500    0.0263768660    0.0008787408    
0.0453116380    0.0257388660    0.0008701325    
0.0455532270    0.0260308540    0.0009002959    
0.0457948150    0.0281388710    0.0009348514    
0.0460364040    0.0255041400    0.0008922769    
0.0462779920    0.0271790040    0.0009355399    
0.0465195810    0.0262451290    0.0009193268    
0.0467611690    0.0253503740    0.0009071077    
0.0470027580    0.0247985740    0.0008971809    
0.0472443460    0.0253190810    0.0009251391    
0.0474859350    0.0255954340    0.0009188225    
0.0477275230    0.0240381470    0.0008977210    
0.0479691120    0.0270289610    0.0009532380    
0.0482107000    0.0254680260    0.0009343313    
0.0484522890    0.0247451650    0.0009158596    
0.0486938780    0.0263301580    0.0009513473    
0.0489354660    0.0252344760    0.0009339699    
0.0491770550    0.0244386180    0.0009296888    
0.0494186430    0.0252897840    0.0009271685    
0.0496602320    0.0257587090    0.0009095716    
0.0499018200    0.0243179010    0.0008712792    
0.0501434090    0.0267400950    0.0008988585    
0.0503849970    0.0258073130    0.0008744475    
0.0506265860    0.0256129890    0.0008648892    
0.0508681740    0.0248789920    0.0008483666    
0.0511097630    0.0248178820    0.0008433460    
0.0513513510    0.0256617740    0.0008419355    
0.0515929400    0.0253011940    0.0008495310    
0.0518345280    0.0247502150    0.0008268467    
0.0520761170    0.0253218130    0.0008459424    
0.0523177050    0.0256976840    0.0008268094    
0.0525592940    0.0253579210    0.0008369361    
0.0528008830    0.0230065940    0.0007764349    
0.0530424710    0.0265574380    0.0008368959    
0.0532840600    0.0254654680    0.0008151298    
0.0535256480    0.0240043350    0.0007913995    
0.0537672370    0.0258336510    0.0008140874    
0.0540088250    0.0256590410    0.0008130378    
0.0542504140    0.0249416410    0.0008049880    
0.0544920020    0.0249849240    0.0007989298    
0.0547335910    0.0237186150    0.0007727942    
0.0549751790    0.0228257370    0.0007550083    
0.0552167680    0.0237983230    0.0007717135    
0.0554583560    0.0239110830    0.0007649833    
0.0556999450    0.0254714340    0.0007871909    
0.0559415330    0.0257568950    0.0007971559    
0.0561831220    0.0234340820    0.0007528112    
0.0564247100    0.0247624800    0.0007715703    
0.0566662990    0.0241877390    0.0007595849    
0.0569078870    0.0238901120    0.0007623641    
0.0571494760    0.0225179740    0.0007328976    
0.0573910650    0.0238494120    0.0007427597    
0.0576326530    0.0237458720    0.0007468142    
0.0578742420    0.0236784630    0.0007443261    
0.0581158300    0.0233949260    0.0007328829    
0.0583574190    0.0234675780    0.0007326467    
0.0585990070    0.0234792960    0.0007369738    
0.0588405960    0.0223307830    0.0007173681    
0.0590821840    0.0228227830    0.0007184938    
0.0593237730    0.0241782950    0.0007415818    
0.0595653610    0.0225948960    0.0007195681    
0.0598069500    0.0239038020    0.0007240253    
0.0600485380    0.0239197730    0.0007281927    
0.0602901270    0.0219421930    0.0006980742    
0.0605317150    0.0230459700    0.0007115530    
0.0607733040    0.0241038270    0.0007244563    
0.0610148920    0.0215688000    0.0006889900    
0.0612564810    0.0242776690    0.0007277118    
0.0614980690    0.0225485840    0.0006945427    
0.0617396580    0.0231093480    0.0007190143    
0.0619812470    0.0222856180    0.0007054389    
0.0622228350    0.0226439480    0.0007065891    
0.0624644240    0.0224743340    0.0006989185    
0.0627060120    0.0227952640    0.0007095856    
0.0629476010    0.0236015120    0.0007266304    
0.0631891890    0.0233253860    0.0007177891    
0.0634307780    0.0228321700    0.0007069766    
0.0636723660    0.0232721370    0.0007131181    
0.0639139550    0.0235159290    0.0007155669    
0.0641555430    0.0220862790    0.0006861873    
0.0643971320    0.0232350710    0.0007106490    
0.0646387200    0.0223576560    0.0006844537    
0.0648803090    0.0229816690    0.0006999583    
0.0651218970    0.0225677200    0.0006801333    
0.0653634860    0.0224969200    0.0006842428    
0.0656050740    0.0227347170    0.0006861015    
0.0658466630    0.0227521970    0.0006829075    
0.0660882520    0.0226384360    0.0006794929    
0.0663298400    0.0222434960    0.0006746652    
0.0665714290    0.0210703180    0.0006533628    
0.0668130170    0.0222101410    0.0006730346    
0.0670546060    0.0230829590    0.0006821639    
0.0672961940    0.0217346580    0.0006592316    
0.0675377830    0.0223689070    0.0006633833    
0.0677793710    0.0222617600    0.0006660900    
0.0680209600    0.0229176110    0.0006677236    
0.0682625480    0.0224085050    0.0006607908    
0.0685041370    0.0221117810    0.0006543207    
0.0687457250    0.0216087380    0.0006557140    
0.0689873140    0.0210383620    0.0006372336    
0.0692289020    0.0227175710    0.0006621764    
0.0694704910    0.0229708580    0.0006653330    
0.0697120790    0.0214099490    0.0006403166    
0.0699536680    0.0212262520    0.0006405782    
0.0701952560    0.0222736420    0.0006556746    
0.0704368450    0.0221819770    0.0006563979    
0.0706784340    0.0216424480    0.0006546306    
0.0709200220    0.0202523200    0.0006276961    
0.0711616110    0.0209777010    0.0006383311    
0.0714031990    0.0218094780    0.0006560911    
0.0716447880    0.0210659630    0.0006479535    
0.0718863760    0.0223989320    0.0006590773    
0.0721279650    0.0213338550    0.0006371864    
0.0723695530    0.0230243720    0.0006583769    
0.0726111420    0.0203568660    0.0006229100    
0.0728527300    0.0225486490    0.0006460957    
0.0730943190    0.0217525680    0.0006389528    
0.0733359070    0.0216743090    0.0006339252    
0.0735774960    0.0213166540    0.0006310681    
0.0738190840    0.0208522740    0.0006175911    
0.0740606730    0.0217914010    0.0006327655    
0.0743022610    0.0217873670    0.0006331825    
0.0745438500    0.0204436190    0.0006105974    
0.0747854380    0.0214727950    0.0006193503    
0.0750270270    0.0205341820    0.0006105849    
0.0752686160    0.0209321640    0.0006088431    
0.0755102040    0.0202825040    0.0006001897    
0.0757517930    0.0212179430    0.0006161138    
0.0759933810    0.0206434250    0.0005981717    
0.0762349700    0.0207032840    0.0006068240    
0.0764765580    0.0200574950    0.0005917206    
0.0767181470    0.0210448420    0.0006052468    
0.0769597350    0.0215089990    0.0006071533    
0.0772013240    0.0205656570    0.0005924464    
0.0774429120    0.0204006210    0.0005872050    
0.0776845010    0.0207693610    0.0005900482    
0.0779260890    0.0211134790    0.0005986178    
0.0781676780    0.0211092300    0.0005944494    
0.0784092660    0.0215324000    0.0006016139    
0.0786508550    0.0208855700    0.0005876851    
0.0788924430    0.0200241690    0.0005809601    
0.0791340320    0.0201843870    0.0005793036    
0.0793756210    0.0193418040    0.0005686307    
0.0796172090    0.0210338670    0.0005869980    
0.0798587980    0.0206175790    0.0005866839    
0.0801003860    0.0203560870    0.0005825544    
0.0803419750    0.0202112970    0.0005723491    
0.0805835630    0.0216082560    0.0005965582    
0.0808251520    0.0207125470    0.0005832785    
0.0810667400    0.0210246310    0.0005876563    
0.0813083290    0.0204163710    0.0005722217    
0.0815499170    0.0192720250    0.0005641465    
0.0817915060    0.0204330070    0.0005770102    
0.0820330940    0.0208842540    0.0005772303    
0.0822746830    0.0202399530    0.0005697441    
0.0825162710    0.0211048390    0.0005791393    
0.0827578600    0.0200590700    0.0005664506    
0.0829994480    0.0221045290    0.0005870068    
0.0832410370    0.0198312670    0.0005624901    
0.0834826250    0.0210445090    0.0005727590    
0.0837242140    0.0207314530    0.0005673997    
0.0839658030    0.0200568050    0.0005595130    
0.0842073910    0.0199141930    0.0005557509    
0.0844489800    0.0197568460    0.0005500761    
0.0846905680    0.0201133300    0.0005508951    
0.0849321570    0.0203538370    0.0005604333    
0.0851737450    0.0198079730    0.0005460245    
0.0854153340    0.0206794500    0.0005613698    
0.0856569220    0.0202196010    0.0005513297    
0.0858985110    0.0200060240    0.0005542281    
0.0861400990    0.0193476770    0.0005393114    
0.0863816880    0.0192793210    0.0005403530    
0.0866232760    0.0193790860    0.0005461607    
0.0868648650    0.0208598730    0.0005593042    
0.0871064530    0.0197512000    0.0005459133    
0.0873480420    0.0202860820    0.0005488742    
0.0875896300    0.0193105710    0.0005368191    
0.0878312190    0.0200079290    0.0005457610    
0.0880728080    0.0191767140    0.0005326865    
0.0883143960    0.0195082490    0.0005369469    
0.0885559850    0.0193082470    0.0005361334    
0.0887975730    0.0191368870    0.0005311705    
0.0890391620    0.0188942710    0.0005281109    
0.0892807500    0.0203265970    0.0005457911    
0.0895223390    0.0193108200    0.0005307093    
0.0897639270    0.0201694430    0.0005388586    
0.0900055160    0.0199755160    0.0005375281    
0.0902471040    0.0192816500    0.0005303083    
0.0904886930    0.0201752760    0.0005376729    
0.0907302810    0.0200664150    0.0005315723    
0.0909718700    0.0200546660    0.0005408341    
0.0912134580    0.0193364240    0.0005224153    
0.0914550470    0.0189564770    0.0005239475    
0.0916966350    0.0196187080    0.0005262147    
0.0919382240    0.0185047200    0.0005128343    
0.0921798120    0.0198430130    0.0005276949    
0.0924214010    0.0201517440    0.0005317842    
0.0926629900    0.0197290290    0.0005231858    
0.0929045780    0.0195310330    0.0005259483    
0.0931461670    0.0195182800    0.0005197949    
0.0933877550    0.0196264140    0.0005221194    
0.0936293440    0.0199936220    0.0005290873    
0.0938709320    0.0200000960    0.0005279662    
0.0941125210    0.0198370980    0.0005216677    
0.0943541090    0.0197959420    0.0005211263    
0.0945956980    0.0200554530    0.0005254153    
0.0948372860    0.0200724830    0.0005229976    
0.0950788750    0.0190669420    0.0005083162    
0.0953204630    0.0202538610    0.0005259413    
0.0955620520    0.0197915320    0.0005190357    
0.0958036400    0.0200266200    0.0005195152    
0.0960452290    0.0195818830    0.0005137143    
0.0962868170    0.0198919110    0.0005200611    
0.0965284060    0.0200805270    0.0005202139    
0.0967699940    0.0198648970    0.0005174133    
0.0970115830    0.0190881240    0.0005019716    
0.0972531720    0.0205012800    0.0005219129    
0.0974947600    0.0204038260    0.0005201065    
0.0977363490    0.0203686710    0.0005176989    
0.0979779370    0.0200723800    0.0005158648    
0.0982195260    0.0204392280    0.0005208398    
0.0984611140    0.0199359360    0.0005113460    
0.0987027030    0.0197947480    0.0005100791    
0.0989442910    0.0201186680    0.0005145120    
0.0991858800    0.0214670320    0.0005297676    
0.0994274680    0.0199110390    0.0005080405    
0.0996690570    0.0203566270    0.0005101927    
0.0999106450    0.0216550600    0.0005303854    
0.1001522300    0.0207530190    0.0005151361    
0.1003938200    0.0198368090    0.0005054887    
0.1006354100    0.0202970570    0.0005091798    
0.1008770000    0.0205104310    0.0005129211    
0.1011185900    0.0212415720    0.0005219832    
0.1013601800    0.0206692060    0.0005154431    
0.1016017700    0.0211642910    0.0005180546    
0.1018433500    0.0197807070    0.0005121031    
0.1020849400    0.0222119130    0.0005501640    
0.1023265300    0.0214008940    0.0005442860    
0.1025681200    0.0218155570    0.0005467575    
0.1028097100    0.0213547520    0.0005490034    
0.1030513000    0.0224558050    0.0005649371    
0.1032928800    0.0218528070    0.0005625519    
0.1035344700    0.0223451990    0.0005612671    
0.1037760600    0.0231029750    0.0005804841    
0.1040176500    0.0223707520    0.0005736090    
0.1042592400    0.0220473020    0.0005711660    
0.1045008300    0.0221055350    0.0005684930    
0.1047424200    0.0230150730    0.0005853392    
0.1049840000    0.0213470880    0.0005664929    
0.1052255900    0.0211916270    0.0005661679    
0.1054671800    0.0200363940    0.0005471485    
0.1057087700    0.0200062710    0.0005504460    
0.1059503600    0.0193167490    0.0005428967    
0.1061919500    0.0192012580    0.0005409342    
0.1064335400    0.0199358590    0.0005376301    
0.1066751200    0.0198886290    0.0005289080    
0.1069167100    0.0198588910    0.0005270002    
0.1071583000    0.0195410320    0.0005160276    
0.1073998900    0.0184773170    0.0005001181    
0.1076414800    0.0190765240    0.0005118564    
0.1078830700    0.0186957760    0.0004994873    
0.1081246600    0.0190578330    0.0005073527    
0.1083662400    0.0189679970    0.0004998506    
0.1086078300    0.0188064670    0.0005031634    
0.1088494200    0.0186899400    0.0004951086    
0.1090910100    0.0187990470    0.0004952265    
0.1093326000    0.0186136530    0.0004901725    
0.1095741900    0.0189978330    0.0004965163    
0.1098157700    0.0188007010    0.0004890315    
0.1100573600    0.0187685520    0.0004922079    
0.1102989500    0.0190212320    0.0004911261    
0.1105405400    0.0187735230    0.0004876651    
0.1107821300    0.0183874560    0.0004848889    
0.1110237200    0.0194086720    0.0004932991    
0.1112653100    0.0194947070    0.0004995359    
0.1115068900    0.0190021590    0.0004861175    
0.1117484800    0.0193287450    0.0004895315    
0.1119900700    0.0182878470    0.0004742497    
0.1122316600    0.0186899000    0.0004811299    
0.1124732500    0.0198560210    0.0004931746    
0.1127148400    0.0194618300    0.0004877667    
0.1129564300    0.0191680050    0.0004857721    
0.1131980100    0.0185139360    0.0004750287    
0.1134396000    0.0182636190    0.0004729857    
0.1136811900    0.0193671130    0.0004858508    
0.1139227800    0.0194074830    0.0004844307    
0.1141643700    0.0192431770    0.0004788401    
0.1144059600    0.0195004700    0.0004822655    
0.1146475500    0.0190246050    0.0004789191    
0.1148891300    0.0189491180    0.0004719614    
0.1151307200    0.0190700140    0.0004785483    
0.1153723100    0.0188189220    0.0004698861    
0.1156139000    0.0188444910    0.0004740846    
0.1158554900    0.0185423130    0.0004653060    
0.1160970800    0.0180993100    0.0004643903    
0.1163386700    0.0187657330    0.0004689968    
0.1165802500    0.0189521300    0.0004708694    
0.1168218400    0.0191289590    0.0004699267    
0.1170634300    0.0186446430    0.0004643779    
0.1173050200    0.0180530530    0.0004582525    
0.1175466100    0.0184133190    0.0004614882    
0.1177882000    0.0192998780    0.0004700302    
0.1180297800    0.0179544640    0.0004535633    
0.1182713700    0.0180492750    0.0004566876    
0.1185129600    0.0182355180    0.0004564589    
0.1187545500    0.0189872590    0.0004649050    
0.1189961400    0.0179075170    0.0004506551    
0.1192377300    0.0190340750    0.0004620520    
0.1194793200    0.0181429630    0.0004504875    
0.1197209000    0.0190664210    0.0004620212    
0.1199624900    0.0184949260    0.0004542138    
0.1202040800    0.0185369000    0.0004514486    
0.1204456700    0.0183105000    0.0004538089    
0.1206872600    0.0190157580    0.0004574480    
0.1209288500    0.0181433510    0.0004500812    
0.1211704400    0.0179520110    0.0004454717    
0.1214120200    0.0174939600    0.0004381714    
0.1216536100    0.0182790070    0.0004468941    
0.1218952000    0.0186797910    0.0004493659    
0.1221367900    0.0178730270    0.0004426947    
0.1223783800    0.0187612240    0.0004505434    
0.1226199700    0.0189929460    0.0004549290    
0.1228615600    0.0182521540    0.0004455723    
0.1231031400    0.0183826340    0.0004467651    
0.1233447300    0.0185724570    0.0004488668    
0.1235863200    0.0182241430    0.0004466219    
0.1238279100    0.0177934220    0.0004364595    
0.1240695000    0.0188400690    0.0004479387    
0.1243110900    0.0186853550    0.0004459017    
0.1245526800    0.0192326160    0.0004535692    
0.1247942600    0.0183976130    0.0004401645    
0.1250358500    0.0183767330    0.0004418199    
0.1252774400    0.0181280940    0.0004378716    
0.1255190300    0.0188868460    0.0004457868    
0.1257606200    0.0178889140    0.0004355384    
0.1260022100    0.0184613450    0.0004420690    
0.1262437900    0.0191334420    0.0004484948    
0.1264853800    0.0188011370    0.0004440113    
0.1267269700    0.0175822440    0.0004271866    
0.1269685600    0.0183139370    0.0004361698    
0.1272101500    0.0187502300    0.0004413346    
0.1274517400    0.0172286740    0.0004259516    
0.1276933300    0.0191988900    0.0004430251    
0.1279349100    0.0178582630    0.0004323642    
0.1281765000    0.0181678690    0.0004351663    
0.1284180900    0.0176802380    0.0004269294    
0.1286596800    0.0184695620    0.0004376477    
0.1289012700    0.0176859560    0.0004268187    
0.1291428600    0.0182675640    0.0004346956    
0.1293844500    0.0173374360    0.0004201240    
0.1296260300    0.0185147440    0.0004361545    
0.1298676200    0.0180112910    0.0004301836    
0.1301092100    0.0188590060    0.0004379897    
0.1303508000    0.0184921300    0.0004326310    
0.1305923900    0.0181541200    0.0004329780    
0.1308339800    0.0176984690    0.0004262526    
0.1310755700    0.0184776550    0.0004337191    
0.1313171500    0.0182693130    0.0004303728    
0.1315587400    0.0180116390    0.0004267969    
0.1318003300    0.0187064250    0.0004362143    
0.1320419200    0.0189608350    0.0004355649    
0.1322835100    0.0185017680    0.0004320297    
0.1325251000    0.0190711610    0.0004384465    
0.1327666900    0.0180191970    0.0004253077    
0.1330082700    0.0186315490    0.0004324740    
0.1332498600    0.0187533170    0.0004345985    
0.1334914500    0.0177400790    0.0004247978    
0.1337330400    0.0187369660    0.0004308772    
0.1339746300    0.0184600360    0.0004287239    
0.1342162200    0.0177486130    0.0004202106    
0.1344578000    0.0180350440    0.0004249720    
0.1346993900    0.0183505420    0.0004260661    
0.1349409800    0.0187707260    0.0004333758    
0.1351825700    0.0186759580    0.0004291340    
0.1354241600    0.0184791450    0.0004275564    
0.1356657500    0.0182067410    0.0004249089    
0.1359073400    0.0176979640    0.0004214996    
0.1361489200    0.0181485830    0.0004228613    
0.1363905100    0.0183948360    0.0004253781    
0.1366321000    0.0190385980    0.0004325837    
0.1368736900    0.0186061260    0.0004276423    
0.1371152800    0.0182240650    0.0004212039    
0.1373568700    0.0179973090    0.0004202502    
0.1375984600    0.0182420920    0.0004241200    
0.1378400400    0.0189403090    0.0004314656    
0.1380816300    0.0182582150    0.0004214307    
0.1383232200    0.0186847570    0.0004285450    
0.1385648100    0.0182276100    0.0004234401    
0.1388064000    0.0185979010    0.0004246583    
0.1390479900    0.0184756480    0.0004214276    
0.1392895800    0.0180123040    0.0004202567    
0.1395311600    0.0182687700    0.0004195562    
0.1397727500    0.0173148630    0.0004084557    
0.1400143400    0.0183314190    0.0004201096    
0.1402559300    0.0186795820    0.0004283136    
0.1404975200    0.0185333240    0.0004220849    
0.1407391100    0.0181196060    0.0004176754    
0.1409806900    0.0184385010    0.0004243504    
0.1412222800    0.0178480080    0.0004133965    
0.1414638700    0.0182833930    0.0004192292    
0.1417054600    0.0181236200    0.0004141528    
0.1419470500    0.0180894670    0.0004183165    
0.1421886400    0.0176535220    0.0004092212    
0.1424302300    0.0180073590    0.0004144279    
0.1426718100    0.0181735620    0.0004171497    
0.1429134000    0.0180359720    0.0004147571    
0.1431549900    0.0183986100    0.0004198889    
0.1433965800    0.0178280320    0.0004134888    
0.1436381700    0.0179248750    0.0004118757    
0.1438797600    0.0182846180    0.0004156669    
0.1441213500    0.0183223130    0.0004167392    
0.1443629300    0.0176231590    0.0004080791    
0.1446045200    0.0186441420    0.0004200580    
0.1448461100    0.0180573720    0.0004133951    
0.1450877000    0.0178366550    0.0004083422    
0.1453292900    0.0175995910    0.0004090716    
0.1455708800    0.0175418840    0.0004061971    
0.1458124700    0.0188055190    0.0004243406    
0.1460540500    0.0184574640    0.0004136532    
0.1462956400    0.0184776710    0.0004167307    
0.1465372300    0.0175334620    0.0004047022    
0.1467788200    0.0173349630    0.0004019448    
0.1470204100    0.0181499820    0.0004117559    
0.1472620000    0.0179314340    0.0004088015    
0.1475035900    0.0179977630    0.0004089345    
0.1477451700    0.0182524210    0.0004135481    
0.1479867600    0.0185683860    0.0004145803    
0.1482283500    0.0184727010    0.0004161954    
0.1484699400    0.0177417790    0.0004061701    
0.1487115300    0.0192816830    0.0004247232    
0.1489531200    0.0189216780    0.0004156854    
0.1491947000    0.0179197780    0.0004075836    
0.1494362900    0.0178918970    0.0004052756    
0.1496778800    0.0191410960    0.0004206073    
0.1499194700    0.0188254330    0.0004164960    
0.1501610600    0.0176941550    0.0004045501    
0.1504026500    0.0188543040    0.0004154099    
0.1506442400    0.0185279060    0.0004155451    
0.1508858200    0.0175554130    0.0004029609    
0.1511274100    0.0184511610    0.0004100258    
0.1513690000    0.0185422780    0.0004110370    
0.1516105900    0.0182684090    0.0004092108    
0.1518521800    0.0187804480    0.0004142858    
0.1520937700    0.0183009400    0.0004078980    
0.1523353600    0.0180368170    0.0004052450    
0.1525769400    0.0184975660    0.0004117693    
0.1528185300    0.0180994080    0.0004068567    
0.1530601200    0.0179821880    0.0004046308    
0.1533017100    0.0187051170    0.0004148506    
0.1535433000    0.0181750020    0.0004049904    
0.1537848900    0.0184141040    0.0004074954    
0.1540264800    0.0185955180    0.0004104061    
0.1542680600    0.0182967000    0.0004067943    
0.1545096500    0.0179971580    0.0004015263    
0.1547512400    0.0185770750    0.0004098992    
0.1549928300    0.0185948100    0.0004097921    
0.1552344200    0.0177787820    0.0004002566    
0.1554760100    0.0187297220    0.0004109728    
0.1557176000    0.0174243140    0.0003978610    
0.1559591800    0.0187381760    0.0004107630    
0.1562007700    0.0185112320    0.0004058856    
0.1564423600    0.0182445660    0.0004023666    
0.1566839500    0.0184459990    0.0004086016    
0.1569255400    0.0183599510    0.0004048129    
0.1571671300    0.0181679140    0.0004028372    
0.1574087100    0.0183775770    0.0004029550    
0.1576503000    0.0187441080    0.0004115858    
0.1578918900    0.0184965490    0.0004038201    
0.1581334800    0.0182484600    0.0004034348    
0.1583750700    0.0186195640    0.0004082610    
0.1586166600    0.0187071260    0.0004188279    
0.1588582500    0.0186455090    0.0004176578    
0.1590998300    0.0178288580    0.0004131747    
0.1593414200    0.0181565530    0.0004197556    
0.1595830100    0.0181346930    0.0004218511    
0.1598246000    0.0187171250    0.0004277153    
0.1600661900    0.0175383610    0.0004180543    
0.1603077800    0.0189794140    0.0004370307    
0.1605493700    0.0175376700    0.0004207964    
0.1607909500    0.0188222400    0.0004370180    
0.1610325400    0.0189770990    0.0004415668    
0.1612741300    0.0178001970    0.0004278349    
0.1615157200    0.0188428940    0.0004420487    
0.1617573100    0.0185478290    0.0004391326    
0.1619989000    0.0176686110    0.0004321000    
0.1622404900    0.0182979150    0.0004376540    
0.1624820700    0.0180031150    0.0004384488    
0.1627236600    0.0183236210    0.0004411810    
0.1629652500    0.0181912690    0.0004390135    
0.1632068400    0.0187826000    0.0004396674    
0.1634484300    0.0183006370    0.0004272166    
0.1636900200    0.0183554890    0.0004273343    
0.1639316100    0.0181688890    0.0004224181    
0.1641731900    0.0184241260    0.0004250338    
0.1644147800    0.0176027400    0.0004121619    
0.1646563700    0.0187685720    0.0004271103    
0.1648979600    0.0186518530    0.0004222730    
0.1651395500    0.0179212110    0.0004158736    
0.1653811400    0.0183316440    0.0004181429    
0.1656227200    0.0178351760    0.0004145474    
0.1658643100    0.0183175450    0.0004168465    
0.1661059000    0.0176125620    0.0004082718    
0.1663474900    0.0178001100    0.0004076124    
0.1665890800    0.0184114510    0.0004143949    
0.1668306700    0.0182094740    0.0004141727    
0.1670722600    0.0180850060    0.0004107048    
0.1673138400    0.0182017110    0.0004118709    
0.1675554300    0.0173126680    0.0003997124    
0.1677970200    0.0178898500    0.0004081718    
0.1680386100    0.0187335190    0.0004181631    
0.1682802000    0.0178160280    0.0004053287    
0.1685217900    0.0175677780    0.0004011368    
0.1687633800    0.0179305300    0.0004048029    
0.1690049600    0.0178556420    0.0004065457    
0.1692465500    0.0180396370    0.0004034794    
0.1694881400    0.0182548860    0.0004086005    
0.1697297300    0.0175918130    0.0003999172    
0.1699713200    0.0186079400    0.0004133057    
0.1702129100    0.0182113120    0.0004050961    
0.1704545000    0.0184415370    0.0004087034    
0.1706960800    0.0182276390    0.0004079906    
0.1709376700    0.0178601180    0.0003992646    
0.1711792600    0.0180003370    0.0004022987    
0.1714208500    0.0172794160    0.0003920060    
0.1716624400    0.0181799030    0.0004045977    
0.1719040300    0.0177316940    0.0003960968    
0.1721456200    0.0177935860    0.0003983750    
0.1723872000    0.0187568480    0.0004090159    
0.1726287900    0.0175233730    0.0003949070    
0.1728703800    0.0171621810    0.0003916714    
0.1731119700    0.0177670870    0.0003964919    
0.1733535600    0.0187716530    0.0004076942    
0.1735951500    0.0176202190    0.0003927258    
0.1738367300    0.0179411240    0.0003977108    
0.1740783200    0.0177746460    0.0003940205    
0.1743199100    0.0184342680    0.0004016953    
0.1745615000    0.0170916970    0.0003859636    
0.1748030900    0.0180256970    0.0003955249    
0.1750446800    0.0183244300    0.0004032464    
0.1752862700    0.0175690720    0.0003896549    
0.1755278500    0.0174534880    0.0003938324    
0.1757694400    0.0178781590    0.0003939029    
0.1760110300    0.0179766210    0.0003956883    
0.1762526200    0.0173817000    0.0003870253    
0.1764942100    0.0179021070    0.0003931918    
0.1767358000    0.0177561430    0.0003913096    
0.1769773900    0.0183855440    0.0003973454    
0.1772189700    0.0175540520    0.0003889393    
0.1774605600    0.0175755100    0.0003902779    
0.1777021500    0.0176680170    0.0003896514    
0.1779437400    0.0178868200    0.0003921945    
0.1781853300    0.0177159850    0.0003912806    
0.1784269200    0.0179566410    0.0003903618    
0.1786685100    0.0179333760    0.0003910591    
0.1789100900    0.0177584590    0.0003877984    
0.1791516800    0.0181940280    0.0003932064    
0.1793932700    0.0181811600    0.0003932038    
0.1796348600    0.0182880670    0.0003925888    
0.1798764500    0.0176981300    0.0003862048    
0.1801180400    0.0182079030    0.0003918624    
0.1803596200    0.0178171290    0.0003901977    
0.1806012100    0.0169467630    0.0003775280    
0.1808428000    0.0177839810    0.0003866083    
0.1810843900    0.0180673140    0.0003884770    
0.1813259800    0.0175676280    0.0003837227    
0.1815675700    0.0177916680    0.0003855022    
0.1818091600    0.0176839970    0.0003840719    
0.1820507400    0.0174491990    0.0003817740    
0.1822923300    0.0171783750    0.0003780263    
0.1825339200    0.0174850050    0.0003825573    
0.1827755100    0.0174173750    0.0003802594    
0.1830171000    0.0168922780    0.0003774398    
0.1832586900    0.0186696820    0.0003928936    
0.1835002800    0.0174234230    0.0003799390    
0.1837418600    0.0175273290    0.0003800423    
0.1839834500    0.0180566200    0.0003871746    
0.1842250400    0.0179916860    0.0003856936    
0.1844666300    0.0170558760    0.0003751490    
0.1847082200    0.0172883570    0.0003774427    
0.1849498100    0.0175215240    0.0003803638    
0.1851914000    0.0169416030    0.0003759236    
0.1854329800    0.0172407830    0.0003773043    
0.1856745700    0.0172509330    0.0003777979    
0.1859161600    0.0170665250    0.0003731335    
0.1861577500    0.0172296850    0.0003749129    
0.1863993400    0.0173220700    0.0003769232    
0.1866409300    0.0178598340    0.0003809461    
0.1868825200    0.0175333540    0.0003806206    
0.1871241000    0.0174976800    0.0003771893    
0.1873656900    0.0178089740    0.0003825687    
0.1876072800    0.0176190030    0.0003776175    
0.1878488700    0.0174943670    0.0003796848    
0.1880904600    0.0178551830    0.0003826794    
0.1883320500    0.0175921910    0.0003769563    
0.1885736300    0.0175405000    0.0003771497    
0.1888152200    0.0178125230    0.0003799370    
0.1890568100    0.0179481320    0.0003823948    
0.1892984000    0.0168560940    0.0003686209    
0.1895399900    0.0173573790    0.0003753002    
0.1897815800    0.0171869690    0.0003734533    
0.1900231700    0.0177144260    0.0003791405    
0.1902647500    0.0173465020    0.0003741913    
0.1905063400    0.0178609410    0.0003821014    
0.1907479300    0.0177529400    0.0003789248    
0.1909895200    0.0176694150    0.0003765421    
0.1912311100    0.0178767900    0.0003792429    
0.1914727000    0.0172875620    0.0003725733    
0.1917142900    0.0176729630    0.0003778207    
0.1919558700    0.0172080220    0.0003696592    
0.1921974600    0.0177860440    0.0003790275    
0.1924390500    0.0183635930    0.0003857693    
0.1926806400    0.0168841550    0.0003684425    
0.1929222300    0.0171334030    0.0003717632    
0.1931638200    0.0176253960    0.0003739940    
0.1934054100    0.0173868610    0.0003746264    
0.1936469900    0.0175847170    0.0003738046    
0.1938885800    0.0178175110    0.0003782408    
0.1941301700    0.0178303640    0.0003766511    
0.1943717600    0.0179738360    0.0003800212    
0.1946133500    0.0177282540    0.0003739938    
0.1948549400    0.0176196700    0.0003753967    
0.1950965300    0.0178086950    0.0003770356    
0.1953381100    0.0171875930    0.0003701610    
0.1955797000    0.0179433210    0.0003789527    
0.1958212900    0.0170969620    0.0003678681    
0.1960628800    0.0177178980    0.0003746099    
0.1963044700    0.0172660020    0.0003692048    
0.1965460600    0.0177817540    0.0003777372    
0.1967876400    0.0172984070    0.0003687195    
0.1970292300    0.0175129160    0.0003713565    
0.1972708200    0.0178151540    0.0003762459    
0.1975124100    0.0171333770    0.0003687369    
0.1977540000    0.0176694870    0.0003743401    
0.1979955900    0.0174565250    0.0003718365    
0.1982371800    0.0178940160    0.0003773228    
0.1984787600    0.0173713950    0.0003676125    
0.1987203500    0.0178006930    0.0003742748    
0.1989619400    0.0176660250    0.0003730964    
0.1992035300    0.0178570610    0.0003743857    
0.1994451200    0.0176206400    0.0003721379    
0.1996867100    0.0175608280    0.0003707920    
0.1999283000    0.0179664510    0.0003757718    
0.2001698800    0.0179890880    0.0003764924    
0.2004114700    0.0171587360    0.0003687706    
0.2006530600    0.0180318210    0.0003750124    
0.2008946500    0.0175720700    0.0003710294    
0.2011362400    0.0175476770    0.0003683042    
0.2013778300    0.0182022320    0.0003782295    
0.2016194200    0.0186110710    0.0003796597    
0.2018610000    0.0175550470    0.0003702575    
0.2021025900    0.0175574240    0.0003706375    
0.2023441800    0.0179039970    0.0003733241    
0.2025857700    0.0177354500    0.0003719178    
0.2028273600    0.0173409820    0.0003692916    
0.2030689500    0.0176487570    0.0003712444    
0.2033105400    0.0179501620    0.0003722690    
0.2035521200    0.0171411310    0.0003652841    
0.2037937100    0.0179558660    0.0003732714    
0.2040353000    0.0175526800    0.0003698786    
0.2042768900    0.0178407760    0.0003716022    
0.2045184800    0.0176722440    0.0003683317    
0.2047600700    0.0177751860    0.0003720971    
0.2050016500    0.0175672640    0.0003702682    
0.2052432400    0.0180322330    0.0003747779    
0.2054848300    0.0176138530    0.0003688816    
0.2057264200    0.0176121930    0.0003712151    
0.2059680100    0.0181870190    0.0003731898    
0.2062096000    0.0178041690    0.0003705184    
0.2064511900    0.0177140640    0.0003688829    
0.2066927700    0.0182818650    0.0003764060    
0.2069343600    0.0174008020    0.0003667596    
0.2071759500    0.0181391780    0.0003743420    
0.2074175400    0.0178771190    0.0003713937    
0.2076591300    0.0178132460    0.0003701466    
0.2079007200    0.0177772400    0.0003727122    
0.2081423100    0.0180104610    0.0003716065    
0.2083838900    0.0179126770    0.0003714118    
0.2086254800    0.0181778050    0.0003747404    
0.2088670700    0.0176209610    0.0003681434    
0.2091086600    0.0172944330    0.0003659839    
0.2093502500    0.0175604300    0.0003672798    
0.2095918400    0.0183710180    0.0003776816    
0.2098334300    0.0180074070    0.0003732155    
0.2100750100    0.0175770540    0.0003698998    
0.2103166000    0.0179538280    0.0003742005    
0.2105581900    0.0171532980    0.0003629972    
0.2107997800    0.0176445780    0.0003702565    
0.2110413700    0.0178866090    0.0003707915    
0.2112829600    0.0183632830    0.0003783229    
0.2115245400    0.0177490130    0.0003691308    
0.2117661300    0.0175313960    0.0003691843    
0.2120077200    0.0176200370    0.0003683654    
0.2122493100    0.0169640310    0.0003646703    
0.2124909000    0.0178913800    0.0003720112    
0.2127324900    0.0167523720    0.0003623882    
0.2129740800    0.0180854420    0.0003735514    
0.2132156600    0.0179388450    0.0003720343    
0.2134572500    0.0176091410    0.0003700020    
0.2136988400    0.0174703260    0.0003683068    
0.2139404300    0.0185015330    0.0003771114    
0.2141820200    0.0176498070    0.0003699592    
0.2144236100    0.0174624770    0.0003690445    
0.2146652000    0.0172158070    0.0003659626    
0.2149067800    0.0174263410    0.0003665658    
0.2151483700    0.0183078120    0.0003814128    
0.2153899600    0.0182006930    0.0003850759    
0.2156315500    0.0177864230    0.0003843973    
0.2158731400    0.0170413930    0.0003776732    
0.2161147300    0.0170940320    0.0003830009    
0.2163563200    0.0176354120    0.0003899770    
0.2165979000    0.0176639850    0.0003932132    
0.2168394900    0.0171545800    0.0003877794    
0.2170810800    0.0174634880    0.0003956731    
0.2173226700    0.0179571370    0.0004009329    
0.2175642600    0.0178757840    0.0004022366    
0.2178058500    0.0165682680    0.0003886867    
0.2180474400    0.0176418940    0.0004030394    
0.2182890200    0.0165031000    0.0003929309    
0.2185306100    0.0179629810    0.0004073039    
0.2187722000    0.0179671630    0.0004125208    
0.2190137900    0.0170015890    0.0004005088    
0.2192553800    0.0176585660    0.0004120035    
0.2194969700    0.0169741990    0.0004014260    
0.2197385500    0.0176193940    0.0004064691    
0.2199801400    0.0177266560    0.0004033998    
0.2202217300    0.0176126250    0.0003982352    
0.2204633200    0.0173833080    0.0003937554    
0.2207049100    0.0168500740    0.0003851508    
0.2209465000    0.0175895760    0.0003935117    
0.2211880900    0.0166297590    0.0003807122    
0.2214296700    0.0171213600    0.0003857493    
0.2216712600    0.0170728580    0.0003846565    
0.2219128500    0.0175109640    0.0003884617    
0.2221544400    0.0173633000    0.0003887414    
0.2223960300    0.0177522570    0.0003911290    
0.2226376200    0.0170512600    0.0003863332    
0.2228792100    0.0175577990    0.0003891179    
0.2231207900    0.0167126790    0.0003796376    
0.2233623800    0.0168184130    0.0003784439    
0.2236039700    0.0166766590    0.0003784290    
0.2238455600    0.0166079540    0.0003758071    
0.2240871500    0.0176728110    0.0003883431    
0.2243287400    0.0167213560    0.0003757845    
0.2245703300    0.0170119870    0.0003815460    
0.2248119100    0.0164781260    0.0003749874    
0.2250535000    0.0169100740    0.0003797381    
0.2252950900    0.0167141500    0.0003789872    
0.2255366800    0.0170778150    0.0003795070    
0.2257782700    0.0170334870    0.0003799317    
0.2260198600    0.0174802150    0.0003835558    
0.2262614500    0.0173084060    0.0003815350    
0.2265030300    0.0173364380    0.0003813201    
0.2267446200    0.0168765700    0.0003776549    
0.2269862100    0.0165382790    0.0003712953    
0.2272278000    0.0169054890    0.0003764218    
0.2274693900    0.0178098640    0.0003851738    
0.2277109800    0.0173675400    0.0003837721    
0.2279525600    0.0168903790    0.0003749716    
0.2281941500    0.0169962880    0.0003770442    
0.2284357400    0.0164494540    0.0003704231    
0.2286773300    0.0170662790    0.0003785968    
0.2289189200    0.0169741600    0.0003752628    
0.2291605100    0.0170713600    0.0003785233    
0.2294021000    0.0169653000    0.0003758023    
0.2296436800    0.0169487430    0.0003789854    
0.2298852700    0.0170752600    0.0003767620    
0.2301268600    0.0169298200    0.0003790364    
0.2303684500    0.0168583650    0.0003760256    
0.2306100400    0.0173925090    0.0003824608    
0.2308516300    0.0168520390    0.0003756976    
0.2310932200    0.0165275560    0.0003739879    
0.2313348000    0.0170731190    0.0003782835    
0.2315763900    0.0167219300    0.0003747579    
0.2318179800    0.0160615830    0.0003690612    
0.2320595700    0.0164000930    0.0003713890    
0.2323011600    0.0172891950    0.0003825081    
0.2325427500    0.0175600000    0.0003854921    
0.2327843400    0.0168844910    0.0003794507    
0.2330259200    0.0168017840    0.0003751370    
0.2332675100    0.0165371570    0.0003726816    
0.2335091000    0.0172349620    0.0003817757    
0.2337506900    0.0172171640    0.0003796160    
0.2339922800    0.0166236790    0.0003752036    
0.2342338700    0.0169376850    0.0003780771    
0.2344754600    0.0168311720    0.0003780616    
0.2347170400    0.0169151010    0.0003769163    
0.2349586300    0.0167098240    0.0003755254    
0.2352002200    0.0171369380    0.0003834813    
0.2354418100    0.0162651080    0.0003713921    
0.2356834000    0.0159885410    0.0003679661    
0.2359249900    0.0163438710    0.0003697368    
0.2361665700    0.0170279710    0.0003806618    
0.2364081600    0.0173876390    0.0003825388    
0.2366497500    0.0162110370    0.0003714183    
0.2368913400    0.0170389570    0.0003792057    
0.2371329300    0.0169027730    0.0003800536    
0.2373745200    0.0162820690    0.0003715857    
0.2376161100    0.0163414310    0.0003722624    
0.2378576900    0.0168226620    0.0003790195    
0.2380992800    0.0168902590    0.0003776777    
0.2383408700    0.0164830000    0.0003741308    
0.2385824600    0.0170879960    0.0003793587    
0.2388240500    0.0168938480    0.0003788963    
0.2390656400    0.0164123670    0.0003735877    
0.2393072300    0.0165922450    0.0003745896    
0.2395488100    0.0171385740    0.0003812339    
0.2397904000    0.0171352030    0.0003823908    
0.2400319900    0.0155657970    0.0003649682    
0.2402735800    0.0161758280    0.0003725725    
0.2405151700    0.0177013100    0.0003890633    
0.2407567600    0.0163272350    0.0003710735    
0.2409983500    0.0164581150    0.0003746290    
0.2412399300    0.0169136040    0.0003781997    
0.2414815200    0.0168526250    0.0003798875    
0.2417231100    0.0165291970    0.0003729761    
0.2419647000    0.0172586150    0.0003845707    
0.2422062900    0.0168856820    0.0003798614    
0.2424478800    0.0164613630    0.0003751893    
0.2426894600    0.0168744410    0.0003817395    
0.2429310500    0.0164040460    0.0003738829    
0.2431726400    0.0167301300    0.0003773180    
0.2434142300    0.0168564780    0.0003772998    
0.2436558200    0.0171317890    0.0003842329    
0.2438974100    0.0168406740    0.0003775139    
0.2441390000    0.0162078240    0.0003720288    
0.2443805800    0.0159482820    0.0003692959    
0.2446221700    0.0164016830    0.0003749017    
0.2448637600    0.0164910910    0.0003768470    
0.2451053500    0.0161456770    0.0003707978    
0.2453469400    0.0166986680    0.0003810932    
0.2455885300    0.0168184130    0.0003784439    
0.2458301200    0.0171007440    0.0003840198    
0.2460717000    0.0166922080    0.0003763671    
0.2463132900    0.0164633890    0.0003741679    
0.2465548800    0.0165453080    0.0003772006    
0.2467964700    0.0167619530    0.0003779396    
0.2470380600    0.0164817800    0.0003759477    
0.2472796500    0.0166244860    0.0003774395    
0.2475212400    0.0170242500    0.0003842447    
0.2477628200    0.0162869580    0.0003766337    
0.2480044100    0.0163245230    0.0003732356    
0.2482460000    0.0162761390    0.0003728121    
0.2484875900    0.0167250340    0.0003788446    
0.2487291800    0.0160814330    0.0003714839    
0.2489707700    0.0164127700    0.0003743736    
0.2492123600    0.0170678390    0.0003840564    
0.2494539400    0.0160492200    0.0003716332    
0.2496955300    0.0168139900    0.0003810551    
0.2499371200    0.0165761080    0.0003770220    
0.2501787100    0.0162429420    0.0003773349    
0.2504203000    0.0163274000    0.0003737901    
0.2506618900    0.0168576000    0.0003777035    
0.2509034700    0.0166220580    0.0003776765    
0.2511450600    0.0170000990    0.0003812793    
0.2513866500    0.0167571170    0.0003794740    
0.2516282400    0.0158894470    0.0003669510    
0.2518698300    0.0176185270    0.0003885600    
0.2521114200    0.0158782440    0.0003679702    
0.2523530100    0.0164044160    0.0003746707    
0.2525945900    0.0165629440    0.0003755586    
0.2528361800    0.0160048800    0.0003719049    
0.2530777700    0.0168704170    0.0003783708    
0.2533193600    0.0165220570    0.0003740550    
0.2535609500    0.0165263350    0.0003754047    
0.2538025400    0.0165063050    0.0003750465    
0.2540441300    0.0161910070    0.0003714472    
0.2542857100    0.0163103210    0.0003724245    
0.2545273000    0.0160696460    0.0003716084    
0.2547688900    0.0169253010    0.0003784612    
0.2550104800    0.0164133820    0.0003755618    
0.2552520700    0.0162467080    0.0003751016    
0.2554936600    0.0159225270    0.0003677150    
0.2557352500    0.0166868080    0.0003778818    
0.2559768300    0.0157926790    0.0003660856    
0.2562184200    0.0162645740    0.0003733315    
0.2564600100    0.0158555490    0.0003665594    
0.2567016000    0.0166048950    0.0003774815    
0.2569431900    0.0166566160    0.0003766191    
0.2571847800    0.0169076000    0.0003789190    
0.2574263700    0.0162734120    0.0003722616    
0.2576679500    0.0169060340    0.0003802230    
0.2579095400    0.0165302230    0.0003763679    
0.2581511300    0.0163075100    0.0003718759    
0.2583927200    0.0162821390    0.0003712008    
0.2586343100    0.0160216290    0.0003670787    
0.2588759000    0.0171096020    0.0003821050    
0.2591174800    0.0168815060    0.0003765418    
0.2593590700    0.0159064070    0.0003658821    
0.2596006600    0.0159996130    0.0003682209    
0.2598422500    0.0166953000    0.0003765325    
0.2600838400    0.0166164580    0.0003759033    
0.2603254300    0.0163559520    0.0003742477    
0.2605670200    0.0165909470    0.0003756147    
0.2608086000    0.0166814810    0.0003736637    
0.2610501900    0.0166514430    0.0003752572    
0.2612917800    0.0170128190    0.0003802281    
0.2615333700    0.0164823070    0.0003733465    
0.2617749600    0.0164206520    0.0003732931    
0.2620165500    0.0165271180    0.0003735956    
0.2622581400    0.0167692120    0.0003786813    
0.2624997200    0.0161463850    0.0003700342    
0.2627413100    0.0161891520    0.0003741719    
0.2629829000    0.0167493310    0.0003748076    
0.2632244900    0.0160461400    0.0003697817    
0.2634660800    0.0163469340    0.0003714253    
0.2637076700    0.0166382390    0.0003756279    
0.2639492600    0.0166891210    0.0003762018    
0.2641908400    0.0162450760    0.0003718080    
0.2644324300    0.0165237830    0.0003756375    
0.2646740200    0.0158643270    0.0003653978    
0.2649156100    0.0164937120    0.0003766120    
0.2651572000    0.0170024420    0.0003803764    
0.2653987900    0.0158659530    0.0003693754    
0.2656403800    0.0165378600    0.0003756665    
0.2658819600    0.0166714210    0.0003756121    
0.2661235500    0.0158542170    0.0003682052    
0.2663651400    0.0159826650    0.0003680259    
0.2666067300    0.0165514260    0.0003752975    
0.2668483200    0.0162084990    0.0003708738    
0.2670899100    0.0165087210    0.0003774470    
0.2673314900    0.0161325060    0.0003696190    
0.2675730800    0.0165165020    0.0003767397    
0.2678146700    0.0168345070    0.0003814222    
0.2680562600    0.0160695500    0.0003695370    
0.2682978500    0.0157503310    0.0003664850    
0.2685394400    0.0164966510    0.0003737673    
0.2687810300    0.0164044160    0.0003746707    
0.2690226100    0.0167573430    0.0003759293    
0.2692642000    0.0151794090    0.0003624433    
0.2695057900    0.0166589770    0.0003763840    
0.2697473800    0.0168833050    0.0003790414    
0.2699889700    0.0162385410    0.0003738187    
0.2702305600    0.0163735620    0.0003760313    
0.2704721500    0.0164192560    0.0003758930    
0.2707137300    0.0160843570    0.0003691948    
0.2709553200    0.0155001900    0.0003648366    
0.2711969100    0.0162618690    0.0003727787    
0.2714385000    0.0164208700    0.0003736845    
0.2716800900    0.0167873030    0.0003792833    
0.2719216800    0.0160593740    0.0003791555    
0.2721632700    0.0166306900    0.0003885506    
0.2724048500    0.0158131000    0.0003837498    
0.2726464400    0.0162451630    0.0003961057    
0.2728880300    0.0166964810    0.0004018876    
0.2731296200    0.0170104950    0.0004079127    
0.2733712100    0.0162132690    0.0004014612    
0.2736128000    0.0165168750    0.0004107456    
0.2738543800    0.0162957970    0.0004056242    
0.2740959700    0.0157568000    0.0004026989    
0.2743375600    0.0163716760    0.0004134472    
0.2745791500    0.0158807100    0.0004089491    
0.2748207400    0.0169459920    0.0004253814    
0.2750623300    0.0160810740    0.0004143836    
0.2753039200    0.0162396450    0.0004208518    
0.2755455000    0.0165833470    0.0004239615    
0.2757870900    0.0164909100    0.0004290959    
0.2760286800    0.0159733100    0.0004202048    
0.2762702700    0.0164918420    0.0004349003    
0.2765118600    0.0163618210    0.0004159935    
0.2767534500    0.0168652200    0.0004207112    
0.2769950400    0.0155311700    0.0004004795    
0.2772366200    0.0164238640    0.0004075513    
0.2774782100    0.0166268990    0.0004105720    
0.2777198000    0.0165265630    0.0004103525    
0.2779613900    0.0170425720    0.0004156725    
0.2782029800    0.0160104710    0.0003951096    
0.2784445700    0.0159457730    0.0003976514    
0.2786861600    0.0160333200    0.0003976154    
0.2789277400    0.0168174270    0.0004027043    
0.2791693300    0.0157719090    0.0003902934    
0.2794109200    0.0159324670    0.0003941459    
0.2796525100    0.0157846510    0.0003916895    
0.2798941000    0.0168163640    0.0003997104    
0.2801356900    0.0159022720    0.0003926786    
0.2803772800    0.0159080900    0.0003962192    
0.2806188600    0.0171242120    0.0004027276    
0.2808604500    0.0162566480    0.0003902845    
0.2811020400    0.0164292950    0.0003938622    
0.2813436300    0.0159347750    0.0003896977    
0.2815852200    0.0168141880    0.0003963142    
0.2818268100    0.0167692120    0.0003979158    
0.2820683900    0.0155691760    0.0003844534    
0.2823099800    0.0163507450    0.0003936797    
0.2825515700    0.0167164390    0.0003945586    
0.2827931600    0.0159662710    0.0003902346    
0.2830347500    0.0163285600    0.0003923503    
0.2832763400    0.0165866790    0.0003934737    
0.2835179300    0.0157652790    0.0003836073    
0.2837595100    0.0155511780    0.0003831920    
0.2840011000    0.0163349180    0.0003931847    
0.2842426900    0.0157346010    0.0003820699    
0.2844842800    0.0159690410    0.0003869648    
0.2847258700    0.0163943720    0.0003926866    
0.2849674600    0.0163790350    0.0003935631    
0.2852090500    0.0164689130    0.0003926739    
0.2854506300    0.0157777890    0.0003859739    
0.2856922200    0.0163660390    0.0003918956    
0.2859338100    0.0159645690    0.0003876540    
0.2861754000    0.0164370560    0.0003912476    
0.2864169900    0.0162105250    0.0003883945    
0.2866585800    0.0160217260    0.0003879000    
0.2869001700    0.0160137270    0.0003869134    
0.2871417500    0.0163595160    0.0003906211    
0.2873833400    0.0162626900    0.0003911064    
0.2876249300    0.0156686300    0.0003843399    
0.2878665200    0.0163318990    0.0003948314    
0.2881081100    0.0163190610    0.0003877804    
0.2883497000    0.0155548670    0.0003807484    
0.2885912900    0.0164649940    0.0003915800    
0.2888328700    0.0164588950    0.0003916565    
0.2890744600    0.0157995440    0.0003828575    
0.2893160500    0.0155844980    0.0003806763    
0.2895576400    0.0167577250    0.0003968619    
0.2897992300    0.0163743490    0.0003884368    
0.2900408200    0.0162635370    0.0003879977    
0.2902824000    0.0160810250    0.0003887664    
0.2905239900    0.0160115410    0.0003862972    
0.2907655800    0.0165272890    0.0003896602    
0.2910071700    0.0168947670    0.0003939683    
0.2912487600    0.0160241940    0.0003842611    
0.2914903500    0.0167834710    0.0003922271    
0.2917319400    0.0153508700    0.0003738559    
0.2919735200    0.0158366470    0.0003808603    
0.2922151100    0.0161608600    0.0003840212    
0.2924567000    0.0165052850    0.0003888173    
0.2926982900    0.0165359810    0.0003893245    
0.2929398800    0.0156829890    0.0003811539    
0.2931814700    0.0161767960    0.0003832116    
0.2934230600    0.0159080900    0.0003811483    
0.2936646400    0.0155416110    0.0003740896    
0.2939062300    0.0160071600    0.0003831921    
0.2941478200    0.0157151610    0.0003772846    
0.2943894100    0.0158587030    0.0003808405    
0.2946310000    0.0162128780    0.0003840663    
0.2948725900    0.0157371930    0.0003792370    
0.2951141800    0.0158152200    0.0003794681    
0.2953557600    0.0160945060    0.0003853935    
0.2955973500    0.0160168630    0.0003810300    
0.2958389400    0.0158222960    0.0003780093    
0.2960805300    0.0161622360    0.0003823307    
0.2963221200    0.0163460270    0.0003837899    
0.2965637100    0.0158747740    0.0003780780    
0.2968053000    0.0159663620    0.0003783328    
0.2970468800    0.0157087990    0.0003763734    
0.2972884700    0.0160380800    0.0003791816    
0.2975300600    0.0162980600    0.0003822425    
0.2977716500    0.0160209780    0.0003803752    
0.2980132400    0.0163734410    0.0003853908    
0.2982548300    0.0156847870    0.0003742970    
0.2984964100    0.0164406750    0.0003826518    
0.2987380000    0.0160476350    0.0003788784    
0.2989795900    0.0162180230    0.0003800519    
0.2992211800    0.0164315170    0.0003821283    
0.2994627700    0.0161342380    0.0003797606    
0.2997043600    0.0155882390    0.0003742375    
0.2999459500    0.0163399310    0.0003830139    
0.3001875300    0.0166412360    0.0003859632    
0.3004291200    0.0163586380    0.0003866523    
0.3006707100    0.0159516350    0.0003765069    
0.3009123000    0.0156999540    0.0003753007    
0.3011538900    0.0161478750    0.0003779932    
0.3013954800    0.0162623190    0.0003814043    
0.3016370700    0.0164350850    0.0003831449    
0.3018786500    0.0155508060    0.0003726950    
0.3021202400    0.0155930170    0.0003730643    
0.3023618300    0.0163339990    0.0003835075    
0.3026034200    0.0168000910    0.0003880850    
0.3028450100    0.0157922740    0.0003765405    
0.3030866000    0.0165379350    0.0003857523    
0.3033281900    0.0159187620    0.0003762554    
0.3035697700    0.0157677540    0.0003754227    
0.3038113600    0.0159609050    0.0003779913    
0.3040529500    0.0154450930    0.0003704807    
0.3042945400    0.0157180530    0.0003736045    
0.3045361300    0.0163999080    0.0003839980    
0.3047777200    0.0162684210    0.0003809193    
0.3050193100    0.0158009050    0.0003756800    
0.3052608900    0.0151458590    0.0003687537    
0.3055024800    0.0160673830    0.0003846338    
0.3057440700    0.0162009640    0.0003786140    
0.3059856600    0.0157028070    0.0003735588    
0.3062272500    0.0164976100    0.0003838730    
0.3064688400    0.0158192080    0.0003768615    
0.3067104200    0.0154707390    0.0003697158    
0.3069520100    0.0161464040    0.0003796265    
0.3071936000    0.0160291150    0.0003790756    
0.3074351900    0.0159296530    0.0003783136    
0.3076767800    0.0158627680    0.0003754567    
0.3079183700    0.0165911480    0.0003879445    
0.3081599600    0.0156931040    0.0003772991    
0.3084015400    0.0163159900    0.0003803685    
0.3086431300    0.0162126870    0.0003788880    
0.3088847200    0.0161008340    0.0003799227    
0.3091263100    0.0163397740    0.0003817538    
0.3093679000    0.0149921050    0.0003662061    
0.3096094900    0.0164783230    0.0003819793    
0.3098510800    0.0156803410    0.0003764487    
0.3100926600    0.0157908230    0.0003759720    
0.3103342500    0.0157639680    0.0003756521    
0.3105758400    0.0150783710    0.0003699726    
0.3108174300    0.0154942570    0.0003713397    
0.3110590200    0.0159655910    0.0003787401    
0.3113006100    0.0159443680    0.0003756037    
0.3115422000    0.0167023270    0.0003873801    
0.3117837800    0.0155102990    0.0003719378    
0.3120253700    0.0159601240    0.0003783975    
0.3122669600    0.0154824560    0.0003705252    
0.3125085500    0.0160340590    0.0003798303    
0.3127501400    0.0154015770    0.0003715811    
0.3129917300    0.0164606990    0.0003858447    
0.3132333100    0.0153682230    0.0003718602    
0.3134749000    0.0155564110    0.0003735811    
0.3137164900    0.0160933370    0.0003785882    
0.3139580800    0.0166601090    0.0003850569    
0.3141996700    0.0156148660    0.0003730536    
0.3144412600    0.0160688680    0.0003788521    
0.3146828500    0.0158883530    0.0003775458    
0.3149244300    0.0153963610    0.0003701647    
0.3151660200    0.0158874100    0.0003779504    
0.3154076100    0.0161355030    0.0003815916    
0.3156492000    0.0156214990    0.0003769967    
0.3158907900    0.0164226300    0.0003820250    
0.3161323800    0.0149405140    0.0003645112    
0.3163739700    0.0160905330    0.0003784175    
0.3166155500    0.0154558340    0.0003727816    
0.3168571400    0.0159446320    0.0003769722    
0.3170987300    0.0157729190    0.0003757588    
0.3173403200    0.0161757460    0.0003805268    
0.3175819100    0.0162740310    0.0003825215    
0.3178235000    0.0165964770    0.0003854438    
0.3180650900    0.0160779980    0.0003811922    
0.3183066700    0.0152310550    0.0003700610    
0.3185482600    0.0156021650    0.0003746798    
0.3187898500    0.0158841310    0.0003754369    
0.3190314400    0.0155109250    0.0003724887    
0.3192730300    0.0160660730    0.0003786810    
0.3195146200    0.0164084910    0.0003832546    
0.3197562100    0.0158198550    0.0003754943    
0.3199977900    0.0162086480    0.0003807744    
0.3202393800    0.0154269010    0.0003728437    
0.3204809700    0.0160418480    0.0003807634    
0.3207225600    0.0160604890    0.0003805632    
0.3209641500    0.0162559160    0.0003827306    
0.3212057400    0.0160755250    0.0003783786    
0.3214473200    0.0164735610    0.0003833134    
0.3216889100    0.0153296630    0.0003696310    
0.3219305000    0.0154085480    0.0003720743    
0.3221720900    0.0161786300    0.0003807000    
0.3224136800    0.0158538810    0.0003753515    
0.3226552700    0.0160616200    0.0003819867    
0.3228968600    0.0159725900    0.0003782680    
0.3231384400    0.0154514860    0.0003756385    
0.3233800300    0.0158083420    0.0003752210    
0.3236216200    0.0157511140    0.0003748141    
0.3238632100    0.0153163820    0.0003702808    
0.3241048000    0.0163010380    0.0003824175    
0.3243463900    0.0152312460    0.0003695207    
0.3245879800    0.0157371120    0.0003753320    
0.3248295600    0.0150526630    0.0003668110    
0.3250711500    0.0156157970    0.0003736093    
0.3253127400    0.0156626310    0.0003752672    
0.3255543300    0.0149312930    0.0003668058    
0.3257959200    0.0164374790    0.0003870053    
0.3260375100    0.0155856890    0.0003725692    
0.3262791000    0.0160857240    0.0003798835    
0.3265206800    0.0155597380    0.0003728020    
0.3267622700    0.0162171600    0.0003817123    
0.3270038600    0.0153836480    0.0003713647    
0.3272454500    0.0160806060    0.0003791288    
0.3274870400    0.0157997740    0.0003760785    
0.3277286300    0.0156997820    0.0003762653    
0.3279702200    0.0158720990    0.0003779071    
0.3282118000    0.0158532980    0.0003804913    
0.3284533900    0.0158687310    0.0003767605    
0.3286949800    0.0165429560    0.0003983076    
0.3289365700    0.0158135050    0.0003947214    
0.3291781600    0.0155743540    0.0003950795    
0.3294197500    0.0156731970    0.0004009553    
0.3296613300    0.0160054420    0.0004093209    
0.3299029200    0.0155533640    0.0004040176    
0.3301445100    0.0161035800    0.0004170457    
0.3303861000    0.0158708760    0.0004167896    
0.3306276900    0.0159380990    0.0004208836    
0.3308692800    0.0153184900    0.0004128088    
0.3311108700    0.0153697530    0.0004169243    
0.3313524500    0.0157762360    0.0004271655    
0.3315940400    0.0156278270    0.0004245501    
0.3318356300    0.0157873770    0.0004322471    
0.3320772200    0.0169088670    0.0004477698    
0.3323188100    0.0158005790    0.0004368870    
0.3325604000    0.0167897320    0.0004496891    
0.3328019900    0.0164061790    0.0004491894    
0.3330435700    0.0166933770    0.0004483969    
0.3332851600    0.0160383210    0.0004337851    
0.3335267500    0.0155082680    0.0004132967    
0.3337683400    0.0153981240    0.0004118264    
0.3340099300    0.0154646890    0.0004099574    
0.3342515200    0.0159144860    0.0004118724    
0.3344931100    0.0160793250    0.0004097391    
0.3347346900    0.0160847070    0.0004112136    
0.3349762800    0.0153274570    0.0003993638    
0.3352178700    0.0157996610    0.0004039262    
0.3354594600    0.0158457300    0.0004024819    
0.3357010500    0.0159872040    0.0004052917    
0.3359426400    0.0158263720    0.0004046091    
0.3361842300    0.0157688070    0.0003960812    
0.3364258100    0.0161341870    0.0003999938    
0.3366674000    0.0157957600    0.0003962585    
0.3369089900    0.0157995360    0.0003948650    
0.3371505800    0.0163553060    0.0004009424    
0.3373921700    0.0163357430    0.0004016716    
0.3376337600    0.0158558290    0.0003954084    
0.3378753400    0.0162830950    0.0004008621    
0.3381169300    0.0159217740    0.0003944854    
0.3383585200    0.0157932120    0.0003971957    
0.3386001100    0.0159992370    0.0003938740    
0.3388417000    0.0165243350    0.0004017203    
0.3390832900    0.0165170670    0.0003976843    
0.3393248800    0.0161831550    0.0003966031    
0.3395664600    0.0154801830    0.0003871256    
0.3398080500    0.0153855790    0.0003854837    
0.3400496400    0.0154113220    0.0003844430    
0.3402912300    0.0160801730    0.0003920827    
0.3405328200    0.0159226000    0.0003924633    
0.3407744100    0.0158190230    0.0003913395    
0.3410160000    0.0152841100    0.0003851234    
0.3412575800    0.0157780310    0.0003870235    
0.3414991700    0.0156398430    0.0003850263    
0.3417407600    0.0160396090    0.0003909775    
0.3419823500    0.0165288620    0.0003939913    
0.3422239400    0.0160255350    0.0003895941    
0.3424655300    0.0164809260    0.0003960114    
0.3427071200    0.0156224970    0.0003843664    
0.3429487000    0.0164550110    0.0003949329    
0.3431902900    0.0158794100    0.0003896274    
0.3434318800    0.0161897350    0.0003965262    
0.3436734700    0.0158322530    0.0003850090    
0.3439150600    0.0158997020    0.0003849457    
0.3441566500    0.0155580570    0.0003831290    
0.3443982300    0.0161434170    0.0003898194    
0.3446398200    0.0153079440    0.0003785803    
0.3448814100    0.0156256980    0.0003835177    
0.3451230000    0.0158411030    0.0003865984    
0.3453645900    0.0156241010    0.0003839414    
0.3456061800    0.0156356370    0.0003826109    
0.3458477700    0.0154907040    0.0003833346    
0.3460893500    0.0161929580    0.0003914724    
0.3463309400    0.0160581400    0.0003868589    
0.3465725300    0.0155294150    0.0003805818    
0.3468141200    0.0153197370    0.0003794526    
0.3470557100    0.0157145790    0.0003832824    
0.3472973000    0.0160499000    0.0003882409    
0.3475388900    0.0152243400    0.0003758237    
0.3477804700    0.0158631150    0.0003855316    
0.3480220600    0.0159596640    0.0003868512    
0.3482636500    0.0156611050    0.0003827760    
0.3485052400    0.0151937090    0.0003806764    
0.3487468300    0.0155132580    0.0003805288    
0.3489884200    0.0156040310    0.0003814950    
0.3492300100    0.0161432030    0.0003865596    
0.3494715900    0.0156716080    0.0003834911    
0.3497131800    0.0158747670    0.0003833322    
0.3499547700    0.0157199010    0.0003836405    
0.3501963600    0.0158552090    0.0003835314    
0.3504379500    0.0153895100    0.0003788635    
0.3506795400    0.0163035250    0.0003903986    
0.3509211300    0.0160657450    0.0003882835    
0.3511627100    0.0165288620    0.0003939913    
0.3514043000    0.0154674840    0.0003783829    
0.3516458900    0.0155844980    0.0003806763    
0.3518874800    0.0161617160    0.0003867812    
0.3521290700    0.0154514030    0.0003783292    
0.3523706600    0.0159685770    0.0003854851    
0.3526122400    0.0160465350    0.0003861314    
0.3528538300    0.0156760250    0.0003822284    
0.3530954200    0.0158454560    0.0003848752    
0.3533370100    0.0156547830    0.0003818240    
0.3535786000    0.0153504910    0.0003805647    
0.3538201900    0.0155063470    0.0003784288    
0.3540617800    0.0152332350    0.0003770788    
0.3543033600    0.0153723180    0.0003765057    
0.3545449500    0.0156114360    0.0003804274    
0.3547865400    0.0151488070    0.0003736178    
0.3550281300    0.0154337090    0.0003792627    
0.3552697200    0.0152336180    0.0003759382    
0.3555113100    0.0160709400    0.0003867186    
0.3557529000    0.0154709880    0.0003797205    
0.3559944800    0.0155977920    0.0003789714    
0.3562360700    0.0160044000    0.0003887358    
0.3564776600    0.0156305220    0.0003796546    
0.3567192500    0.0155273020    0.0003788274    
0.3569608400    0.0156320680    0.0003792449    
0.3572024300    0.0156485180    0.0003808790    
0.3574440200    0.0157504020    0.0003811077    
0.3576856000    0.0160900670    0.0003865081    
0.3579271900    0.0154324640    0.0003775261    
0.3581687800    0.0158662150    0.0003842476    
0.3584103700    0.0170523040    0.0003969949    
0.3586519600    0.0154795130    0.0003814262    
0.3588935500    0.0162603670    0.0003882537    
0.3591351400    0.0155051420    0.0003794176    
0.3593767200    0.0157792800    0.0003810264    
0.3596183100    0.0156402340    0.0003787748    
0.3598599000    0.0156751810    0.0003806270    
0.3601014900    0.0161432030    0.0003865596    
0.3603430800    0.0153170520    0.0003763960    
0.3605846700    0.0156238520    0.0003797167    
0.3608262500    0.0156139940    0.0003806028    
0.3610678400    0.0157953320    0.0003820830    
0.3613094300    0.0154365730    0.0003800222    
0.3615510200    0.0156397430    0.0003797665    
0.3617926100    0.0158344840    0.0003816924    
0.3620342000    0.0160726060    0.0003854220    
0.3622757900    0.0153907610    0.0003767315    
0.3625173700    0.0167623710    0.0003934569    
0.3627589600    0.0158007160    0.0003824371    
0.3630005500    0.0158675460    0.0003823783    
0.3632421400    0.0151466160    0.0003734502    
0.3634837300    0.0161457740    0.0003871766    
0.3637253200    0.0151310640    0.0003752401    
0.3639669100    0.0165148140    0.0003923212    
0.3642084900    0.0156177830    0.0003787869    
0.3644500800    0.0152177980    0.0003747499    
0.3646916700    0.0148730790    0.0003709009    
0.3649332600    0.0156574970    0.0003784168    
0.3651748500    0.0157792800    0.0003810264    
0.3654164400    0.0157995440    0.0003828575    
0.3656580300    0.0155760360    0.0003795648    
0.3658996100    0.0160305520    0.0003841927    
0.3661412000    0.0154626040    0.0003780373    
0.3663827900    0.0158760360    0.0003868753    
0.3666243800    0.0156513320    0.0003774969    
0.3668659700    0.0157056740    0.0003801367    
0.3671075600    0.0154688840    0.0003774021    
0.3673491500    0.0167685320    0.0003921994    
0.3675907300    0.0150694580    0.0003734827    
0.3678323200    0.0163129370    0.0003865451    
0.3680739100    0.0157690330    0.0003823428    
0.3683155000    0.0155818930    0.0003789208    
0.3685570900    0.0152755230    0.0003750360    
0.3687986800    0.0154081640    0.0003790931    
0.3690402600    0.0150401390    0.0003742533    
0.3692818500    0.0156234450    0.0003781465    
0.3695234400    0.0155517530    0.0003784117    
0.3697650300    0.0149593800    0.0003702998    
0.3700066200    0.0154392820    0.0003774671    
0.3702482100    0.0151475110    0.0003723422    
0.3704898000    0.0154873000    0.0003776267    
0.3707313800    0.0156777790    0.0003808024    
0.3709729700    0.0156412690    0.0003793565    
0.3712145600    0.0152427330    0.0003766222    
0.3714561500    0.0153405100    0.0003781159    
0.3716977400    0.0154340450    0.0003765521    
0.3719393300    0.0157293480    0.0003797100    
0.3721809200    0.0156545310    0.0003792322    
0.3724225000    0.0159209520    0.0003824457    
0.3726640900    0.0160616270    0.0003842759    
0.3729056800    0.0156111290    0.0003788484    
0.3731472700    0.0159923570    0.0003827281    
0.3733888600    0.0152869980    0.0003758845    
0.3736304500    0.0148068540    0.0003706349    
0.3738720400    0.0159118210    0.0003852391    
0.3741136200    0.0154718470    0.0003781503    
0.3743552100    0.0153491850    0.0003759391    
0.3745968000    0.0155660400    0.0003773100    
0.3748383900    0.0154959060    0.0003771645    
0.3750799800    0.0156820920    0.0003795659    
0.3753215700    0.0151580220    0.0003737314    
0.3755631500    0.0156127140    0.0003784414    
0.3758047400    0.0153491850    0.0003759391    
0.3760463300    0.0156633500    0.0003803398    
0.3762879200    0.0151086560    0.0003741096    
0.3765295100    0.0156626040    0.0003823561    
0.3767711000    0.0153398460    0.0003752604    
0.3770126900    0.0158943410    0.0003816963    
0.3772542700    0.0157411390    0.0003799947    
0.3774958600    0.0157489540    0.0003795204    
0.3777374500    0.0152296850    0.0003739106    
0.3779790400    0.0154392820    0.0003774671    
0.3782206300    0.0153515280    0.0003761093    
0.3784622200    0.0156795070    0.0003793923    
0.3787038100    0.0154095460    0.0003775308    
0.3789453900    0.0159015960    0.0003840920    
0.3791869800    0.0151288650    0.0003750702    
0.3794285700    0.0162151610    0.0003855293    
0.3796701600    0.0165494270    0.0003905079    
0.3799117500    0.0154220880    0.0003757018    
0.3801533400    0.0146788620    0.0003677769    
0.3803949300    0.0161703110    0.0003837045    
0.3806365100    0.0159888140    0.0003829725    
0.3808781000    0.0153901950    0.0003755941    
0.3811196900    0.0154655550    0.0003787893    
0.3813612800    0.0155099970    0.0003776193    
0.3816028700    0.0158589940    0.0003832867    
0.3818444600    0.0161377070    0.0003857650    
0.3820860500    0.0151982900    0.0003721317    
0.3823276300    0.0159636710    0.0003813869    
0.3825692200    0.0158899610    0.0003795176    
0.3828108100    0.0150477050    0.0003687764    
0.3830524000    0.0156903210    0.0003781075    
0.3832939900    0.0160071130    0.0003813380    
0.3835355800    0.0156800660    0.0003774222    
0.3837771600    0.0164606990    0.0003858447    
0.3840187500    0.0157867240    0.0003795500    
0.3842603400    0.0160015160    0.0003828377    
0.3845019300    0.0148508930    0.0003646107    
0.3847435200    0.0159296530    0.0003783136    
0.3849851100    0.0164846930    0.0003859832    
0.3852267000    0.0160343520    0.0003901545    
0.3854682800    0.0153061090    0.0003886502    
0.3857098700    0.0157001020    0.0003981413    
0.3859514600    0.0165704970    0.0004134879    
0.3861930500    0.0155468270    0.0004028974    
0.3864346400    0.0158398700    0.0004109057    
0.3866762300    0.0160529450    0.0004165734    
0.3869178200    0.0154054990    0.0004102667    
0.3871594000    0.0155479150    0.0004170276    
0.3874009900    0.0156561520    0.0004196289    
0.3876425800    0.0147597310    0.0004104679    
0.3878841700    0.0155293540    0.0004228121    
0.3881257600    0.0158964360    0.0004304201    
0.3883673500    0.0155474830    0.0004287432    
0.3886089400    0.0162561810    0.0004409697    
0.3888505200    0.0149523010    0.0004247881    
0.3890921100    0.0149576800    0.0004271879    
0.3893337000    0.0161413540    0.0004487173    
0.3895752900    0.0154784130    0.0004409822    
0.3898168800    0.0150244360    0.0004168632    
0.3900584700    0.0151457860    0.0004108489    
0.3903000600    0.0155260300    0.0004146545    
0.3905416400    0.0158092820    0.0004143158    
0.3907832300    0.0152421900    0.0004059175    
0.3910248200    0.0160154320    0.0004146238    
0.3912664100    0.0156739910    0.0004083929    
0.3915080000    0.0152619850    0.0004010761    
0.3917495900    0.0155115310    0.0004060944    
0.3919911700    0.0158003360    0.0004105715    
0.3922327600    0.0158967500    0.0004048239    
0.3924743500    0.0156442370    0.0004031270    
0.3927159400    0.0156584190    0.0004011025    
0.3929575300    0.0148822660    0.0003936887    
0.3931991200    0.0152291740    0.0003963996    
0.3934407100    0.0147255240    0.0003891340    
0.3936822900    0.0162228150    0.0004098187    
0.3939238800    0.0154649010    0.0004006397    
0.3941654700    0.0158385500    0.0004054508    
0.3944070600    0.0156245760    0.0004035594    
0.3946486500    0.0158829460    0.0004079261    
0.3948902400    0.0156550890    0.0004020740    
0.3951318300    0.0155256200    0.0004000704    
0.3953734100    0.0159194690    0.0004057974    
0.3956150000    0.0157822890    0.0004050738    
0.3958565900    0.0161127290    0.0004080807    
0.3960981800    0.0156737650    0.0004040221    
0.3963397700    0.0153459630    0.0004007995    
0.3965813600    0.0156600010    0.0004048797    
0.3968229500    0.0156941270    0.0004067146    
0.3970645300    0.0150975880    0.0003999449    
0.3973061200    0.0160361270    0.0004102398    
0.3975477100    0.0153562260    0.0004002493    
0.3977893000    0.0148441870    0.0003950382    
0.3980308900    0.0155924660    0.0004043517    
0.3982724800    0.0152016250    0.0003997660    
0.3985140700    0.0156250510    0.0004054695    
0.3987556500    0.0157423260    0.0004076900    
0.3989972400    0.0151646030    0.0003996224    
0.3992388300    0.0156480010    0.0004084095    
0.3994804200    0.0153148780    0.0004038630    
0.3997220100    0.0152746970    0.0004056341    
0.3999636000    0.0150430610    0.0003983607    
0.4002051800    0.0148995230    0.0003983488    
0.4004467700    0.0152936060    0.0004014913    
0.4006883600    0.0154325040    0.0004061185    
0.4009299500    0.0154887810    0.0004070361    
0.4011715400    0.0154544310    0.0004071187    
0.4014131300    0.0157071840    0.0004107945    
0.4016547200    0.0146539070    0.0003994210    
0.4018963000    0.0151747350    0.0004048396    
0.4021378900    0.0156642290    0.0004148100    
0.4023794800    0.0159199710    0.0004146613    
0.4026210700    0.0154316060    0.0004087932    
0.4028626600    0.0151213500    0.0004034153    
0.4031042500    0.0157410250    0.0004132371    
0.4033458400    0.0154589670    0.0004095180    
0.4035874200    0.0146821880    0.0004021385    
0.4038290100    0.0160501270    0.0004187623    
0.4040706000    0.0149672890    0.0004051136    
0.4043121900    0.0151968430    0.0004096794    
0.4045537800    0.0153684190    0.0004131057    
0.4047953700    0.0151248780    0.0004122582    
0.4050369600    0.0156093050    0.0004140822    
0.4052785400    0.0153239010    0.0004117603    
0.4055201300    0.0160285810    0.0004209312    
0.4057617200    0.0156852940    0.0004190575    
0.4060033100    0.0158185510    0.0004181642    
0.4062449000    0.0159564090    0.0004234391    
0.4064864900    0.0156852940    0.0004190575    
0.4067280800    0.0156768840    0.0004204868    
0.4069696600    0.0155919300    0.0004210960    
0.4072112500    0.0160410010    0.0004287138    
0.4074528400    0.0162545940    0.0004325724    
0.4076944300    0.0154243020    0.0004190211    
0.4079360200    0.0142840310    0.0004019288    
0.4081776100    0.0151565360    0.0004157550    
0.4084191900    0.0155795570    0.0004223048    
0.4086607800    0.0144980520    0.0004058675    
0.4089023700    0.0155071240    0.0004233066    
0.4091439600    0.0154352970    0.0004229245    
0.4093855500    0.0157648790    0.0004284314    
0.4096271400    0.0152816030    0.0004230227    
0.4098687300    0.0156281120    0.0004342818    
0.4101103100    0.0149537660    0.0004149025    
0.4103519000    0.0153431260    0.0004240763    
0.4105934900    0.0162303620    0.0004353322    
0.4108350800    0.0159541120    0.0004338946    
0.4110766700    0.0150074100    0.0004206216    
0.4113182600    0.0154685090    0.0004286896    
0.4115598500    0.0158016300    0.0004347609    
0.4118014300    0.0156609390    0.0004345235    
0.4120430200    0.0153590400    0.0004286290    
0.4122846100    0.0159994110    0.0004413736    
0.4125262000    0.0153055580    0.0004360575    
0.4127677900    0.0153052300    0.0004282964    
0.4130093800    0.0154413430    0.0004321053    
0.4132509700    0.0155600210    0.0004344070    
0.4134925500    0.0157086540    0.0004397579    
0.4137341400    0.0155287430    0.0004359187    
0.4139757300    0.0147166260    0.0004271525    
0.4142173200    0.0151704340    0.0004315079    
0.4144589100    0.0156939110    0.0004433591    
0.4147005000    0.0156423940    0.0004417275    
0.4149420800    0.0157495800    0.0004468978    
0.4151836700    0.0155663590    0.0004422333    
0.4154252600    0.0152869420    0.0004353505    
0.4156668500    0.0161694390    0.0004443764    
0.4159084400    0.0161205890    0.0004437046    
0.4161500300    0.0153448000    0.0004316062    
0.4163916200    0.0164579030    0.0004474305    
0.4166332000    0.0156903030    0.0004345028    
0.4168747900    0.0163997230    0.0004429124    
0.4171163800    0.0165028760    0.0004484875    
0.4173579700    0.0154825600    0.0004314047    
0.4175995600    0.0151009690    0.0004326943    
0.4178411500    0.0153922170    0.0004297223    
0.4180827400    0.0154381800    0.0004318478    
0.4183243200    0.0156516840    0.0004361171    
0.4185659100    0.0159777710    0.0004419554    
0.4188075000    0.0153756220    0.0004333311    
0.4190490900    0.0154572540    0.0004375473    
0.4192906800    0.0147214730    0.0004265750    
0.4195322700    0.0153779040    0.0004395481    
0.4197738600    0.0157925050    0.0004454340    
0.4200154400    0.0155650450    0.0004463583    
0.4202570300    0.0155241590    0.0004464727    
0.4204986200    0.0154672540    0.0004426448    
0.4207402100    0.0157681290    0.0004499673    
0.4209818000    0.0155859300    0.0004454942    
0.4212233900    0.0155989450    0.0004482530    
0.4214649800    0.0159922600    0.0004550681    
0.4217065600    0.0156477290    0.0004513351    
0.4219481500    0.0156565370    0.0004529099    
0.4221897400    0.0160957420    0.0004611979    
0.4224313300    0.0154572540    0.0004554137    
0.4226729200    0.0149323650    0.0004485994    
0.4229145100    0.0152454220    0.0004545307    
0.4231560900    0.0148323110    0.0004466024    
0.4233976800    0.0160011830    0.0004646327    
0.4236392700    0.0158673000    0.0004644806    
0.4238808600    0.0156452820    0.0004627648    
0.4241224500    0.0154435500    0.0004600290    
0.4243640400    0.0157173660    0.0004677705    
0.4246056300    0.0156353800    0.0004676140    
0.4248472100    0.0157696120    0.0004720510    
0.4250888000    0.0161072970    0.0004787397    
0.4253303900    0.0159491740    0.0004837527    
0.4255719800    0.0161733680    0.0004802794    
0.4258135700    0.0151280710    0.0004653140    
0.4260551600    0.0154856230    0.0004749655    
0.4262967500    0.0160800150    0.0004819909    
0.4265383300    0.0159286810    0.0004840225    
0.4267799200    0.0154298970    0.0004786910    
0.4270215100    0.0155031460    0.0004786655    
0.4272631000    0.0153452790    0.0004811875    
0.4275046900    0.0152810200    0.0004822647    
0.4277462800    0.0152534810    0.0004870062    
0.4279878700    0.0158592680    0.0004997680    
0.4282294500    0.0151615570    0.0004830874    
0.4284710400    0.0155053540    0.0004900774    
0.4287126300    0.0149476190    0.0004839470    
0.4289542200    0.0149686050    0.0004861577    
0.4291958100    0.0152962410    0.0004936840    
0.4294374000    0.0161645150    0.0005121923    
0.4296789900    0.0160741520    0.0005090735    
0.4299205700    0.0158603280    0.0005110919    
0.4301621600    0.0152290040    0.0005059498    
0.4304037500    0.0158131770    0.0005177002    
0.4306453400    0.0154435700    0.0005173791    
0.4308869300    0.0153426570    0.0005088838    
0.4311285200    0.0157406010    0.0005186704    
0.4313701000    0.0153049070    0.0005150511    
0.4316116900    0.0158185510    0.0005269924    
0.4318532800    0.0148503760    0.0005120819    
0.4320948700    0.0161549770    0.0005376040    
0.4323364600    0.0151505620    0.0005252512    
0.4325780500    0.0160149800    0.0005432710    
0.4328196400    0.0151228990    0.0005323513    
0.4330612200    0.0157360380    0.0005515478    
0.4333028100    0.0152770000    0.0005421604    
0.4335444000    0.0150285560    0.0005360509    
0.4337859900    0.0154073980    0.0005457580    
0.4340275800    0.0144761850    0.0005332371    
0.4342691700    0.0160623040    0.0005671797    
0.4345107600    0.0159975300    0.0005702504    
0.4347523400    0.0154604950    0.0005634118    
0.4349939300    0.0167475560    0.0005913768    
0.4352355200    0.0149682720    0.0005673709    
0.4354771100    0.0155206220    0.0005828892    
0.4357187000    0.0154103920    0.0005931462    
0.4359602900    0.0159391260    0.0005944291    
0.4362018800    0.0154370900    0.0005898209    
0.4364434600    0.0156907980    0.0005990774    
0.4366850500    0.0164097600    0.0006202306    
0.4369266400    0.0160822130    0.0006236415    
0.4371682300    0.0161859820    0.0006281379    
0.4374098200    0.0163578690    0.0006411154    
0.4376514100    0.0154572540    0.0006310397    
0.4378930000    0.0149916400    0.0006301456    
0.4381345800    0.0162428240    0.0006675760    
0.4383761700    0.0156599270    0.0006683494    
0.4386177600    0.0158474560    0.0006608846    
0.4388593500    0.0150478100    0.0006536351    
0.4391009400    0.0147313430    0.0006574920    
0.4393425300    0.0157935570    0.0006899447    
0.4395841100    0.0152177980    0.0006910046    
0.4398257000    0.0148028130    0.0006978113    
0.4400672900    0.0164873760    0.0007517596    
0.4403088800    0.0151419160    0.0007415028    
0.4405504700    0.0156167330    0.0007788919    
0.4407920600    0.0163159900    0.0008283189    
0.4410336500    0.0158858410    0.0008407679    
0.4412752300    0.0171676490    0.0008772259    
0.4415168200    0.0173398680    0.0009268549    
0.4417584100    0.0170769970    0.0012487937    
0.4420000000    0.0162456620    0.0018513650    