# Diamond Light Source Ltd.
# Data extracted from: /dls/b21/data/2017/mx13440-2/processed/b21-369037_00471.dat
q(1/A)          Column          Error           
0.0040000000    0.8229998800    0.0209244770    
0.0042415885    0.8673398100    0.0202035000    
0.0044831771    0.7035664800    0.0169398900    
0.0047247656    0.5364694400    0.0143224120    
0.0049663541    0.4143224800    0.0118668830    
0.0052079426    0.3465649700    0.0111679000    
0.0054495312    0.2835678800    0.0093135912    
0.0056911197    0.2746288500    0.0086414270    
0.0059327082    0.2099143300    0.0075549819    
0.0061742967    0.1625631900    0.0063713536    
0.0064158853    0.1549069800    0.0061569999    
0.0066574738    0.1328473400    0.0053876709    
0.0068990623    0.1263638800    0.0053021105    
0.0071406509    0.1116261100    0.0048951287    
0.0073822394    0.1027016500    0.0045388146    
0.0076238279    0.0843132650    0.0040149174    
0.0078654164    0.0840727400    0.0040733376    
0.0081070050    0.0757209540    0.0036643938    
0.0083485935    0.0763919420    0.0035540748    
0.0085901820    0.0646996210    0.0032931240    
0.0088317705    0.0599084270    0.0030854410    
0.0090733591    0.0572579190    0.0029970164    
0.0093149476    0.0568097160    0.0028766718    
0.0095565361    0.0505460800    0.0027134558    
0.0097981247    0.0552073900    0.0028358132    
0.0100397130    0.0528864460    0.0026814493    
0.0102813020    0.0441062910    0.0025050690    
0.0105228900    0.0481946160    0.0024530414    
0.0107644790    0.0405315470    0.0022728963    
0.0110060670    0.0432498030    0.0022890223    
0.0112476560    0.0376674980    0.0021256999    
0.0114892440    0.0390384710    0.0021328995    
0.0117308330    0.0374004170    0.0020778009    
0.0119724210    0.0373813540    0.0020484856    
0.0122140100    0.0380306200    0.0020474998    
0.0124555980    0.0343228450    0.0018865542    
0.0126971870    0.0348338440    0.0019595568    
0.0129387760    0.0355236930    0.0018722630    
0.0131803640    0.0359940530    0.0019157701    
0.0134219530    0.0346210670    0.0018121495    
0.0136635410    0.0313545930    0.0017312678    
0.0139051300    0.0325973060    0.0017652431    
0.0141467180    0.0352468090    0.0017940153    
0.0143883070    0.0287278560    0.0015959920    
0.0146298950    0.0324518380    0.0016962847    
0.0148714840    0.0303199360    0.0016516322    
0.0151130720    0.0315141440    0.0016655743    
0.0153546610    0.0309161390    0.0015880554    
0.0155962490    0.0323794570    0.0016417036    
0.0158378380    0.0290007640    0.0015179694    
0.0160794260    0.0297953050    0.0015386230    
0.0163210150    0.0285758570    0.0014736873    
0.0165626030    0.0281821300    0.0014915565    
0.0168041920    0.0282818700    0.0014395093    
0.0170457800    0.0282538950    0.0014474909    
0.0172873690    0.0275491790    0.0014207405    
0.0175289580    0.0314948720    0.0015100635    
0.0177705460    0.0305548870    0.0014616385    
0.0180121350    0.0290518100    0.0014092198    
0.0182537230    0.0294197430    0.0014025312    
0.0184953120    0.0277303610    0.0013579616    
0.0187369000    0.0265998670    0.0013299933    
0.0189784890    0.0259856020    0.0012802187    
0.0192200770    0.0277912010    0.0013449105    
0.0194616660    0.0265112010    0.0012799728    
0.0197032540    0.0312487050    0.0014002880    
0.0199448430    0.0266680720    0.0012935915    
0.0201864310    0.0275617610    0.0013050872    
0.0204280200    0.0256598330    0.0012345593    
0.0206696080    0.0270691290    0.0012499362    
0.0209111970    0.0236280200    0.0011933952    
0.0211527850    0.0266811440    0.0012294022    
0.0213943740    0.0268621540    0.0012364309    
0.0216359620    0.0256782380    0.0012145390    
0.0218775510    0.0283987600    0.0012713031    
0.0221191400    0.0277640580    0.0012342629    
0.0223607280    0.0272330850    0.0012142632    
0.0226023170    0.0251037800    0.0012008767    
0.0228439050    0.0269400710    0.0011894332    
0.0230854940    0.0258314260    0.0011622108    
0.0233270820    0.0268669970    0.0011827536    
0.0235686710    0.0261595930    0.0011746004    
0.0238102590    0.0244718780    0.0011123581    
0.0240518480    0.0239724510    0.0010941877    
0.0242934360    0.0255001080    0.0011449886    
0.0245350250    0.0249232030    0.0011179584    
0.0247766130    0.0239269570    0.0010887142    
0.0250182020    0.0261404150    0.0011496541    
0.0252597900    0.0238456290    0.0010717813    
0.0255013790    0.0249461390    0.0010877033    
0.0257429670    0.0243290460    0.0010762536    
0.0259845560    0.0252627940    0.0010841302    
0.0262261450    0.0257895940    0.0011016769    
0.0264677330    0.0272318640    0.0011192227    
0.0267093220    0.0269190650    0.0011045026    
0.0269509100    0.0263966320    0.0010998597    
0.0271924990    0.0251491430    0.0010656034    
0.0274340870    0.0232848090    0.0010310687    
0.0276756760    0.0265038380    0.0010820147    
0.0279172640    0.0259683590    0.0010691004    
0.0281588530    0.0251588070    0.0010393008    
0.0284004410    0.0244718780    0.0010341256    
0.0286420300    0.0219910510    0.0009616015    
0.0288836180    0.0236132150    0.0010068709    
0.0291252070    0.0237303050    0.0009887627    
0.0293667950    0.0245984560    0.0010187640    
0.0296083840    0.0251310530    0.0010175266    
0.0298499720    0.0233934560    0.0009850422    
0.0300915610    0.0244718780    0.0010040933    
0.0303331490    0.0227701910    0.0009605025    
0.0305747380    0.0246297610    0.0009859795    
0.0308163270    0.0231693420    0.0009563011    
0.0310579150    0.0240733130    0.0009795292    
0.0312995040    0.0254131040    0.0009983210    
0.0315410920    0.0255206720    0.0009956563    
0.0317826810    0.0257842490    0.0009976226    
0.0320242690    0.0232217660    0.0009379183    
0.0322658580    0.0243160060    0.0009734193    
0.0325074460    0.0228906180    0.0009283371    
0.0327490350    0.0239854330    0.0009473677    
0.0329906230    0.0226767850    0.0009114569    
0.0332322120    0.0231370480    0.0009262232    
0.0334738000    0.0219452820    0.0008899987    
0.0337153890    0.0255155310    0.0009582559    
0.0339569770    0.0238582760    0.0009279794    
0.0341985660    0.0250510940    0.0009522997    
0.0344401540    0.0226735120    0.0008941560    
0.0346817430    0.0229289290    0.0009070544    
0.0349233310    0.0237249160    0.0009186324    
0.0351649200    0.0245061520    0.0009164781    
0.0354065090    0.0228080670    0.0008891510    
0.0356480970    0.0232246880    0.0008847902    
0.0358896860    0.0224038320    0.0008787506    
0.0361312740    0.0235332300    0.0008882045    
0.0363728630    0.0239717710    0.0008939962    
0.0366144510    0.0224043090    0.0008714266    
0.0368560400    0.0225641240    0.0008615022    
0.0370976280    0.0225168240    0.0008712021    
0.0373392170    0.0220246900    0.0008534394    
0.0375808050    0.0233712900    0.0008697894    
0.0378223940    0.0234684010    0.0008715945    
0.0380639820    0.0232319690    0.0008706548    
0.0383055710    0.0223698060    0.0008377558    
0.0385471590    0.0219741020    0.0008335252    
0.0387887480    0.0220820460    0.0008388275    
0.0390303360    0.0247209550    0.0008773139    
0.0392719250    0.0243787100    0.0008701135    
0.0395135140    0.0226706480    0.0008390783    
0.0397551020    0.0238584660    0.0008776479    
0.0399966910    0.0225871240    0.0008220296    
0.0402382790    0.0230144950    0.0008359241    
0.0404798680    0.0223178740    0.0008171154    
0.0407214560    0.0232513350    0.0008423070    
0.0409630450    0.0226394420    0.0008179963    
0.0412046330    0.0227965410    0.0008258316    
0.0414462220    0.0209422800    0.0007848451    
0.0416878100    0.0235329090    0.0008309759    
0.0419293990    0.0208420770    0.0007810899    
0.0421709870    0.0225827180    0.0008101505    
0.0424125760    0.0229167100    0.0008200244    
0.0426541640    0.0221669680    0.0007942141    
0.0428957530    0.0220189850    0.0007924806    
0.0431373410    0.0206872730    0.0007672485    
0.0433789300    0.0226477120    0.0007972372    
0.0436205180    0.0204770390    0.0007563367    
0.0438621070    0.0208235470    0.0007644565    
0.0441036960    0.0221252590    0.0007861868    
0.0443452840    0.0225471230    0.0007873797    
0.0445868730    0.0222548150    0.0007902917    
0.0448284610    0.0213786760    0.0007649892    
0.0450700500    0.0219544360    0.0008016626    
0.0453116380    0.0212952400    0.0007914314    
0.0455532270    0.0227283340    0.0008412134    
0.0457948150    0.0208694180    0.0008050553    
0.0460364040    0.0211319660    0.0008121674    
0.0462779920    0.0207688960    0.0008177745    
0.0465195810    0.0211552940    0.0008253466    
0.0467611690    0.0221025840    0.0008469729    
0.0470027580    0.0206096050    0.0008178672    
0.0472443460    0.0222748170    0.0008677037    
0.0474859350    0.0225260000    0.0008619334    
0.0477275230    0.0211195660    0.0008414236    
0.0479691120    0.0200682840    0.0008213402    
0.0482107000    0.0200847620    0.0008296939    
0.0484522890    0.0222687310    0.0008687859    
0.0486938780    0.0207942220    0.0008454053    
0.0489354660    0.0224671190    0.0008812329    
0.0491770550    0.0211122990    0.0008640689    
0.0494186430    0.0221946330    0.0008685431    
0.0496602320    0.0223201510    0.0008466516    
0.0499018200    0.0209446810    0.0008085604    
0.0501434090    0.0219340530    0.0008140491    
0.0503849970    0.0211536570    0.0007916557    
0.0506265860    0.0220188490    0.0008018792    
0.0508681740    0.0206246440    0.0007723990    
0.0511097630    0.0206893390    0.0007699775    
0.0513513510    0.0209640580    0.0007609471    
0.0515929400    0.0198513130    0.0007524621    
0.0518345280    0.0213783670    0.0007684295    
0.0520761170    0.0210525970    0.0007713075    
0.0523177050    0.0221310890    0.0007672575    
0.0525592940    0.0219031590    0.0007778040    
0.0528008830    0.0208823190    0.0007396897    
0.0530424710    0.0200416240    0.0007269861    
0.0532840600    0.0216542200    0.0007516289    
0.0535256480    0.0202193020    0.0007262988    
0.0537672370    0.0217014760    0.0007461121    
0.0540088250    0.0204275780    0.0007254046    
0.0542504140    0.0213284620    0.0007443685    
0.0544920020    0.0207423430    0.0007279135    
0.0547335910    0.0208212370    0.0007240254    
0.0549751790    0.0203516120    0.0007128859    
0.0552167680    0.0202180750    0.0007112694    
0.0554583560    0.0202137710    0.0007033270    
0.0556999450    0.0203607970    0.0007037721    
0.0559415330    0.0219556160    0.0007359539    
0.0561831220    0.0209171680    0.0007112051    
0.0564247100    0.0204573360    0.0007012684    
0.0566662990    0.0208225620    0.0007047370    
0.0569078870    0.0198742780    0.0006953130    
0.0571494760    0.0207510070    0.0007035250    
0.0573910650    0.0205859840    0.0006900438    
0.0576326530    0.0201975190    0.0006887297    
0.0578742420    0.0212432740    0.0007049828    
0.0581158300    0.0189852180    0.0006601807    
0.0583574190    0.0207896600    0.0006895495    
0.0585990070    0.0192906860    0.0006679818    
0.0588405960    0.0208771380    0.0006935965    
0.0590821840    0.0213280780    0.0006945378    
0.0593237730    0.0194455900    0.0006650252    
0.0595653610    0.0200953530    0.0006785718    
0.0598069500    0.0208537240    0.0006762283    
0.0600485380    0.0204375640    0.0006730753    
0.0602901270    0.0213407210    0.0006884103    
0.0605317150    0.0193973680    0.0006527734    
0.0607733040    0.0206399820    0.0006703555    
0.0610148920    0.0203125390    0.0006685954    
0.0612564810    0.0193244950    0.0006492191    
0.0614980690    0.0215840250    0.0006794959    
0.0617396580    0.0198638270    0.0006665864    
0.0619812470    0.0207653710    0.0006809233    
0.0622228350    0.0203932310    0.0006705253    
0.0624644240    0.0197991830    0.0006559762    
0.0627060120    0.0203858690    0.0006710090    
0.0629476010    0.0200204120    0.0006692086    
0.0631891890    0.0201870900    0.0006677296    
0.0634307780    0.0211009750    0.0006796166    
0.0636723660    0.0197304510    0.0006565883    
0.0639139550    0.0214890950    0.0006840054    
0.0641555430    0.0198887300    0.0006511278    
0.0643971320    0.0199078510    0.0006577739    
0.0646387200    0.0194015060    0.0006375730    
0.0648803090    0.0202937520    0.0006577243    
0.0651218970    0.0202087700    0.0006435783    
0.0653634860    0.0205805160    0.0006544223    
0.0656050740    0.0199584520    0.0006428185    
0.0658466630    0.0205162060    0.0006484552    
0.0660882520    0.0195367160    0.0006312026    
0.0663298400    0.0199499000    0.0006389081    
0.0665714290    0.0186982970    0.0006154619    
0.0668130170    0.0203524450    0.0006442454    
0.0670546060    0.0191904670    0.0006219666    
0.0672961940    0.0190736690    0.0006175328    
0.0675377830    0.0191407850    0.0006136254    
0.0677793710    0.0190912530    0.0006168104    
0.0680209600    0.0187526950    0.0006039836    
0.0682625480    0.0196983030    0.0006195170    
0.0685041370    0.0212386470    0.0006412443    
0.0687457250    0.0203534400    0.0006363558    
0.0689873140    0.0186434020    0.0005998416    
0.0692289020    0.0198592760    0.0006190928    
0.0694704910    0.0194811560    0.0006126877    
0.0697120790    0.0199145170    0.0006175230    
0.0699536680    0.0190014660    0.0006060526    
0.0701952560    0.0198399760    0.0006187919    
0.0704368450    0.0195386580    0.0006160213    
0.0706784340    0.0191458780    0.0006156899    
0.0709200220    0.0202311230    0.0006273405    
0.0711616110    0.0200824770    0.0006245353    
0.0714031990    0.0188078220    0.0006092451    
0.0716447880    0.0201873060    0.0006342692    
0.0718863760    0.0203415210    0.0006280521    
0.0721279650    0.0196193670    0.0006110203    
0.0723695530    0.0199539920    0.0006128820    
0.0726111420    0.0197452220    0.0006134542    
0.0728527300    0.0201587550    0.0006108714    
0.0730943190    0.0195174480    0.0006052104    
0.0733359070    0.0193179520    0.0005984491    
0.0735774960    0.0184192910    0.0005865897    
0.0738190840    0.0207041590    0.0006153673    
0.0740606730    0.0196583400    0.0006009730    
0.0743022610    0.0198351010    0.0006041225    
0.0745438500    0.0193295010    0.0005937009    
0.0747854380    0.0188094070    0.0005796434    
0.0750270270    0.0204234880    0.0006089108    
0.0752686160    0.0190710650    0.0005811217    
0.0755102040    0.0187002080    0.0005762783    
0.0757517930    0.0185149070    0.0005755080    
0.0759933810    0.0193071330    0.0005784625    
0.0762349700    0.0193320720    0.0005863590    
0.0764765580    0.0183451810    0.0005658752    
0.0767181470    0.0193199030    0.0005798871    
0.0769597350    0.0183710450    0.0005610951    
0.0772013240    0.0196423510    0.0005789697    
0.0774429120    0.0189116240    0.0005653453    
0.0776845010    0.0199127330    0.0005777270    
0.0779260890    0.0191939620    0.0005707335    
0.0781676780    0.0187974820    0.0005609315    
0.0784092660    0.0188581360    0.0005629922    
0.0786508550    0.0188334250    0.0005580427    
0.0788924430    0.0186235710    0.0005602499    
0.0791340320    0.0192184040    0.0005652472    
0.0793756210    0.0200756320    0.0005792922    
0.0796172090    0.0190173020    0.0005581267    
0.0798587980    0.0188296570    0.0005606449    
0.0801003860    0.0189373660    0.0005618630    
0.0803419750    0.0194154370    0.0005609430    
0.0805835630    0.0189055960    0.0005579810    
0.0808251520    0.0186413300    0.0005533233    
0.0810667400    0.0188548430    0.0005564831    
0.0813083290    0.0186826590    0.0005473634    
0.0815499170    0.0196006200    0.0005689112    
0.0817915060    0.0192092830    0.0005594410    
0.0820330940    0.0189680980    0.0005500889    
0.0822746830    0.0191637570    0.0005543662    
0.0825162710    0.0194980480    0.0005566329    
0.0827578600    0.0189856980    0.0005510630    
0.0829994480    0.0185643350    0.0005379272    
0.0832410370    0.0185054610    0.0005433391    
0.0834826250    0.0182837660    0.0005338468    
0.0837242140    0.0189594940    0.0005425864    
0.0839658030    0.0198053650    0.0005559709    
0.0842073910    0.0202536580    0.0005604436    
0.0844489800    0.0179174570    0.0005238216    
0.0846905680    0.0184067140    0.0005269827    
0.0849321570    0.0171272280    0.0005140739    
0.0851737450    0.0192795050    0.0005386682    
0.0854153340    0.0183615270    0.0005289508    
0.0856569220    0.0187146730    0.0005303927    
0.0858985110    0.0185151090    0.0005331539    
0.0861400990    0.0185643540    0.0005282583    
0.0863816880    0.0190959390    0.0005377538    
0.0866232760    0.0186078620    0.0005351596    
0.0868648650    0.0190286840    0.0005341681    
0.0871064530    0.0194628370    0.0005418902    
0.0873480420    0.0192745730    0.0005349922    
0.0875896300    0.0189060180    0.0005311433    
0.0878312190    0.0182199380    0.0005207823    
0.0880728080    0.0188939470    0.0005287218    
0.0883143960    0.0194770140    0.0005364937    
0.0885559850    0.0190088730    0.0005319379    
0.0887975730    0.0191057550    0.0005307154    
0.0890391620    0.0187598050    0.0005262057    
0.0892807500    0.0188741190    0.0005259068    
0.0895223390    0.0184049520    0.0005180898    
0.0897639270    0.0191456450    0.0005249817    
0.0900055160    0.0189469030    0.0005234830    
0.0902471040    0.0183320320    0.0005170624    
0.0904886930    0.0183682360    0.0005130072    
0.0907302810    0.0182483050    0.0005068973    
0.0909718700    0.0179382650    0.0005114791    
0.0912134580    0.0191654030    0.0005200775    
0.0914550470    0.0180570600    0.0005113448    
0.0916966350    0.0190948390    0.0005191192    
0.0919382240    0.0183325910    0.0005104216    
0.0921798120    0.0184942290    0.0005094230    
0.0924214010    0.0196869520    0.0005255931    
0.0926629900    0.0196995840    0.0005227727    
0.0929045780    0.0177307820    0.0005011015    
0.0931461670    0.0187276300    0.0005091361    
0.0933877550    0.0187636250    0.0005104921    
0.0936293440    0.0181019090    0.0005034138    
0.0938709320    0.0189392260    0.0005137508    
0.0941125210    0.0186968440    0.0005064311    
0.0943541090    0.0186556910    0.0005058735    
0.0945956980    0.0184709000    0.0005042104    
0.0948372860    0.0190351960    0.0005092830    
0.0950788750    0.0187265420    0.0005037367    
0.0953204630    0.0188728430    0.0005076721    
0.0955620520    0.0189459700    0.0005078053    
0.0958036400    0.0183404320    0.0004971421    
0.0960452290    0.0183808600    0.0004976897    
0.0962868170    0.0191424460    0.0005101479    
0.0965284060    0.0189333630    0.0005051142    
0.0967699940    0.0193106830    0.0005101226    
0.0970115830    0.0193504710    0.0005053876    
0.0972531720    0.0192241080    0.0005053729    
0.0974947600    0.0196729500    0.0005106843    
0.0977363490    0.0195511880    0.0005071819    
0.0979779370    0.0188642910    0.0005000783    
0.0982195260    0.0199331670    0.0005143294    
0.0984611140    0.0195670100    0.0005065707    
0.0987027030    0.0196353300    0.0005079991    
0.0989442910    0.0204590160    0.0005188234    
0.0991858800    0.0198441830    0.0005093277    
0.0994274680    0.0202074450    0.0005117859    
0.0996690570    0.0206873030    0.0005142977    
0.0999106450    0.0197307760    0.0005062503    
0.1001522300    0.0209302320    0.0005173086    
0.1003938200    0.0202858980    0.0005111566    
0.1006354100    0.0200654070    0.0005062440    
0.1008770000    0.0204701870    0.0005123956    
0.1011185900    0.0199828010    0.0005062589    
0.1013601800    0.0212201000    0.0005222445    
0.1016017700    0.0203890050    0.0005084556    
0.1018433500    0.0213167820    0.0005315922    
0.1020849400    0.0199072460    0.0005208181    
0.1023265300    0.0222849110    0.0005553899    
0.1025681200    0.0217725720    0.0005461951    
0.1028097100    0.0212117830    0.0005471390    
0.1030513000    0.0225959840    0.0005666732    
0.1032928800    0.0223577390    0.0005689895    
0.1035344700    0.0223855650    0.0005617497    
0.1037760600    0.0227072190    0.0005754660    
0.1040176500    0.0215746660    0.0005632861    
0.1042592400    0.0220010170    0.0005705415    
0.1045008300    0.0216650670    0.0005627765    
0.1047424200    0.0212714800    0.0005627061    
0.1049840000    0.0208341660    0.0005596216    
0.1052255900    0.0207360590    0.0005600251    
0.1054671800    0.0192577840    0.0005363890    
0.1057087700    0.0190959390    0.0005377538    
0.1059503600    0.0196507350    0.0005475463    
0.1061919500    0.0188948490    0.0005365777    
0.1064335400    0.0186003670    0.0005192879    
0.1066751200    0.0192118300    0.0005198085    
0.1069167100    0.0196753900    0.0005245372    
0.1071583000    0.0184629140    0.0005015689    
0.1073998900    0.0192337050    0.0005102299    
0.1076414800    0.0187727590    0.0005077429    
0.1078830700    0.0180803680    0.0004911765    
0.1081246600    0.0180297770    0.0004934575    
0.1083662400    0.0177019390    0.0004828600    
0.1086078300    0.0186837000    0.0005014968    
0.1088494200    0.0196194690    0.0005072493    
0.1090910100    0.0191757250    0.0005001418    
0.1093326000    0.0186120500    0.0004901303    
0.1095741900    0.0187756130    0.0004935826    
0.1098157700    0.0184175040    0.0004840013    
0.1100573600    0.0186120500    0.0004901303    
0.1102989500    0.0187533200    0.0004876341    
0.1105405400    0.0183539080    0.0004821635    
0.1107821300    0.0181940870    0.0004823117    
0.1110237200    0.0187676230    0.0004850633    
0.1112653100    0.0188402740    0.0004910586    
0.1115068900    0.0180430360    0.0004736700    
0.1117484800    0.0184592830    0.0004783739    
0.1119900700    0.0192085790    0.0004860207    
0.1122316600    0.0196790550    0.0004936763    
0.1124732500    0.0190581790    0.0004831440    
0.1127148400    0.0182989010    0.0004729488    
0.1129564300    0.0191417350    0.0004854183    
0.1131980100    0.0184392180    0.0004740488    
0.1134396000    0.0182497990    0.0004727864    
0.1136811900    0.0176592380    0.0004639143    
0.1139227800    0.0182571810    0.0004698349    
0.1141643700    0.0180262660    0.0004634323    
0.1144059600    0.0175548750    0.0004575556    
0.1146475500    0.0190832420    0.0004796359    
0.1148891300    0.0176898060    0.0004559895    
0.1151307200    0.0182398340    0.0004679958    
0.1153723100    0.0183949680    0.0004645431    
0.1156139000    0.0187116840    0.0004723908    
0.1158554900    0.0185757430    0.0004657052    
0.1160970800    0.0189436640    0.0004750785    
0.1163386700    0.0185883130    0.0004667544    
0.1165802500    0.0183422100    0.0004632108    
0.1168218400    0.0182269310    0.0004586934    
0.1170634300    0.0184579950    0.0004620278    
0.1173050200    0.0187493660    0.0004669862    
0.1175466100    0.0183307780    0.0004604328    
0.1177882000    0.0180963700    0.0004551196    
0.1180297800    0.0188580100    0.0004648159    
0.1182713700    0.0178281900    0.0004538625    
0.1185129600    0.0179940280    0.0004534069    
0.1187545500    0.0186100090    0.0004602436    
0.1189961400    0.0176111330    0.0004468910    
0.1192377300    0.0183146540    0.0004532164    
0.1194793200    0.0174032180    0.0004411891    
0.1197209000    0.0184602590    0.0004545979    
0.1199624900    0.0175675510    0.0004426607    
0.1202040800    0.0183813920    0.0004495316    
0.1204456700    0.0183651540    0.0004544661    
0.1206872600    0.0181448410    0.0004468305    
0.1209288500    0.0185771920    0.0004554109    
0.1211704400    0.0187462980    0.0004552004    
0.1214120200    0.0188641960    0.0004549884    
0.1216536100    0.0181681840    0.0004455181    
0.1218952000    0.0177269780    0.0004377365    
0.1221367900    0.0177289540    0.0004408878    
0.1223783800    0.0170069810    0.0004289444    
0.1226199700    0.0183811480    0.0004475227    
0.1228615600    0.0178699090    0.0004408629    
0.1231031400    0.0174907700    0.0004357738    
0.1233447300    0.0174969590    0.0004356577    
0.1235863200    0.0183210750    0.0004477888    
0.1238279100    0.0182093890    0.0004415127    
0.1240695000    0.0182101440    0.0004403676    
0.1243110900    0.0177155110    0.0004341568    
0.1245526800    0.0179581650    0.0004382648    
0.1247942600    0.0180064160    0.0004354409    
0.1250358500    0.0180777500    0.0004381922    
0.1252774400    0.0179255970    0.0004354004    
0.1255190300    0.0187484460    0.0004441314    
0.1257606200    0.0177919460    0.0004343376    
0.1260022100    0.0178670110    0.0004348762    
0.1262437900    0.0181857170    0.0004372274    
0.1264853800    0.0183276960    0.0004383663    
0.1267269700    0.0180996410    0.0004334078    
0.1269685600    0.0176268150    0.0004278908    
0.1272101500    0.0173463650    0.0004244732    
0.1274517400    0.0182696680    0.0004386124    
0.1276933300    0.0175514680    0.0004235730    
0.1279349100    0.0181916690    0.0004363628    
0.1281765000    0.0181767270    0.0004352537    
0.1284180900    0.0183075210    0.0004344182    
0.1286596800    0.0177732200    0.0004292998    
0.1289012700    0.0179213240    0.0004296309    
0.1291428600    0.0177281480    0.0004282111    
0.1293844500    0.0189443280    0.0004391430    
0.1296260300    0.0170645630    0.0004187071    
0.1298676200    0.0174344150    0.0004232203    
0.1301092100    0.0177792360    0.0004252481    
0.1303508000    0.0187233140    0.0004353082    
0.1305923900    0.0174917130    0.0004249870    
0.1308339800    0.0187953050    0.0004392434    
0.1310755700    0.0181095970    0.0004293592    
0.1313171500    0.0189266760    0.0004380283    
0.1315587400    0.0173831230    0.0004192662    
0.1318003300    0.0183589940    0.0004321259    
0.1320419200    0.0174884880    0.0004182939    
0.1322835100    0.0176024020    0.0004213803    
0.1325251000    0.0186965950    0.0004341008    
0.1327666900    0.0178269300    0.0004230143    
0.1330082700    0.0178771180    0.0004236094    
0.1332498600    0.0189934000    0.0004373527    
0.1334914500    0.0182369390    0.0004306870    
0.1337330400    0.0178733870    0.0004208125    
0.1339746300    0.0185480500    0.0004297262    
0.1342162200    0.0173591160    0.0004155563    
0.1344578000    0.0181336210    0.0004261135    
0.1346993900    0.0176664400    0.0004180308    
0.1349409800    0.0186990760    0.0004325293    
0.1351825700    0.0183292590    0.0004251138    
0.1354241600    0.0178840560    0.0004205976    
0.1356657500    0.0179176190    0.0004215035    
0.1359073400    0.0177365900    0.0004219411    
0.1361489200    0.0177036890    0.0004176281    
0.1363905100    0.0181965330    0.0004230608    
0.1366321000    0.0180934640    0.0004216915    
0.1368736900    0.0183489940    0.0004246588    
0.1371152800    0.0178136580    0.0004164162    
0.1373568700    0.0177995130    0.0004179165    
0.1375984600    0.0176587960    0.0004172663    
0.1378400400    0.0181131210    0.0004219205    
0.1380816300    0.0176827800    0.0004147187    
0.1383232200    0.0178182790    0.0004184724    
0.1385648100    0.0174981790    0.0004148632    
0.1388064000    0.0186156910    0.0004248431    
0.1390479900    0.0181472520    0.0004176475    
0.1392895800    0.0177950550    0.0004176967    
0.1395311600    0.0179299860    0.0004156299    
0.1397727500    0.0183057350    0.0004199624    
0.1400143400    0.0179351330    0.0004155260    
0.1402559300    0.0192671840    0.0004349795    
0.1404975200    0.0176570460    0.0004119680    
0.1407391100    0.0179543870    0.0004157490    
0.1409806900    0.0174701470    0.0004130393    
0.1412222800    0.0179517880    0.0004145788    
0.1414638700    0.0182241480    0.0004185314    
0.1417054600    0.0177151410    0.0004094413    
0.1419470500    0.0178654380    0.0004157002    
0.1421886400    0.0183159670    0.0004168106    
0.1424302300    0.0179867350    0.0004141727    
0.1426718100    0.0186507110    0.0004225722    
0.1429134000    0.0175957190    0.0004096461    
0.1431549900    0.0170364130    0.0004040288    
0.1433965800    0.0173758000    0.0004081931    
0.1436381700    0.0183207870    0.0004163815    
0.1438797600    0.0178484080    0.0004106610    
0.1441213500    0.0175814610    0.0004082094    
0.1443629300    0.0176877820    0.0004088090    
0.1446045200    0.0181977650    0.0004149812    
0.1448461100    0.0182640080    0.0004157358    
0.1450877000    0.0186296610    0.0004173028    
0.1453292900    0.0188720580    0.0004235835    
0.1455708800    0.0175873990    0.0004067062    
0.1458124700    0.0181815710    0.0004172236    
0.1460540500    0.0180758190    0.0004093367    
0.1462956400    0.0177430510    0.0004083451    
0.1465372300    0.0177934830    0.0004076745    
0.1467788200    0.0174639370    0.0004034199    
0.1470204100    0.0180923770    0.0004110842    
0.1472620000    0.0179485290    0.0004089787    
0.1475035900    0.0173272780    0.0004012277    
0.1477451700    0.0183913840    0.0004151015    
0.1479867600    0.0175764350    0.0004033372    
0.1482283500    0.0175241150    0.0004053512    
0.1484699400    0.0176844650    0.0004054961    
0.1487115300    0.0182322970    0.0004129861    
0.1489531200    0.0186461100    0.0004126296    
0.1491947000    0.0186134580    0.0004153797    
0.1494362900    0.0182575260    0.0004093780    
0.1496778800    0.0177254760    0.0004047377    
0.1499194700    0.0174325270    0.0004007742    
0.1501610600    0.0180348300    0.0004084085    
0.1504026500    0.0182761180    0.0004089733    
0.1506442400    0.0182653770    0.0004125728    
0.1508858200    0.0178498580    0.0004063087    
0.1511274100    0.0177389220    0.0004020169    
0.1513690000    0.0180031380    0.0004049998    
0.1516105900    0.0170203280    0.0003949681    
0.1518521800    0.0179472620    0.0004049743    
0.1520937700    0.0190357030    0.0004159878    
0.1523353600    0.0187271770    0.0004129098    
0.1525769400    0.0182576700    0.0004090729    
0.1528185300    0.0177046170    0.0004023777    
0.1530601200    0.0181354090    0.0004063336    
0.1533017100    0.0174523130    0.0004007000    
0.1535433000    0.0173342470    0.0003954953    
0.1537848900    0.0179977400    0.0004028448    
0.1540264800    0.0180867280    0.0004047352    
0.1542680600    0.0185845190    0.0004099637    
0.1545096500    0.0186942930    0.0004092115    
0.1547512400    0.0182227760    0.0004059542    
0.1549928300    0.0185751480    0.0004095577    
0.1552344200    0.0172276250    0.0003939866    
0.1554760100    0.0185748220    0.0004092522    
0.1557176000    0.0176680780    0.0004006171    
0.1559591800    0.0179262360    0.0004017478    
0.1562007700    0.0181803800    0.0004022247    
0.1564423600    0.0174532930    0.0003935276    
0.1566839500    0.0184896620    0.0004090673    
0.1569255400    0.0183048220    0.0004041873    
0.1571671300    0.0189701710    0.0004116176    
0.1574087100    0.0186410330    0.0004058156    
0.1576503000    0.0186882730    0.0004109547    
0.1578918900    0.0184508790    0.0004033039    
0.1581334800    0.0189068440    0.0004106304    
0.1583750700    0.0181883160    0.0004034880    
0.1586166600    0.0182648340    0.0004138293    
0.1588582500    0.0182042330    0.0004126682    
0.1590998300    0.0190241080    0.0004267813    
0.1593414200    0.0187274880    0.0004262858    
0.1595830100    0.0183293770    0.0004240912    
0.1598246000    0.0177479750    0.0004164769    
0.1600661900    0.0186329030    0.0004308834    
0.1603077800    0.0187060940    0.0004338538    
0.1605493700    0.0189596480    0.0004375044    
0.1607909500    0.0174103410    0.0004202896    
0.1610325400    0.0186878020    0.0004381692    
0.1612741300    0.0183744730    0.0004346629    
0.1615157200    0.0176798950    0.0004281712    
0.1617573100    0.0182967310    0.0004361312    
0.1619989000    0.0178044530    0.0004337392    
0.1622404900    0.0186312840    0.0004416038    
0.1624820700    0.0179375020    0.0004376302    
0.1627236600    0.0180565070    0.0004379346    
0.1629652500    0.0180202010    0.0004369256    
0.1632068400    0.0181120710    0.0004317296    
0.1634484300    0.0177904770    0.0004212017    
0.1636900200    0.0179957830    0.0004231082    
0.1639316100    0.0182949870    0.0004238632    
0.1641731900    0.0178146640    0.0004179267    
0.1644147800    0.0180065160    0.0004168443    
0.1646563700    0.0177950790    0.0004158682    
0.1648979600    0.0179619760    0.0004143723    
0.1651395500    0.0174757770    0.0004106551    
0.1653811400    0.0185398790    0.0004204930    
0.1656227200    0.0186525810    0.0004239223    
0.1658643100    0.0179175880    0.0004122527    
0.1661059000    0.0175258770    0.0004072483    
0.1663474900    0.0181719090    0.0004118296    
0.1665890800    0.0187362810    0.0004180165    
0.1668306700    0.0168703360    0.0003986355    
0.1670722600    0.0179249040    0.0004088652    
0.1673138400    0.0175757660    0.0004047095    
0.1675554300    0.0170620290    0.0003967914    
0.1677970200    0.0175903260    0.0004047230    
0.1680386100    0.0179105770    0.0004088576    
0.1682802000    0.0183585190    0.0004114357    
0.1685217900    0.0177952310    0.0004037079    
0.1687633800    0.0183219250    0.0004091795    
0.1690049600    0.0189277570    0.0004185550    
0.1692465500    0.0178034710    0.0004008124    
0.1694881400    0.0179698200    0.0004053801    
0.1697297300    0.0185539010    0.0004106896    
0.1699713200    0.0180739410    0.0004073146    
0.1702129100    0.0176330870    0.0003985960    
0.1704545000    0.0167825270    0.0003898699    
0.1706960800    0.0182443330    0.0004081598    
0.1709376700    0.0178764300    0.0003994297    
0.1711792600    0.0172615740    0.0003939397    
0.1714208500    0.0184161550    0.0004046774    
0.1716624400    0.0177731740    0.0004000289    
0.1719040300    0.0172789500    0.0003909905    
0.1721456200    0.0175958510    0.0003961382    
0.1723872000    0.0179793390    0.0004004317    
0.1726287900    0.0176820440    0.0003966738    
0.1728703800    0.0171160140    0.0003911274    
0.1731119700    0.0181283000    0.0004004849    
0.1733535600    0.0171763540    0.0003899690    
0.1735951500    0.0179337900    0.0003961878    
0.1738367300    0.0173930170    0.0003915718    
0.1740783200    0.0183408080    0.0004002292    
0.1743199100    0.0176362060    0.0003928870    
0.1745615000    0.0179355850    0.0003953601    
0.1748030900    0.0179807550    0.0003950145    
0.1750446800    0.0191214270    0.0004119046    
0.1752862700    0.0176194060    0.0003901959    
0.1755278500    0.0182783780    0.0004030143    
0.1757694400    0.0178852980    0.0003939646    
0.1760110300    0.0176789720    0.0003923819    
0.1762526200    0.0175353070    0.0003887149    
0.1764942100    0.0175637960    0.0003894421    
0.1767358000    0.0179012040    0.0003928878    
0.1769773900    0.0161428530    0.0003723071    
0.1772189700    0.0176300920    0.0003897640    
0.1774605600    0.0174960060    0.0003893774    
0.1777021500    0.0176407180    0.0003893335    
0.1779437400    0.0178422860    0.0003916891    
0.1781853300    0.0180082600    0.0003944781    
0.1784269200    0.0178702410    0.0003894047    
0.1786685100    0.0178039300    0.0003896284    
0.1789100900    0.0174266860    0.0003841423    
0.1791516800    0.0174871960    0.0003854761    
0.1793932700    0.0178649810    0.0003897531    
0.1796348600    0.0176039090    0.0003851589    
0.1798764500    0.0177218860    0.0003864473    
0.1801180400    0.0175654450    0.0003848704    
0.1803596200    0.0178668630    0.0003907251    
0.1806012100    0.0177526230    0.0003863834    
0.1808428000    0.0182866780    0.0003920174    
0.1810843900    0.0181158710    0.0003889819    
0.1813259800    0.0176415420    0.0003845125    
0.1815675700    0.0177233190    0.0003847445    
0.1818091600    0.0172987980    0.0003798495    
0.1820507400    0.0172054840    0.0003790821    
0.1822923300    0.0175928010    0.0003825426    
0.1825339200    0.0179605500    0.0003877080    
0.1827755100    0.0174490800    0.0003805889    
0.1830171000    0.0176244740    0.0003855165    
0.1832586900    0.0173866080    0.0003791362    
0.1835002800    0.0172645200    0.0003781862    
0.1837418600    0.0172456700    0.0003769602    
0.1839834500    0.0172415500    0.0003783189    
0.1842250400    0.0176677030    0.0003821887    
0.1844666300    0.0175329530    0.0003803432    
0.1847082200    0.0177812500    0.0003827688    
0.1849498100    0.0179988840    0.0003854937    
0.1851914000    0.0170152110    0.0003767231    
0.1854329800    0.0174539640    0.0003796134    
0.1856745700    0.0177210150    0.0003828943    
0.1859161600    0.0179786730    0.0003829586    
0.1861577500    0.0172689880    0.0003753241    
0.1863993400    0.0175092020    0.0003789373    
0.1866409300    0.0173545590    0.0003755026    
0.1868825200    0.0176062020    0.0003813941    
0.1871241000    0.0172116160    0.0003740772    
0.1873656900    0.0179307040    0.0003838575    
0.1876072800    0.0170671920    0.0003716412    
0.1878488700    0.0169243220    0.0003734316    
0.1880904600    0.0179520580    0.0003836996    
0.1883320500    0.0173241510    0.0003740575    
0.1885736300    0.0175146640    0.0003768556    
0.1888152200    0.0179001250    0.0003808537    
0.1890568100    0.0174903860    0.0003774708    
0.1892984000    0.0173866400    0.0003743610    
0.1895399900    0.0172179460    0.0003737736    
0.1897815800    0.0173072000    0.0003747411    
0.1900231700    0.0174207960    0.0003759690    
0.1902647500    0.0170302310    0.0003707484    
0.1905063400    0.0172382060    0.0003753650    
0.1907479300    0.0175492310    0.0003767283    
0.1909895200    0.0176839400    0.0003766806    
0.1912311100    0.0171431860    0.0003713640    
0.1914727000    0.0173663620    0.0003734054    
0.1917142900    0.0169041710    0.0003694956    
0.1919558700    0.0174526890    0.0003722618    
0.1921974600    0.0177925890    0.0003790809    
0.1924390500    0.0175840970    0.0003774768    
0.1926806400    0.0169068190    0.0003686738    
0.1929222300    0.0169786760    0.0003700648    
0.1931638200    0.0180999850    0.0003789794    
0.1934054100    0.0170302310    0.0003707484    
0.1936469900    0.0170508600    0.0003680709    
0.1938885800    0.0177356880    0.0003773551    
0.1941301700    0.0171764580    0.0003696641    
0.1943717600    0.0176750260    0.0003768328    
0.1946133500    0.0174821670    0.0003713730    
0.1948549400    0.0172902610    0.0003718551    
0.1950965300    0.0176076200    0.0003748848    
0.1953381100    0.0170506010    0.0003686670    
0.1955797000    0.0176056670    0.0003753541    
0.1958212900    0.0172221230    0.0003691962    
0.1960628800    0.0178826860    0.0003763317    
0.1963044700    0.0172803030    0.0003693418    
0.1965460600    0.0176037050    0.0003758251    
0.1967876400    0.0176977100    0.0003729348    
0.1970292300    0.0175665250    0.0003719085    
0.1972708200    0.0167966070    0.0003653163    
0.1975124100    0.0175207220    0.0003728657    
0.1977540000    0.0173269770    0.0003706782    
0.1979955900    0.0167264090    0.0003639618    
0.1982371800    0.0170491660    0.0003682918    
0.1984787600    0.0175799250    0.0003697965    
0.1987203500    0.0170831020    0.0003666374    
0.1989619400    0.0171287380    0.0003673632    
0.1992035300    0.0172119390    0.0003675450    
0.1994451200    0.0172026140    0.0003676813    
0.1996867100    0.0174732020    0.0003698498    
0.1999283000    0.0180120560    0.0003762322    
0.2001698800    0.0179245080    0.0003757998    
0.2004114700    0.0179180420    0.0003768255    
0.2006530600    0.0173751890    0.0003681052    
0.2008946500    0.0169673770    0.0003645738    
0.2011362400    0.0179867530    0.0003728675    
0.2013778300    0.0171083100    0.0003666721    
0.2016194200    0.0177188780    0.0003704318    
0.2018610000    0.0173192800    0.0003677469    
0.2021025900    0.0175637360    0.0003706882    
0.2023441800    0.0173653810    0.0003676500    
0.2025857700    0.0169462680    0.0003635333    
0.2028273600    0.0175360820    0.0003713472    
0.2030689500    0.0179361530    0.0003742388    
0.2033105400    0.0177015820    0.0003696665    
0.2035521200    0.0175833240    0.0003699499    
0.2037937100    0.0175663700    0.0003691848    
0.2040353000    0.0180967200    0.0003755509    
0.2042768900    0.0175838410    0.0003689008    
0.2045184800    0.0172024710    0.0003633874    
0.2047600700    0.0171739310    0.0003657341    
0.2050016500    0.0169258620    0.0003634302    
0.2052432400    0.0173920120    0.0003680489    
0.2054848300    0.0178286280    0.0003711078    
0.2057264200    0.0172742660    0.0003676208    
0.2059680100    0.0175269490    0.0003663392    
0.2062096000    0.0178334760    0.0003708072    
0.2064511900    0.0174129770    0.0003657188    
0.2066927700    0.0174976250    0.0003682283    
0.2069343600    0.0174224930    0.0003669723    
0.2071759500    0.0181067170    0.0003739908    
0.2074175400    0.0176441310    0.0003689497    
0.2076591300    0.0171733820    0.0003634222    
0.2079007200    0.0179085390    0.0003740700    
0.2081423100    0.0176562450    0.0003679183    
0.2083838900    0.0170486900    0.0003623283    
0.2086254800    0.0179213240    0.0003720712    
0.2088670700    0.0181808670    0.0003739305    
0.2091086600    0.0178660190    0.0003719667    
0.2093502500    0.0175128310    0.0003667659    
0.2095918400    0.0171582640    0.0003649868    
0.2098334300    0.0172788160    0.0003655716    
0.2100750100    0.0177467810    0.0003716654    
0.2103166000    0.0177807140    0.0003723761    
0.2105581900    0.0179506520    0.0003713222    
0.2107997800    0.0174410680    0.0003680992    
0.2110413700    0.0176775500    0.0003686024    
0.2112829600    0.0176758660    0.0003711583    
0.2115245400    0.0185458140    0.0003773092    
0.2117661300    0.0178252910    0.0003722499    
0.2120077200    0.0174260100    0.0003663158    
0.2122493100    0.0173544960    0.0003688274    
0.2124909000    0.0177042120    0.0003700443    
0.2127324900    0.0175818130    0.0003712351    
0.2129740800    0.0177444260    0.0003699969    
0.2132156600    0.0185159220    0.0003779547    
0.2134572500    0.0177553270    0.0003715186    
0.2136988400    0.0174532930    0.0003681114    
0.2139404300    0.0169243320    0.0003606641    
0.2141820200    0.0178266310    0.0003717918    
0.2144236100    0.0175857500    0.0003703289    
0.2146652000    0.0180855420    0.0003750767    
0.2149067800    0.0173400290    0.0003656412    
0.2151483700    0.0177738930    0.0003757938    
0.2153899600    0.0180280510    0.0003832287    
0.2156315500    0.0178430390    0.0003849920    
0.2158731400    0.0179856580    0.0003879789    
0.2161147300    0.0172899130    0.0003851725    
0.2163563200    0.0172975990    0.0003862072    
0.2165979000    0.0174436520    0.0003907363    
0.2168394900    0.0175475280    0.0003921786    
0.2170810800    0.0179460440    0.0004010852    
0.2173226700    0.0177765720    0.0003988948    
0.2175642600    0.0178108930    0.0004014885    
0.2178058500    0.0179983180    0.0004050964    
0.2180474400    0.0175851340    0.0004023731    
0.2182890200    0.0167916740    0.0003963344    
0.2185306100    0.0164469490    0.0003897206    
0.2187722000    0.0174352660    0.0004063513    
0.2190137900    0.0185095700    0.0004178754    
0.2192553800    0.0172533460    0.0004072313    
0.2194969700    0.0172954850    0.0004051899    
0.2197385500    0.0162395750    0.0003902121    
0.2199801400    0.0168347420    0.0003931034    
0.2202217300    0.0177461630    0.0003997248    
0.2204633200    0.0170072410    0.0003894561    
0.2207049100    0.0170158770    0.0003870245    
0.2209465000    0.0169102430    0.0003858213    
0.2211880900    0.0173255320    0.0003885781    
0.2214296700    0.0168331060    0.0003824718    
0.2216712600    0.0170453910    0.0003843304    
0.2219128500    0.0168114900    0.0003806077    
0.2221544400    0.0163348910    0.0003770371    
0.2223960300    0.0169752110    0.0003824565    
0.2226376200    0.0174961670    0.0003913240    
0.2228792100    0.0181167780    0.0003952464    
0.2231207900    0.0168664530    0.0003813637    
0.2233623800    0.0167829060    0.0003780279    
0.2236039700    0.0168211960    0.0003800490    
0.2238455600    0.0175418640    0.0003862123    
0.2240871500    0.0173043820    0.0003842573    
0.2243287400    0.0170830260    0.0003798104    
0.2245703300    0.0169591820    0.0003809369    
0.2248119100    0.0169289420    0.0003800660    
0.2250535000    0.0171473680    0.0003823767    
0.2252950900    0.0172368630    0.0003848511    
0.2255366800    0.0170341810    0.0003790055    
0.2257782700    0.0168456000    0.0003778142    
0.2260198600    0.0172178340    0.0003806499    
0.2262614500    0.0162136700    0.0003692562    
0.2265030300    0.0169323920    0.0003768341    
0.2267446200    0.0173652310    0.0003830669    
0.2269862100    0.0160617530    0.0003658913    
0.2272278000    0.0168872720    0.0003762027    
0.2274693900    0.0168504450    0.0003746394    
0.2277109800    0.0169251100    0.0003788360    
0.2279525600    0.0168389820    0.0003743845    
0.2281941500    0.0168693700    0.0003756176    
0.2284357400    0.0165397860    0.0003714228    
0.2286773300    0.0169472370    0.0003772579    
0.2289189200    0.0166989460    0.0003721921    
0.2291605100    0.0167425910    0.0003748446    
0.2294021000    0.0170221050    0.0003764147    
0.2296436800    0.0167693370    0.0003769580    
0.2298852700    0.0168992280    0.0003747988    
0.2301268600    0.0165634900    0.0003748970    
0.2303684500    0.0173852650    0.0003818402    
0.2306100400    0.0176432990    0.0003851918    
0.2308516300    0.0160717090    0.0003668804    
0.2310932200    0.0167122950    0.0003760560    
0.2313348000    0.0158061510    0.0003639614    
0.2315763900    0.0172663620    0.0003807933    
0.2318179800    0.0169844670    0.0003794997    
0.2320595700    0.0164155000    0.0003715474    
0.2323011600    0.0162130420    0.0003703964    
0.2325427500    0.0160691890    0.0003687495    
0.2327843400    0.0174543320    0.0003857841    
0.2330259200    0.0167668370    0.0003747306    
0.2332675100    0.0173923330    0.0003821799    
0.2335091000    0.0168444990    0.0003774100    
0.2337506900    0.0169394940    0.0003765262    
0.2339922800    0.0170456360    0.0003799193    
0.2342338700    0.0164299120    0.0003723508    
0.2344754600    0.0171099350    0.0003811631    
0.2347170400    0.0161410260    0.0003681751    
0.2349586300    0.0160079830    0.0003675386    
0.2352002200    0.0165605620    0.0003769610    
0.2354418100    0.0165859290    0.0003750208    
0.2356834000    0.0166137800    0.0003750757    
0.2359249900    0.0172624590    0.0003799687    
0.2361665700    0.0168137800    0.0003782439    
0.2364081600    0.0171589260    0.0003799982    
0.2366497500    0.0164564020    0.0003742025    
0.2368913400    0.0168687180    0.0003772903    
0.2371329300    0.0165424420    0.0003759646    
0.2373745200    0.0161280360    0.0003698079    
0.2376161100    0.0167809580    0.0003772193    
0.2378576900    0.0168468300    0.0003792754    
0.2380992800    0.0166439170    0.0003748972    
0.2383408700    0.0166598970    0.0003761169    
0.2385824600    0.0170275760    0.0003786712    
0.2388240500    0.0161361440    0.0003702860    
0.2390656400    0.0160028050    0.0003688810    
0.2393072300    0.0174195120    0.0003837977    
0.2395488100    0.0169759870    0.0003794050    
0.2397904000    0.0163145850    0.0003731059    
0.2400319900    0.0156329090    0.0003657384    
0.2402735800    0.0161658550    0.0003724416    
0.2405151700    0.0168960270    0.0003800941    
0.2407567600    0.0166800050    0.0003750447    
0.2409983500    0.0167039750    0.0003774006    
0.2412399300    0.0172419340    0.0003818364    
0.2414815200    0.0166713600    0.0003778227    
0.2417231100    0.0168896350    0.0003770045    
0.2419647000    0.0168544060    0.0003800242    
0.2422062900    0.0165937100    0.0003765467    
0.2424478800    0.0160751680    0.0003707461    
0.2426894600    0.0162771660    0.0003749066    
0.2429310500    0.0163685500    0.0003734621    
0.2431726400    0.0163713120    0.0003732338    
0.2434142300    0.0161794750    0.0003696295    
0.2436558200    0.0163203300    0.0003750066    
0.2438974100    0.0161030370    0.0003691377    
0.2441390000    0.0161381190    0.0003712120    
0.2443805800    0.0163829900    0.0003742790    
0.2446221700    0.0163402910    0.0003741833    
0.2448637600    0.0160332990    0.0003715635    
0.2451053500    0.0163827040    0.0003734935    
0.2453469400    0.0162624060    0.0003760659    
0.2455885300    0.0165870620    0.0003758158    
0.2458301200    0.0168578300    0.0003812662    
0.2460717000    0.0164786360    0.0003739355    
0.2463132900    0.0163939470    0.0003733619    
0.2465548800    0.0158387910    0.0003690432    
0.2467964700    0.0164622800    0.0003745298    
0.2470380600    0.0170977310    0.0003828917    
0.2472796500    0.0167430140    0.0003787663    
0.2475212400    0.0170054400    0.0003840158    
0.2477628200    0.0159459100    0.0003726535    
0.2480044100    0.0166132310    0.0003765053    
0.2482460000    0.0167529040    0.0003782166    
0.2484875900    0.0171869460    0.0003840239    
0.2487291800    0.0162602410    0.0003735273    
0.2489707700    0.0159417290    0.0003689464    
0.2492123600    0.0163923560    0.0003763637    
0.2494539400    0.0162801660    0.0003742814    
0.2496955300    0.0165448540    0.0003779768    
0.2499371200    0.0163774650    0.0003747400    
0.2501787100    0.0161889530    0.0003766911    
0.2504203000    0.0164457860    0.0003751267    
0.2506618900    0.0164669000    0.0003732849    
0.2509034700    0.0160628870    0.0003712536    
0.2511450600    0.0165198000    0.0003758385    
0.2513866500    0.0168931570    0.0003809948    
0.2516282400    0.0160914460    0.0003692603    
0.2518698300    0.0165459370    0.0003765305    
0.2521114200    0.0167210280    0.0003775932    
0.2523530100    0.0158040410    0.0003677348    
0.2525945900    0.0169106290    0.0003794636    
0.2528361800    0.0164355620    0.0003768594    
0.2530777700    0.0164786360    0.0003739355    
0.2533193600    0.0170964430    0.0003804851    
0.2535609500    0.0165590200    0.0003757595    
0.2538025400    0.0167264260    0.0003775226    
0.2540441300    0.0168201550    0.0003785789    
0.2542857100    0.0169041320    0.0003791270    
0.2545273000    0.0170478250    0.0003827350    
0.2547688900    0.0165853660    0.0003746252    
0.2550104800    0.0164721170    0.0003762170    
0.2552520700    0.0167822000    0.0003812168    
0.2554936600    0.0163881760    0.0003730371    
0.2557352500    0.0168650600    0.0003798784    
0.2559768300    0.0160204250    0.0003686999    
0.2562184200    0.0162546050    0.0003732010    
0.2564600100    0.0160490780    0.0003687738    
0.2567016000    0.0165004980    0.0003762768    
0.2569431900    0.0156929960    0.0003655470    
0.2571847800    0.0168636880    0.0003784103    
0.2574263700    0.0163741890    0.0003733964    
0.2576679500    0.0167506670    0.0003784556    
0.2579095400    0.0164688200    0.0003756521    
0.2581511300    0.0157973350    0.0003659969    
0.2583927200    0.0166446000    0.0003752936    
0.2586343100    0.0162304890    0.0003694477    
0.2588759000    0.0168180160    0.0003788187    
0.2591174800    0.0163845690    0.0003709423    
0.2593590700    0.0167970660    0.0003759700    
0.2596006600    0.0164981810    0.0003738979    
0.2598422500    0.0168297230    0.0003780290    
0.2600838400    0.0163344260    0.0003726835    
0.2603254300    0.0167312980    0.0003785013    
0.2605670200    0.0165470030    0.0003751007    
0.2608086000    0.0165293970    0.0003719405    
0.2610501900    0.0162102930    0.0003702370    
0.2612917800    0.0163570710    0.0003728123    
0.2615333700    0.0163033100    0.0003712977    
0.2617749600    0.0160458810    0.0003689927    
0.2620165500    0.0172688020    0.0003818700    
0.2622581400    0.0156219850    0.0003654828    
0.2624997200    0.0157379780    0.0003653086    
0.2627413100    0.0166633600    0.0003795961    
0.2629829000    0.0160937400    0.0003673834    
0.2632244900    0.0161640500    0.0003711218    
0.2634660800    0.0165480520    0.0003736871    
0.2637076700    0.0166876840    0.0003761694    
0.2639492600    0.0151868100    0.0003588548    
0.2641908400    0.0170265040    0.0003806291    
0.2644324300    0.0158136490    0.0003674613    
0.2646740200    0.0158966220    0.0003657538    
0.2649156100    0.0163117190    0.0003745123    
0.2651572000    0.0160649880    0.0003697255    
0.2653987900    0.0160279620    0.0003712405    
0.2656403800    0.0163743140    0.0003737882    
0.2658819600    0.0170084630    0.0003793735    
0.2661235500    0.0163573380    0.0003739858    
0.2663651400    0.0161338140    0.0003697461    
0.2666067300    0.0166606180    0.0003765171    
0.2668483200    0.0165040920    0.0003742242    
0.2670899100    0.0167057670    0.0003796765    
0.2673314900    0.0160887780    0.0003691019    
0.2675730800    0.0165236730    0.0003768052    
0.2678146700    0.0162281730    0.0003744741    
0.2680562600    0.0161021560    0.0003698958    
0.2682978500    0.0160218320    0.0003696143    
0.2685394400    0.0164359560    0.0003730630    
0.2687810300    0.0164628990    0.0003753218    
0.2690226100    0.0164523200    0.0003724762    
0.2692642000    0.0163376610    0.0003760009    
0.2695057900    0.0158837620    0.0003675064    
0.2697473800    0.0163202580    0.0003726514    
0.2699889700    0.0164952850    0.0003767461    
0.2702305600    0.0158626810    0.0003701025    
0.2704721500    0.0163662130    0.0003752692    
0.2707137300    0.0160490780    0.0003687738    
0.2709553200    0.0166494630    0.0003781041    
0.2711969100    0.0162433800    0.0003725507    
0.2714385000    0.0157392100    0.0003658303    
0.2716800900    0.0169829350    0.0003814705    
0.2719216800    0.0162638630    0.0003815454    
0.2721632700    0.0159212440    0.0003801563    
0.2724048500    0.0160166020    0.0003861946    
0.2726464400    0.0153745970    0.0003853295    
0.2728880300    0.0159405750    0.0003926679    
0.2731296200    0.0170383740    0.0004082292    
0.2733712100    0.0164404900    0.0004042472    
0.2736128000    0.0163316080    0.0004084178    
0.2738543800    0.0162136280    0.0004045828    
0.2740959700    0.0160230080    0.0004060689    
0.2743375600    0.0165373100    0.0004155155    
0.2745791500    0.0173535520    0.0004274741    
0.2748207400    0.0153109390    0.0004043219    
0.2750623300    0.0159088560    0.0004121410    
0.2753039200    0.0161946250    0.0004202499    
0.2755455000    0.0154222680    0.0004088329    
0.2757870900    0.0165899680    0.0004303642    
0.2760286800    0.0171214720    0.0004350262    
0.2762702700    0.0166739030    0.0004372754    
0.2765118600    0.0165084710    0.0004178355    
0.2767534500    0.0166853710    0.0004184440    
0.2769950400    0.0165314240    0.0004131565    
0.2772366200    0.0162404280    0.0004052516    
0.2774782100    0.0159969440    0.0004027018    
0.2777198000    0.0165149510    0.0004101907    
0.2779613900    0.0165240930    0.0004092831    
0.2782029800    0.0170328170    0.0004075116    
0.2784445700    0.0158948220    0.0003969985    
0.2786861600    0.0160615180    0.0003979477    
0.2789277400    0.0161795940    0.0003949769    
0.2791693300    0.0163596530    0.0003974819    
0.2794109200    0.0177347990    0.0004158243    
0.2796525100    0.0159971050    0.0003942997    
0.2798941000    0.0173089130    0.0004055044    
0.2801356900    0.0158912070    0.0003925251    
0.2803772800    0.0162915600    0.0004009490    
0.2806188600    0.0168859740    0.0003998991    
0.2808604500    0.0159554390    0.0003866353    
0.2811020400    0.0161540830    0.0003905326    
0.2813436300    0.0164670580    0.0003961358    
0.2815852200    0.0161682520    0.0003886105    
0.2818268100    0.0164750870    0.0003943937    
0.2820683900    0.0160709420    0.0003905826    
0.2823099800    0.0162071690    0.0003919305    
0.2825515700    0.0160817860    0.0003869796    
0.2827931600    0.0158123040    0.0003883317    
0.2830347500    0.0160443510    0.0003889040    
0.2832763400    0.0161559190    0.0003883141    
0.2835179300    0.0159972530    0.0003864026    
0.2837595100    0.0164562050    0.0003941677    
0.2840011000    0.0165038490    0.0003951955    
0.2842426900    0.0162527400    0.0003882930    
0.2844842800    0.0151238080    0.0003765685    
0.2847258700    0.0167597560    0.0003970213    
0.2849674600    0.0161695940    0.0003910219    
0.2852090500    0.0157934420    0.0003845203    
0.2854506300    0.0157386650    0.0003854784    
0.2856922200    0.0166179810    0.0003948835    
0.2859338100    0.0159443690    0.0003873920    
0.2861754000    0.0159234820    0.0003850703    
0.2864169900    0.0164975810    0.0003918013    
0.2866585800    0.0168373280    0.0003976336    
0.2869001700    0.0156010560    0.0003818790    
0.2871417500    0.0160503430    0.0003868957    
0.2873833400    0.0155088880    0.0003819182    
0.2876249300    0.0164119950    0.0003933345    
0.2878665200    0.0160727930    0.0003916700    
0.2881081100    0.0156634760    0.0003798951    
0.2883497000    0.0159822050    0.0003859265    
0.2885912900    0.0169664230    0.0003974808    
0.2888328700    0.0161499480    0.0003879465    
0.2890744600    0.0164661040    0.0003908334    
0.2893160500    0.0163548760    0.0003899548    
0.2895576400    0.0161642200    0.0003897540    
0.2897992300    0.0160504560    0.0003845593    
0.2900408200    0.0163824600    0.0003893969    
0.2902824000    0.0159856620    0.0003875953    
0.2905239900    0.0165879440    0.0003931720    
0.2907655800    0.0152030620    0.0003737077    
0.2910071700    0.0160849310    0.0003843936    
0.2912487600    0.0156542620    0.0003797833    
0.2914903500    0.0157646550    0.0003801196    
0.2917319400    0.0159231080    0.0003807439    
0.2919735200    0.0159726630    0.0003824759    
0.2922151100    0.0161959670    0.0003844215    
0.2924567000    0.0163206910    0.0003866203    
0.2926982900    0.0166262120    0.0003903684    
0.2929398800    0.0161169820    0.0003863751    
0.2931814700    0.0160210920    0.0003813465    
0.2934230600    0.0150027220    0.0003701274    
0.2936646400    0.0156303090    0.0003751394    
0.2939062300    0.0166295030    0.0003905533    
0.2941478200    0.0153968140    0.0003734276    
0.2943894100    0.0155098300    0.0003766120    
0.2946310000    0.0165480840    0.0003879997    
0.2948725900    0.0159551520    0.0003818377    
0.2951141800    0.0159049000    0.0003805261    
0.2953557600    0.0160192980    0.0003844755    
0.2955973500    0.0160698660    0.0003816435    
0.2958389400    0.0160737790    0.0003809851    
0.2960805300    0.0165858920    0.0003872926    
0.2963221200    0.0163446190    0.0003837569    
0.2965637100    0.0161795300    0.0003816734    
0.2968053000    0.0158394900    0.0003768104    
0.2970468800    0.0162484610    0.0003827673    
0.2972884700    0.0159649870    0.0003783002    
0.2975300600    0.0161980520    0.0003810515    
0.2977716500    0.0157577220    0.0003772209    
0.2980132400    0.0164990160    0.0003868492    
0.2982548300    0.0158977890    0.0003768137    
0.2984964100    0.0154596720    0.0003710440    
0.2987380000    0.0158136990    0.0003760905    
0.2989795900    0.0162344370    0.0003802278    
0.2992211800    0.0160035770    0.0003771032    
0.2994627700    0.0159898430    0.0003780411    
0.2997043600    0.0161079580    0.0003804086    
0.2999459500    0.0160512530    0.0003795991    
0.3001875300    0.0159863840    0.0003782766    
0.3004291200    0.0155622130    0.0003771065    
0.3006707100    0.0155770520    0.0003720440    
0.3009123000    0.0157165430    0.0003754827    
0.3011538900    0.0164472960    0.0003814651    
0.3013954800    0.0166186950    0.0003855441    
0.3016370700    0.0157370250    0.0003749037    
0.3018786500    0.0157548880    0.0003751164    
0.3021202400    0.0160825390    0.0003788587    
0.3023618300    0.0156032980    0.0003748151    
0.3026034200    0.0161890880    0.0003809461    
0.3028450100    0.0162577290    0.0003820328    
0.3030866000    0.0159966910    0.0003793711    
0.3033281900    0.0162464100    0.0003800915    
0.3035697700    0.0154178190    0.0003712175    
0.3038113600    0.0162638630    0.0003815454    
0.3040529500    0.0162523830    0.0003800233    
0.3042945400    0.0158232530    0.0003748365    
0.3045361300    0.0155174360    0.0003735077    
0.3047777200    0.0157675950    0.0003749940    
0.3050193100    0.0156209170    0.0003735181    
0.3052608900    0.0158447780    0.0003771497    
0.3055024800    0.0161488610    0.0003855912    
0.3057440700    0.0159872320    0.0003760921    
0.3059856600    0.0164834180    0.0003827149    
0.3062272500    0.0155226730    0.0003723416    
0.3064688400    0.0164103420    0.0003838217    
0.3067104200    0.0156284300    0.0003715792    
0.3069520100    0.0153417790    0.0003700307    
0.3071936000    0.0158932740    0.0003774496    
0.3074351900    0.0162786500    0.0003824188    
0.3076767800    0.0160124630    0.0003772079    
0.3079183700    0.0157008230    0.0003773757    
0.3081599600    0.0155375560    0.0003754084    
0.3084015400    0.0153481230    0.0003688984    
0.3086431300    0.0159456770    0.0003757389    
0.3088847200    0.0152478620    0.0003697063    
0.3091263100    0.0160975720    0.0003788975    
0.3093679000    0.0154469780    0.0003717041    
0.3096094900    0.0153878880    0.0003691086    
0.3098510800    0.0153175160    0.0003720519    
0.3100926600    0.0161027460    0.0003796508    
0.3103342500    0.0157268060    0.0003751929    
0.3105758400    0.0157306250    0.0003778737    
0.3108174300    0.0150390810    0.0003658289    
0.3110590200    0.0161259250    0.0003806207    
0.3113006100    0.0154652360    0.0003699013    
0.3115422000    0.0158564110    0.0003774266    
0.3117837800    0.0164453870    0.0003829690    
0.3120253700    0.0160484560    0.0003794269    
0.3122669600    0.0163766510    0.0003810585    
0.3125085500    0.0152769290    0.0003707381    
0.3127501400    0.0161801240    0.0003808406    
0.3129917300    0.0150846610    0.0003693495    
0.3132333100    0.0157897590    0.0003769094    
0.3134749000    0.0163444870    0.0003829103    
0.3137164900    0.0157713590    0.0003747657    
0.3139580800    0.0159378660    0.0003766018    
0.3141996700    0.0157293750    0.0003744028    
0.3144412600    0.0153797710    0.0003706238    
0.3146828500    0.0151693350    0.0003688882    
0.3149244300    0.0155641140    0.0003721598    
0.3151660200    0.0154545030    0.0003727495    
0.3154076100    0.0155475830    0.0003745590    
0.3156492000    0.0161478000    0.0003832783    
0.3158907900    0.0156392540    0.0003727861    
0.3161323800    0.0158373600    0.0003752760    
0.3163739700    0.0154306310    0.0003705605    
0.3166155500    0.0154365220    0.0003725326    
0.3168571400    0.0156135210    0.0003730215    
0.3170987300    0.0165950480    0.0003854106    
0.3173403200    0.0163981270    0.0003831171    
0.3175819100    0.0158500810    0.0003774899    
0.3178235000    0.0157715610    0.0003757264    
0.3180650900    0.0153265530    0.0003721616    
0.3183066700    0.0155444070    0.0003738322    
0.3185482600    0.0156638010    0.0003754030    
0.3187898500    0.0159981130    0.0003767653    
0.3190314400    0.0155185330    0.0003725640    
0.3192730300    0.0156452230    0.0003736722    
0.3195146200    0.0152882100    0.0003699242    
0.3197562100    0.0162640850    0.0003807134    
0.3199977900    0.0161178080    0.0003796895    
0.3202393800    0.0158580650    0.0003780018    
0.3204809700    0.0157964700    0.0003778238    
0.3207225600    0.0158066330    0.0003775273    
0.3209641500    0.0159751980    0.0003793953    
0.3212057400    0.0162344370    0.0003802278    
0.3214473200    0.0164097140    0.0003825534    
0.3216889100    0.0154085490    0.0003705649    
0.3219305000    0.0164223910    0.0003841035    
0.3221720900    0.0156487450    0.0003743976    
0.3224136800    0.0161546380    0.0003788788    
0.3226552700    0.0158331410    0.0003792437    
0.3228968600    0.0156039570    0.0003738614    
0.3231384400    0.0155232060    0.0003764930    
0.3233800300    0.0153973350    0.0003702952    
0.3236216200    0.0162848570    0.0003810953    
0.3238632100    0.0151360440    0.0003680786    
0.3241048000    0.0157434550    0.0003758041    
0.3243463900    0.0158932740    0.0003774496    
0.3245879800    0.0153598180    0.0003707895    
0.3248295600    0.0162311650    0.0003808832    
0.3250711500    0.0159987800    0.0003781467    
0.3253127400    0.0155803690    0.0003742643    
0.3255543300    0.0162455060    0.0003825916    
0.3257959200    0.0152972010    0.0003733246    
0.3260375100    0.0156377790    0.0003731752    
0.3262791000    0.0162099280    0.0003813309    
0.3265206800    0.0157638190    0.0003752227    
0.3267622700    0.0156677510    0.0003751746    
0.3270038600    0.0161084120    0.0003799957    
0.3272454500    0.0156770170    0.0003743248    
0.3274870400    0.0153598180    0.0003707895    
0.3277286300    0.0163205960    0.0003836160    
0.3279702200    0.0156368100    0.0003750794    
0.3282118000    0.0161806590    0.0003843832    
0.3284533900    0.0155543110    0.0003729933    
0.3286949800    0.0156497270    0.0003873885    
0.3289365700    0.0154180710    0.0003897381    
0.3291781600    0.0166553070    0.0004085424    
0.3294197500    0.0154564620    0.0003981562    
0.3296613300    0.0164227440    0.0004146047    
0.3299029200    0.0160872160    0.0004108751    
0.3301445100    0.0155190150    0.0004093886    
0.3303861000    0.0153770070    0.0004102359    
0.3306276900    0.0157700250    0.0004186404    
0.3308692800    0.0158955970    0.0004204949    
0.3311108700    0.0155946020    0.0004199448    
0.3313524500    0.0157864430    0.0004272853    
0.3315940400    0.0159955200    0.0004294970    
0.3318356300    0.0160936910    0.0004364015    
0.3320772200    0.0154727710    0.0004283146    
0.3323188100    0.0154126930    0.0004314726    
0.3325604000    0.0158248260    0.0004365573    
0.3328019900    0.0161342230    0.0004454317    
0.3330435700    0.0157525670    0.0004355595    
0.3332851600    0.0160838660    0.0004343819    
0.3335267500    0.0155399730    0.0004137012    
0.3337683400    0.0160355780    0.0004202463    
0.3340099300    0.0153764240    0.0004087682    
0.3342515200    0.0157425800    0.0004096243    
0.3344931100    0.0154097660    0.0004011002    
0.3347346900    0.0157154020    0.0004064479    
0.3349762800    0.0165851070    0.0004154073    
0.3352178700    0.0167689150    0.0004161136    
0.3354594600    0.0151697020    0.0003937858    
0.3357010500    0.0157187120    0.0004018567    
0.3359426400    0.0158456960    0.0004048386    
0.3361842300    0.0160459910    0.0003995300    
0.3364258100    0.0156865920    0.0003943895    
0.3366674000    0.0155757240    0.0003934719    
0.3369089900    0.0153442620    0.0003891175    
0.3371505800    0.0158133540    0.0003942266    
0.3373921700    0.0162553310    0.0004006645    
0.3376337600    0.0164361880    0.0004025625    
0.3378753400    0.0159363230    0.0003965536    
0.3381169300    0.0156956210    0.0003916569    
0.3383585200    0.0148729080    0.0003854327    
0.3386001100    0.0158233380    0.0003916860    
0.3388417000    0.0159955850    0.0003952239    
0.3390832900    0.0156252360    0.0003867822    
0.3393248800    0.0158707610    0.0003927396    
0.3395664600    0.0159241450    0.0003926207    
0.3398080500    0.0164658840    0.0003987704    
0.3400496400    0.0161004240    0.0003929271    
0.3402912300    0.0159927540    0.0003909987    
0.3405328200    0.0154085770    0.0003860599    
0.3407744100    0.0158079810    0.0003911860    
0.3410160000    0.0156030050    0.0003891036    
0.3412575800    0.0160994200    0.0003909285    
0.3414991700    0.0162829920    0.0003928463    
0.3417407600    0.0158666960    0.0003888476    
0.3419823500    0.0161424240    0.0003893416    
0.3422239400    0.0154938050    0.0003830597    
0.3424655300    0.0161940650    0.0003925329    
0.3427071200    0.0164059920    0.0003938699    
0.3429487000    0.0163493370    0.0003936458    
0.3431902900    0.0163751270    0.0003956453    
0.3434318800    0.0157416320    0.0003909833    
0.3436734700    0.0160742980    0.0003879242    
0.3439150600    0.0150968930    0.0003750853    
0.3441566500    0.0157548320    0.0003855277    
0.3443982300    0.0160384920    0.0003885337    
0.3446398200    0.0155500340    0.0003815457    
0.3448814100    0.0160573170    0.0003887617    
0.3451230000    0.0151982250    0.0003786562    
0.3453645900    0.0159623810    0.0003880588    
0.3456061800    0.0153253490    0.0003787791    
0.3458477700    0.0160584840    0.0003902798    
0.3460893500    0.0153114840    0.0003806519    
0.3463309400    0.0156001230    0.0003812855    
0.3465725300    0.0157425800    0.0003831684    
0.3468141200    0.0154405890    0.0003809299    
0.3470557100    0.0161245180    0.0003882328    
0.3472973000    0.0160954710    0.0003887750    
0.3475388900    0.0158352900    0.0003832739    
0.3477804700    0.0156275240    0.0003826416    
0.3480220600    0.0155832420    0.0003822454    
0.3482636500    0.0157065300    0.0003833142    
0.3485052400    0.0161079510    0.0003919453    
0.3487468300    0.0157732540    0.0003836878    
0.3489884200    0.0162088880    0.0003888019    
0.3492300100    0.0155124310    0.0003789159    
0.3494715900    0.0153793740    0.0003798824    
0.3497131800    0.0155957310    0.0003799319    
0.3499547700    0.0167483510    0.0003959742    
0.3501963600    0.0162805710    0.0003886253    
0.3504379500    0.0153602070    0.0003784864    
0.3506795400    0.0160403900    0.0003872187    
0.3509211300    0.0152761570    0.0003786055    
0.3511627100    0.0155977700    0.0003827170    
0.3514043000    0.0153088070    0.0003764208    
0.3516458900    0.0158899840    0.0003843726    
0.3518874800    0.0161973470    0.0003871906    
0.3521290700    0.0154408100    0.0003781832    
0.3523706600    0.0152879450    0.0003771641    
0.3526122400    0.0157850110    0.0003829554    
0.3528538300    0.0146588970    0.0003696042    
0.3530954200    0.0156290980    0.0003822221    
0.3533370100    0.0158117380    0.0003837168    
0.3535786000    0.0162359680    0.0003913702    
0.3538201900    0.0160498580    0.0003849872    
0.3540617800    0.0152785900    0.0003776234    
0.3543033600    0.0153709950    0.0003764733    
0.3545449500    0.0162311580    0.0003878881    
0.3547865400    0.0159675320    0.0003835646    
0.3550281300    0.0160381190    0.0003866010    
0.3552697200    0.0157518000    0.0003822622    
0.3555113100    0.0152786400    0.0003770493    
0.3557529000    0.0153112320    0.0003777386    
0.3559944800    0.0152373800    0.0003745513    
0.3562360700    0.0153893370    0.0003811765    
0.3564776600    0.0162654080    0.0003872716    
0.3567192500    0.0158679050    0.0003829433    
0.3569608400    0.0154191230    0.0003766367    
0.3572024300    0.0155452040    0.0003796032    
0.3574440200    0.0155185270    0.0003782757    
0.3576856000    0.0158473050    0.0003835647    
0.3579271900    0.0160775620    0.0003853193    
0.3581687800    0.0149901880    0.0003734731    
0.3584103700    0.0157847310    0.0003819383    
0.3586519600    0.0156191480    0.0003831262    
0.3588935500    0.0152207660    0.0003756211    
0.3591351400    0.0155409420    0.0003798390    
0.3593767200    0.0159803200    0.0003834295    
0.3596183100    0.0162075740    0.0003855669    
0.3598599000    0.0157385220    0.0003813789    
0.3601014900    0.0152440170    0.0003756234    
0.3603430800    0.0157874130    0.0003821151    
0.3605846700    0.0158624270    0.0003825883    
0.3608262500    0.0162805710    0.0003886253    
0.3610678400    0.0159325970    0.0003837231    
0.3613094300    0.0159871710    0.0003867235    
0.3615510200    0.0153894360    0.0003766991    
0.3617926100    0.0152167240    0.0003741566    
0.3620342000    0.0150916070    0.0003734585    
0.3622757900    0.0157398250    0.0003809633    
0.3625173700    0.0157451140    0.0003813147    
0.3627589600    0.0155401980    0.0003792549    
0.3630005500    0.0143090460    0.0003630989    
0.3632421400    0.0156332760    0.0003793859    
0.3634837300    0.0154481050    0.0003787028    
0.3637253200    0.0154182130    0.0003787676    
0.3639669100    0.0156933140    0.0003824226    
0.3642084900    0.0161951650    0.0003857085    
0.3644500800    0.0154564080    0.0003776602    
0.3646916700    0.0156486840    0.0003804325    
0.3649332600    0.0151623220    0.0003723689    
0.3651748500    0.0159435200    0.0003829878    
0.3654164400    0.0156497560    0.0003810220    
0.3656580300    0.0155192030    0.0003788554    
0.3658996100    0.0153846900    0.0003763575    
0.3661412000    0.0157939720    0.0003820501    
0.3663827900    0.0157898290    0.0003858069    
0.3666243800    0.0145301770    0.0003637093    
0.3668659700    0.0154927220    0.0003775345    
0.3671075600    0.0162317230    0.0003865792    
0.3673491500    0.0154004060    0.0003758433    
0.3675907300    0.0161510690    0.0003866371    
0.3678323200    0.0160550900    0.0003834615    
0.3680739100    0.0166575620    0.0003929501    
0.3683155000    0.0154699860    0.0003775414    
0.3685570900    0.0155872420    0.0003788269    
0.3687986800    0.0157239270    0.0003829413    
0.3690402600    0.0156161870    0.0003813366    
0.3692818500    0.0157502250    0.0003796613    
0.3695234400    0.0158818620    0.0003823903    
0.3697650300    0.0154713590    0.0003765670    
0.3700066200    0.0156686460    0.0003802442    
0.3702482100    0.0153383940    0.0003746648    
0.3704898000    0.0162133090    0.0003863598    
0.3707313800    0.0158151590    0.0003824507    
0.3709729700    0.0151707240    0.0003735906    
0.3712145600    0.0153902990    0.0003784245    
0.3714561500    0.0151807650    0.0003761258    
0.3716977400    0.0161124900    0.0003847227    
0.3719393300    0.0155080210    0.0003770129    
0.3721809200    0.0155980660    0.0003785314    
0.3724225000    0.0156531830    0.0003791996    
0.3726640900    0.0159683140    0.0003831415    
0.3729056800    0.0158579970    0.0003818157    
0.3731472700    0.0154231440    0.0003758390    
0.3733888600    0.0163946790    0.0003892478    
0.3736304500    0.0158723970    0.0003837227    
0.3738720400    0.0156679700    0.0003822593    
0.3741136200    0.0160804630    0.0003854996    
0.3743552100    0.0155688280    0.0003786031    
0.3745968000    0.0155281200    0.0003768339    
0.3748383900    0.0156689780    0.0003792485    
0.3750799800    0.0157634170    0.0003805325    
0.3753215700    0.0155621240    0.0003786640    
0.3755631500    0.0158039900    0.0003807361    
0.3758047400    0.0155964490    0.0003789387    
0.3760463300    0.0152187370    0.0003748867    
0.3762879200    0.0154408100    0.0003781832    
0.3765295100    0.0154652560    0.0003799232    
0.3767711000    0.0156139020    0.0003785814    
0.3770126900    0.0155538490    0.0003775695    
0.3772542700    0.0157397830    0.0003799620    
0.3774958600    0.0158939170    0.0003812467    
0.3777374500    0.0152191950    0.0003737657    
0.3779790400    0.0154933190    0.0003781108    
0.3782206300    0.0154884130    0.0003777662    
0.3784622200    0.0153477040    0.0003753404    
0.3787038100    0.0157226730    0.0003813308    
0.3789453900    0.0156404800    0.0003809090    
0.3791869800    0.0150903710    0.0003745766    
0.3794285700    0.0155080210    0.0003770129    
0.3796701600    0.0155621240    0.0003786640    
0.3799117500    0.0158600460    0.0003809826    
0.3801533400    0.0157279720    0.0003806764    
0.3803949300    0.0159595240    0.0003811790    
0.3806365100    0.0161066780    0.0003843649    
0.3808781000    0.0155355180    0.0003773470    
0.3811196900    0.0161785270    0.0003874055    
0.3813612800    0.0156465570    0.0003792617    
0.3816028700    0.0155334360    0.0003793159    
0.3818444600    0.0158965780    0.0003828556    
0.3820860500    0.0159714080    0.0003814628    
0.3823276300    0.0157345240    0.0003786234    
0.3825692200    0.0155169830    0.0003750208    
0.3828108100    0.0162663880    0.0003834025    
0.3830524000    0.0157891900    0.0003792805    
0.3832939900    0.0155969610    0.0003764045    
0.3835355800    0.0157513870    0.0003782633    
0.3837771600    0.0153740550    0.0003728756    
0.3840187500    0.0154295100    0.0003752151    
0.3842603400    0.0157528550    0.0003798351    
0.3845019300    0.0160042860    0.0003784884    
0.3847435200    0.0160450710    0.0003796653    
0.3849851100    0.0153175160    0.0003720519    
0.3852267000    0.0155963130    0.0003847717    
0.3854682800    0.0159067200    0.0003961851    
0.3857098700    0.0152343490    0.0003921745    
0.3859514600    0.0154342030    0.0003990418    
0.3861930500    0.0155559290    0.0004029979    
0.3864346400    0.0157106040    0.0004092080    
0.3866762300    0.0161596540    0.0004179376    
0.3869178200    0.0156445220    0.0004134193    
0.3871594000    0.0156248690    0.0004180403    
0.3874009900    0.0158797290    0.0004225964    
0.3876425800    0.0148041160    0.0004110669    
0.3878841700    0.0151366500    0.0004174139    
0.3881257600    0.0158601070    0.0004299095    
0.3883673500    0.0159717420    0.0004345349    
0.3886089400    0.0157643860    0.0004342295    
0.3888505200    0.0153250910    0.0004300324    
0.3890921100    0.0158713420    0.0004400226    
0.3893337000    0.0155911550    0.0004409845    
0.3895752900    0.0161303340    0.0004501537    
0.3898168800    0.0146646220    0.0004118236    
0.3900584700    0.0158576870    0.0004203755    
0.3903000600    0.0154471810    0.0004135825    
0.3905416400    0.0151782100    0.0004059448    
0.3907832300    0.0156948610    0.0004118833    
0.3910248200    0.0153915230    0.0004064499    
0.3912664100    0.0154172830    0.0004050174    
0.3915080000    0.0157770890    0.0004077707    
0.3917495900    0.0163181290    0.0004165011    
0.3919911700    0.0161830160    0.0004154958    
0.3922327600    0.0152665760    0.0003967017    
0.3924743500    0.0155597930    0.0004020202    
0.3927159400    0.0153796810    0.0003974994    
0.3929575300    0.0155578660    0.0004025082    
0.3931991200    0.0155476890    0.0004005062    
0.3934407100    0.0159375670    0.0004048146    
0.3936822900    0.0163974000    0.0004120002    
0.3939238800    0.0149757930    0.0003942363    
0.3941654700    0.0150691970    0.0003954639    
0.3944070600    0.0149978840    0.0003953662    
0.3946486500    0.0154625390    0.0004024738    
0.3948902400    0.0156537410    0.0004020393    
0.3951318300    0.0156376740    0.0004014943    
0.3953734100    0.0154216270    0.0003993846    
0.3956150000    0.0156042010    0.0004027645    
0.3958565900    0.0151089040    0.0003951475    
0.3960981800    0.0158182050    0.0004058619    
0.3963397700    0.0152818400    0.0003999440    
0.3965813600    0.0158156570    0.0004068694    
0.3968229500    0.0154503760    0.0004035265    
0.3970645300    0.0153611350    0.0004034032    
0.3973061200    0.0163495650    0.0004142118    
0.3975477100    0.0157512940    0.0004053477    
0.3977893000    0.0153685070    0.0004019370    
0.3980308900    0.0152556050    0.0003999428    
0.3982724800    0.0156838670    0.0004060399    
0.3985140700    0.0153606800    0.0004020074    
0.3987556500    0.0161315910    0.0004126820    
0.3989972400    0.0153317790    0.0004018018    
0.3992388300    0.0158704820    0.0004112849    
0.3994804200    0.0159205640    0.0004117540    
0.3997220100    0.0158442480    0.0004131096    
0.3999636000    0.0159911060    0.0004107040    
0.4002051800    0.0157927740    0.0004100982    
0.4004467700    0.0153555230    0.0004022859    
0.4006883600    0.0156128440    0.0004084669    
0.4009299500    0.0153911850    0.0004057343    
0.4011715400    0.0156568540    0.0004097586    
0.4014131300    0.0155769190    0.0004090699    
0.4016547200    0.0146091010    0.0003987927    
0.4018963000    0.0153138230    0.0004066732    
0.4021378900    0.0153553340    0.0004106820    
0.4023794800    0.0152274260    0.0004055243    
0.4026210700    0.0157118120    0.0004124702    
0.4028626600    0.0157119350    0.0004112001    
0.4031042500    0.0165749240    0.0004240234    
0.4033458400    0.0158372970    0.0004144810    
0.4035874200    0.0155620000    0.0004139943    
0.4038290100    0.0154150980    0.0004103768    
0.4040706000    0.0154264930    0.0004112635    
0.4043121900    0.0157697840    0.0004173127    
0.4045537800    0.0160444020    0.0004220750    
0.4047953700    0.0153707660    0.0004155779    
0.4050369600    0.0155969780    0.0004139008    
0.4052785400    0.0162961460    0.0004246035    
0.4055201300    0.0159940410    0.0004204593    
0.4057617200    0.0156951380    0.0004191709    
0.4060033100    0.0161487860    0.0004224884    
0.4062449000    0.0151011030    0.0004119164    
0.4064864900    0.0151913710    0.0004123890    
0.4067280800    0.0149086740    0.0004100372    
0.4069696600    0.0149082860    0.0004117431    
0.4072112500    0.0158792240    0.0004265281    
0.4074528400    0.0150675860    0.0004164605    
0.4076944300    0.0154457380    0.0004192941    
0.4079360200    0.0161600340    0.0004274902    
0.4081776100    0.0153376870    0.0004182141    
0.4084191900    0.0152462770    0.0004177454    
0.4086607800    0.0152352770    0.0004160409    
0.4089023700    0.0154018000    0.0004218484    
0.4091439600    0.0159669730    0.0004301283    
0.4093855500    0.0150999170    0.0004192804    
0.4096271400    0.0151983240    0.0004218503    
0.4098687300    0.0152768230    0.0004293547    
0.4101103100    0.0159999580    0.0004291523    
0.4103519000    0.0153769650    0.0004245254    
0.4105934900    0.0155868110    0.0004265959    
0.4108350800    0.0158347440    0.0004322498    
0.4110766700    0.0145817500    0.0004145957    
0.4113182600    0.0160730340    0.0004369673    
0.4115598500    0.0160514470    0.0004381652    
0.4118014300    0.0156234250    0.0004339840    
0.4120430200    0.0154892870    0.0004304241    
0.4122846100    0.0158519330    0.0004393157    
0.4125262000    0.0159998870    0.0004458194    
0.4127677900    0.0154357390    0.0004301000    
0.4130093800    0.0159115570    0.0004386163    
0.4132509700    0.0156071880    0.0004350462    
0.4134925500    0.0158919490    0.0004422970    
0.4137341400    0.0147443060    0.0004247475    
0.4139757300    0.0161410260    0.0004473275    
0.4142173200    0.0161877670    0.0004457225    
0.4144589100    0.0152416960    0.0004369060    
0.4147005000    0.0151920220    0.0004353033    
0.4149420800    0.0151649560    0.0004385060    
0.4151836700    0.0159042080    0.0004469873    
0.4154252600    0.0155707590    0.0004393544    
0.4156668500    0.0151056450    0.0004294914    
0.4159084400    0.0149224720    0.0004268794    
0.4161500300    0.0156469490    0.0004358161    
0.4163916200    0.0157388720    0.0004375286    
0.4166332000    0.0159536430    0.0004381150    
0.4168747900    0.0150945790    0.0004249045    
0.4171163800    0.0158799090    0.0004399221    
0.4173579700    0.0152408350    0.0004280053    
0.4175995600    0.0146905650    0.0004267557    
0.4178411500    0.0156068200    0.0004326889    
0.4180827400    0.0156784290    0.0004351763    
0.4183243200    0.0151400000    0.0004289107    
0.4185659100    0.0145095500    0.0004211420    
0.4188075000    0.0152888180    0.0004320875    
0.4190490900    0.0163228410    0.0004496122    
0.4192906800    0.0157336870    0.0004409774    
0.4195322700    0.0150248280    0.0004344541    
0.4197738600    0.0153012050    0.0004384317    
0.4200154400    0.0154613120    0.0004448493    
0.4202570300    0.0142645620    0.0004279583    
0.4204986200    0.0155039220    0.0004431501    
0.4207402100    0.0151633200    0.0004412344    
0.4209818000    0.0151516830    0.0004392253    
0.4212233900    0.0158165610    0.0004513494    
0.4214649800    0.0148385040    0.0004383266    
0.4217065600    0.0152298390    0.0004452484    
0.4219481500    0.0161792120    0.0004603879    
0.4221897400    0.0152751030    0.0004492677    
0.4224313300    0.0156035050    0.0004575434    
0.4226729200    0.0146750410    0.0004446982    
0.4229145100    0.0148376000    0.0004483907    
0.4231560900    0.0156781370    0.0004591400    
0.4233976800    0.0152443340    0.0004534916    
0.4236392700    0.0152269460    0.0004549920    
0.4238808600    0.0150417190    0.0004537312    
0.4241224500    0.0147845220    0.0004500871    
0.4243640400    0.0149086350    0.0004555574    
0.4246056300    0.0155221620    0.0004658979    
0.4248472100    0.0157541240    0.0004717988    
0.4250888000    0.0155225690    0.0004699495    
0.4253303900    0.0155956870    0.0004783413    
0.4255719800    0.0153590980    0.0004680129    
0.4258135700    0.0151124580    0.0004650537    
0.4260551600    0.0156736550    0.0004778198    
0.4262967500    0.0159341680    0.0004797794    
0.4265383300    0.0150449100    0.0004703832    
0.4267799200    0.0153840200    0.0004779582    
0.4270215100    0.0149845920    0.0004705718    
0.4272631000    0.0160983310    0.0004928317    
0.4275046900    0.0153253610    0.0004829431    
0.4277462800    0.0159362610    0.0004977652    
0.4279878700    0.0157949120    0.0004987314    
0.4282294500    0.0150679040    0.0004815723    
0.4284710400    0.0148689890    0.0004798945    
0.4287126300    0.0158393520    0.0004981519    
0.4289542200    0.0150304690    0.0004871403    
0.4291958100    0.0153905170    0.0004951818    
0.4294374000    0.0150109330    0.0004935564    
0.4296789900    0.0167498560    0.0005196409    
0.4299205700    0.0152825720    0.0005016750    
0.4301621600    0.0150091940    0.0005022635    
0.4304037500    0.0152525550    0.0005084185    
0.4306453400    0.0153209200    0.0005152983    
0.4308869300    0.0153919670    0.0005096790    
0.4311285200    0.0157905130    0.0005194697    
0.4313701000    0.0156675480    0.0005210949    
0.4316116900    0.0150798730    0.0005145186    
0.4318532800    0.0151139450    0.0005165840    
0.4320948700    0.0161893630    0.0005381526    
0.4323364600    0.0153859650    0.0005292933    
0.4325780500    0.0155897650    0.0005359872    
0.4328196400    0.0152902390    0.0005352654    
0.4330612200    0.0160826240    0.0005575647    
0.4333028100    0.0160260020    0.0005552680    
0.4335444000    0.0154669910    0.0005437905    
0.4337859900    0.0150388000    0.0005391671    
0.4340275800    0.0155747980    0.0005530773    
0.4342691700    0.0147392000    0.0005432941    
0.4345107600    0.0155286660    0.0005618074    
0.4347523400    0.0154591640    0.0005633633    
0.4349939300    0.0156185700    0.0005710715    
0.4352355200    0.0154185730    0.0005758172    
0.4354771100    0.0149282830    0.0005716335    
0.4357187000    0.0136741180    0.0005587093    
0.4359602900    0.0154722560    0.0005856335    
0.4362018800    0.0161117790    0.0006025464    
0.4364434600    0.0143858050    0.0005735996    
0.4366850500    0.0158926560    0.0006103538    
0.4369266400    0.0153070140    0.0006083992    
0.4371682300    0.0150146180    0.0006049562    
0.4374098200    0.0155524560    0.0006251060    
0.4376514100    0.0150437650    0.0006225154    
0.4378930000    0.0152816810    0.0006361847    
0.4381345800    0.0149245530    0.0006398849    
0.4383761700    0.0145462210    0.0006441175    
0.4386177600    0.0149642220    0.0006421763    
0.4388593500    0.0155291380    0.0006639780    
0.4391009400    0.0153169310    0.0006704038    
0.4393425300    0.0147072370    0.0006657653    
0.4395841100    0.0154361070    0.0006959135    
0.4398257000    0.0147357540    0.0006961989    
0.4400672900    0.0146694170    0.0007090730    
0.4403088800    0.0157578560    0.0007564013    
0.4405504700    0.0148773480    0.0007601970    
0.4407920600    0.0154315790    0.0008055219    
0.4410336500    0.0151280700    0.0008204348    
0.4412752300    0.0145217730    0.0008067652    
0.4415168200    0.0154063840    0.0008736159    
0.4417584100    0.0166189620    0.0012318794    
0.4420000000    0.0160332990    0.0018391455    