# Diamond Light Source Ltd.
# Data extracted from: /dls/b21/data/2017/mx13440-2/processed/b21-369037_00490.dat
q(1/A)          Column          Error           
0.0040000000    0.7564311400    0.0200665340    
0.0042415885    0.8669291300    0.0202049000    
0.0044831771    0.6844078200    0.0167127700    
0.0047247656    0.5371805600    0.0143362880    
0.0049663541    0.4472253400    0.0123328520    
0.0052079426    0.3388549700    0.0110463560    
0.0054495312    0.2785380700    0.0092334470    
0.0056911197    0.2639139700    0.0084737668    
0.0059327082    0.2016085000    0.0074062735    
0.0061742967    0.1844010700    0.0067878972    
0.0064158853    0.1354123500    0.0057583189    
0.0066574738    0.1344591100    0.0054219148    
0.0068990623    0.1110813100    0.0049726826    
0.0071406509    0.0985918430    0.0046018731    
0.0073822394    0.0945353480    0.0043559589    
0.0076238279    0.0813040370    0.0039438251    
0.0078654164    0.0791873550    0.0039544278    
0.0081070050    0.0786063790    0.0037347018    
0.0083485935    0.0663461620    0.0033131692    
0.0085901820    0.0598754110    0.0031689428    
0.0088317705    0.0550159390    0.0029576752    
0.0090733591    0.0510142980    0.0028297641    
0.0093149476    0.0507227880    0.0027190268    
0.0095565361    0.0478076850    0.0026397378    
0.0097981247    0.0457671130    0.0025827876    
0.0100397130    0.0409474760    0.0023601733    
0.0102813020    0.0422825480    0.0024534823    
0.0105228900    0.0404782840    0.0022487935    
0.0107644790    0.0396636170    0.0022491174    
0.0110060670    0.0387910700    0.0021684867    
0.0112476560    0.0351698570    0.0020546450    
0.0114892440    0.0367302940    0.0020695176    
0.0117308330    0.0316481150    0.0019119326    
0.0119724210    0.0314510170    0.0018795577    
0.0122140100    0.0335315600    0.0019231669    
0.0124555980    0.0326837370    0.0018415199    
0.0126971870    0.0315461390    0.0018653623    
0.0129387760    0.0274489830    0.0016462806    
0.0131803640    0.0314248070    0.0017905946    
0.0134219530    0.0270494420    0.0016022706    
0.0136635410    0.0290781500    0.0016677463    
0.0139051300    0.0289824980    0.0016650010    
0.0141467180    0.0304258410    0.0016673258    
0.0143883070    0.0254627890    0.0015030209    
0.0146298950    0.0317619450    0.0016786710    
0.0148714840    0.0278177970    0.0015824992    
0.0151130720    0.0274816590    0.0015558426    
0.0153546610    0.0267723030    0.0014782532    
0.0155962490    0.0274852540    0.0015130135    
0.0158378380    0.0298930530    0.0015416165    
0.0160794260    0.0277464780    0.0014852349    
0.0163210150    0.0263880170    0.0014165830    
0.0165626030    0.0251187820    0.0014085913    
0.0168041920    0.0258798280    0.0013774443    
0.0170457800    0.0276775750    0.0014330905    
0.0172873690    0.0241202930    0.0013297948    
0.0175289580    0.0254286650    0.0013572817    
0.0177705460    0.0298040100    0.0014440090    
0.0180121350    0.0277700180    0.0013782028    
0.0182537230    0.0266946950    0.0013364063    
0.0184953120    0.0250191860    0.0012902660    
0.0187369000    0.0242207010    0.0012695097    
0.0189784890    0.0237926480    0.0012253837    
0.0192200770    0.0245519880    0.0012644917    
0.0194616660    0.0217661000    0.0011601370    
0.0197032540    0.0226032580    0.0011912963    
0.0199448430    0.0240473550    0.0012287624    
0.0201864310    0.0238685080    0.0012148751    
0.0204280200    0.0230604440    0.0011707167    
0.0206696080    0.0249488790    0.0012003535    
0.0209111970    0.0216521770    0.0011427582    
0.0211527850    0.0246569110    0.0011822084    
0.0213943740    0.0218673380    0.0011159129    
0.0216359620    0.0232222830    0.0011553518    
0.0218775510    0.0237465620    0.0011628742    
0.0221191400    0.0237182170    0.0011411432    
0.0223607280    0.0226991050    0.0011089239    
0.0226023170    0.0252341150    0.0012043586    
0.0228439050    0.0224900800    0.0010870991    
0.0230854940    0.0215568110    0.0010620278    
0.0233270820    0.0219860770    0.0010702655    
0.0235686710    0.0221648330    0.0010815331    
0.0238102590    0.0213501160    0.0010393074    
0.0240518480    0.0222880430    0.0010553694    
0.0242934360    0.0207829680    0.0010339913    
0.0245350250    0.0234833030    0.0010855161    
0.0247766130    0.0225536900    0.0010573333    
0.0250182020    0.0214513010    0.0010417673    
0.0252597900    0.0221731440    0.0010338282    
0.0255013790    0.0213548220    0.0010066760    
0.0257429670    0.0218190340    0.0010195365    
0.0259845560    0.0216471320    0.0010038617    
0.0262261450    0.0236392410    0.0010550710    
0.0264677330    0.0229679410    0.0010281862    
0.0267093220    0.0218567920    0.0009955496    
0.0269509100    0.0225150740    0.0010160911    
0.0271924990    0.0203756000    0.0009594495    
0.0274340870    0.0218828500    0.0009998529    
0.0276756760    0.0216580560    0.0009784112    
0.0279172640    0.0214039850    0.0009709045    
0.0281588530    0.0229832840    0.0009936540    
0.0284004410    0.0215134580    0.0009699016    
0.0286420300    0.0223411070    0.0009695215    
0.0288836180    0.0212649070    0.0009557865    
0.0291252070    0.0203232720    0.0009153141    
0.0293667950    0.0216159890    0.0009553008    
0.0296083840    0.0209828510    0.0009300485    
0.0298499720    0.0210005980    0.0009335904    
0.0300915610    0.0211477450    0.0009336958    
0.0303331490    0.0214868170    0.0009333277    
0.0305747380    0.0199844400    0.0008884167    
0.0308163270    0.0214062580    0.0009194775    
0.0310579150    0.0212166300    0.0009198576    
0.0312995040    0.0215437300    0.0009194640    
0.0315410920    0.0195894900    0.0008725853    
0.0317826810    0.0217832660    0.0009172410    
0.0320242690    0.0205068000    0.0008816562    
0.0322658580    0.0216794520    0.0009194136    
0.0325074460    0.0210587020    0.0008906882    
0.0327490350    0.0216412950    0.0009001592    
0.0329906230    0.0206378800    0.0008697829    
0.0332322120    0.0209251370    0.0008811072    
0.0334738000    0.0213808600    0.0008787479    
0.0337153890    0.0206337830    0.0008619886    
0.0339569770    0.0202612540    0.0008554308    
0.0341985660    0.0192345030    0.0008347063    
0.0344401540    0.0206762270    0.0008541271    
0.0346817430    0.0210400320    0.0008691557    
0.0349233310    0.0211412740    0.0008674370    
0.0351649200    0.0200284710    0.0008287840    
0.0354065090    0.0206022610    0.0008453210    
0.0356480970    0.0200347060    0.0008220340    
0.0358896860    0.0201068180    0.0008327393    
0.0361312740    0.0196901210    0.0008126983    
0.0363728630    0.0200165090    0.0008171706    
0.0366144510    0.0201796170    0.0008272836    
0.0368560400    0.0200107700    0.0008115439    
0.0370976280    0.0204057190    0.0008296105    
0.0373392170    0.0210454660    0.0008345070    
0.0375808050    0.0208591800    0.0008219668    
0.0378223940    0.0201465990    0.0008078050    
0.0380639820    0.0198833330    0.0008057133    
0.0383055710    0.0201859650    0.0007960568    
0.0385471590    0.0192035220    0.0007794469    
0.0387887480    0.0214578890    0.0008271408    
0.0390303360    0.0204057190    0.0007973174    
0.0392719250    0.0217212150    0.0008215718    
0.0395135140    0.0201364050    0.0007910327    
0.0397551020    0.0209333600    0.0008223401    
0.0399966910    0.0195176460    0.0007643700    
0.0402382790    0.0201424200    0.0007822668    
0.0404798680    0.0201762170    0.0007771588    
0.0407214560    0.0210061870    0.0008008534    
0.0409630450    0.0192227790    0.0007539794    
0.0412046330    0.0194577760    0.0007631968    
0.0414462220    0.0193363810    0.0007543841    
0.0416878100    0.0191725680    0.0007502805    
0.0419293990    0.0206790970    0.0007782681    
0.0421709870    0.0199210230    0.0007611431    
0.0424125760    0.0197891430    0.0007622493    
0.0426541640    0.0203013180    0.0007602903    
0.0428957530    0.0196922320    0.0007496705    
0.0431373410    0.0186783510    0.0007292671    
0.0433789300    0.0184493910    0.0007197793    
0.0436205180    0.0211324980    0.0007685815    
0.0438621070    0.0202185110    0.0007534994    
0.0441036960    0.0195671280    0.0007395679    
0.0443452840    0.0195894900    0.0007341472    
0.0445868730    0.0208924610    0.0007659548    
0.0448284610    0.0203509390    0.0007466035    
0.0450700500    0.0206790970    0.0007782681    
0.0453116380    0.0194835380    0.0007572492    
0.0455532270    0.0192530300    0.0007744704    
0.0457948150    0.0201364050    0.0007910327    
0.0460364040    0.0203640750    0.0007975187    
0.0462779920    0.0196217100    0.0007951118    
0.0465195810    0.0183007080    0.0007678806    
0.0467611690    0.0193556640    0.0007928389    
0.0470027580    0.0202000380    0.0008099477    
0.0472443460    0.0200562290    0.0008236106    
0.0474859350    0.0202957150    0.0008184022    
0.0477275230    0.0211660420    0.0008426068    
0.0479691120    0.0193742210    0.0008072592    
0.0482107000    0.0186223620    0.0007991620    
0.0484522890    0.0202135320    0.0008279785    
0.0486938780    0.0203598640    0.0008367852    
0.0489354660    0.0202327890    0.0008365229    
0.0491770550    0.0199221150    0.0008396171    
0.0494186430    0.0194534520    0.0008133897    
0.0496602320    0.0197951540    0.0007975695    
0.0499018200    0.0188648790    0.0007676010    
0.0501434090    0.0191964910    0.0007617895    
0.0503849970    0.0201586770    0.0007730500    
0.0506265860    0.0189349490    0.0007438350    
0.0508681740    0.0202320530    0.0007652465    
0.0511097630    0.0200711990    0.0007586200    
0.0513513510    0.0176051150    0.0006975400    
0.0515929400    0.0200347060    0.0007561612    
0.0518345280    0.0196226550    0.0007364251    
0.0520761170    0.0175875620    0.0007051970    
0.0523177050    0.0179925210    0.0006920200    
0.0525592940    0.0195121050    0.0007343478    
0.0528008830    0.0201610250    0.0007270252    
0.0530424710    0.0194470020    0.0007163395    
0.0532840600    0.0190569400    0.0007053290    
0.0535256480    0.0193441000    0.0007106233    
0.0537672370    0.0177106240    0.0006742319    
0.0540088250    0.0175789900    0.0006731343    
0.0542504140    0.0198338390    0.0007180332    
0.0544920020    0.0190936190    0.0006985990    
0.0547335910    0.0204309110    0.0007174263    
0.0549751790    0.0191897050    0.0006924488    
0.0552167680    0.0179770630    0.0006708980    
0.0554583560    0.0195650040    0.0006921601    
0.0556999450    0.0192779280    0.0006850113    
0.0559415330    0.0194265740    0.0006924826    
0.0561831220    0.0183651470    0.0006666126    
0.0564247100    0.0178479890    0.0006552203    
0.0566662990    0.0183293480    0.0006614034    
0.0569078870    0.0199594710    0.0006970150    
0.0571494760    0.0189260060    0.0006720822    
0.0573910650    0.0193719320    0.0006695919    
0.0576326530    0.0191758930    0.0006712905    
0.0578742420    0.0191727920    0.0006699516    
0.0581158300    0.0194103180    0.0006677353    
0.0583574190    0.0196352600    0.0006703367    
0.0585990070    0.0197885330    0.0006767535    
0.0588405960    0.0195525990    0.0006714390    
0.0590821840    0.0192364450    0.0006598046    
0.0593237730    0.0197305860    0.0006700858    
0.0595653610    0.0191905470    0.0006633223    
0.0598069500    0.0191989290    0.0006490423    
0.0600485380    0.0182764270    0.0006366895    
0.0602901270    0.0188428850    0.0006470673    
0.0605317150    0.0191454740    0.0006487196    
0.0607733040    0.0191276390    0.0006455265    
0.0610148920    0.0185192910    0.0006385963    
0.0612564810    0.0183978840    0.0006336568    
0.0614980690    0.0183223380    0.0006262446    
0.0617396580    0.0185777850    0.0006448443    
0.0619812470    0.0186555940    0.0006456034    
0.0622228350    0.0191703460    0.0006503094    
0.0624644240    0.0195285990    0.0006516778    
0.0627060120    0.0191607490    0.0006507332    
0.0629476010    0.0189582930    0.0006514147    
0.0631891890    0.0186082480    0.0006412826    
0.0634307780    0.0193179010    0.0006504676    
0.0636723660    0.0186056430    0.0006377932    
0.0639139550    0.0192801370    0.0006480947    
0.0641555430    0.0192396780    0.0006406112    
0.0643971320    0.0189631830    0.0006421744    
0.0646387200    0.0187215480    0.0006264927    
0.0648803090    0.0183864770    0.0006262459    
0.0651218970    0.0189701410    0.0006237344    
0.0653634860    0.0188857010    0.0006270894    
0.0656050740    0.0175261300    0.0006025608    
0.0658466630    0.0184164180    0.0006145638    
0.0660882520    0.0183447410    0.0006118314    
0.0663298400    0.0184879910    0.0006152418    
0.0665714290    0.0191354290    0.0006228052    
0.0668130170    0.0184059590    0.0006128514    
0.0670546060    0.0175280760    0.0005945992    
0.0672961940    0.0187452540    0.0006123807    
0.0675377830    0.0196642890    0.0006221506    
0.0677793710    0.0186044330    0.0006090818    
0.0680209600    0.0188031080    0.0006049801    
0.0682625480    0.0190280080    0.0006090717    
0.0685041370    0.0184038920    0.0005971011    
0.0687457250    0.0181162970    0.0006005494    
0.0689873140    0.0172837080    0.0005777307    
0.0692289020    0.0177858050    0.0005860622    
0.0694704910    0.0171600850    0.0005752074    
0.0697120790    0.0187387730    0.0005991999    
0.0699536680    0.0195159910    0.0006143913    
0.0701952560    0.0197362570    0.0006173612    
0.0704368450    0.0191230740    0.0006096213    
0.0706784340    0.0176915600    0.0005920255    
0.0709200220    0.0191534760    0.0006105905    
0.0711616110    0.0181513730    0.0005939311    
0.0714031990    0.0183848950    0.0006025406    
0.0716447880    0.0182853850    0.0006038366    
0.0718863760    0.0185300750    0.0005996191    
0.0721279650    0.0186793250    0.0005963850    
0.0723695530    0.0198155230    0.0006109387    
0.0726111420    0.0195856760    0.0006111578    
0.0728527300    0.0193561060    0.0005987697    
0.0730943190    0.0195294000    0.0006055810    
0.0733359070    0.0192741290    0.0005979529    
0.0735774960    0.0176268030    0.0005740077    
0.0738190840    0.0184292010    0.0005807534    
0.0740606730    0.0176665730    0.0005698895    
0.0743022610    0.0196263130    0.0006011185    
0.0745438500    0.0177538880    0.0005691635    
0.0747854380    0.0183204630    0.0005722351    
0.0750270270    0.0188374460    0.0005849687    
0.0752686160    0.0183385700    0.0005700268    
0.0755102040    0.0188360480    0.0005785446    
0.0757517930    0.0185799440    0.0005766944    
0.0759933810    0.0192149040    0.0005772558    
0.0762349700    0.0186676740    0.0005763715    
0.0764765580    0.0183040170    0.0005654130    
0.0767181470    0.0191924060    0.0005781475    
0.0769597350    0.0183480000    0.0005609147    
0.0772013240    0.0189713420    0.0005691687    
0.0774429120    0.0189232040    0.0005656915    
0.0776845010    0.0190863360    0.0005657850    
0.0779260890    0.0192906220    0.0005723439    
0.0781676780    0.0186415040    0.0005587704    
0.0784092660    0.0178942460    0.0005485833    
0.0786508550    0.0185802350    0.0005544486    
0.0788924430    0.0181965050    0.0005539585    
0.0791340320    0.0191303620    0.0005641236    
0.0793756210    0.0184655030    0.0005557463    
0.0796172090    0.0174227140    0.0005343788    
0.0798587980    0.0178724030    0.0005463753    
0.0801003860    0.0191157660    0.0005646761    
0.0803419750    0.0185354200    0.0005482509    
0.0805835630    0.0192961750    0.0005638879    
0.0808251520    0.0176995650    0.0005393302    
0.0810667400    0.0181104180    0.0005455539    
0.0813083290    0.0182929380    0.0005417901    
0.0815499170    0.0193813020    0.0005658925    
0.0817915060    0.0188623840    0.0005545362    
0.0820330940    0.0187721970    0.0005474084    
0.0822746830    0.0195766530    0.0005604779    
0.0825162710    0.0185241530    0.0005427195    
0.0827578600    0.0182611180    0.0005406106    
0.0829994480    0.0183261550    0.0005346289    
0.0832410370    0.0192670430    0.0005545765    
0.0834826250    0.0184977190    0.0005371256    
0.0837242140    0.0180699380    0.0005298669    
0.0839658030    0.0181152810    0.0005318830    
0.0842073910    0.0180780710    0.0005296502    
0.0844489800    0.0187558950    0.0005361016    
0.0846905680    0.0174819900    0.0005137320    
0.0849321570    0.0183883060    0.0005328265    
0.0851737450    0.0181919620    0.0005234149    
0.0854153340    0.0182507940    0.0005275148    
0.0856569220    0.0182297780    0.0005236367    
0.0858985110    0.0187261520    0.0005363480    
0.0861400990    0.0190419950    0.0005351747    
0.0863816880    0.0180014810    0.0005222759    
0.0866232760    0.0185730550    0.0005348225    
0.0868648650    0.0188002690    0.0005311150    
0.0871064530    0.0192784980    0.0005394830    
0.0873480420    0.0183800060    0.0005225896    
0.0875896300    0.0186339050    0.0005274686    
0.0878312190    0.0177395700    0.0005140285    
0.0880728080    0.0176471230    0.0005111352    
0.0883143960    0.0188531100    0.0005279927    
0.0885559850    0.0179480960    0.0005170409    
0.0887975730    0.0176128400    0.0005097148    
0.0890391620    0.0179737710    0.0005152214    
0.0892807500    0.0175513620    0.0005072987    
0.0895223390    0.0186788940    0.0005220910    
0.0897639270    0.0179618340    0.0005086481    
0.0900055160    0.0182348980    0.0005137101    
0.0902471040    0.0178179140    0.0005099164    
0.0904886930    0.0191966680    0.0005246088    
0.0907302810    0.0186257960    0.0005122702    
0.0909718700    0.0194231310    0.0005323904    
0.0912134580    0.0195301800    0.0005251642    
0.0914550470    0.0179232250    0.0005096022    
0.0916966350    0.0184710590    0.0005107260    
0.0919382240    0.0185286770    0.0005133011    
0.0921798120    0.0185617160    0.0005105078    
0.0924214010    0.0182809030    0.0005066315    
0.0926629900    0.0175322610    0.0004933285    
0.0929045780    0.0194137740    0.0005245051    
0.0931461670    0.0195285500    0.0005200684    
0.0933877550    0.0179134880    0.0004989462    
0.0936293440    0.0189394960    0.0005150864    
0.0938709320    0.0188811000    0.0005131188    
0.0941125210    0.0175141460    0.0004903020    
0.0943541090    0.0183925990    0.0005024475    
0.0945956980    0.0182205400    0.0005009349    
0.0948372860    0.0185014880    0.0005022463    
0.0950788750    0.0177075540    0.0004899897    
0.0953204630    0.0183924760    0.0005013231    
0.0955620520    0.0185081460    0.0005020572    
0.0958036400    0.0180685000    0.0004935938    
0.0960452290    0.0182033400    0.0004954322    
0.0962868170    0.0189093000    0.0005071869    
0.0965284060    0.0187022460    0.0005021755    
0.0967699940    0.0191607010    0.0005082933    
0.0970115830    0.0186226950    0.0004959444    
0.0972531720    0.0185047300    0.0004959788    
0.0974947600    0.0185707520    0.0004963242    
0.0977363490    0.0190233960    0.0005004424    
0.0979779370    0.0191146100    0.0005035394    
0.0982195260    0.0192017370    0.0005049593    
0.0984611140    0.0197627090    0.0005092535    
0.0987027030    0.0193054320    0.0005038677    
0.0989442910    0.0198132950    0.0005107266    
0.0991858800    0.0196601260    0.0005071154    
0.0994274680    0.0193638170    0.0005011423    
0.0996690570    0.0198683900    0.0005041699    
0.0999106450    0.0197168640    0.0005062267    
0.1001522300    0.0194717900    0.0004991126    
0.1003938200    0.0188548840    0.0004929487    
0.1006354100    0.0196176070    0.0005007164    
0.1008770000    0.0202132120    0.0005093251    
0.1011185900    0.0198795340    0.0005051036    
0.1013601800    0.0207958280    0.0005171556    
0.1016017700    0.0199954900    0.0005036791    
0.1018433500    0.0200962070    0.0005163067    
0.1020849400    0.0203011910    0.0005261071    
0.1023265300    0.0210936040    0.0005405064    
0.1025681200    0.0217310630    0.0005458412    
0.1028097100    0.0209423400    0.0005438193    
0.1030513000    0.0221690010    0.0005614655    
0.1032928800    0.0218787950    0.0005630344    
0.1035344700    0.0213695840    0.0005490220    
0.1037760600    0.0211742780    0.0005558721    
0.1040176500    0.0217497500    0.0005657402    
0.1042592400    0.0209929700    0.0005574883    
0.1045008300    0.0216198230    0.0005623606    
0.1047424200    0.0207334020    0.0005557135    
0.1049840000    0.0218095520    0.0005727469    
0.1052255900    0.0201131280    0.0005517180    
0.1054671800    0.0194340180    0.0005390027    
0.1057087700    0.0186833550    0.0005320756    
0.1059503600    0.0190521230    0.0005393070    
0.1061919500    0.0187082070    0.0005340844    
0.1064335400    0.0189454050    0.0005242426    
0.1066751200    0.0192376680    0.0005203172    
0.1069167100    0.0184700910    0.0005083725    
0.1071583000    0.0180788310    0.0004964764    
0.1073998900    0.0175796170    0.0004879464    
0.1076414800    0.0175338030    0.0004908523    
0.1078830700    0.0182383070    0.0004934682    
0.1081246600    0.0187840730    0.0005038281    
0.1083662400    0.0187143950    0.0004966285    
0.1086078300    0.0171865990    0.0004811324    
0.1088494200    0.0193821530    0.0005043265    
0.1090910100    0.0176341960    0.0004797644    
0.1093326000    0.0184297220    0.0004878730    
0.1095741900    0.0185274410    0.0004904598    
0.1098157700    0.0186705970    0.0004874647    
0.1100573600    0.0186621920    0.0004909404    
0.1102989500    0.0183080530    0.0004819578    
0.1105405400    0.0172371290    0.0004674073    
0.1107821300    0.0187553510    0.0004898445    
0.1110237200    0.0184027810    0.0004804723    
0.1112653100    0.0176863800    0.0004759289    
0.1115068900    0.0175937110    0.0004678782    
0.1117484800    0.0184085640    0.0004778625    
0.1119900700    0.0179529310    0.0004700107    
0.1122316600    0.0185634210    0.0004796253    
0.1124732500    0.0191556390    0.0004845261    
0.1127148400    0.0186648120    0.0004778002    
0.1129564300    0.0184390510    0.0004765711    
0.1131980100    0.0181090600    0.0004699295    
0.1134396000    0.0178933030    0.0004682891    
0.1136811900    0.0185602620    0.0004757478    
0.1139227800    0.0184740310    0.0004727616    
0.1141643700    0.0178465600    0.0004612577    
0.1144059600    0.0184725460    0.0004695061    
0.1146475500    0.0185641780    0.0004732127    
0.1148891300    0.0180652360    0.0004609439    
0.1151307200    0.0183711550    0.0004698213    
0.1153723100    0.0182888460    0.0004633430    
0.1156139000    0.0180906840    0.0004646280    
0.1158554900    0.0184235610    0.0004639356    
0.1160970800    0.0178584810    0.0004614117    
0.1163386700    0.0187404250    0.0004688037    
0.1165802500    0.0183300320    0.0004631987    
0.1168218400    0.0175335180    0.0004500214    
0.1170634300    0.0177518180    0.0004532420    
0.1173050200    0.0186211890    0.0004655297    
0.1175466100    0.0183535750    0.0004608601    
0.1177882000    0.0184281400    0.0004594132    
0.1180297800    0.0178148810    0.0004519157    
0.1182713700    0.0181743860    0.0004583882    
0.1185129600    0.0186223620    0.0004613964    
0.1187545500    0.0186214050    0.0004605254    
0.1189961400    0.0177240410    0.0004484585    
0.1192377300    0.0178882030    0.0004480460    
0.1194793200    0.0183651470    0.0004533568    
0.1197209000    0.0183931510    0.0004539098    
0.1199624900    0.0179800990    0.0004479652    
0.1202040800    0.0182606440    0.0004481899    
0.1204456700    0.0181625900    0.0004520912    
0.1206872600    0.0181229210    0.0004466972    
0.1209288500    0.0180076750    0.0004485131    
0.1211704400    0.0179946370    0.0004461176    
0.1214120200    0.0180192570    0.0004448182    
0.1216536100    0.0185291220    0.0004500596    
0.1218952000    0.0188194090    0.0004511608    
0.1221367900    0.0181896140    0.0004467157    
0.1223783800    0.0187710970    0.0004507805    
0.1226199700    0.0181634520    0.0004450009    
0.1228615600    0.0178046700    0.0004401921    
0.1231031400    0.0182619420    0.0004454132    
0.1233447300    0.0182674600    0.0004452830    
0.1235863200    0.0184089520    0.0004489988    
0.1238279100    0.0177920730    0.0004365578    
0.1240695000    0.0183811310    0.0004425656    
0.1243110900    0.0171088650    0.0004267890    
0.1245526800    0.0182688270    0.0004421747    
0.1247942600    0.0183862200    0.0004401440    
0.1250358500    0.0180463080    0.0004379450    
0.1252774400    0.0178625000    0.0004347664    
0.1255190300    0.0178019280    0.0004329076    
0.1257606200    0.0176224780    0.0004323965    
0.1260022100    0.0174331210    0.0004296949    
0.1262437900    0.0175552290    0.0004297128    
0.1264853800    0.0189054530    0.0004453585    
0.1267269700    0.0191284150    0.0004456913    
0.1269685600    0.0175440680    0.0004270159    
0.1272101500    0.0179494110    0.0004319207    
0.1274517400    0.0177540290    0.0004325108    
0.1276933300    0.0186975710    0.0004373177    
0.1279349100    0.0176477180    0.0004299209    
0.1281765000    0.0176559880    0.0004291050    
0.1284180900    0.0183806190    0.0004354179    
0.1286596800    0.0183858990    0.0004367702    
0.1289012700    0.0175818970    0.0004256731    
0.1291428600    0.0175216650    0.0004258404    
0.1293844500    0.0179984550    0.0004281707    
0.1296260300    0.0189151250    0.0004409611    
0.1298676200    0.0180824480    0.0004311460    
0.1301092100    0.0180445590    0.0004285405    
0.1303508000    0.0181980530    0.0004292901    
0.1305923900    0.0182359970    0.0004340674    
0.1308339800    0.0179440220    0.0004293123    
0.1310755700    0.0173465590    0.0004203451    
0.1313171500    0.0177818850    0.0004247045    
0.1315587400    0.0177479160    0.0004237723    
0.1318003300    0.0181463330    0.0004297473    
0.1320419200    0.0182800540    0.0004277865    
0.1322835100    0.0175829000    0.0004212757    
0.1325251000    0.0184659990    0.0004315475    
0.1327666900    0.0174160050    0.0004182385    
0.1330082700    0.0174863120    0.0004190818    
0.1332498600    0.0182593400    0.0004289493    
0.1334914500    0.0180954460    0.0004291444    
0.1337330400    0.0180231240    0.0004227009    
0.1339746300    0.0175133870    0.0004176964    
0.1342162200    0.0178774010    0.0004218433    
0.1344578000    0.0181246870    0.0004261390    
0.1346993900    0.0174892020    0.0004160559    
0.1349409800    0.0178696040    0.0004229566    
0.1351825700    0.0177288040    0.0004182206    
0.1354241600    0.0180830630    0.0004230607    
0.1356657500    0.0174721900    0.0004163587    
0.1359073400    0.0178981090    0.0004239877    
0.1361489200    0.0180201230    0.0004214729    
0.1363905100    0.0171644250    0.0004110134    
0.1366321000    0.0179767010    0.0004204573    
0.1368736900    0.0180652080    0.0004214911    
0.1371152800    0.0173278160    0.0004108240    
0.1373568700    0.0178496860    0.0004186332    
0.1375984600    0.0183898120    0.0004259458    
0.1378400400    0.0176521760    0.0004166449    
0.1380816300    0.0179563840    0.0004180428    
0.1383232200    0.0175440010    0.0004153663    
0.1385648100    0.0178336800    0.0004189497    
0.1388064000    0.0178121550    0.0004157001    
0.1390479900    0.0177255650    0.0004128929    
0.1392895800    0.0173350510    0.0004123888    
0.1395311600    0.0181241350    0.0004180020    
0.1397727500    0.0178445600    0.0004147655    
0.1400143400    0.0176089640    0.0004118563    
0.1402559300    0.0178345330    0.0004186233    
0.1404975200    0.0173600890    0.0004086141    
0.1407391100    0.0179075840    0.0004153338    
0.1409806900    0.0176371860    0.0004151363    
0.1412222800    0.0179436210    0.0004146114    
0.1414638700    0.0186104010    0.0004230729    
0.1417054600    0.0183414750    0.0004167441    
0.1419470500    0.0175085910    0.0004116536    
0.1421886400    0.0180709250    0.0004141397    
0.1424302300    0.0184080900    0.0004191241    
0.1426718100    0.0179244600    0.0004143899    
0.1429134000    0.0173774660    0.0004072222    
0.1431549900    0.0185521060    0.0004217477    
0.1433965800    0.0172521080    0.0004068622    
0.1436381700    0.0178112100    0.0004106757    
0.1438797600    0.0180862430    0.0004135146    
0.1441213500    0.0175448090    0.0004079085    
0.1443629300    0.0171786220    0.0004030054    
0.1446045200    0.0178774930    0.0004114392    
0.1448461100    0.0179627140    0.0004124187    
0.1450877000    0.0176683290    0.0004065177    
0.1453292900    0.0177610620    0.0004110520    
0.1455708800    0.0182192800    0.0004140745    
0.1458124700    0.0185567500    0.0004216354    
0.1460540500    0.0180961630    0.0004096923    
0.1462956400    0.0178949690    0.0004102150    
0.1465372300    0.0173838030    0.0004030773    
0.1467788200    0.0181646650    0.0004115598    
0.1470204100    0.0173557650    0.0004027521    
0.1472620000    0.0177264000    0.0004065645    
0.1475035900    0.0177841190    0.0004066070    
0.1477451700    0.0176714150    0.0004070199    
0.1479867600    0.0177353790    0.0004052809    
0.1482283500    0.0181352900    0.0004124854    
0.1484699400    0.0182721120    0.0004123044    
0.1487115300    0.0185710760    0.0004169330    
0.1489531200    0.0180819040    0.0004064632    
0.1491947000    0.0181054380    0.0004097973    
0.1494362900    0.0180850090    0.0004075640    
0.1496778800    0.0180969750    0.0004090822    
0.1499194700    0.0176736880    0.0004036604    
0.1501610600    0.0184623170    0.0004133470    
0.1504026500    0.0175089310    0.0004004199    
0.1506442400    0.0179408700    0.0004090166    
0.1508858200    0.0181569260    0.0004099141    
0.1511274100    0.0180962110    0.0004061696    
0.1513690000    0.0174489410    0.0003988394    
0.1516105900    0.0179937170    0.0004062294    
0.1518521800    0.0189000540    0.0004157122    
0.1520937700    0.0174100500    0.0003979505    
0.1523353600    0.0182102820    0.0004072961    
0.1525769400    0.0186448660    0.0004135143    
0.1528185300    0.0172853830    0.0003977068    
0.1530601200    0.0181100760    0.0004061740    
0.1533017100    0.0178864570    0.0004057775    
0.1535433000    0.0177782570    0.0004006511    
0.1537848900    0.0180087610    0.0004030914    
0.1540264800    0.0188228030    0.0004130152    
0.1542680600    0.0175733510    0.0003987769    
0.1545096500    0.0177198130    0.0003985252    
0.1547512400    0.0185687520    0.0004099152    
0.1549928300    0.0183967720    0.0004077113    
0.1552344200    0.0183561310    0.0004068106    
0.1554760100    0.0176659090    0.0003992360    
0.1557176000    0.0182878870    0.0004077083    
0.1559591800    0.0180993770    0.0004038068    
0.1562007700    0.0184408340    0.0004052197    
0.1564423600    0.0181476240    0.0004014018    
0.1566839500    0.0180300830    0.0004040751    
0.1569255400    0.0180302610    0.0004012674    
0.1571671300    0.0179898010    0.0004009632    
0.1574087100    0.0187408480    0.0004070252    
0.1576503000    0.0183289780    0.0004071096    
0.1578918900    0.0182151920    0.0004008425    
0.1581334800    0.0186774800    0.0004082570    
0.1583750700    0.0186472750    0.0004086721    
0.1586166600    0.0176661930    0.0004071157    
0.1588582500    0.0178877660    0.0004091907    
0.1590998300    0.0186429720    0.0004226138    
0.1593414200    0.0179427930    0.0004173871    
0.1595830100    0.0180951440    0.0004215017    
0.1598246000    0.0181891230    0.0004217502    
0.1600661900    0.0180062190    0.0004237051    
0.1603077800    0.0175999330    0.0004209595    
0.1605493700    0.0182540270    0.0004294174    
0.1607909500    0.0178676940    0.0004259044    
0.1610325400    0.0178665690    0.0004285646    
0.1612741300    0.0180256230    0.0004306488    
0.1615157200    0.0177114720    0.0004286846    
0.1617573100    0.0183391420    0.0004367701    
0.1619989000    0.0175616060    0.0004309029    
0.1622404900    0.0184541710    0.0004396343    
0.1624820700    0.0183437800    0.0004426941    
0.1627236600    0.0173980010    0.0004300065    
0.1629652500    0.0182326430    0.0004396280    
0.1632068400    0.0183805930    0.0004350512    
0.1634484300    0.0179510460    0.0004232278    
0.1636900200    0.0178774010    0.0004218433    
0.1639316100    0.0179622730    0.0004201199    
0.1641731900    0.0182670430    0.0004233294    
0.1644147800    0.0176409690    0.0004127178    
0.1646563700    0.0173878120    0.0004112077    
0.1648979600    0.0176477590    0.0004108576    
0.1651395500    0.0169361030    0.0004043884    
0.1653811400    0.0175396940    0.0004091186    
0.1656227200    0.0181723370    0.0004185575    
0.1658643100    0.0175679010    0.0004083350    
0.1661059000    0.0172241310    0.0004038508    
0.1663474900    0.0176974090    0.0004065417    
0.1665890800    0.0177119150    0.0004065532    
0.1668306700    0.0177949180    0.0004095388    
0.1670722600    0.0178238980    0.0004078364    
0.1673138400    0.0183138610    0.0004132465    
0.1675554300    0.0186236810    0.0004146795    
0.1677970200    0.0176570040    0.0004056135    
0.1680386100    0.0175760020    0.0004051448    
0.1682802000    0.0179730250    0.0004072178    
0.1685217900    0.0172012880    0.0003970350    
0.1687633800    0.0177388030    0.0004027388    
0.1690049600    0.0173278820    0.0004005978    
0.1692465500    0.0173629190    0.0003959434    
0.1694881400    0.0180448780    0.0004063502    
0.1697297300    0.0183014740    0.0004080112    
0.1699713200    0.0182503360    0.0004094227    
0.1702129100    0.0178422320    0.0004010756    
0.1704545000    0.0177262410    0.0004008042    
0.1706960800    0.0179357130    0.0004048168    
0.1709376700    0.0177087710    0.0003976739    
0.1711792600    0.0171282100    0.0003925351    
0.1714208500    0.0174397720    0.0003939243    
0.1716624400    0.0175678380    0.0003978332    
0.1719040300    0.0180066090    0.0003992606    
0.1721456200    0.0177226350    0.0003976845    
0.1723872000    0.0175173880    0.0003953750    
0.1726287900    0.0179421920    0.0003997035    
0.1728703800    0.0176809820    0.0003976519    
0.1731119700    0.0174134710    0.0003926297    
0.1733535600    0.0172223090    0.0003906099    
0.1735951500    0.0176995530    0.0003937124    
0.1738367300    0.0177476830    0.0003956650    
0.1740783200    0.0179937370    0.0003965456    
0.1743199100    0.0176382480    0.0003930300    
0.1745615000    0.0173187000    0.0003886205    
0.1748030900    0.0175836520    0.0003907478    
0.1750446800    0.0175527660    0.0003947683    
0.1752862700    0.0180192880    0.0003947197    
0.1755278500    0.0176049340    0.0003956415    
0.1757694400    0.0173405200    0.0003880369    
0.1760110300    0.0181167930    0.0003973325    
0.1762526200    0.0181927050    0.0003960555    
0.1764942100    0.0175486300    0.0003893931    
0.1767358000    0.0175842940    0.0003895138    
0.1769773900    0.0172610900    0.0003851042    
0.1772189700    0.0172011590    0.0003851113    
0.1774605600    0.0178882430    0.0003938384    
0.1777021500    0.0177374990    0.0003905196    
0.1779437400    0.0186361720    0.0004004308    
0.1781853300    0.0175004980    0.0003889960    
0.1784269200    0.0178472210    0.0003892730    
0.1786685100    0.0177551090    0.0003892130    
0.1789100900    0.0175898710    0.0003860548    
0.1791516800    0.0181951000    0.0003933214    
0.1793932700    0.0175866390    0.0003868233    
0.1796348600    0.0179013810    0.0003885183    
0.1798764500    0.0177327390    0.0003866840    
0.1801180400    0.0174411940    0.0003836242    
0.1803596200    0.0174759590    0.0003865455    
0.1806012100    0.0174521490    0.0003832168    
0.1808428000    0.0172047120    0.0003803598    
0.1810843900    0.0176004550    0.0003835259    
0.1813259800    0.0179290800    0.0003877521    
0.1815675700    0.0176673130    0.0003842537    
0.1818091600    0.0178101450    0.0003855407    
0.1820507400    0.0169318720    0.0003761709    
0.1822923300    0.0179198560    0.0003862002    
0.1825339200    0.0178375570    0.0003864965    
0.1827755100    0.0177920150    0.0003844283    
0.1830171000    0.0170108600    0.0003788620    
0.1832586900    0.0175130710    0.0003806290    
0.1835002800    0.0174740380    0.0003805905    
0.1837418600    0.0171655380    0.0003761985    
0.1839834500    0.0172687210    0.0003787328    
0.1842250400    0.0181583320    0.0003875776    
0.1844666300    0.0173042700    0.0003779703    
0.1847082200    0.0179900120    0.0003851271    
0.1849498100    0.0172498550    0.0003775028    
0.1851914000    0.0177934530    0.0003853600    
0.1854329800    0.0176794490    0.0003821746    
0.1856745700    0.0175745810    0.0003814257    
0.1859161600    0.0172877250    0.0003756426    
0.1861577500    0.0171979400    0.0003746659    
0.1863993400    0.0172983600    0.0003767642    
0.1866409300    0.0169261780    0.0003709527    
0.1868825200    0.0173689730    0.0003789319    
0.1871241000    0.0174987520    0.0003773001    
0.1873656900    0.0171523160    0.0003755481    
0.1876072800    0.0172233990    0.0003734523    
0.1878488700    0.0169346860    0.0003736603    
0.1880904600    0.0168634390    0.0003719977    
0.1883320500    0.0171165600    0.0003719234    
0.1885736300    0.0176308660    0.0003782194    
0.1888152200    0.0173759430    0.0003753507    
0.1890568100    0.0175092480    0.0003777899    
0.1892984000    0.0175344010    0.0003760635    
0.1895399900    0.0179267220    0.0003815060    
0.1897815800    0.0175126540    0.0003770743    
0.1900231700    0.0174152260    0.0003760239    
0.1902647500    0.0177352080    0.0003784601    
0.1905063400    0.0174123350    0.0003773716    
0.1907479300    0.0171310930    0.0003723271    
0.1909895200    0.0174298290    0.0003740789    
0.1912311100    0.0176527580    0.0003769583    
0.1914727000    0.0178750890    0.0003789511    
0.1917142900    0.0171650480    0.0003724498    
0.1919558700    0.0174792660    0.0003726592    
0.1921974600    0.0169791750    0.0003704278    
0.1924390500    0.0174651330    0.0003763129    
0.1926806400    0.0175285400    0.0003755062    
0.1929222300    0.0174733220    0.0003755316    
0.1931638200    0.0171662120    0.0003691872    
0.1934054100    0.0179048070    0.0003802654    
0.1936469900    0.0171646550    0.0003694101    
0.1938885800    0.0175778400    0.0003757871    
0.1941301700    0.0172188180    0.0003702330    
0.1943717600    0.0174366400    0.0003743976    
0.1946133500    0.0175086600    0.0003717681    
0.1948549400    0.0178209950    0.0003776347    
0.1950965300    0.0171711530    0.0003703226    
0.1953381100    0.0174997320    0.0003736054    
0.1955797000    0.0174402840    0.0003737013    
0.1958212900    0.0169554900    0.0003664393    
0.1960628800    0.0171487290    0.0003686407    
0.1963044700    0.0174093700    0.0003708320    
0.1965460600    0.0174458860    0.0003742512    
0.1967876400    0.0177164100    0.0003732460    
0.1970292300    0.0173881940    0.0003701292    
0.1972708200    0.0166955880    0.0003643276    
0.1975124100    0.0172297320    0.0003698696    
0.1977540000    0.0174169360    0.0003717530    
0.1979955900    0.0176559000    0.0003740522    
0.1982371800    0.0168765120    0.0003665344    
0.1984787600    0.0171003300    0.0003648291    
0.1987203500    0.0172116660    0.0003681271    
0.1989619400    0.0169342500    0.0003653834    
0.1992035300    0.0177643630    0.0003735110    
0.1994451200    0.0177085470    0.0003731631    
0.1996867100    0.0179304000    0.0003747719    
0.1999283000    0.0175198240    0.0003711694    
0.2001698800    0.0176910880    0.0003734592    
0.2004114700    0.0174690930    0.0003721886    
0.2006530600    0.0174170420    0.0003686611    
0.2008946500    0.0174088740    0.0003693996    
0.2011362400    0.0176651910    0.0003696326    
0.2013778300    0.0177164100    0.0003732460    
0.2016194200    0.0172647880    0.0003657663    
0.2018610000    0.0174392720    0.0003691316    
0.2021025900    0.0170186830    0.0003650028    
0.2023441800    0.0175395720    0.0003696024    
0.2025857700    0.0179710790    0.0003744788    
0.2028273600    0.0171848680    0.0003677222    
0.2030689500    0.0178221230    0.0003731615    
0.2033105400    0.0174575110    0.0003672215    
0.2035521200    0.0175551490    0.0003697665    
0.2037937100    0.0178799130    0.0003725791    
0.2040353000    0.0179830270    0.0003744839    
0.2042768900    0.0181831610    0.0003752497    
0.2045184800    0.0176431380    0.0003681250    
0.2047600700    0.0179637870    0.0003741644    
0.2050016500    0.0183651470    0.0003786829    
0.2052432400    0.0176754310    0.0003711492    
0.2054848300    0.0178395450    0.0003713350    
0.2057264200    0.0178328240    0.0003736313    
0.2059680100    0.0179360910    0.0003707038    
0.2062096000    0.0175049440    0.0003674883    
0.2064511900    0.0172622390    0.0003642439    
0.2066927700    0.0174463080    0.0003678005    
0.2069343600    0.0176806600    0.0003697944    
0.2071759500    0.0177313330    0.0003702071    
0.2074175400    0.0182184730    0.0003750213    
0.2076591300    0.0171377260    0.0003631559    
0.2079007200    0.0166451250    0.0003607441    
0.2081423100    0.0172528050    0.0003638019    
0.2083838900    0.0173673350    0.0003658105    
0.2086254800    0.0173912380    0.0003666395    
0.2088670700    0.0180919590    0.0003731293    
0.2091086600    0.0174740110    0.0003679759    
0.2093502500    0.0176542130    0.0003683561    
0.2095918400    0.0175494360    0.0003692369    
0.2098334300    0.0172584400    0.0003654678    
0.2100750100    0.0178043790    0.0003723820    
0.2103166000    0.0177916020    0.0003726041    
0.2105581900    0.0178771010    0.0003706741    
0.2107997800    0.0178948440    0.0003729712    
0.2110413700    0.0183266940    0.0003754241    
0.2112829600    0.0174215450    0.0003685913    
0.2115245400    0.0178351620    0.0003701229    
0.2117661300    0.0177350850    0.0003714205    
0.2120077200    0.0174983220    0.0003671874    
0.2122493100    0.0173259070    0.0003686363    
0.2124909000    0.0174132240    0.0003671030    
0.2127324900    0.0176788560    0.0003723722    
0.2129740800    0.0170605190    0.0003629076    
0.2132156600    0.0177552920    0.0003702234    
0.2134572500    0.0175484000    0.0003694605    
0.2136988400    0.0172309210    0.0003658708    
0.2139404300    0.0172500110    0.0003642292    
0.2141820200    0.0179694470    0.0003733924    
0.2144236100    0.0177369790    0.0003720317    
0.2146652000    0.0178708960    0.0003729584    
0.2149067800    0.0167180320    0.0003591333    
0.2151483700    0.0174270140    0.0003722226    
0.2153899600    0.0173951280    0.0003765567    
0.2156315500    0.0170144630    0.0003760619    
0.2158731400    0.0171676020    0.0003791689    
0.2161147300    0.0169398950    0.0003813706    
0.2163563200    0.0174634990    0.0003881736    
0.2165979000    0.0170689900    0.0003866357    
0.2168394900    0.0168478740    0.0003843983    
0.2170810800    0.0178314590    0.0003999251    
0.2173226700    0.0173485930    0.0003941844    
0.2175642600    0.0174867350    0.0003979400    
0.2178058500    0.0170696430    0.0003946277    
0.2180474400    0.0177617280    0.0004045123    
0.2182890200    0.0173167800    0.0004026070    
0.2185306100    0.0171685250    0.0003982998    
0.2187722000    0.0171237470    0.0004028281    
0.2190137900    0.0172748490    0.0004038208    
0.2192553800    0.0169753780    0.0004040612    
0.2194969700    0.0181324370    0.0004150049    
0.2197385500    0.0173565890    0.0004035325    
0.2199801400    0.0169552700    0.0003946289    
0.2202217300    0.0168561150    0.0003896912    
0.2204633200    0.0176780160    0.0003971836    
0.2207049100    0.0164009130    0.0003800828    
0.2209465000    0.0167884750    0.0003845473    
0.2211880900    0.0169873250    0.0003848846    
0.2214296700    0.0166521100    0.0003805265    
0.2216712600    0.0169170930    0.0003829985    
0.2219128500    0.0157095300    0.0003680349    
0.2221544400    0.0170415330    0.0003852239    
0.2223960300    0.0166493420    0.0003788837    
0.2226376200    0.0171478100    0.0003875273    
0.2228792100    0.0168940370    0.0003817923    
0.2231207900    0.0166265630    0.0003787578    
0.2233623800    0.0167931830    0.0003782594    
0.2236039700    0.0169174150    0.0003812511    
0.2238455600    0.0167358090    0.0003773502    
0.2240871500    0.0175455030    0.0003870436    
0.2243287400    0.0167301550    0.0003759823    
0.2245703300    0.0160448890    0.0003706397    
0.2248119100    0.0172210610    0.0003834484    
0.2250535000    0.0165776920    0.0003760864    
0.2252950900    0.0162930500    0.0003742810    
0.2255366800    0.0168167880    0.0003766946    
0.2257782700    0.0174748700    0.0003849240    
0.2260198600    0.0170852290    0.0003792973    
0.2262614500    0.0172501960    0.0003809931    
0.2265030300    0.0164812200    0.0003718935    
0.2267446200    0.0171729350    0.0003810567    
0.2269862100    0.0171558160    0.0003782633    
0.2272278000    0.0168053680    0.0003754042    
0.2274693900    0.0174691850    0.0003815724    
0.2277109800    0.0162991210    0.0003718780    
0.2279525600    0.0165327970    0.0003710787    
0.2281941500    0.0169466500    0.0003765922    
0.2284357400    0.0162745000    0.0003685449    
0.2286773300    0.0168567770    0.0003763649    
0.2289189200    0.0170245950    0.0003759187    
0.2291605100    0.0165932930    0.0003732838    
0.2294021000    0.0171241460    0.0003776569    
0.2296436800    0.0166354660    0.0003755653    
0.2298852700    0.0172505960    0.0003787911    
0.2301268600    0.0169896720    0.0003798057    
0.2303684500    0.0164056950    0.0003710404    
0.2306100400    0.0164423820    0.0003719653    
0.2308516300    0.0163078150    0.0003696786    
0.2310932200    0.0163161080    0.0003716856    
0.2313348000    0.0167298940    0.0003745603    
0.2315763900    0.0170836620    0.0003788893    
0.2318179800    0.0170712290    0.0003805842    
0.2320595700    0.0166611640    0.0003744318    
0.2323011600    0.0170104110    0.0003795114    
0.2325427500    0.0168580030    0.0003778074    
0.2327843400    0.0163131990    0.0003730742    
0.2330259200    0.0165927410    0.0003728941    
0.2332675100    0.0171004690    0.0003790756    
0.2335091000    0.0166263600    0.0003750731    
0.2337506900    0.0166818850    0.0003737666    
0.2339922800    0.0162935080    0.0003715566    
0.2342338700    0.0157982480    0.0003652347    
0.2344754600    0.0165596450    0.0003750983    
0.2347170400    0.0167307290    0.0003749551    
0.2349586300    0.0166848420    0.0003753433    
0.2352002200    0.0167595920    0.0003793355    
0.2354418100    0.0166639640    0.0003760171    
0.2356834000    0.0168442500    0.0003777840    
0.2359249900    0.0165365830    0.0003720080    
0.2361665700    0.0171391010    0.0003820025    
0.2364081600    0.0171189110    0.0003796710    
0.2366497500    0.0164068790    0.0003737534    
0.2368913400    0.0161359980    0.0003691182    
0.2371329300    0.0172023630    0.0003835077    
0.2373745200    0.0167148720    0.0003765910    
0.2376161100    0.0160700340    0.0003692554    
0.2378576900    0.0164214060    0.0003745706    
0.2380992800    0.0168568980    0.0003774038    
0.2383408700    0.0157609750    0.0003659411    
0.2385824600    0.0163976030    0.0003717140    
0.2388240500    0.0165456370    0.0003750698    
0.2390656400    0.0166507260    0.0003763897    
0.2393072300    0.0166517440    0.0003753593    
0.2395488100    0.0164688150    0.0003738089    
0.2397904000    0.0170161500    0.0003811603    
0.2400319900    0.0165500370    0.0003764290    
0.2402735800    0.0155833300    0.0003657817    
0.2405151700    0.0163074640    0.0003735296    
0.2407567600    0.0160742500    0.0003682843    
0.2409983500    0.0162534750    0.0003723906    
0.2412399300    0.0164571350    0.0003731594    
0.2414815200    0.0165616190    0.0003766924    
0.2417231100    0.0164789510    0.0003725068    
0.2419647000    0.0163674440    0.0003746088    
0.2422062900    0.0161678270    0.0003717970    
0.2424478800    0.0166411420    0.0003773317    
0.2426894600    0.0164080990    0.0003765267    
0.2429310500    0.0161654220    0.0003712512    
0.2431726400    0.0158619700    0.0003674944    
0.2434142300    0.0164766680    0.0003731231    
0.2436558200    0.0165631210    0.0003779014    
0.2438974100    0.0162653060    0.0003711065    
0.2441390000    0.0163786870    0.0003740830    
0.2443805800    0.0160422320    0.0003704795    
0.2446221700    0.0166846760    0.0003782216    
0.2448637600    0.0167324020    0.0003796940    
0.2451053500    0.0171169480    0.0003818883    
0.2453469400    0.0160722230    0.0003739749    
0.2455885300    0.0159837700    0.0003690310    
0.2458301200    0.0160484730    0.0003721150    
0.2460717000    0.0166245760    0.0003757026    
0.2463132900    0.0164124940    0.0003736874    
0.2465548800    0.0161840440    0.0003731579    
0.2467964700    0.0168816120    0.0003793860    
0.2470380600    0.0158898630    0.0003692323    
0.2472796500    0.0163160010    0.0003740196    
0.2475212400    0.0157056070    0.0003691607    
0.2477628200    0.0165918100    0.0003802422    
0.2480044100    0.0166404800    0.0003769293    
0.2482460000    0.0163957750    0.0003742781    
0.2484875900    0.0163045420    0.0003741503    
0.2487291800    0.0160040370    0.0003706863    
0.2489707700    0.0169254970    0.0003802763    
0.2492123600    0.0161343520    0.0003735044    
0.2494539400    0.0162212550    0.0003737180    
0.2496955300    0.0165031430    0.0003776156    
0.2499371200    0.0162673760    0.0003735927    
0.2501787100    0.0159182150    0.0003736423    
0.2504203000    0.0161733160    0.0003721201    
0.2506618900    0.0170188780    0.0003796058    
0.2509034700    0.0164419150    0.0003757232    
0.2511450600    0.0169491530    0.0003808077    
0.2513866500    0.0165337910    0.0003770360    
0.2516282400    0.0165591560    0.0003747029    
0.2518698300    0.0166418070    0.0003777354    
0.2521114200    0.0162108150    0.0003719016    
0.2523530100    0.0161904400    0.0003723170    
0.2525945900    0.0163756960    0.0003735279    
0.2528361800    0.0163937470    0.0003764949    
0.2530777700    0.0165226890    0.0003745496    
0.2533193600    0.0166578450    0.0003756878    
0.2535609500    0.0159719190    0.0003691511    
0.2538025400    0.0164126780    0.0003740796    
0.2540441300    0.0156879620    0.0003657275    
0.2542857100    0.0166592350    0.0003764859    
0.2545273000    0.0162070700    0.0003732921    
0.2547688900    0.0167817990    0.0003769525    
0.2550104800    0.0162672560    0.0003739846    
0.2552520700    0.0162292620    0.0003749988    
0.2554936600    0.0159988770    0.0003686925    
0.2557352500    0.0161904400    0.0003723170    
0.2559768300    0.0162340090    0.0003712631    
0.2562184200    0.0162302630    0.0003730356    
0.2564600100    0.0163980590    0.0003728758    
0.2567016000    0.0160555520    0.0003712825    
0.2569431900    0.0158389280    0.0003673551    
0.2571847800    0.0160073730    0.0003687904    
0.2574263700    0.0162478940    0.0003720675    
0.2576679500    0.0163930220    0.0003745082    
0.2579095400    0.0162817060    0.0003736263    
0.2581511300    0.0163245750    0.0003721683    
0.2583927200    0.0162737730    0.0003712031    
0.2586343100    0.0157523740    0.0003640769    
0.2588759000    0.0160513610    0.0003701970    
0.2591174800    0.0165290530    0.0003726883    
0.2593590700    0.0163947460    0.0003715538    
0.2596006600    0.0156858370    0.0003646883    
0.2598422500    0.0160583520    0.0003693772    
0.2600838400    0.0166422180    0.0003762936    
0.2603254300    0.0167672470    0.0003790237    
0.2605670200    0.0165401190    0.0003751375    
0.2608086000    0.0163134090    0.0003696156    
0.2610501900    0.0161440690    0.0003695931    
0.2612917800    0.0158484420    0.0003670825    
0.2615333700    0.0159917660    0.0003678456    
0.2617749600    0.0164802360    0.0003740681    
0.2620165500    0.0162147310    0.0003701453    
0.2622581400    0.0163587990    0.0003741170    
0.2624997200    0.0166385090    0.0003757298    
0.2627413100    0.0159121350    0.0003710544    
0.2629829000    0.0159441530    0.0003657840    
0.2632244900    0.0166855120    0.0003771761    
0.2634660800    0.0156378170    0.0003633755    
0.2637076700    0.0161209420    0.0003698398    
0.2639492600    0.0164094220    0.0003731342    
0.2641908400    0.0166452770    0.0003764590    
0.2644324300    0.0154986630    0.0003638946    
0.2646740200    0.0165210540    0.0003729823    
0.2649156100    0.0159517370    0.0003704701    
0.2651572000    0.0162280810    0.0003717113    
0.2653987900    0.0164765790    0.0003765153    
0.2656403800    0.0160513610    0.0003701970    
0.2658819600    0.0161467660    0.0003697517    
0.2661235500    0.0152978720    0.0003617823    
0.2663651400    0.0165167620    0.0003742230    
0.2666067300    0.0157768280    0.0003665067    
0.2668483200    0.0169557090    0.0003794259    
0.2670899100    0.0164224310    0.0003765583    
0.2673314900    0.0164714400    0.0003735798    
0.2675730800    0.0163704310    0.0003751687    
0.2678146700    0.0163159290    0.0003756002    
0.2680562600    0.0163925940    0.0003733311    
0.2682978500    0.0160487070    0.0003700374    
0.2685394400    0.0168950880    0.0003783536    
0.2687810300    0.0160448890    0.0003706397    
0.2690226100    0.0165805260    0.0003740391    
0.2692642000    0.0162437610    0.0003750336    
0.2695057900    0.0167358090    0.0003773502    
0.2697473800    0.0160918540    0.0003701478    
0.2699889700    0.0166775860    0.0003789382    
0.2702305600    0.0165204240    0.0003778133    
0.2704721500    0.0162729150    0.0003743126    
0.2707137300    0.0157027940    0.0003648854    
0.2709553200    0.0158520220    0.0003690511    
0.2711969100    0.0163217250    0.0003735623    
0.2714385000    0.0161912790    0.0003711605    
0.2716800900    0.0164531830    0.0003755886    
0.2719216800    0.0165604280    0.0003851262    
0.2721632700    0.0163124650    0.0003849164    
0.2724048500    0.0161568570    0.0003880006    
0.2726464400    0.0163406810    0.0003973730    
0.2728880300    0.0165310520    0.0003999968    
0.2731296200    0.0152088670    0.0003858081    
0.2733712100    0.0164505570    0.0004044947    
0.2736128000    0.0162700690    0.0004077724    
0.2738543800    0.0163851860    0.0004068422    
0.2740959700    0.0159195500    0.0004048797    
0.2743375600    0.0163698440    0.0004135329    
0.2745791500    0.0165950130    0.0004181550    
0.2748207400    0.0161856880    0.0004158386    
0.2750623300    0.0169549090    0.0004256053    
0.2753039200    0.0155061640    0.0004113461    
0.2755455000    0.0162016710    0.0004191645    
0.2757870900    0.0159522080    0.0004221402    
0.2760286800    0.0154729550    0.0004136799    
0.2762702700    0.0163398750    0.0004330058    
0.2765118600    0.0176720230    0.0004324422    
0.2767534500    0.0158450580    0.0004078958    
0.2769950400    0.0162522510    0.0004097785    
0.2772366200    0.0161390690    0.0004041086    
0.2774782100    0.0168588100    0.0004135342    
0.2777198000    0.0156483490    0.0003994058    
0.2779613900    0.0166356480    0.0004107881    
0.2782029800    0.0162530330    0.0003981960    
0.2784445700    0.0160533810    0.0003990959    
0.2786861600    0.0164363870    0.0004026882    
0.2789277400    0.0159483000    0.0003922635    
0.2791693300    0.0158865050    0.0003918117    
0.2794109200    0.0159310950    0.0003942326    
0.2796525100    0.0162500190    0.0003975261    
0.2798941000    0.0161693140    0.0003920482    
0.2801356900    0.0157457130    0.0003908436    
0.2803772800    0.0154820170    0.0003909800    
0.2806188600    0.0158349640    0.0003873726    
0.2808604500    0.0161433300    0.0003890241    
0.2811020400    0.0160411630    0.0003892844    
0.2813436300    0.0155522090    0.0003850925    
0.2815852200    0.0158603840    0.0003850107    
0.2818268100    0.0166174350    0.0003962151    
0.2820683900    0.0171066100    0.0004030947    
0.2823099800    0.0162834790    0.0003929724    
0.2825515700    0.0161568570    0.0003880006    
0.2827931600    0.0160414720    0.0003912554    
0.2830347500    0.0168276440    0.0003984060    
0.2832763400    0.0158482860    0.0003847170    
0.2835179300    0.0167915250    0.0003960001    
0.2837595100    0.0166174350    0.0003962151    
0.2840011000    0.0159836910    0.0003890369    
0.2842426900    0.0155572340    0.0003800103    
0.2844842800    0.0160431170    0.0003879634    
0.2847258700    0.0166665000    0.0003960364    
0.2849674600    0.0160470320    0.0003896564    
0.2852090500    0.0165618870    0.0003938843    
0.2854506300    0.0160222680    0.0003890551    
0.2856922200    0.0157361900    0.0003843816    
0.2859338100    0.0164815420    0.0003939842    
0.2861754000    0.0156630200    0.0003820249    
0.2864169900    0.0160142220    0.0003861372    
0.2866585800    0.0155415470    0.0003821435    
0.2869001700    0.0158163810    0.0003846231    
0.2871417500    0.0156495690    0.0003821517    
0.2873833400    0.0157066000    0.0003844625    
0.2876249300    0.0161107710    0.0003898274    
0.2878665200    0.0155955720    0.0003859297    
0.2881081100    0.0158574560    0.0003823572    
0.2883497000    0.0159453680    0.0003855995    
0.2885912900    0.0152903130    0.0003774523    
0.2888328700    0.0168964950    0.0003969333    
0.2890744600    0.0156871870    0.0003815942    
0.2893160500    0.0162346410    0.0003886377    
0.2895576400    0.0155534840    0.0003824370    
0.2897992300    0.0161709180    0.0003861179    
0.2900408200    0.0167444210    0.0003937957    
0.2902824000    0.0156569230    0.0003837066    
0.2905239900    0.0164955300    0.0003921953    
0.2907655800    0.0159844800    0.0003833087    
0.2910071700    0.0158098360    0.0003812090    
0.2912487600    0.0157837010    0.0003814670    
0.2914903500    0.0166914200    0.0003912529    
0.2917319400    0.0154773740    0.0003754919    
0.2919735200    0.0159549510    0.0003823808    
0.2922151100    0.0159411120    0.0003815017    
0.2924567000    0.0167888970    0.0003922468    
0.2926982900    0.0163245750    0.0003869295    
0.2929398800    0.0160990470    0.0003862782    
0.2931814700    0.0162852170    0.0003845948    
0.2934230600    0.0161083360    0.0003836406    
0.2936646400    0.0163425940    0.0003837093    
0.2939062300    0.0146113520    0.0003662004    
0.2941478200    0.0158140550    0.0003785694    
0.2943894100    0.0155284780    0.0003769537    
0.2946310000    0.0157298510    0.0003784014    
0.2948725900    0.0162483780    0.0003854484    
0.2951141800    0.0159146390    0.0003807591    
0.2953557600    0.0161768420    0.0003864797    
0.2955973500    0.0155446230    0.0003754696    
0.2958389400    0.0158667640    0.0003786397    
0.2960805300    0.0168222760    0.0003901621    
0.2963221200    0.0155251760    0.0003741278    
0.2965637100    0.0163516030    0.0003838151    
0.2968053000    0.0157594940    0.0003759728    
0.2970468800    0.0155997740    0.0003751637    
0.2972884700    0.0159388850    0.0003781066    
0.2975300600    0.0156697980    0.0003749013    
0.2977716500    0.0161559080    0.0003820741    
0.2980132400    0.0155289190    0.0003754190    
0.2982548300    0.0155321780    0.0003725697    
0.2984964100    0.0159325000    0.0003767907    
0.2987380000    0.0151700410    0.0003684698    
0.2989795900    0.0156384440    0.0003732974    
0.2992211800    0.0154710030    0.0003708889    
0.2994627700    0.0159370310    0.0003775318    
0.2997043600    0.0153717090    0.0003717270    
0.2999459500    0.0154772060    0.0003728636    
0.3001875300    0.0162021710    0.0003809377    
0.3004291200    0.0162758090    0.0003857737    
0.3006707100    0.0162979010    0.0003806716    
0.3009123000    0.0162557580    0.0003819865    
0.3011538900    0.0162891640    0.0003797431    
0.3013954800    0.0155369860    0.0003728996    
0.3016370700    0.0163811750    0.0003826166    
0.3018786500    0.0155321780    0.0003725697    
0.3021202400    0.0158155490    0.0003758157    
0.3023618300    0.0157569990    0.0003767720    
0.3026034200    0.0158671280    0.0003772545    
0.3028450100    0.0161778580    0.0003812099    
0.3030866000    0.0163845920    0.0003840608    
0.3033281900    0.0158915470    0.0003760326    
0.3035697700    0.0159102010    0.0003772139    
0.3038113600    0.0159334780    0.0003777658    
0.3040529500    0.0158444410    0.0003753385    
0.3042945400    0.0158951370    0.0003758020    
0.3045361300    0.0156438850    0.0003751412    
0.3047777200    0.0163662200    0.0003821631    
0.3050193100    0.0152462000    0.0003691238    
0.3052608900    0.0154772060    0.0003728636    
0.3055024800    0.0159100120    0.0003828462    
0.3057440700    0.0154924110    0.0003703395    
0.3059856600    0.0159333550    0.0003763901    
0.3062272500    0.0163454280    0.0003821989    
0.3064688400    0.0160071860    0.0003791937    
0.3067104200    0.0160711610    0.0003769210    
0.3069520100    0.0152975920    0.0003696106    
0.3071936000    0.0152482300    0.0003698239    
0.3074351900    0.0157762280    0.0003765864    
0.3076767800    0.0151864790    0.0003674626    
0.3079183700    0.0162640690    0.0003842025    
0.3081599600    0.0154563110    0.0003745403    
0.3084015400    0.0165641210    0.0003833507    
0.3086431300    0.0159022860    0.0003753422    
0.3088847200    0.0161631230    0.0003807570    
0.3091263100    0.0155630790    0.0003726682    
0.3093679000    0.0159576300    0.0003779138    
0.3096094900    0.0158934270    0.0003752376    
0.3098510800    0.0158242280    0.0003782714    
0.3100926600    0.0156200030    0.0003740312    
0.3103342500    0.0157991320    0.0003761698    
0.3105758400    0.0155041080    0.0003752581    
0.3108174300    0.0162948940    0.0003809132    
0.3110590200    0.0155694740    0.0003741106    
0.3113006100    0.0157491430    0.0003733954    
0.3115422000    0.0153627200    0.0003716183    
0.3117837800    0.0157147830    0.0003744801    
0.3120253700    0.0161211170    0.0003804013    
0.3122669600    0.0164132960    0.0003816014    
0.3125085500    0.0168347180    0.0003893006    
0.3127501400    0.0159837330    0.0003786381    
0.3129917300    0.0155101560    0.0003746371    
0.3132333100    0.0156643900    0.0003755250    
0.3134749000    0.0156543580    0.0003748539    
0.3137164900    0.0155136930    0.0003718055    
0.3139580800    0.0155113150    0.0003716418    
0.3141996700    0.0159976080    0.0003776973    
0.3144412600    0.0157109140    0.0003747072    
0.3146828500    0.0160044270    0.0003790220    
0.3149244300    0.0159743390    0.0003771479    
0.3151660200    0.0164895000    0.0003851468    
0.3154076100    0.0152230280    0.0003707424    
0.3156492000    0.0159483210    0.0003810201    
0.3158907900    0.0159155720    0.0003761800    
0.3161323800    0.0157491810    0.0003743444    
0.3163739700    0.0151373330    0.0003671343    
0.3166155500    0.0156258930    0.0003749255    
0.3168571400    0.0156141650    0.0003731433    
0.3170987300    0.0159513910    0.0003779781    
0.3173403200    0.0162200840    0.0003811482    
0.3175819100    0.0155629220    0.0003741692    
0.3178235000    0.0157722620    0.0003758498    
0.3180650900    0.0157880590    0.0003778388    
0.3183066700    0.0160576970    0.0003800705    
0.3185482600    0.0157544160    0.0003766026    
0.3187898500    0.0158569750    0.0003752145    
0.3190314400    0.0162529760    0.0003813950    
0.3192730300    0.0152708010    0.0003692868    
0.3195146200    0.0164350380    0.0003836654    
0.3197562100    0.0158727660    0.0003762206    
0.3199977900    0.0153937880    0.0003711772    
0.3202393800    0.0155702550    0.0003746705    
0.3204809700    0.0160593310    0.0003810711    
0.3207225600    0.0161952540    0.0003822571    
0.3209641500    0.0158317130    0.0003778032    
0.3212057400    0.0151483500    0.0003674015    
0.3214473200    0.0156790880    0.0003740545    
0.3216889100    0.0161046160    0.0003789584    
0.3219305000    0.0154346340    0.0003724871    
0.3221720900    0.0156941790    0.0003750555    
0.3224136800    0.0159511370    0.0003766001    
0.3226552700    0.0156156020    0.0003767447    
0.3228968600    0.0163753660    0.0003831084    
0.3231384400    0.0155875330    0.0003773878    
0.3233800300    0.0161374490    0.0003792064    
0.3236216200    0.0155006130    0.0003719195    
0.3238632100    0.0155214830    0.0003728498    
0.3241048000    0.0160223790    0.0003792346    
0.3243463900    0.0157684630    0.0003760797    
0.3245879800    0.0155841780    0.0003736021    
0.3248295600    0.0158118240    0.0003760459    
0.3250711500    0.0160622370    0.0003790119    
0.3253127400    0.0143844580    0.0003597239    
0.3255543300    0.0158587600    0.0003781258    
0.3257959200    0.0154980150    0.0003758821    
0.3260375100    0.0158612140    0.0003759468    
0.3262791000    0.0160403310    0.0003794470    
0.3265206800    0.0153445050    0.0003703120    
0.3267622700    0.0158391530    0.0003773367    
0.3270038600    0.0151764730    0.0003689527    
0.3272454500    0.0155166940    0.0003725199    
0.3274870400    0.0152975720    0.0003701507    
0.3277286300    0.0154373700    0.0003732057    
0.3279702200    0.0160334940    0.0003799235    
0.3282118000    0.0156880390    0.0003786025    
0.3284533900    0.0162529760    0.0003813950    
0.3286949800    0.0160239270    0.0003921125    
0.3289365700    0.0166301680    0.0004048919    
0.3291781600    0.0157329600    0.0003971906    
0.3294197500    0.0157840720    0.0004024768    
0.3296613300    0.0160138640    0.0004095363    
0.3299029200    0.0152885390    0.0004006686    
0.3301445100    0.0157338360    0.0004123385    
0.3303861000    0.0159777880    0.0004183011    
0.3306276900    0.0165581010    0.0004291046    
0.3308692800    0.0160722860    0.0004229549    
0.3311108700    0.0156041520    0.0004202019    
0.3313524500    0.0162474270    0.0004336118    
0.3315940400    0.0162014870    0.0004323857    
0.3318356300    0.0155943900    0.0004297100    
0.3320772200    0.0154822460    0.0004285768    
0.3323188100    0.0155309080    0.0004332567    
0.3325604000    0.0154127450    0.0004309677    
0.3328019900    0.0154181100    0.0004355676    
0.3330435700    0.0149909730    0.0004250300    
0.3332851600    0.0161406690    0.0004352815    
0.3335267500    0.0152299030    0.0004096785    
0.3337683400    0.0156156100    0.0004148337    
0.3340099300    0.0160164960    0.0004173171    
0.3342515200    0.0151869740    0.0004024540    
0.3344931100    0.0151058040    0.0003972461    
0.3347346900    0.0161667990    0.0004123700    
0.3349762800    0.0157207330    0.0004045613    
0.3352178700    0.0158493030    0.0004046667    
0.3354594600    0.0160586360    0.0004052834    
0.3357010500    0.0161600960    0.0004075845    
0.3359426400    0.0160727380    0.0004078535    
0.3361842300    0.0162250350    0.0004018758    
0.3364258100    0.0160335370    0.0003988491    
0.3366674000    0.0156747750    0.0003948419    
0.3369089900    0.0152252990    0.0003877249    
0.3371505800    0.0160492210    0.0003972774    
0.3373921700    0.0154846300    0.0003911707    
0.3376337600    0.0148479970    0.0003827363    
0.3378753400    0.0152746680    0.0003883530    
0.3381169300    0.0158812560    0.0003940868    
0.3383585200    0.0159514420    0.0003992855    
0.3386001100    0.0155225760    0.0003880644    
0.3388417000    0.0153116180    0.0003868001    
0.3390832900    0.0156635450    0.0003873746    
0.3393248800    0.0146940630    0.0003780155    
0.3395664600    0.0158757790    0.0003921440    
0.3398080500    0.0159348210    0.0003924071    
0.3400496400    0.0161774490    0.0003939864    
0.3402912300    0.0158782000    0.0003897151    
0.3405328200    0.0153502630    0.0003854466    
0.3407744100    0.0166506790    0.0004016003    
0.3410160000    0.0159815130    0.0003939154    
0.3412575800    0.0159478060    0.0003892025    
0.3414991700    0.0157239420    0.0003861617    
0.3417407600    0.0160099080    0.0003907180    
0.3419823500    0.0161335160    0.0003893533    
0.3422239400    0.0160244910    0.0003896839    
0.3424655300    0.0156708310    0.0003862577    
0.3427071200    0.0152900970    0.0003803554    
0.3429487000    0.0155247850    0.0003837083    
0.3431902900    0.0160981990    0.0003924056    
0.3434318800    0.0154791960    0.0003878292    
0.3436734700    0.0162995950    0.0003907529    
0.3439150600    0.0160665900    0.0003870625    
0.3441566500    0.0154435270    0.0003818166    
0.3443982300    0.0159541330    0.0003876292    
0.3446398200    0.0156063940    0.0003823535    
0.3448814100    0.0159070430    0.0003870567    
0.3451230000    0.0158777580    0.0003871472    
0.3453645900    0.0163875070    0.0003933128    
0.3456061800    0.0159061570    0.0003860081    
0.3458477700    0.0156602030    0.0003855276    
0.3460893500    0.0156143990    0.0003845165    
0.3463309400    0.0159546930    0.0003857122    
0.3465725300    0.0151829750    0.0003764117    
0.3468141200    0.0158543970    0.0003861188    
0.3470557100    0.0160408590    0.0003873429    
0.3472973000    0.0157670590    0.0003849060    
0.3475388900    0.0161791520    0.0003875315    
0.3477804700    0.0160495820    0.0003878929    
0.3480220600    0.0157898050    0.0003848883    
0.3482636500    0.0156787060    0.0003830918    
0.3485052400    0.0152971320    0.0003820703    
0.3487468300    0.0158576250    0.0003848303    
0.3489884200    0.0154256040    0.0003794074    
0.3492300100    0.0152996590    0.0003764235    
0.3494715900    0.0151728410    0.0003774385    
0.3497131800    0.0157442010    0.0003818530    
0.3499547700    0.0157656430    0.0003842993    
0.3501963600    0.0159378100    0.0003846303    
0.3504379500    0.0159761850    0.0003861190    
0.3506795400    0.0160969790    0.0003880198    
0.3509211300    0.0154545150    0.0003809259    
0.3511627100    0.0159643820    0.0003873071    
0.3514043000    0.0163461850    0.0003890846    
0.3516458900    0.0152019510    0.0003760740    
0.3518874800    0.0155311910    0.0003792610    
0.3521290700    0.0158858760    0.0003837123    
0.3523706600    0.0160887070    0.0003870341    
0.3526122400    0.0157388990    0.0003825127    
0.3528538300    0.0162624100    0.0003894141    
0.3530954200    0.0160595660    0.0003875687    
0.3533370100    0.0155232550    0.0003803166    
0.3535786000    0.0155756840    0.0003834468    
0.3538201900    0.0158748790    0.0003830001    
0.3540617800    0.0151478610    0.0003761195    
0.3543033600    0.0152051060    0.0003745509    
0.3545449500    0.0157495050    0.0003822065    
0.3547865400    0.0159865290    0.0003839102    
0.3550281300    0.0155630520    0.0003809488    
0.3552697200    0.0162069990    0.0003878649    
0.3555113100    0.0158652530    0.0003843370    
0.3557529000    0.0154884540    0.0003800347    
0.3559944800    0.0154862370    0.0003777131    
0.3562360700    0.0154082070    0.0003815269    
0.3564776600    0.0153435020    0.0003762516    
0.3567192500    0.0156649340    0.0003806027    
0.3569608400    0.0156310880    0.0003793328    
0.3572024300    0.0156474760    0.0003809665    
0.3574440200    0.0166813290    0.0003923119    
0.3576856000    0.0157083780    0.0003819966    
0.3579271900    0.0158379180    0.0003825539    
0.3581687800    0.0157535260    0.0003829813    
0.3584103700    0.0156371920    0.0003802655    
0.3586519600    0.0157227480    0.0003845124    
0.3588935500    0.0158793600    0.0003837789    
0.3591351400    0.0156898000    0.0003817707    
0.3593767200    0.0162570680    0.0003868538    
0.3596183100    0.0148224450    0.0003688362    
0.3598599000    0.0153690200    0.0003769907    
0.3601014900    0.0158090300    0.0003826383    
0.3603430800    0.0150104650    0.0003727080    
0.3605846700    0.0163153420    0.0003881306    
0.3608262500    0.0163091050    0.0003890848    
0.3610678400    0.0155817080    0.0003795903    
0.3613094300    0.0157348690    0.0003837773    
0.3615510200    0.0160539340    0.0003848636    
0.3617926100    0.0161558060    0.0003856471    
0.3620342000    0.0154337520    0.0003777838    
0.3622757900    0.0163307260    0.0003881672    
0.3625173700    0.0154960260    0.0003784023    
0.3627589600    0.0157627230    0.0003820775    
0.3630005500    0.0151659980    0.0003739280    
0.3632421400    0.0159745000    0.0003836213    
0.3634837300    0.0153460920    0.0003775659    
0.3637253200    0.0154369650    0.0003791139    
0.3639669100    0.0156190010    0.0003816329    
0.3642084900    0.0157730690    0.0003807655    
0.3644500800    0.0157336400    0.0003811487    
0.3646916700    0.0160747090    0.0003856943    
0.3649332600    0.0160683600    0.0003834505    
0.3651748500    0.0152536590    0.0003747251    
0.3654164400    0.0155757980    0.0003802370    
0.3656580300    0.0158618610    0.0003831323    
0.3658996100    0.0156428490    0.0003796182    
0.3661412000    0.0155539670    0.0003792522    
0.3663827900    0.0152807080    0.0003796522    
0.3666243800    0.0153680570    0.0003741635    
0.3668659700    0.0158059940    0.0003814492    
0.3671075600    0.0155230870    0.0003781622    
0.3673491500    0.0154465480    0.0003765212    
0.3675907300    0.0149384680    0.0003719537    
0.3678323200    0.0154509170    0.0003762924    
0.3680739100    0.0164358790    0.0003904461    
0.3683155000    0.0153042890    0.0003756290    
0.3685570900    0.0161679630    0.0003859373    
0.3687986800    0.0150336650    0.0003745563    
0.3690402600    0.0156257490    0.0003815701    
0.3692818500    0.0153661020    0.0003751179    
0.3695234400    0.0154401740    0.0003771509    
0.3697650300    0.0156917690    0.0003793559    
0.3700066200    0.0160475750    0.0003849324    
0.3702482100    0.0158148140    0.0003805554    
0.3704898000    0.0150716730    0.0003726231    
0.3707313800    0.0151770430    0.0003747704    
0.3709729700    0.0151708080    0.0003737060    
0.3712145600    0.0161911230    0.0003882641    
0.3714561500    0.0157308980    0.0003829975    
0.3716977400    0.0149458100    0.0003706459    
0.3719393300    0.0158568490    0.0003813462    
0.3721809200    0.0158741790    0.0003819839    
0.3724225000    0.0156719600    0.0003795431    
0.3726640900    0.0152605960    0.0003746695    
0.3729056800    0.0151226160    0.0003729718    
0.3731472700    0.0153317820    0.0003748389    
0.3733888600    0.0152395580    0.0003753996    
0.3736304500    0.0157428810    0.0003822709    
0.3738720400    0.0155842460    0.0003813533    
0.3741136200    0.0153135370    0.0003763096    
0.3743552100    0.0154954490    0.0003778254    
0.3745968000    0.0157846930    0.0003800507    
0.3748383900    0.0150999260    0.0003724122    
0.3750799800    0.0158190280    0.0003813198    
0.3753215700    0.0152950700    0.0003755159    
0.3755631500    0.0154740820    0.0003768566    
0.3758047400    0.0154954490    0.0003778254    
0.3760463300    0.0156900730    0.0003807642    
0.3762879200    0.0158302660    0.0003830401    
0.3765295100    0.0160163880    0.0003867520    
0.3767711000    0.0151734050    0.0003733172    
0.3770126900    0.0150589620    0.0003716280    
0.3772542700    0.0155933960    0.0003783067    
0.3774958600    0.0153546170    0.0003748375    
0.3777374500    0.0149070440    0.0003700260    
0.3779790400    0.0152812060    0.0003756286    
0.3782206300    0.0155808730    0.0003790080    
0.3784622200    0.0157336820    0.0003801471    
0.3787038100    0.0158340980    0.0003827968    
0.3789453900    0.0152880450    0.0003767083    
0.3791869800    0.0154066280    0.0003785972    
0.3794285700    0.0152790690    0.0003743341    
0.3796701600    0.0153964840    0.0003767587    
0.3799117500    0.0158239710    0.0003806656    
0.3801533400    0.0158021400    0.0003816897    
0.3803949300    0.0149945600    0.0003695888    
0.3806365100    0.0157861340    0.0003806375    
0.3808781000    0.0156367420    0.0003786902    
0.3811196900    0.0150374220    0.0003736077    
0.3813612800    0.0155641520    0.0003783775    
0.3816028700    0.0150795330    0.0003738472    
0.3818444600    0.0156295200    0.0003797423    
0.3820860500    0.0158444410    0.0003800599    
0.3823276300    0.0147686960    0.0003669312    
0.3825692200    0.0160252910    0.0003812305    
0.3828108100    0.0155529560    0.0003750151    
0.3830524000    0.0155709460    0.0003767654    
0.3832939900    0.0145612300    0.0003638034    
0.3835355800    0.0158701050    0.0003798024    
0.3837771600    0.0160531020    0.0003811379    
0.3840187500    0.0151650560    0.0003720996    
0.3842603400    0.0153867680    0.0003755105    
0.3845019300    0.0160946940    0.0003796721    
0.3847435200    0.0156683560    0.0003752967    
0.3849851100    0.0157338040    0.0003771891    
0.3852267000    0.0157768350    0.0003871106    
0.3854682800    0.0157881020    0.0003948260    
0.3857098700    0.0156881590    0.0003980946    
0.3859514600    0.0157739990    0.0004035340    
0.3861930500    0.0159728730    0.0004084880    
0.3864346400    0.0158055450    0.0004105683    
0.3866762300    0.0158558930    0.0004141176    
0.3869178200    0.0157962130    0.0004155460    
0.3871594000    0.0150972480    0.0004110473    
0.3874009900    0.0161370230    0.0004261366    
0.3876425800    0.0157953970    0.0004247364    
0.3878841700    0.0148810100    0.0004140008    
0.3881257600    0.0159514420    0.0004312776    
0.3883673500    0.0150824880    0.0004223941    
0.3886089400    0.0158458490    0.0004354833    
0.3888505200    0.0154431450    0.0004318177    
0.3890921100    0.0158200270    0.0004394452    
0.3893337000    0.0158253530    0.0004444202    
0.3895752900    0.0154991280    0.0004413933    
0.3898168800    0.0160275540    0.0004306678    
0.3900584700    0.0156666860    0.0004179641    
0.3903000600    0.0160882010    0.0004222058    
0.3905416400    0.0146986360    0.0003996024    
0.3907832300    0.0158558930    0.0004141176    
0.3910248200    0.0157875830    0.0004117722    
0.3912664100    0.0160335720    0.0004131595    
0.3915080000    0.0156812940    0.0004066553    
0.3917495900    0.0148920970    0.0003980080    
0.3919911700    0.0161288800    0.0004149273    
0.3922327600    0.0152965530    0.0003972126    
0.3924743500    0.0153926330    0.0003999773    
0.3927159400    0.0147928610    0.0003899616    
0.3929575300    0.0150568160    0.0003960949    
0.3931991200    0.0148036090    0.0003909246    
0.3934407100    0.0157415550    0.0004024407    
0.3936822900    0.0160966940    0.0004083299    
0.3939238800    0.0158261150    0.0004053982    
0.3941654700    0.0157638070    0.0004045994    
0.3944070600    0.0154763650    0.0004017464    
0.3946486500    0.0159017860    0.0004082753    
0.3948902400    0.0155186790    0.0004004237    
0.3951318300    0.0153171830    0.0003974803    
0.3953734100    0.0156277110    0.0004021674    
0.3956150000    0.0159674320    0.0004075500    
0.3958565900    0.0160281410    0.0004071152    
0.3960981800    0.0159737710    0.0004079776    
0.3963397700    0.0158148690    0.0004069838    
0.3965813600    0.0158986560    0.0004080605    
0.3968229500    0.0155547470    0.0004050111    
0.3970645300    0.0151797350    0.0004011370    
0.3973061200    0.0153935420    0.0004020422    
0.3975477100    0.0158235650    0.0004064010    
0.3977893000    0.0149151080    0.0003960849    
0.3980308900    0.0151600330    0.0003988102    
0.3982724800    0.0157565810    0.0004071047    
0.3985140700    0.0149489880    0.0003967049    
0.3987556500    0.0153386220    0.0004025344    
0.3989972400    0.0152463390    0.0004008033    
0.3992388300    0.0157735500    0.0004101525    
0.3994804200    0.0155573630    0.0004071548    
0.3997220100    0.0155952860    0.0004099766    
0.3999636000    0.0143649230    0.0003893805    
0.4002051800    0.0154294940    0.0004054781    
0.4004467700    0.0155020190    0.0004043241    
0.4006883600    0.0154406250    0.0004063322    
0.4009299500    0.0151223500    0.0004022983    
0.4011715400    0.0150548070    0.0004019262    
0.4014131300    0.0149737490    0.0004011945    
0.4016547200    0.0159469610    0.0004167805    
0.4018963000    0.0155069060    0.0004093542    
0.4021378900    0.0149690790    0.0004056080    
0.4023794800    0.0160796350    0.0004168451    
0.4026210700    0.0148221370    0.0004007447    
0.4028626600    0.0150431610    0.0004024768    
0.4031042500    0.0156733290    0.0004124560    
0.4033458400    0.0150003740    0.0004035042    
0.4035874200    0.0154282660    0.0004123378    
0.4038290100    0.0157306230    0.0004146823    
0.4040706000    0.0160173920    0.0004191943    
0.4043121900    0.0156910400    0.0004163970    
0.4045537800    0.0153209550    0.0004125758    
0.4047953700    0.0158411340    0.0004220178    
0.4050369600    0.0160901110    0.0004205218    
0.4052785400    0.0154537340    0.0004136097    
0.4055201300    0.0155503750    0.0004147135    
0.4057617200    0.0154359090    0.0004158221    
0.4060033100    0.0151411540    0.0004092204    
0.4062449000    0.0162908470    0.0004279662    
0.4064864900    0.0159959930    0.0004232989    
0.4067280800    0.0154933010    0.0004181275    
0.4069696600    0.0155887560    0.0004211639    
0.4072112500    0.0148686620    0.0004128591    
0.4074528400    0.0149385990    0.0004148011    
0.4076944300    0.0154210290    0.0004190868    
0.4079360200    0.0154570490    0.0004182166    
0.4081776100    0.0156551610    0.0004226496    
0.4084191900    0.0150838160    0.0004156410    
0.4086607800    0.0156424900    0.0004216933    
0.4089023700    0.0150759530    0.0004174899    
0.4091439600    0.0147129870    0.0004130190    
0.4093855500    0.0150625660    0.0004188897    
0.4096271400    0.0154653870    0.0004256708    
0.4098687300    0.0151171360    0.0004272355    
0.4101103100    0.0155605610    0.0004233481    
0.4103519000    0.0154098360    0.0004251090    
0.4105934900    0.0159702010    0.0004319427    
0.4108350800    0.0148290740    0.0004184265    
0.4110766700    0.0150506920    0.0004213385    
0.4113182600    0.0152626850    0.0004259400    
0.4115598500    0.0147328100    0.0004199103    
0.4118014300    0.0149816180    0.0004251067    
0.4120430200    0.0156184540    0.0004323473    
0.4122846100    0.0154717990    0.0004341491    
0.4125262000    0.0152017430    0.0004346905    
0.4127677900    0.0157929470    0.0004351814    
0.4130093800    0.0156551390    0.0004352009    
0.4132509700    0.0160899800    0.0004418590    
0.4134925500    0.0153227650    0.0004344372    
0.4137341400    0.0153899930    0.0004340810    
0.4139757300    0.0155554840    0.0004392733    
0.4142173200    0.0149082510    0.0004278754    
0.4144589100    0.0153387510    0.0004384290    
0.4147005000    0.0152013250    0.0004355698    
0.4149420800    0.0153899300    0.0004418819    
0.4151836700    0.0148454750    0.0004319855    
0.4154252600    0.0154314370    0.0004375183    
0.4156668500    0.0145650400    0.0004218651    
0.4159084400    0.0155425600    0.0004357917    
0.4161500300    0.0157415550    0.0004372654    
0.4163916200    0.0155416120    0.0004349112    
0.4166332000    0.0151086590    0.0004264853    
0.4168747900    0.0157740400    0.0004344954    
0.4171163800    0.0153652630    0.0004328672    
0.4173579700    0.0155628690    0.0004326359    
0.4175995600    0.0153073910    0.0004357562    
0.4178411500    0.0153042890    0.0004286058    
0.4180827400    0.0154946490    0.0004327506    
0.4183243200    0.0154532290    0.0004334574    
0.4185659100    0.0151055320    0.0004298358    
0.4188075000    0.0157502830    0.0004386942    
0.4190490900    0.0151803680    0.0004337248    
0.4192906800    0.0149765610    0.0004303681    
0.4195322700    0.0157379630    0.0004447811    
0.4197738600    0.0151974420    0.0004370764    
0.4200154400    0.0153811310    0.0004438301    
0.4202570300    0.0152496890    0.0004426247    
0.4204986200    0.0151458600    0.0004381371    
0.4207402100    0.0144274640    0.0004305267    
0.4209818000    0.0156705730    0.0004468197    
0.4212233900    0.0149498740    0.0004389434    
0.4214649800    0.0163763990    0.0004606222    
0.4217065600    0.0155517630    0.0004500673    
0.4219481500    0.0151535400    0.0004456924    
0.4221897400    0.0154298970    0.0004516766    
0.4224313300    0.0161366280    0.0004654366    
0.4226729200    0.0150615780    0.0004506547    
0.4229145100    0.0151856510    0.0004537581    
0.4231560900    0.0148804780    0.0004474447    
0.4233976800    0.0158881130    0.0004631099    
0.4236392700    0.0158620460    0.0004645259    
0.4238808600    0.0154754780    0.0004603677    
0.4241224500    0.0158767010    0.0004665584    
0.4243640400    0.0150013380    0.0004571115    
0.4246056300    0.0148740200    0.0004562068    
0.4248472100    0.0150992900    0.0004620308    
0.4250888000    0.0155463110    0.0004704528    
0.4253303900    0.0151207850    0.0004711462    
0.4255719800    0.0149261410    0.0004615106    
0.4258135700    0.0155656260    0.0004721194    
0.4260551600    0.0162225470    0.0004862632    
0.4262967500    0.0154235440    0.0004721739    
0.4265383300    0.0156721810    0.0004802359    
0.4267799200    0.0153785820    0.0004780201    
0.4270215100    0.0162062810    0.0004895286    
0.4272631000    0.0152325800    0.0004795434    
0.4275046900    0.0157154490    0.0004892006    
0.4277462800    0.0145925520    0.0004764637    
0.4279878700    0.0152058060    0.0004894922    
0.4282294500    0.0157239540    0.0004920949    
0.4284710400    0.0169238320    0.0005121385    
0.4287126300    0.0159744640    0.0005004252    
0.4289542200    0.0150080770    0.0004869263    
0.4291958100    0.0146028430    0.0004824915    
0.4294374000    0.0149876490    0.0004933245    
0.4296789900    0.0166633260    0.0005184556    
0.4299205700    0.0158027600    0.0005102977    
0.4301621600    0.0155229220    0.0005109432    
0.4304037500    0.0145666310    0.0004970070    
0.4306453400    0.0157465100    0.0005225663    
0.4308869300    0.0149792050    0.0005029525    
0.4311285200    0.0148938950    0.0005046604    
0.4313701000    0.0161800590    0.0005297113    
0.4316116900    0.0146499600    0.0005072866    
0.4318532800    0.0148935250    0.0005129602    
0.4320948700    0.0152684900    0.0005227831    
0.4323364600    0.0160148460    0.0005401673    
0.4325780500    0.0144376610    0.0005159599    
0.4328196400    0.0149246120    0.0005289888    
0.4330612200    0.0166533880    0.0005675459    
0.4333028100    0.0153427910    0.0005434695    
0.4335444000    0.0144434230    0.0005256500    
0.4337859900    0.0156862920    0.0005508202    
0.4340275800    0.0154074640    0.0005502666    
0.4342691700    0.0157501430    0.0005617890    
0.4345107600    0.0155381750    0.0005621515    
0.4347523400    0.0161465390    0.0005759280    
0.4349939300    0.0154192020    0.0005675887    
0.4352355200    0.0153849800    0.0005753656    
0.4354771100    0.0151126440    0.0005753285    
0.4357187000    0.0154870270    0.0005947757    
0.4359602900    0.0147497860    0.0005719722    
0.4362018800    0.0155128560    0.0005914221    
0.4364434600    0.0158363640    0.0006020082    
0.4366850500    0.0146592810    0.0005863712    
0.4369266400    0.0158003180    0.0006183142    
0.4371682300    0.0152189270    0.0006092447    
0.4374098200    0.0150088880    0.0006142729    
0.4376514100    0.0152591820    0.0006271485    
0.4378930000    0.0153440410    0.0006376766    
0.4381345800    0.0160317580    0.0006633989    
0.4383761700    0.0150117600    0.0006545438    
0.4386177600    0.0162142740    0.0006686654    
0.4388593500    0.0152261700    0.0006576704    
0.4391009400    0.0154731140    0.0006740194    
0.4393425300    0.0143242120    0.0006572399    
0.4395841100    0.0147862980    0.0006813166    
0.4398257000    0.0165549620    0.0007381493    
0.4400672900    0.0154671920    0.0007283216    
0.4403088800    0.0165667800    0.0007758105    
0.4405504700    0.0157415550    0.0007822041    
0.4407920600    0.0149361450    0.0007927283    
0.4410336500    0.0165620240    0.0008587009    
0.4412752300    0.0147997520    0.0008146995    
0.4415168200    0.0161593470    0.0008949834    
0.4417584100    0.0165377690    0.0012292427    
0.4420000000    0.0168874920    0.0018880790    