# Diamond Light Source Ltd.
# Data extracted from: /dls/b21/data/2017/mx13440-2/processed/b21-369037_00493.dat
q(1/A)          Column          Error           
0.0040000000    0.8481544000    0.0212304150    
0.0042415885    0.8617057400    0.0201269400    
0.0044831771    0.6677710200    0.0164944600    
0.0047247656    0.5125926900    0.0139925270    
0.0049663541    0.4257600500    0.0120230910    
0.0052079426    0.3443947000    0.0111268880    
0.0054495312    0.2695122200    0.0090749486    
0.0056911197    0.2596661000    0.0083982017    
0.0059327082    0.2067007300    0.0074928957    
0.0061742967    0.1708694300    0.0065285852    
0.0064158853    0.1554737200    0.0061649339    
0.0066574738    0.1206999200    0.0051326826    
0.0068990623    0.1124495400    0.0049989920    
0.0071406509    0.0971389080    0.0045639840    
0.0073822394    0.0913702640    0.0042788046    
0.0076238279    0.0828857030    0.0039786411    
0.0078654164    0.0689995450    0.0036881808    
0.0081070050    0.0759937840    0.0036690145    
0.0083485935    0.0655735440    0.0032910418    
0.0085901820    0.0602767060    0.0031768613    
0.0088317705    0.0615900950    0.0031267633    
0.0090733591    0.0550024940    0.0029358160    
0.0093149476    0.0522378190    0.0027570066    
0.0095565361    0.0518012910    0.0027454629    
0.0097981247    0.0432162450    0.0025076609    
0.0100397130    0.0410142060    0.0023601023    
0.0102813020    0.0376632070    0.0023136324    
0.0105228900    0.0386638850    0.0021959611    
0.0107644790    0.0373049320    0.0021793774    
0.0110060670    0.0373944350    0.0021272951    
0.0112476560    0.0376269790    0.0021234132    
0.0114892440    0.0341073670    0.0019925736    
0.0117308330    0.0332090530    0.0019568622    
0.0119724210    0.0335285340    0.0019390052    
0.0122140100    0.0363379840    0.0020003402    
0.0124555980    0.0305569410    0.0017790939    
0.0126971870    0.0308322290    0.0018425781    
0.0129387760    0.0313455070    0.0017577688    
0.0131803640    0.0328996400    0.0018305849    
0.0134219530    0.0279513110    0.0016273882    
0.0136635410    0.0285516420    0.0016511841    
0.0139051300    0.0277877180    0.0016289449    
0.0141467180    0.0285502170    0.0016137537    
0.0143883070    0.0263941120    0.0015289698    
0.0146298950    0.0271912490    0.0015518866    
0.0148714840    0.0252544130    0.0015065520    
0.0151130720    0.0258524910    0.0015077479    
0.0153546610    0.0298235750    0.0015589032    
0.0155962490    0.0267737010    0.0014920400    
0.0158378380    0.0259535580    0.0014352350    
0.0160794260    0.0242868160    0.0013883848    
0.0163210150    0.0255084030    0.0013915975    
0.0165626030    0.0272055350    0.0014646968    
0.0168041920    0.0261289290    0.0013828896    
0.0170457800    0.0240751660    0.0013354499    
0.0172873690    0.0237136500    0.0013174250    
0.0175289580    0.0253134420    0.0013530604    
0.0177705460    0.0229788200    0.0012668633    
0.0180121350    0.0234895820    0.0012664734    
0.0182537230    0.0257145840    0.0013105366    
0.0184953120    0.0233162750    0.0012445307    
0.0187369000    0.0221205680    0.0012121997    
0.0189784890    0.0236895050    0.0012216929    
0.0192200770    0.0214548740    0.0011810519    
0.0194616660    0.0240751660    0.0012190934    
0.0197032540    0.0225651260    0.0011892866    
0.0199448430    0.0223770830    0.0011843208    
0.0201864310    0.0222849610    0.0011728927    
0.0204280200    0.0231995420    0.0011732513    
0.0206696080    0.0227159150    0.0011444113    
0.0209111970    0.0214350170    0.0011360536    
0.0211527850    0.0238230970    0.0011610667    
0.0213943740    0.0225694990    0.0011327307    
0.0216359620    0.0229535710    0.0011476785    
0.0218775510    0.0254120050    0.0012019466    
0.0221191400    0.0224723690    0.0011098312    
0.0223607280    0.0225526450    0.0011044078    
0.0226023170    0.0244455530    0.0011843909    
0.0228439050    0.0221898470    0.0010789073    
0.0230854940    0.0216249120    0.0010628065    
0.0233270820    0.0218969740    0.0010671932    
0.0235686710    0.0236552870    0.0011163620    
0.0238102590    0.0210110540    0.0010301517    
0.0240518480    0.0223502200    0.0010559486    
0.0242934360    0.0231616480    0.0010906394    
0.0245350250    0.0219408860    0.0010483761    
0.0247766130    0.0211795480    0.0010237521    
0.0250182020    0.0216676490    0.0010461240    
0.0252597900    0.0204514960    0.0009920433    
0.0255013790    0.0217925470    0.0010160828    
0.0257429670    0.0216871050    0.0010155918    
0.0259845560    0.0220753570    0.0010128868    
0.0262261450    0.0204496450    0.0009804854    
0.0264677330    0.0202640770    0.0009649560    
0.0267093220    0.0221820760    0.0010020840    
0.0269509100    0.0216073050    0.0009945568    
0.0271924990    0.0204765330    0.0009610113    
0.0274340870    0.0214810740    0.0009897956    
0.0276756760    0.0205183790    0.0009515171    
0.0279172640    0.0218954770    0.0009811598    
0.0281588530    0.0198995380    0.0009238128    
0.0284004410    0.0226994420    0.0009954364    
0.0286420300    0.0226394380    0.0009751496    
0.0288836180    0.0209288240    0.0009474034    
0.0291252070    0.0203301400    0.0009146962    
0.0293667950    0.0219588500    0.0009620347    
0.0296083840    0.0208651440    0.0009266536    
0.0298499720    0.0205094050    0.0009218292    
0.0300915610    0.0219351510    0.0009501169    
0.0303331490    0.0203173300    0.0009068068    
0.0305747380    0.0205421500    0.0008999679    
0.0308163270    0.0230261340    0.0009528282    
0.0310579150    0.0211410240    0.0009174423    
0.0312995040    0.0191960270    0.0008671881    
0.0315410920    0.0209145290    0.0009008525    
0.0317826810    0.0214380560    0.0009091761    
0.0320242690    0.0210776670    0.0008930894    
0.0322658580    0.0210200610    0.0009045594    
0.0325074460    0.0196316590    0.0008592544    
0.0327490350    0.0207824580    0.0008813725    
0.0329906230    0.0195418040    0.0008456566    
0.0332322120    0.0224454620    0.0009117846    
0.0334738000    0.0196862420    0.0008424934    
0.0337153890    0.0206708720    0.0008620350    
0.0339569770    0.0202270730    0.0008539877    
0.0341985660    0.0201784300    0.0008542210    
0.0344401540    0.0213810530    0.0008678302    
0.0346817430    0.0218647910    0.0008852795    
0.0349233310    0.0189026660    0.0008195345    
0.0351649200    0.0206109560    0.0008400399    
0.0354065090    0.0207060070    0.0008467316    
0.0356480970    0.0197988780    0.0008164920    
0.0358896860    0.0187301140    0.0008030470    
0.0361312740    0.0206280280    0.0008311269    
0.0363728630    0.0183841220    0.0007824802    
0.0366144510    0.0196715600    0.0008161138    
0.0368560400    0.0207655770    0.0008260103    
0.0370976280    0.0198998920    0.0008185722    
0.0373392170    0.0213733420    0.0008402728    
0.0375808050    0.0186898540    0.0007773954    
0.0378223940    0.0205976420    0.0008161083    
0.0380639820    0.0200779480    0.0008089636    
0.0383055710    0.0190863360    0.0007734173    
0.0385471590    0.0191395410    0.0007774907    
0.0387887480    0.0191935790    0.0007816230    
0.0390303360    0.0204023950    0.0007965797    
0.0392719250    0.0194819890    0.0007774160    
0.0395135140    0.0201334570    0.0007903073    
0.0397551020    0.0195757920    0.0007945569    
0.0399966910    0.0208594080    0.0007895403    
0.0402382790    0.0205027220    0.0007885662    
0.0404798680    0.0200824100    0.0007746958    
0.0407214560    0.0206659410    0.0007936707    
0.0409630450    0.0209912900    0.0007872349    
0.0412046330    0.0205904470    0.0007844336    
0.0414462220    0.0193625230    0.0007542568    
0.0416878100    0.0180263970    0.0007268945    
0.0419293990    0.0207611750    0.0007791530    
0.0421709870    0.0186680410    0.0007361957    
0.0424125760    0.0197264470    0.0007603987    
0.0426541640    0.0199259680    0.0007525934    
0.0428957530    0.0196020290    0.0007473203    
0.0431373410    0.0199828180    0.0007536663    
0.0433789300    0.0199601300    0.0007480375    
0.0436205180    0.0186132240    0.0007207069    
0.0438621070    0.0190350120    0.0007304967    
0.0441036960    0.0198410820    0.0007440987    
0.0443452840    0.0197761780    0.0007370146    
0.0445868730    0.0200722660    0.0007501358    
0.0448284610    0.0196603500    0.0007332073    
0.0450700500    0.0192991210    0.0007512173    
0.0453116380    0.0186279810    0.0007398117    
0.0455532270    0.0196870670    0.0007824907    
0.0457948150    0.0184892760    0.0007573503    
0.0460364040    0.0193007620    0.0007757631    
0.0462779920    0.0204570680    0.0008111755    
0.0465195810    0.0211647020    0.0008250860    
0.0467611690    0.0202632240    0.0008105290    
0.0470027580    0.0182206910    0.0007685934    
0.0472443460    0.0189756920    0.0008004412    
0.0474859350    0.0198331850    0.0008083403    
0.0477275230    0.0193555200    0.0008050835    
0.0479691120    0.0190729040    0.0008002813    
0.0482107000    0.0198919700    0.0008252580    
0.0484522890    0.0187912490    0.0007976441    
0.0486938780    0.0194671750    0.0008175445    
0.0489354660    0.0203022390    0.0008372502    
0.0491770550    0.0191819870    0.0008231779    
0.0494186430    0.0196243470    0.0008162652    
0.0496602320    0.0191843050    0.0007845046    
0.0499018200    0.0185212480    0.0007599360    
0.0501434090    0.0189830280    0.0007569029    
0.0503849970    0.0199175030    0.0007677633    
0.0506265860    0.0193697460    0.0007516919    
0.0508681740    0.0189843120    0.0007406486    
0.0511097630    0.0202377120    0.0007611175    
0.0513513510    0.0167752780    0.0006803274    
0.0515929400    0.0203143120    0.0007607770    
0.0518345280    0.0195619610    0.0007346648    
0.0520761170    0.0196750010    0.0007452438    
0.0523177050    0.0192907300    0.0007159461    
0.0525592940    0.0193688240    0.0007310292    
0.0528008830    0.0205457810    0.0007333104    
0.0530424710    0.0189663770    0.0007068352    
0.0532840600    0.0191811590    0.0007070269    
0.0535256480    0.0193375270    0.0007099029    
0.0537672370    0.0187569650    0.0006932774    
0.0540088250    0.0199681570    0.0007168151    
0.0542504140    0.0189959070    0.0007021089    
0.0544920020    0.0190869240    0.0006978871    
0.0547335910    0.0204970430    0.0007179801    
0.0549751790    0.0190575540    0.0006894781    
0.0552167680    0.0181966900    0.0006744142    
0.0554583560    0.0197031160    0.0006940127    
0.0556999450    0.0203145950    0.0007025949    
0.0559415330    0.0201084390    0.0007039362    
0.0561831220    0.0203873980    0.0007017632    
0.0564247100    0.0187784110    0.0006715146    
0.0566662990    0.0199185990    0.0006888991    
0.0569078870    0.0192697050    0.0006842873    
0.0571494760    0.0186796430    0.0006671301    
0.0573910650    0.0192468300    0.0006668631    
0.0576326530    0.0189793210    0.0006672774    
0.0578742420    0.0200051560    0.0006837622    
0.0581158300    0.0187584070    0.0006558723    
0.0583574190    0.0185740510    0.0006514204    
0.0585990070    0.0188540370    0.0006600233    
0.0588405960    0.0183456740    0.0006498371    
0.0590821840    0.0193395500    0.0006610122    
0.0593237730    0.0182660080    0.0006441924    
0.0595653610    0.0197532890    0.0006724098    
0.0598069500    0.0194293960    0.0006523753    
0.0600485380    0.0182898790    0.0006363863    
0.0602901270    0.0186114510    0.0006425386    
0.0605317150    0.0192667820    0.0006502224    
0.0607733040    0.0184864060    0.0006340785    
0.0610148920    0.0191035840    0.0006480447    
0.0612564810    0.0180836090    0.0006276912    
0.0614980690    0.0192743780    0.0006417666    
0.0617396580    0.0183676820    0.0006406465    
0.0619812470    0.0197170340    0.0006631556    
0.0622228350    0.0197326270    0.0006592208    
0.0624644240    0.0191917130    0.0006454872    
0.0627060120    0.0184003530    0.0006371521    
0.0629476010    0.0187698940    0.0006476229    
0.0631891890    0.0187533570    0.0006432348    
0.0634307780    0.0189791950    0.0006441959    
0.0636723660    0.0193600050    0.0006500454    
0.0639139550    0.0177686980    0.0006216481    
0.0641555430    0.0192285140    0.0006398849    
0.0643971320    0.0193219740    0.0006476740    
0.0646387200    0.0189620470    0.0006299718    
0.0648803090    0.0188452220    0.0006334752    
0.0651218970    0.0186515070    0.0006179520    
0.0653634860    0.0182094430    0.0006152400    
0.0656050740    0.0181997350    0.0006135129    
0.0658466630    0.0175459290    0.0005993575    
0.0660882520    0.0184563930    0.0006131726    
0.0663298400    0.0189269080    0.0006219768    
0.0665714290    0.0182734560    0.0006081025    
0.0668130170    0.0187212190    0.0006175560    
0.0670546060    0.0189684600    0.0006180258    
0.0672961940    0.0185338830    0.0006084045    
0.0675377830    0.0189040370    0.0006094906    
0.0677793710    0.0183938850    0.0006051144    
0.0680209600    0.0190240030    0.0006080098    
0.0682625480    0.0189764440    0.0006077326    
0.0685041370    0.0180634070    0.0005910527    
0.0687457250    0.0181652320    0.0006008525    
0.0689873140    0.0182570490    0.0005932744    
0.0692289020    0.0179100310    0.0005876090    
0.0694704910    0.0188057520    0.0006016493    
0.0697120790    0.0185923920    0.0005963513    
0.0699536680    0.0182472730    0.0005935838    
0.0701952560    0.0183534440    0.0005948385    
0.0704368450    0.0177133250    0.0005862255    
0.0706784340    0.0187692800    0.0006092766    
0.0709200220    0.0188102510    0.0006045844    
0.0711616110    0.0189938070    0.0006070447    
0.0714031990    0.0184327360    0.0006028149    
0.0716447880    0.0188915550    0.0006132458    
0.0718863760    0.0184600730    0.0005979804    
0.0721279650    0.0185147500    0.0005932509    
0.0723695530    0.0199513320    0.0006125114    
0.0726111420    0.0192099400    0.0006047563    
0.0728527300    0.0184358670    0.0005838698    
0.0730943190    0.0177155270    0.0005762862    
0.0733359070    0.0183526840    0.0005829922    
0.0735774960    0.0181009060    0.0005811851    
0.0738190840    0.0173567080    0.0005631260    
0.0740606730    0.0194353160    0.0005972328    
0.0743022610    0.0179757530    0.0005748012    
0.0745438500    0.0179243100    0.0005714061    
0.0747854380    0.0186285820    0.0005765401    
0.0750270270    0.0185155120    0.0005794592    
0.0752686160    0.0182545660    0.0005682398    
0.0755102040    0.0177930980    0.0005618251    
0.0757517930    0.0181018610    0.0005687462    
0.0759933810    0.0188189210    0.0005707947    
0.0762349700    0.0177123670    0.0005609563    
0.0764765580    0.0174536370    0.0005516567    
0.0767181470    0.0180646730    0.0005604312    
0.0769597350    0.0189504390    0.0005695678    
0.0772013240    0.0187006780    0.0005646171    
0.0774429120    0.0177601670    0.0005475694    
0.0776845010    0.0184346260    0.0005555724    
0.0779260890    0.0178849230    0.0005506312    
0.0781676780    0.0190280710    0.0005640578    
0.0784092660    0.0188714300    0.0005628875    
0.0786508550    0.0182515780    0.0005490593    
0.0788924430    0.0181321350    0.0005525112    
0.0791340320    0.0184504140    0.0005535401    
0.0793756210    0.0179334180    0.0005472187    
0.0796172090    0.0178351090    0.0005402099    
0.0798587980    0.0195264270    0.0005706165    
0.0801003860    0.0190169080    0.0005627388    
0.0803419750    0.0181156120    0.0005415492    
0.0805835630    0.0190168640    0.0005593195    
0.0808251520    0.0181783040    0.0005461142    
0.0810667400    0.0175712670    0.0005369185    
0.0813083290    0.0183101360    0.0005415873    
0.0815499170    0.0174351890    0.0005362770    
0.0817915060    0.0175285360    0.0005341187    
0.0820330940    0.0178481220    0.0005333147    
0.0822746830    0.0183902330    0.0005427706    
0.0825162710    0.0177309630    0.0005305248    
0.0827578600    0.0179746710    0.0005359012    
0.0829994480    0.0182640980    0.0005332725    
0.0832410370    0.0185652340    0.0005439231    
0.0834826250    0.0189803370    0.0005436283    
0.0837242140    0.0184117200    0.0005344031    
0.0839658030    0.0185991990    0.0005384855    
0.0842073910    0.0186207570    0.0005370876    
0.0844489800    0.0181888380    0.0005274897    
0.0846905680    0.0174374260    0.0005126438    
0.0849321570    0.0187580320    0.0005377024    
0.0851737450    0.0182364430    0.0005236122    
0.0854153340    0.0182504470    0.0005270647    
0.0856569220    0.0193402160    0.0005388941    
0.0858985110    0.0174063380    0.0005166655    
0.0861400990    0.0183341650    0.0005246906    
0.0863816880    0.0180770020    0.0005229287    
0.0866232760    0.0184340990    0.0005323685    
0.0868648650    0.0180196080    0.0005195323    
0.0871064530    0.0192007610    0.0005379399    
0.0873480420    0.0183193310    0.0005212861    
0.0875896300    0.0185726580    0.0005261566    
0.0878312190    0.0177096430    0.0005131613    
0.0880728080    0.0186667070    0.0005252500    
0.0883143960    0.0190574930    0.0005303989    
0.0885559850    0.0185125990    0.0005246658    
0.0887975730    0.0181132710    0.0005164691    
0.0890391620    0.0179729370    0.0005147747    
0.0892807500    0.0174632000    0.0005055960    
0.0895223390    0.0192738180    0.0005298926    
0.0897639270    0.0184923420    0.0005156695    
0.0900055160    0.0181607920    0.0005122325    
0.0902471040    0.0179918100    0.0005119663    
0.0904886930    0.0186347250    0.0005164372    
0.0907302810    0.0187068960    0.0005129510    
0.0909718700    0.0185162680    0.0005193746    
0.0912134580    0.0183553110    0.0005086936    
0.0914550470    0.0183124680    0.0005146714    
0.0916966350    0.0179182800    0.0005026012    
0.0919382240    0.0180147540    0.0005057053    
0.0921798120    0.0182500630    0.0005057768    
0.0924214010    0.0189228760    0.0005150155    
0.0926629900    0.0191240720    0.0005148027    
0.0929045780    0.0172590130    0.0004941241    
0.0931461670    0.0181958980    0.0005015862    
0.0933877550    0.0178693940    0.0004979112    
0.0936293440    0.0187257410    0.0005117392    
0.0938709320    0.0183480860    0.0005053975    
0.0941125210    0.0170872220    0.0004838806    
0.0943541090    0.0178408690    0.0004944365    
0.0945956980    0.0185472730    0.0005049799    
0.0948372860    0.0188649980    0.0005067283    
0.0950788750    0.0184762900    0.0005000903    
0.0953204630    0.0188389000    0.0005069425    
0.0955620520    0.0194014480    0.0005135966    
0.0958036400    0.0189803030    0.0005054679    
0.0960452290    0.0186976170    0.0005016897    
0.0962868170    0.0185786200    0.0005023084    
0.0965284060    0.0185899280    0.0005002428    
0.0967699940    0.0185226220    0.0004993364    
0.0970115830    0.0192637290    0.0005039823    
0.0972531720    0.0182877160    0.0004926459    
0.0974947600    0.0187910290    0.0004988378    
0.0977363490    0.0183473080    0.0004910544    
0.0979779370    0.0192810000    0.0005052995    
0.0982195260    0.0186920990    0.0004977927    
0.0984611140    0.0197293690    0.0005083944    
0.0987027030    0.0193122490    0.0005035314    
0.0989442910    0.0193855860    0.0005047577    
0.0991858800    0.0183602820    0.0004896510    
0.0994274680    0.0198620120    0.0005071198    
0.0996690570    0.0204862420    0.0005115170    
0.0999106450    0.0205789000    0.0005167382    
0.1001522300    0.0196432920    0.0005008828    
0.1003938200    0.0197108350    0.0005035883    
0.1006354100    0.0204903750    0.0005113016    
0.1008770000    0.0196922510    0.0005022945    
0.1011185900    0.0196666270    0.0005019676    
0.1013601800    0.0193998060    0.0004990742    
0.1016017700    0.0208990480    0.0005144990    
0.1018433500    0.0212806090    0.0005308552    
0.1020849400    0.0201852760    0.0005241603    
0.1023265300    0.0212930720    0.0005425977    
0.1025681200    0.0217080890    0.0005450922    
0.1028097100    0.0214427260    0.0005498135    
0.1030513000    0.0207971750    0.0005433573    
0.1032928800    0.0211331080    0.0005528894    
0.1035344700    0.0208406790    0.0005417276    
0.1037760600    0.0213425120    0.0005576051    
0.1040176500    0.0222860000    0.0005721888    
0.1042592400    0.0213566050    0.0005618214    
0.1045008300    0.0216417620    0.0005621711    
0.1047424200    0.0210850330    0.0005599331    
0.1049840000    0.0204513780    0.0005541585    
0.1052255900    0.0207137530    0.0005594227    
0.1054671800    0.0199683450    0.0005459012    
0.1057087700    0.0207545170    0.0005603193    
0.1059503600    0.0180293570    0.0005241890    
0.1061919500    0.0196964790    0.0005475471    
0.1064335400    0.0190003350    0.0005245590    
0.1066751200    0.0185589510    0.0005106249    
0.1069167100    0.0190535620    0.0005159041    
0.1071583000    0.0180755540    0.0004960124    
0.1073998900    0.0184017690    0.0004988047    
0.1076414800    0.0186016670    0.0005051519    
0.1078830700    0.0179942730    0.0004897421    
0.1081246600    0.0185635100    0.0005004387    
0.1083662400    0.0189328040    0.0004990965    
0.1086078300    0.0185963700    0.0005000542    
0.1088494200    0.0184586200    0.0004917493    
0.1090910100    0.0184514410    0.0004903415    
0.1093326000    0.0181923390    0.0004843118    
0.1095741900    0.0178740280    0.0004813271    
0.1098157700    0.0187661550    0.0004882981    
0.1100573600    0.0176895040    0.0004775717    
0.1102989500    0.0184671590    0.0004836390    
0.1105405400    0.0179292690    0.0004762968    
0.1107821300    0.0173698810    0.0004710070    
0.1110237200    0.0180962210    0.0004760515    
0.1112653100    0.0177843960    0.0004768431    
0.1115068900    0.0182099500    0.0004755999    
0.1117484800    0.0186251830    0.0004802602    
0.1119900700    0.0178243710    0.0004679296    
0.1122316600    0.0176908610    0.0004678223    
0.1124732500    0.0183769870    0.0004741758    
0.1127148400    0.0188775350    0.0004801098    
0.1129564300    0.0177562270    0.0004672691    
0.1131980100    0.0176889380    0.0004640545    
0.1134396000    0.0181812270    0.0004716434    
0.1136811900    0.0180663350    0.0004689787    
0.1139227800    0.0177181950    0.0004625987    
0.1141643700    0.0183401150    0.0004671978    
0.1144059600    0.0176670350    0.0004587680    
0.1146475500    0.0186412390    0.0004737937    
0.1148891300    0.0185513800    0.0004667106    
0.1151307200    0.0171046900    0.0004529554    
0.1153723100    0.0189376860    0.0004710926    
0.1156139000    0.0182984260    0.0004668938    
0.1158554900    0.0179959390    0.0004581330    
0.1160970800    0.0180782840    0.0004638508    
0.1163386700    0.0179243970    0.0004580965    
0.1165802500    0.0179368660    0.0004578175    
0.1168218400    0.0177576190    0.0004525060    
0.1170634300    0.0178489510    0.0004540968    
0.1173050200    0.0176370480    0.0004526786    
0.1175466100    0.0182764010    0.0004595020    
0.1177882000    0.0184084850    0.0004587807    
0.1180297800    0.0183112760    0.0004577819    
0.1182713700    0.0183053100    0.0004596481    
0.1185129600    0.0173812220    0.0004453796    
0.1187545500    0.0170664070    0.0004405059    
0.1189961400    0.0172296970    0.0004417871    
0.1192377300    0.0182725470    0.0004524516    
0.1194793200    0.0179654700    0.0004480181    
0.1197209000    0.0177135210    0.0004450690    
0.1199624900    0.0171698260    0.0004373857    
0.1202040800    0.0173952180    0.0004370713    
0.1204456700    0.0181768860    0.0004518874    
0.1206872600    0.0191915180    0.0004592902    
0.1209288500    0.0185237520    0.0004545107    
0.1211704400    0.0182844790    0.0004493165    
0.1214120200    0.0182738730    0.0004475719    
0.1216536100    0.0187706920    0.0004526016    
0.1218952000    0.0185285200    0.0004472827    
0.1221367900    0.0185313060    0.0004505115    
0.1223783800    0.0177343730    0.0004377857    
0.1226199700    0.0183069550    0.0004463783    
0.1228615600    0.0176225280    0.0004375652    
0.1231031400    0.0184697320    0.0004475621    
0.1233447300    0.0174564650    0.0004349192    
0.1235863200    0.0172627590    0.0004344293    
0.1238279100    0.0177192830    0.0004352962    
0.1240695000    0.0176586680    0.0004334150    
0.1243110900    0.0185042210    0.0004434773    
0.1245526800    0.0175221620    0.0004326789    
0.1247942600    0.0175768150    0.0004299837    
0.1250358500    0.0179097630    0.0004359168    
0.1252774400    0.0187937070    0.0004455788    
0.1255190300    0.0181187160    0.0004363739    
0.1257606200    0.0177198480    0.0004332235    
0.1260022100    0.0184293250    0.0004414289    
0.1262437900    0.0181766550    0.0004368833    
0.1264853800    0.0173234550    0.0004259580    
0.1267269700    0.0183600820    0.0004362800    
0.1269685600    0.0176078540    0.0004274305    
0.1272101500    0.0173277050    0.0004240166    
0.1274517400    0.0179660090    0.0004347181    
0.1276933300    0.0183494820    0.0004328623    
0.1279349100    0.0169696890    0.0004212255    
0.1281765000    0.0180322390    0.0004332871    
0.1284180900    0.0184113940    0.0004354145    
0.1286596800    0.0187899290    0.0004411705    
0.1289012700    0.0182209910    0.0004329749    
0.1291428600    0.0173474570    0.0004233606    
0.1293844500    0.0176731990    0.0004239262    
0.1296260300    0.0173746100    0.0004222665    
0.1298676200    0.0182058820    0.0004322499    
0.1301092100    0.0177194700    0.0004243043    
0.1303508000    0.0181066940    0.0004278498    
0.1305923900    0.0185559280    0.0004374890    
0.1308339800    0.0176061300    0.0004248922    
0.1310755700    0.0173478010    0.0004200054    
0.1313171500    0.0176303680    0.0004225343    
0.1315587400    0.0171320900    0.0004160039    
0.1318003300    0.0181563600    0.0004295033    
0.1320419200    0.0177395160    0.0004210586    
0.1322835100    0.0180570610    0.0004265580    
0.1325251000    0.0174179600    0.0004187687    
0.1327666900    0.0174969200    0.0004188552    
0.1330082700    0.0177776720    0.0004222022    
0.1332498600    0.0185202730    0.0004316388    
0.1334914500    0.0180852390    0.0004286613    
0.1337330400    0.0177947790    0.0004196602    
0.1339746300    0.0178717080    0.0004215917    
0.1342162200    0.0177478690    0.0004199576    
0.1344578000    0.0172439170    0.0004153051    
0.1346993900    0.0174596980    0.0004153541    
0.1349409800    0.0184490970    0.0004293973    
0.1351825700    0.0177875380    0.0004185593    
0.1354241600    0.0182995810    0.0004252268    
0.1356657500    0.0178191040    0.0004201170    
0.1359073400    0.0176072150    0.0004201733    
0.1361489200    0.0182062290    0.0004232862    
0.1363905100    0.0182752120    0.0004237463    
0.1366321000    0.0177892940    0.0004179070    
0.1368736900    0.0183881610    0.0004248830    
0.1371152800    0.0177167050    0.0004150580    
0.1373568700    0.0181724360    0.0004220445    
0.1375984600    0.0174723650    0.0004148345    
0.1378400400    0.0173671420    0.0004129186    
0.1380816300    0.0184507570    0.0004234008    
0.1383232200    0.0178580160    0.0004187134    
0.1385648100    0.0183046890    0.0004240879    
0.1388064000    0.0182954240    0.0004209461    
0.1390479900    0.0178588880    0.0004140930    
0.1392895800    0.0184908670    0.0004255556    
0.1395311600    0.0181320560    0.0004177405    
0.1397727500    0.0186228920    0.0004233569    
0.1400143400    0.0180023900    0.0004160804    
0.1402559300    0.0176769210    0.0004164177    
0.1404975200    0.0175420370    0.0004104032    
0.1407391100    0.0185793900    0.0004226957    
0.1409806900    0.0175781670    0.0004140914    
0.1412222800    0.0175499180    0.0004096916    
0.1414638700    0.0175228340    0.0004101785    
0.1417054600    0.0177149910    0.0004092193    
0.1419470500    0.0185419040    0.0004232694    
0.1421886400    0.0181636140    0.0004148501    
0.1424302300    0.0185485160    0.0004203647    
0.1426718100    0.0172247420    0.0004058783    
0.1429134000    0.0179864400    0.0004139465    
0.1431549900    0.0173148020    0.0004070973    
0.1433965800    0.0177115310    0.0004118961    
0.1436381700    0.0177055380    0.0004091101    
0.1438797600    0.0180557310    0.0004128170    
0.1441213500    0.0175246780    0.0004073304    
0.1443629300    0.0179047160    0.0004110870    
0.1446045200    0.0180458470    0.0004130231    
0.1448461100    0.0168831240    0.0003994957    
0.1450877000    0.0183294960    0.0004137046    
0.1453292900    0.0190227050    0.0004250420    
0.1455708800    0.0173993710    0.0004043087    
0.1458124700    0.0172247420    0.0004058783    
0.1460540500    0.0178341420    0.0004063723    
0.1462956400    0.0189349770    0.0004216109    
0.1465372300    0.0184927810    0.0004153846    
0.1467788200    0.0175382410    0.0004040598    
0.1470204100    0.0185860850    0.0004164312    
0.1472620000    0.0175568590    0.0004042742    
0.1475035900    0.0180139780    0.0004088809    
0.1477451700    0.0181657040    0.0004123248    
0.1479867600    0.0180937770    0.0004090099    
0.1482283500    0.0183388480    0.0004144438    
0.1484699400    0.0178790610    0.0004075016    
0.1487115300    0.0184276110    0.0004149689    
0.1489531200    0.0185713230    0.0004115797    
0.1491947000    0.0179174790    0.0004073206    
0.1494362900    0.0176877240    0.0004027224    
0.1496778800    0.0176879450    0.0004040914    
0.1499194700    0.0175702410    0.0004021377    
0.1501610600    0.0183942160    0.0004122357    
0.1504026500    0.0176348060    0.0004015176    
0.1506442400    0.0181619470    0.0004111817    
0.1508858200    0.0179415210    0.0004071314    
0.1511274100    0.0182021990    0.0004070135    
0.1513690000    0.0182659060    0.0004077252    
0.1516105900    0.0174414900    0.0003996098    
0.1518521800    0.0184391400    0.0004102655    
0.1520937700    0.0179890940    0.0004041728    
0.1523353600    0.0178157880    0.0004025203    
0.1525769400    0.0177436260    0.0004030561    
0.1528185300    0.0178956790    0.0004043253    
0.1530601200    0.0187525040    0.0004129666    
0.1533017100    0.0184903960    0.0004122230    
0.1535433000    0.0180186800    0.0004030107    
0.1537848900    0.0174199330    0.0003961122    
0.1540264800    0.0177687140    0.0004009454    
0.1542680600    0.0175888730    0.0003986163    
0.1545096500    0.0176451800    0.0003973495    
0.1547512400    0.0180586330    0.0004039043    
0.1549928300    0.0173554410    0.0003956700    
0.1552344200    0.0179201380    0.0004016111    
0.1554760100    0.0179243370    0.0004018061    
0.1557176000    0.0182298130    0.0004067169    
0.1559591800    0.0182127460    0.0004047277    
0.1562007700    0.0177696950    0.0003974418    
0.1564423600    0.0179042850    0.0003983651    
0.1566839500    0.0182166380    0.0004058174    
0.1569255400    0.0177858780    0.0003982024    
0.1571671300    0.0175936610    0.0003961893    
0.1574087100    0.0180561740    0.0003991838    
0.1576503000    0.0184966540    0.0004086224    
0.1578918900    0.0179731170    0.0003978340    
0.1581334800    0.0185034310    0.0004060074    
0.1583750700    0.0185085200    0.0004068052    
0.1586166600    0.0182545530    0.0004134903    
0.1588582500    0.0178015210    0.0004078586    
0.1590998300    0.0181715770    0.0004168846    
0.1593414200    0.0177962070    0.0004153279    
0.1595830100    0.0182704530    0.0004231812    
0.1598246000    0.0174945810    0.0004132706    
0.1600661900    0.0184934190    0.0004290366    
0.1603077800    0.0182437000    0.0004282276    
0.1605493700    0.0172147520    0.0004166621    
0.1607909500    0.0181416000    0.0004287944    
0.1610325400    0.0181443060    0.0004315183    
0.1612741300    0.0178411450    0.0004280779    
0.1615157200    0.0181995070    0.0004341839    
0.1617573100    0.0178720460    0.0004308081    
0.1619989000    0.0188513630    0.0004460690    
0.1622404900    0.0180257200    0.0004341342    
0.1624820700    0.0180248620    0.0004384586    
0.1627236600    0.0185251460    0.0004433427    
0.1629652500    0.0179055740    0.0004352994    
0.1632068400    0.0171057190    0.0004193384    
0.1634484300    0.0185782220    0.0004301944    
0.1636900200    0.0177578060    0.0004200752    
0.1639316100    0.0177946360    0.0004178020    
0.1641731900    0.0171197220    0.0004094737    
0.1644147800    0.0177943580    0.0004141584    
0.1646563700    0.0176594360    0.0004140573    
0.1648979600    0.0182291250    0.0004172178    
0.1651395500    0.0175437330    0.0004112314    
0.1653811400    0.0177101650    0.0004107551    
0.1656227200    0.0174294870    0.0004095674    
0.1658643100    0.0185331400    0.0004190488    
0.1661059000    0.0180269410    0.0004128067    
0.1663474900    0.0176861990    0.0004060699    
0.1665890800    0.0179894680    0.0004093805    
0.1668306700    0.0173320660    0.0004038365    
0.1670722600    0.0181478420    0.0004111786    
0.1673138400    0.0169052260    0.0003967008    
0.1675554300    0.0177534450    0.0004045335    
0.1677970200    0.0181760310    0.0004111846    
0.1680386100    0.0185625840    0.0004160091    
0.1682802000    0.0177308550    0.0004041237    
0.1685217900    0.0176388570    0.0004017140    
0.1687633800    0.0181835480    0.0004074121    
0.1690049600    0.0177424420    0.0004050195    
0.1692465500    0.0181538880    0.0004045199    
0.1694881400    0.0173201680    0.0003977708    
0.1697297300    0.0183160030    0.0004078287    
0.1699713200    0.0171742390    0.0003968338    
0.1702129100    0.0175331140    0.0003972506    
0.1704545000    0.0177868090    0.0004011495    
0.1706960800    0.0172943170    0.0003971771    
0.1709376700    0.0174827610    0.0003947946    
0.1711792600    0.0179794260    0.0004018313    
0.1714208500    0.0173126390    0.0003921546    
0.1716624400    0.0182667100    0.0004053268    
0.1719040300    0.0173929310    0.0003920669    
0.1721456200    0.0171403950    0.0003907674    
0.1723872000    0.0172473000    0.0003919841    
0.1726287900    0.0179919270    0.0003999194    
0.1728703800    0.0174636600    0.0003948670    
0.1731119700    0.0182678810    0.0004018074    
0.1733535600    0.0173436070    0.0003916523    
0.1735951500    0.0178270680    0.0003947947    
0.1738367300    0.0183341650    0.0004018100    
0.1740783200    0.0176405810    0.0003923036    
0.1743199100    0.0179931860    0.0003966298    
0.1745615000    0.0167671420    0.0003820594    
0.1748030900    0.0169385140    0.0003831890    
0.1750446800    0.0177801960    0.0003969822    
0.1752862700    0.0174019190    0.0003875715    
0.1755278500    0.0175397290    0.0003945748    
0.1757694400    0.0176493430    0.0003911467    
0.1760110300    0.0175903590    0.0003911867    
0.1762526200    0.0174561910    0.0003876283    
0.1764942100    0.0171222380    0.0003843088    
0.1767358000    0.0179680840    0.0003934093    
0.1769773900    0.0173520540    0.0003857918    
0.1772189700    0.0168622670    0.0003809770    
0.1774605600    0.0177022510    0.0003914550    
0.1777021500    0.0177504930    0.0003903329    
0.1779437400    0.0180721870    0.0003939924    
0.1781853300    0.0168322130    0.0003811746    
0.1784269200    0.0175119670    0.0003852741    
0.1786685100    0.0175718380    0.0003868722    
0.1789100900    0.0166974120    0.0003758163    
0.1791516800    0.0174853610    0.0003852485    
0.1793932700    0.0174210660    0.0003846732    
0.1796348600    0.0178459270    0.0003875888    
0.1798764500    0.0171809140    0.0003802986    
0.1801180400    0.0177234470    0.0003863895    
0.1803596200    0.0177281470    0.0003889960    
0.1806012100    0.0173135000    0.0003813694    
0.1808428000    0.0177297420    0.0003857940    
0.1810843900    0.0174539580    0.0003816042    
0.1813259800    0.0170197980    0.0003774728    
0.1815675700    0.0176124790    0.0003833331    
0.1818091600    0.0172718580    0.0003793494    
0.1820507400    0.0179211770    0.0003866779    
0.1822923300    0.0177234410    0.0003837537    
0.1825339200    0.0178158250    0.0003859350    
0.1827755100    0.0170654500    0.0003761795    
0.1830171000    0.0176476340    0.0003855622    
0.1832586900    0.0172770600    0.0003777365    
0.1835002800    0.0176431680    0.0003821052    
0.1837418600    0.0176798140    0.0003814702    
0.1839834500    0.0177454150    0.0003836006    
0.1842250400    0.0176899910    0.0003822239    
0.1844666300    0.0173657380    0.0003783215    
0.1847082200    0.0171036560    0.0003752029    
0.1849498100    0.0177320980    0.0003824203    
0.1851914000    0.0173635080    0.0003803545    
0.1854329800    0.0169568340    0.0003739669    
0.1856745700    0.0170904000    0.0003758175    
0.1859161600    0.0178045110    0.0003808942    
0.1861577500    0.0171526300    0.0003738563    
0.1863993400    0.0174903670    0.0003785297    
0.1866409300    0.0172060330    0.0003736912    
0.1868825200    0.0179503980    0.0003848969    
0.1871241000    0.0171281300    0.0003729681    
0.1873656900    0.0169509960    0.0003730226    
0.1876072800    0.0170811680    0.0003715933    
0.1878488700    0.0178938160    0.0003837719    
0.1880904600    0.0173592920    0.0003771087    
0.1883320500    0.0174507360    0.0003752196    
0.1885736300    0.0168640300    0.0003695907    
0.1888152200    0.0176299390    0.0003777651    
0.1890568100    0.0177889410    0.0003804740    
0.1892984000    0.0175692350    0.0003761192    
0.1895399900    0.0177100570    0.0003788735    
0.1897815800    0.0168427910    0.0003694803    
0.1900231700    0.0179532160    0.0003814656    
0.1902647500    0.0168103490    0.0003681491    
0.1905063400    0.0168277500    0.0003706697    
0.1907479300    0.0177161590    0.0003783121    
0.1909895200    0.0170637970    0.0003698178    
0.1912311100    0.0179524540    0.0003798239    
0.1914727000    0.0170749940    0.0003700605    
0.1917142900    0.0170070050    0.0003704184    
0.1919558700    0.0176560030    0.0003742224    
0.1921974600    0.0170715480    0.0003711206    
0.1924390500    0.0174761420    0.0003761138    
0.1926806400    0.0174106300    0.0003739253    
0.1929222300    0.0176936170    0.0003775726    
0.1931638200    0.0177793050    0.0003754051    
0.1934054100    0.0171409120    0.0003717511    
0.1936469900    0.0173499930    0.0003710857    
0.1938885800    0.0170910350    0.0003702343    
0.1941301700    0.0174361320    0.0003722475    
0.1943717600    0.0170139760    0.0003695200    
0.1946133500    0.0171717790    0.0003678635    
0.1948549400    0.0176551220    0.0003755559    
0.1950965300    0.0173175930    0.0003715845    
0.1953381100    0.0173428060    0.0003716126    
0.1955797000    0.0173868800    0.0003728138    
0.1958212900    0.0167924820    0.0003643658    
0.1960628800    0.0170565090    0.0003673379    
0.1963044700    0.0164652630    0.0003603325    
0.1965460600    0.0170237230    0.0003693833    
0.1967876400    0.0172783120    0.0003682912    
0.1970292300    0.0170599760    0.0003663099    
0.1972708200    0.0174928570    0.0003726104    
0.1975124100    0.0171610320    0.0003688200    
0.1977540000    0.0167934450    0.0003647303    
0.1979955900    0.0183222980    0.0003807244    
0.1982371800    0.0168480400    0.0003659161    
0.1984787600    0.0172968220    0.0003666095    
0.1987203500    0.0177800130    0.0003738400    
0.1989619400    0.0171575360    0.0003674740    
0.1992035300    0.0173267070    0.0003685699    
0.1994451200    0.0176394210    0.0003721198    
0.1996867100    0.0175013270    0.0003699482    
0.1999283000    0.0169407530    0.0003646758    
0.2001698800    0.0176612430    0.0003728291    
0.2004114700    0.0172100490    0.0003691070    
0.2006530600    0.0174344000    0.0003685335    
0.2008946500    0.0169021750    0.0003636769    
0.2011362400    0.0175504550    0.0003681194    
0.2013778300    0.0176158710    0.0003718713    
0.2016194200    0.0176456670    0.0003694668    
0.2018610000    0.0173162500    0.0003675169    
0.2021025900    0.0173494650    0.0003682219    
0.2023441800    0.0175721850    0.0003696337    
0.2025857700    0.0170215210    0.0003641436    
0.2028273600    0.0176429020    0.0003722761    
0.2030689500    0.0177296560    0.0003718781    
0.2033105400    0.0172429830    0.0003646502    
0.2035521200    0.0173855780    0.0003676658    
0.2037937100    0.0174544660    0.0003678090    
0.2040353000    0.0171118870    0.0003649926    
0.2042768900    0.0179128230    0.0003721354    
0.2045184800    0.0175443620    0.0003667833    
0.2047600700    0.0173421830    0.0003673235    
0.2050016500    0.0175078800    0.0003694270    
0.2052432400    0.0178012170    0.0003721532    
0.2054848300    0.0173618980    0.0003660210    
0.2057264200    0.0172869450    0.0003675578    
0.2059680100    0.0175463390    0.0003663446    
0.2062096000    0.0177295720    0.0003695265    
0.2064511900    0.0174633020    0.0003660498    
0.2066927700    0.0173472080    0.0003664449    
0.2069343600    0.0178593060    0.0003713443    
0.2071759500    0.0181026730    0.0003737478    
0.2074175400    0.0177715780    0.0003700806    
0.2076591300    0.0171625910    0.0003631126    
0.2079007200    0.0176317060    0.0003709678    
0.2081423100    0.0177138360    0.0003683196    
0.2083838900    0.0180457100    0.0003725718    
0.2086254800    0.0172693020    0.0003650436    
0.2088670700    0.0177848700    0.0003696368    
0.2091086600    0.0178700090    0.0003718080    
0.2093502500    0.0176781400    0.0003682946    
0.2095918400    0.0176284080    0.0003697544    
0.2098334300    0.0173915740    0.0003665651    
0.2100750100    0.0178209950    0.0003722414    
0.2103166000    0.0176291540    0.0003705862    
0.2105581900    0.0174633020    0.0003660498    
0.2107997800    0.0174533490    0.0003680307    
0.2110413700    0.0177046000    0.0003686858    
0.2112829600    0.0178514820    0.0003727969    
0.2115245400    0.0171839660    0.0003629965    
0.2117661300    0.0173168940    0.0003667056    
0.2120077200    0.0166226680    0.0003575801    
0.2122493100    0.0172731870    0.0003677644    
0.2124909000    0.0174997400    0.0003677033    
0.2127324900    0.0177743130    0.0003730610    
0.2129740800    0.0170856840    0.0003628687    
0.2132156600    0.0176251510    0.0003685528    
0.2134572500    0.0180856710    0.0003747571    
0.2136988400    0.0175043190    0.0003684507    
0.2139404300    0.0180961580    0.0003727405    
0.2141820200    0.0172187780    0.0003652015    
0.2144236100    0.0178083280    0.0003724646    
0.2146652000    0.0171491850    0.0003650416    
0.2149067800    0.0178219940    0.0003704884    
0.2151483700    0.0173658670    0.0003712554    
0.2153899600    0.0171867540    0.0003739787    
0.2156315500    0.0170604400    0.0003762519    
0.2158731400    0.0182840030    0.0003909731    
0.2161147300    0.0183170220    0.0003962348    
0.2163563200    0.0176321520    0.0003897144    
0.2165979000    0.0176959220    0.0003933399    
0.2168394900    0.0179926970    0.0003969085    
0.2170810800    0.0169148900    0.0003891824    
0.2173226700    0.0172925020    0.0003932146    
0.2175642600    0.0169238440    0.0003911525    
0.2178058500    0.0187804510    0.0004135820    
0.2180474400    0.0166925050    0.0003918169    
0.2182890200    0.0173716680    0.0004029042    
0.2185306100    0.0169735160    0.0003956971    
0.2187722000    0.0174827330    0.0004066852    
0.2190137900    0.0165012190    0.0003943419    
0.2192553800    0.0171771780    0.0004061128    
0.2194969700    0.0163096780    0.0003932613    
0.2197385500    0.0174397010    0.0004041562    
0.2199801400    0.0169450040    0.0003941765    
0.2202217300    0.0171064910    0.0003922434    
0.2204633200    0.0167573200    0.0003863760    
0.2207049100    0.0174987950    0.0003922669    
0.2209465000    0.0174548280    0.0003917737    
0.2211880900    0.0165407940    0.0003794719    
0.2214296700    0.0171535560    0.0003858875    
0.2216712600    0.0165942370    0.0003790061    
0.2219128500    0.0170860640    0.0003834968    
0.2221544400    0.0166041990    0.0003799279    
0.2223960300    0.0171721400    0.0003844616    
0.2226376200    0.0170489370    0.0003860824    
0.2228792100    0.0163831720    0.0003756581    
0.2231207900    0.0175287880    0.0003885704    
0.2233623800    0.0172326690    0.0003828537    
0.2236039700    0.0169060300    0.0003808012    
0.2238455600    0.0163848060    0.0003730570    
0.2240871500    0.0163737470    0.0003735807    
0.2243287400    0.0169043780    0.0003776160    
0.2245703300    0.0167614440    0.0003785059    
0.2248119100    0.0165356950    0.0003754236    
0.2250535000    0.0172311340    0.0003831033    
0.2252950900    0.0173384890    0.0003857763    
0.2255366800    0.0168810780    0.0003770955    
0.2257782700    0.0171660600    0.0003811858    
0.2260198600    0.0160728670    0.0003675779    
0.2262614500    0.0167422640    0.0003750253    
0.2265030300    0.0171487480    0.0003790299    
0.2267446200    0.0166628180    0.0003750377    
0.2269862100    0.0160361500    0.0003654029    
0.2272278000    0.0169863110    0.0003771013    
0.2274693900    0.0168822420    0.0003747910    
0.2277109800    0.0158989270    0.0003669743    
0.2279525600    0.0164051280    0.0003693313    
0.2281941500    0.0168929970    0.0003756783    
0.2284357400    0.0161054040    0.0003663158    
0.2286773300    0.0165598910    0.0003727210    
0.2289189200    0.0160346250    0.0003645175    
0.2291605100    0.0167078150    0.0003742536    
0.2294021000    0.0166379430    0.0003719427    
0.2296436800    0.0171237370    0.0003807155    
0.2298852700    0.0169308700    0.0003749477    
0.2301268600    0.0164100520    0.0003729557    
0.2303684500    0.0168806680    0.0003760556    
0.2306100400    0.0167422640    0.0003750253    
0.2308516300    0.0167069710    0.0003738597    
0.2310932200    0.0163477520    0.0003717319    
0.2313348000    0.0168439910    0.0003755182    
0.2315763900    0.0169877300    0.0003775051    
0.2318179800    0.0169492560    0.0003789022    
0.2320595700    0.0168934730    0.0003767150    
0.2323011600    0.0162040540    0.0003700945    
0.2325427500    0.0156715270    0.0003639623    
0.2327843400    0.0164049250    0.0003738059    
0.2330259200    0.0162886690    0.0003691498    
0.2332675100    0.0172058440    0.0003799209    
0.2335091000    0.0170122130    0.0003790802    
0.2337506900    0.0166704630    0.0003733233    
0.2339922800    0.0164351940    0.0003728537    
0.2342338700    0.0166988420    0.0003751838    
0.2344754600    0.0165656370    0.0003748496    
0.2347170400    0.0165598910    0.0003727210    
0.2349586300    0.0163026550    0.0003707064    
0.2352002200    0.0168684600    0.0003802445    
0.2354418100    0.0172118380    0.0003818259    
0.2356834000    0.0162913960    0.0003712190    
0.2359249900    0.0161912100    0.0003677921    
0.2361665700    0.0159882080    0.0003686425    
0.2364081600    0.0168294350    0.0003761296    
0.2366497500    0.0164726990    0.0003741863    
0.2368913400    0.0161509240    0.0003689773    
0.2371329300    0.0159100950    0.0003685104    
0.2373745200    0.0166443210    0.0003754783    
0.2376161100    0.0167374960    0.0003765278    
0.2378576900    0.0171016520    0.0003819274    
0.2380992800    0.0160692820    0.0003681705    
0.2383408700    0.0164553690    0.0003735999    
0.2385824600    0.0160334560    0.0003672533    
0.2388240500    0.0165262120    0.0003745332    
0.2390656400    0.0165376970    0.0003747935    
0.2393072300    0.0165729700    0.0003741544    
0.2395488100    0.0159497490    0.0003675604    
0.2397904000    0.0162629410    0.0003723145    
0.2400319900    0.0163426210    0.0003737470    
0.2402735800    0.0167398900    0.0003787926    
0.2405151700    0.0167411890    0.0003781449    
0.2407567600    0.0170916700    0.0003794403    
0.2409983500    0.0166093480    0.0003761277    
0.2412399300    0.0167756970    0.0003764358    
0.2414815200    0.0174745500    0.0003866089    
0.2417231100    0.0164511510    0.0003718783    
0.2419647000    0.0165110200    0.0003759307    
0.2422062900    0.0160381260    0.0003699902    
0.2424478800    0.0175270000    0.0003869180    
0.2426894600    0.0166823220    0.0003793397    
0.2429310500    0.0158317300    0.0003670895    
0.2431726400    0.0169741900    0.0003798394    
0.2434142300    0.0166344480    0.0003745889    
0.2436558200    0.0161047990    0.0003723218    
0.2438974100    0.0160857150    0.0003687406    
0.2441390000    0.0164619390    0.0003747161    
0.2443805800    0.0160151680    0.0003698545    
0.2446221700    0.0158776260    0.0003686495    
0.2448637600    0.0167127760    0.0003791510    
0.2451053500    0.0161779550    0.0003709525    
0.2453469400    0.0169398820    0.0003836128    
0.2455885300    0.0156676090    0.0003650547    
0.2458301200    0.0169086050    0.0003816345    
0.2460717000    0.0163083370    0.0003717981    
0.2463132900    0.0165122150    0.0003745046    
0.2465548800    0.0160364890    0.0003711395    
0.2467964700    0.0169893190    0.0003802732    
0.2470380600    0.0162056710    0.0003725688    
0.2472796500    0.0160145760    0.0003702359    
0.2475212400    0.0165886730    0.0003790768    
0.2477628200    0.0160853480    0.0003740779    
0.2480044100    0.0166038830    0.0003761969    
0.2482460000    0.0163851740    0.0003738414    
0.2484875900    0.0159770370    0.0003700610    
0.2487291800    0.0163113210    0.0003739123    
0.2489707700    0.0167263540    0.0003777135    
0.2492123600    0.0168840050    0.0003817606    
0.2494539400    0.0164603500    0.0003761445    
0.2496955300    0.0167340770    0.0003799276    
0.2499371200    0.0157602720    0.0003674133    
0.2501787100    0.0163554060    0.0003784190    
0.2504203000    0.0169238440    0.0003803351    
0.2506618900    0.0167450350    0.0003762217    
0.2509034700    0.0166798900    0.0003781131    
0.2511450600    0.0163568250    0.0003737788    
0.2513866500    0.0164543980    0.0003758122    
0.2516282400    0.0168528730    0.0003776924    
0.2518698300    0.0166736470    0.0003777775    
0.2521114200    0.0160216320    0.0003694132    
0.2523530100    0.0166759700    0.0003775396    
0.2525945900    0.0164756560    0.0003743501    
0.2528361800    0.0158827040    0.0003702674    
0.2530777700    0.0164863390    0.0003738216    
0.2533193600    0.0162575620    0.0003708333    
0.2535609500    0.0164730660    0.0003745814    
0.2538025400    0.0157636370    0.0003662992    
0.2540441300    0.0163254080    0.0003727689    
0.2542857100    0.0165971540    0.0003754666    
0.2545273000    0.0160166440    0.0003707795    
0.2547688900    0.0165083560    0.0003735534    
0.2550104800    0.0159050600    0.0003694857    
0.2552520700    0.0162797350    0.0003752645    
0.2554936600    0.0161754580    0.0003704088    
0.2557352500    0.0164537380    0.0003750155    
0.2559768300    0.0159099520    0.0003672288    
0.2562184200    0.0155095740    0.0003643517    
0.2564600100    0.0160148840    0.0003681826    
0.2567016000    0.0158913240    0.0003690670    
0.2569431900    0.0166627830    0.0003764699    
0.2571847800    0.0160736720    0.0003692415    
0.2574263700    0.0165011740    0.0003746398    
0.2576679500    0.0161518310    0.0003714292    
0.2579095400    0.0160231360    0.0003703349    
0.2581511300    0.0165680880    0.0003746174    
0.2583927200    0.0163731110    0.0003720201    
0.2586343100    0.0166582580    0.0003740832    
0.2588759000    0.0161777060    0.0003713375    
0.2591174800    0.0171638990    0.0003794575    
0.2593590700    0.0156357390    0.0003625450    
0.2596006600    0.0163619300    0.0003721505    
0.2598422500    0.0167861730    0.0003773365    
0.2600838400    0.0162064330    0.0003710208    
0.2603254300    0.0168587070    0.0003797353    
0.2605670200    0.0162828790    0.0003718948    
0.2608086000    0.0159096740    0.0003647051    
0.2610501900    0.0163280080    0.0003713789    
0.2612917800    0.0166026050    0.0003753979    
0.2615333700    0.0161421740    0.0003692595    
0.2617749600    0.0167321500    0.0003765982    
0.2620165500    0.0164994830    0.0003730662    
0.2622581400    0.0166386920    0.0003769856    
0.2624997200    0.0161530390    0.0003698954    
0.2627413100    0.0168009190    0.0003809546    
0.2629829000    0.0166628530    0.0003736216    
0.2632244900    0.0164871300    0.0003746107    
0.2634660800    0.0160497700    0.0003678200    
0.2637076700    0.0162885650    0.0003714439    
0.2639492600    0.0166104400    0.0003750959    
0.2641908400    0.0157757120    0.0003661845    
0.2644324300    0.0163851740    0.0003738414    
0.2646740200    0.0161485240    0.0003684420    
0.2649156100    0.0165174980    0.0003766644    
0.2651572000    0.0162347030    0.0003714733    
0.2653987900    0.0157186800    0.0003674435    
0.2656403800    0.0163226060    0.0003729968    
0.2658819600    0.0164914500    0.0003733621    
0.2661235500    0.0158699640    0.0003681740    
0.2663651400    0.0160233490    0.0003682799    
0.2666067300    0.0165746970    0.0003753430    
0.2668483200    0.0159947150    0.0003682057    
0.2670899100    0.0159292600    0.0003705481    
0.2673314900    0.0160376360    0.0003683165    
0.2675730800    0.0158535590    0.0003688870    
0.2678146700    0.0161071330    0.0003728743    
0.2680562600    0.0165601650    0.0003749178    
0.2682978500    0.0161834670    0.0003712742    
0.2685394400    0.0158515450    0.0003661734    
0.2687810300    0.0167272540    0.0003781197    
0.2690226100    0.0166283670    0.0003742623    
0.2692642000    0.0169251740    0.0003824959    
0.2695057900    0.0165037210    0.0003744083    
0.2697473800    0.0158012110    0.0003664803    
0.2699889700    0.0165377090    0.0003770273    
0.2702305600    0.0158973730    0.0003703077    
0.2704721500    0.0161509120    0.0003725921    
0.2707137300    0.0154308320    0.0003614065    
0.2709553200    0.0162026840    0.0003727958    
0.2711969100    0.0161576230    0.0003713660    
0.2714385000    0.0158921580    0.0003674058    
0.2716800900    0.0171272940    0.0003828822    
0.2719216800    0.0166219030    0.0003855148    
0.2721632700    0.0155232890    0.0003751732    
0.2724048500    0.0165109800    0.0003918986    
0.2726464400    0.0160526440    0.0003935228    
0.2728880300    0.0162229580    0.0003959175    
0.2731296200    0.0162481830    0.0003984361    
0.2733712100    0.0160752840    0.0003995170    
0.2736128000    0.0166099170    0.0004116615    
0.2738543800    0.0159037280    0.0004004821    
0.2740959700    0.0159235330    0.0004045887    
0.2743375600    0.0162692250    0.0004119121    
0.2745791500    0.0159674480    0.0004098261    
0.2748207400    0.0157744210    0.0004101751    
0.2750623300    0.0166596660    0.0004215274    
0.2753039200    0.0167436790    0.0004270846    
0.2755455000    0.0160011190    0.0004162106    
0.2757870900    0.0161817960    0.0004248083    
0.2760286800    0.0159326710    0.0004194261    
0.2762702700    0.0160144720    0.0004283108    
0.2765118600    0.0161209650    0.0004126803    
0.2767534500    0.0163110120    0.0004135006    
0.2769950400    0.0163692370    0.0004109036    
0.2772366200    0.0164451900    0.0004075789    
0.2774782100    0.0162329000    0.0004054426    
0.2777198000    0.0160086820    0.0004036372    
0.2779613900    0.0161822670    0.0004048098    
0.2782029800    0.0154854300    0.0003883513    
0.2784445700    0.0165215490    0.0004045319    
0.2786861600    0.0160934870    0.0003981293    
0.2789277400    0.0161429260    0.0003943168    
0.2791693300    0.0157246450    0.0003894817    
0.2794109200    0.0163717030    0.0003993098    
0.2796525100    0.0162323130    0.0003969742    
0.2798941000    0.0164646870    0.0003952790    
0.2801356900    0.0161259290    0.0003952006    
0.2803772800    0.0163923200    0.0004019706    
0.2806188600    0.0155149790    0.0003831151    
0.2808604500    0.0158540450    0.0003851974    
0.2811020400    0.0161838610    0.0003906821    
0.2813436300    0.0163922280    0.0003950221    
0.2815852200    0.0160482260    0.0003869571    
0.2818268100    0.0165705390    0.0003953218    
0.2820683900    0.0164424320    0.0003948585    
0.2823099800    0.0155554000    0.0003837624    
0.2825515700    0.0161761100    0.0003879040    
0.2827931600    0.0155380740    0.0003847425    
0.2830347500    0.0161118420    0.0003895114    
0.2832763400    0.0164089140    0.0003911321    
0.2835179300    0.0157376410    0.0003830482    
0.2837595100    0.0157123040    0.0003849483    
0.2840011000    0.0157204000    0.0003854939    
0.2842426900    0.0159757900    0.0003847634    
0.2844842800    0.0161752760    0.0003892293    
0.2847258700    0.0155109950    0.0003817386    
0.2849674600    0.0164828010    0.0003945784    
0.2852090500    0.0160289510    0.0003871682    
0.2854506300    0.0159480830    0.0003878258    
0.2856922200    0.0159720940    0.0003869253    
0.2859338100    0.0156263500    0.0003833028    
0.2861754000    0.0163063370    0.0003894623    
0.2864169900    0.0162939370    0.0003891662    
0.2866585800    0.0158905470    0.0003860843    
0.2869001700    0.0151173990    0.0003757108    
0.2871417500    0.0157349620    0.0003828696    
0.2873833400    0.0155203900    0.0003818542    
0.2876249300    0.0159046760    0.0003869991    
0.2878665200    0.0156455350    0.0003862212    
0.2881081100    0.0161160250    0.0003851367    
0.2883497000    0.0153971610    0.0003785933    
0.2885912900    0.0159435610    0.0003851057    
0.2888328700    0.0161232660    0.0003874174    
0.2890744600    0.0154197880    0.0003780086    
0.2893160500    0.0160679360    0.0003863110    
0.2895576400    0.0159027520    0.0003863808    
0.2897992300    0.0160884140    0.0003848066    
0.2900408200    0.0157823600    0.0003819928    
0.2902824000    0.0154896940    0.0003813299    
0.2905239900    0.0161325760    0.0003875292    
0.2907655800    0.0157831650    0.0003805659    
0.2910071700    0.0161135100    0.0003845279    
0.2912487600    0.0156282190    0.0003792631    
0.2914903500    0.0154364050    0.0003759390    
0.2917319400    0.0159696400    0.0003810947    
0.2919735200    0.0154157020    0.0003755462    
0.2922151100    0.0164975580    0.0003877755    
0.2924567000    0.0162299440    0.0003853366    
0.2926982900    0.0160315220    0.0003831172    
0.2929398800    0.0155259800    0.0003790208    
0.2931814700    0.0164481580    0.0003861879    
0.2934230600    0.0164277760    0.0003870989    
0.2936646400    0.0158383440    0.0003774245    
0.2939062300    0.0163642270    0.0003872173    
0.2941478200    0.0159140370    0.0003794438    
0.2943894100    0.0163335760    0.0003862758    
0.2946310000    0.0158032780    0.0003789635    
0.2948725900    0.0158375780    0.0003802236    
0.2951141800    0.0157240930    0.0003781535    
0.2953557600    0.0159283240    0.0003831759    
0.2955973500    0.0160073100    0.0003806950    
0.2958389400    0.0160925710    0.0003810026    
0.2960805300    0.0159718170    0.0003798509    
0.2963221200    0.0157239990    0.0003761981    
0.2965637100    0.0159642590    0.0003789218    
0.2968053000    0.0168343000    0.0003882542    
0.2970468800    0.0163570830    0.0003838380    
0.2972884700    0.0160821290    0.0003794813    
0.2975300600    0.0155269560    0.0003728737    
0.2977716500    0.0160113860    0.0003800404    
0.2980132400    0.0155933270    0.0003758793    
0.2982548300    0.0157290180    0.0003746066    
0.2984964100    0.0156120620    0.0003726676    
0.2987380000    0.0162344920    0.0003808564    
0.2989795900    0.0158700390    0.0003757341    
0.2992211800    0.0165544500    0.0003833322    
0.2994627700    0.0158833600    0.0003765775    
0.2997043600    0.0158573030    0.0003772342    
0.2999459500    0.0166079110    0.0003859175    
0.3001875300    0.0169259080    0.0003890242    
0.3004291200    0.0156641410    0.0003781359    
0.3006707100    0.0161461370    0.0003785753    
0.3009123000    0.0157892460    0.0003761477    
0.3011538900    0.0164384410    0.0003811572    
0.3013954800    0.0154035580    0.0003709816    
0.3016370700    0.0160055920    0.0003778858    
0.3018786500    0.0151669490    0.0003678525    
0.3021202400    0.0158780200    0.0003762395    
0.3023618300    0.0158383440    0.0003774245    
0.3026034200    0.0157955880    0.0003760854    
0.3028450100    0.0163478510    0.0003828841    
0.3030866000    0.0164647990    0.0003846748    
0.3033281900    0.0165131840    0.0003829933    
0.3035697700    0.0160708530    0.0003787936    
0.3038113600    0.0157903610    0.0003757480    
0.3040529500    0.0154626560    0.0003704759    
0.3042945400    0.0156554430    0.0003726430    
0.3045361300    0.0156174930    0.0003745084    
0.3047777200    0.0156170020    0.0003729982    
0.3050193100    0.0153543050    0.0003701176    
0.3052608900    0.0152269070    0.0003695242    
0.3055024800    0.0151750050    0.0003735828    
0.3057440700    0.0158021150    0.0003737072    
0.3059856600    0.0158975980    0.0003756503    
0.3062272500    0.0161751050    0.0003798816    
0.3064688400    0.0161954030    0.0003810947    
0.3067104200    0.0155498430    0.0003704444    
0.3069520100    0.0152361230    0.0003685560    
0.3071936000    0.0153478670    0.0003707171    
0.3074351900    0.0153547510    0.0003712084    
0.3076767800    0.0155780480    0.0003718557    
0.3079183700    0.0162819340    0.0003840891    
0.3081599600    0.0159919940    0.0003806539    
0.3084015400    0.0158807520    0.0003750429    
0.3086431300    0.0154244010    0.0003693474    
0.3088847200    0.0154463660    0.0003719048    
0.3091263100    0.0160446210    0.0003780704    
0.3093679000    0.0154929050    0.0003720560    
0.3096094900    0.0163795820    0.0003806119    
0.3098510800    0.0154635270    0.0003736198    
0.3100926600    0.0159244810    0.0003773404    
0.3103342500    0.0159870700    0.0003780812    
0.3105758400    0.0157681070    0.0003781201    
0.3108174300    0.0156896000    0.0003734561    
0.3110590200    0.0153726990    0.0003714253    
0.3113006100    0.0163500630    0.0003801312    
0.3115422000    0.0159739660    0.0003786193    
0.3117837800    0.0160713480    0.0003783851    
0.3120253700    0.0170169010    0.0003904972    
0.3122669600    0.0162173220    0.0003789963    
0.3125085500    0.0157098630    0.0003757523    
0.3127501400    0.0155717280    0.0003734109    
0.3129917300    0.0156827350    0.0003763977    
0.3132333100    0.0154312550    0.0003724055    
0.3134749000    0.0156279490    0.0003742215    
0.3137164900    0.0152473350    0.0003682888    
0.3139580800    0.0153873640    0.0003698416    
0.3141996700    0.0162821980    0.0003807204    
0.3144412600    0.0154524440    0.0003712985    
0.3146828500    0.0147497730    0.0003635552    
0.3149244300    0.0155118150    0.0003713342    
0.3151660200    0.0163808550    0.0003835519    
0.3154076100    0.0159454950    0.0003791177    
0.3156492000    0.0157669270    0.0003785274    
0.3158907900    0.0149744550    0.0003645805    
0.3161323800    0.0160601600    0.0003777032    
0.3163739700    0.0161340650    0.0003787089    
0.3166155500    0.0161473560    0.0003808085    
0.3168571400    0.0162643940    0.0003805122    
0.3170987300    0.0154416500    0.0003715759    
0.3173403200    0.0157098890    0.0003747894    
0.3175819100    0.0156444350    0.0003748313    
0.3178235000    0.0152449410    0.0003692016    
0.3180650900    0.0156801790    0.0003762280    
0.3183066700    0.0161473560    0.0003808085    
0.3185482600    0.0158356850    0.0003772541    
0.3187898500    0.0156263630    0.0003721618    
0.3190314400    0.0160021880    0.0003781217    
0.3192730300    0.0151826320    0.0003679084    
0.3195146200    0.0163983700    0.0003829138    
0.3197562100    0.0158103800    0.0003751637    
0.3199977900    0.0153320790    0.0003701199    
0.3202393800    0.0158320060    0.0003774879    
0.3204809700    0.0161586190    0.0003819247    
0.3207225600    0.0155554420    0.0003743141    
0.3209641500    0.0159040100    0.0003783453    
0.3212057400    0.0156654360    0.0003733042    
0.3214473200    0.0153408320    0.0003696854    
0.3216889100    0.0154988010    0.0003714486    
0.3219305000    0.0156957680    0.0003753079    
0.3221720900    0.0157840250    0.0003758101    
0.3224136800    0.0152496220    0.0003679150    
0.3226552700    0.0155166650    0.0003752324    
0.3228968600    0.0155424320    0.0003729229    
0.3231384400    0.0157436660    0.0003789531    
0.3233800300    0.0156476450    0.0003730921    
0.3236216200    0.0151448400    0.0003673163    
0.3238632100    0.0163536640    0.0003823915    
0.3241048000    0.0155741830    0.0003735772    
0.3243463900    0.0154821840    0.0003723357    
0.3245879800    0.0161211890    0.0003796638    
0.3248295600    0.0158119340    0.0003757299    
0.3250711500    0.0152137410    0.0003685541    
0.3253127400    0.0163179900    0.0003828152    
0.3255543300    0.0156969970    0.0003758749    
0.3257959200    0.0160088340    0.0003817041    
0.3260375100    0.0157988730    0.0003748907    
0.3262791000    0.0153770410    0.0003712053    
0.3265206800    0.0155505840    0.0003724757    
0.3267622700    0.0158842250    0.0003775543    
0.3270038600    0.0154732290    0.0003722280    
0.3272454500    0.0153030230    0.0003696339    
0.3274870400    0.0157009480    0.0003746827    
0.3277286300    0.0159877880    0.0003794803    
0.3279702200    0.0156379640    0.0003748915    
0.3282118000    0.0155156290    0.0003761987    
0.3284533900    0.0163506440    0.0003822164    
0.3286949800    0.0161214210    0.0003929717    
0.3289365700    0.0156671980    0.0003926628    
0.3291781600    0.0154561560    0.0003933488    
0.3294197500    0.0153066460    0.0003960087    
0.3296613300    0.0161123170    0.0004104466    
0.3299029200    0.0160803940    0.0004105670    
0.3301445100    0.0163114190    0.0004194844    
0.3303861000    0.0151199460    0.0004065736    
0.3306276900    0.0157419590    0.0004180427    
0.3308692800    0.0162340700    0.0004247196    
0.3311108700    0.0161878360    0.0004276276    
0.3313524500    0.0152958000    0.0004203666    
0.3315940400    0.0160935140    0.0004305789    
0.3318356300    0.0150006800    0.0004210951    
0.3320772200    0.0149350010    0.0004205791    
0.3323188100    0.0156253660    0.0004342055    
0.3325604000    0.0161326210    0.0004405453    
0.3328019900    0.0159817410    0.0004430834    
0.3330435700    0.0157596820    0.0004354234    
0.3332851600    0.0159142190    0.0004318525    
0.3335267500    0.0157102830    0.0004157382    
0.3337683400    0.0156002670    0.0004142800    
0.3340099300    0.0159786210    0.0004164716    
0.3342515200    0.0155659400    0.0004071005    
0.3344931100    0.0157164880    0.0004048544    
0.3347346900    0.0157720020    0.0004069601    
0.3349762800    0.0163801830    0.0004126109    
0.3352178700    0.0154202960    0.0003988156    
0.3354594600    0.0158477440    0.0004022736    
0.3357010500    0.0154965510    0.0003987921    
0.3359426400    0.0162315990    0.0004095182    
0.3361842300    0.0156511160    0.0003943711    
0.3364258100    0.0158480080    0.0003962002    
0.3366674000    0.0158866310    0.0003971658    
0.3369089900    0.0152981850    0.0003883238    
0.3371505800    0.0159730580    0.0003959992    
0.3373921700    0.0150441760    0.0003852419    
0.3376337600    0.0151184220    0.0003858800    
0.3378753400    0.0161064650    0.0003984504    
0.3381169300    0.0157275500    0.0003918441    
0.3383585200    0.0159943760    0.0003994851    
0.3386001100    0.0158063160    0.0003912646    
0.3388417000    0.0155979410    0.0003900704    
0.3390832900    0.0153980200    0.0003837532    
0.3393248800    0.0152517730    0.0003847975    
0.3395664600    0.0153268200    0.0003849793    
0.3398080500    0.0154931170    0.0003866037    
0.3400496400    0.0157861560    0.0003888641    
0.3402912300    0.0151734310    0.0003806465    
0.3405328200    0.0160973480    0.0003943818    
0.3407744100    0.0159360250    0.0003925558    
0.3410160000    0.0152566620    0.0003845538    
0.3412575800    0.0160631370    0.0003902776    
0.3414991700    0.0148547920    0.0003750206    
0.3417407600    0.0157068390    0.0003866757    
0.3419823500    0.0163408110    0.0003915160    
0.3422239400    0.0154298360    0.0003820624    
0.3424655300    0.0155493490    0.0003844329    
0.3427071200    0.0158877200    0.0003873902    
0.3429487000    0.0153187080    0.0003808315    
0.3431902900    0.0158800600    0.0003894090    
0.3434318800    0.0157052980    0.0003903217    
0.3436734700    0.0158980260    0.0003855838    
0.3439150600    0.0161325760    0.0003875292    
0.3441566500    0.0162561990    0.0003914033    
0.3443982300    0.0154195030    0.0003807575    
0.3446398200    0.0155333070    0.0003811352    
0.3448814100    0.0154571110    0.0003812215    
0.3451230000    0.0151536040    0.0003778965    
0.3453645900    0.0156813420    0.0003844205    
0.3456061800    0.0151779390    0.0003767502    
0.3458477700    0.0162686100    0.0003926136    
0.3460893500    0.0156447760    0.0003845655    
0.3463309400    0.0158160680    0.0003837089    
0.3465725300    0.0151200960    0.0003753145    
0.3468141200    0.0162500970    0.0003905777    
0.3470557100    0.0159110860    0.0003854473    
0.3472973000    0.0151776300    0.0003773242    
0.3475388900    0.0154105210    0.0003778951    
0.3477804700    0.0157230200    0.0003836024    
0.3480220600    0.0161565440    0.0003890039    
0.3482636500    0.0159699730    0.0003863075    
0.3485052400    0.0154809130    0.0003840342    
0.3487468300    0.0158681660    0.0003846334    
0.3489884200    0.0157535940    0.0003830962    
0.3492300100    0.0162076610    0.0003871055    
0.3494715900    0.0151003780    0.0003762184    
0.3497131800    0.0153847960    0.0003771508    
0.3499547700    0.0162346900    0.0003896450    
0.3501963600    0.0155402550    0.0003794824    
0.3504379500    0.0157256450    0.0003827562    
0.3506795400    0.0156589730    0.0003823814    
0.3509211300    0.0157283890    0.0003839620    
0.3511627100    0.0158811670    0.0003859703    
0.3514043000    0.0159672730    0.0003842241    
0.3516458900    0.0154828030    0.0003792117    
0.3518874800    0.0160227470    0.0003848909    
0.3521290700    0.0156000010    0.0003799232    
0.3523706600    0.0157641280    0.0003827869    
0.3526122400    0.0165104930    0.0003914462    
0.3528538300    0.0159557040    0.0003853990    
0.3530954200    0.0152948110    0.0003779089    
0.3533370100    0.0159156550    0.0003847685    
0.3535786000    0.0158415480    0.0003863792    
0.3538201900    0.0154145350    0.0003770876    
0.3540617800    0.0159147820    0.0003851979    
0.3543033600    0.0149583940    0.0003711863    
0.3545449500    0.0159636870    0.0003844719    
0.3547865400    0.0161068210    0.0003850267    
0.3550281300    0.0156205780    0.0003813301    
0.3552697200    0.0157070550    0.0003815135    
0.3555113100    0.0155410510    0.0003800688    
0.3557529000    0.0152668340    0.0003769876    
0.3559944800    0.0151566110    0.0003733563    
0.3562360700    0.0158537710    0.0003866773    
0.3564776600    0.0157781580    0.0003812217    
0.3567192500    0.0162939580    0.0003878415    
0.3569608400    0.0157517590    0.0003804728    
0.3572024300    0.0162229580    0.0003875815    
0.3574440200    0.0153820930    0.0003764066    
0.3576856000    0.0154871300    0.0003789769    
0.3579271900    0.0154422100    0.0003774259    
0.3581687800    0.0161266290    0.0003871630    
0.3584103700    0.0151399950    0.0003738555    
0.3586519600    0.0157525490    0.0003845518    
0.3588935500    0.0160933220    0.0003860298    
0.3591351400    0.0162568490    0.0003882804    
0.3593767200    0.0155679570    0.0003782465    
0.3596183100    0.0155212770    0.0003771123    
0.3598599000    0.0158508360    0.0003825313    
0.3601014900    0.0156529200    0.0003804231    
0.3603430800    0.0156318500    0.0003800233    
0.3605846700    0.0149512390    0.0003712374    
0.3608262500    0.0157997220    0.0003826373    
0.3610678400    0.0159154580    0.0003833103    
0.3613094300    0.0151383010    0.0003761141    
0.3615510200    0.0155755200    0.0003787658    
0.3617926100    0.0156874280    0.0003796951    
0.3620342000    0.0163493480    0.0003885001    
0.3622757900    0.0155570980    0.0003785417    
0.3625173700    0.0156359290    0.0003797859    
0.3627589600    0.0161336950    0.0003862212    
0.3630005500    0.0160147820    0.0003839250    
0.3632421400    0.0161866720    0.0003858346    
0.3634837300    0.0157653410    0.0003823657    
0.3637253200    0.0153737430    0.0003780175    
0.3639669100    0.0153599250    0.0003781352    
0.3642084900    0.0157097550    0.0003796798    
0.3644500800    0.0151909020    0.0003742010    
0.3646916700    0.0155671790    0.0003792364    
0.3649332600    0.0154200650    0.0003753185    
0.3651748500    0.0161009810    0.0003846673    
0.3654164400    0.0157441220    0.0003819634    
0.3656580300    0.0150128590    0.0003724232    
0.3658996100    0.0152209900    0.0003741484    
0.3661412000    0.0160539340    0.0003849742    
0.3663827900    0.0152643460    0.0003791287    
0.3666243800    0.0150420180    0.0003698608    
0.3668659700    0.0153198260    0.0003752200    
0.3671075600    0.0157452170    0.0003805369    
0.3673491500    0.0158877770    0.0003815387    
0.3675907300    0.0160227470    0.0003848909    
0.3678323200    0.0156993150    0.0003789850    
0.3680739100    0.0153988460    0.0003776088    
0.3683155000    0.0156006070    0.0003789280    
0.3685570900    0.0155980650    0.0003787545    
0.3687986800    0.0148406120    0.0003718296    
0.3690402600    0.0151714980    0.0003756657    
0.3692818500    0.0157241400    0.0003791427    
0.3695234400    0.0155888680    0.0003786428    
0.3697650300    0.0157476970    0.0003797107    
0.3700066200    0.0153476040    0.0003761261    
0.3702482100    0.0154224560    0.0003754879    
0.3704898000    0.0157452170    0.0003805369    
0.3707313800    0.0157242370    0.0003811446    
0.3709729700    0.0156782380    0.0003795839    
0.3712145600    0.0156061150    0.0003808636    
0.3714561500    0.0154250880    0.0003789365    
0.3716977400    0.0150490640    0.0003716102    
0.3719393300    0.0159948990    0.0003826794    
0.3721809200    0.0157923410    0.0003806765    
0.3724225000    0.0151867080    0.0003733057    
0.3726640900    0.0156205430    0.0003787424    
0.3729056800    0.0152164840    0.0003738119    
0.3731472700    0.0156169760    0.0003779899    
0.3733888600    0.0156569700    0.0003801849    
0.3736304500    0.0156792550    0.0003811757    
0.3738720400    0.0152598380    0.0003770448    
0.3741136200    0.0163493480    0.0003885001    
0.3743552100    0.0154968990    0.0003775242    
0.3745968000    0.0156484430    0.0003780876    
0.3748383900    0.0153587030    0.0003752728    
0.3750799800    0.0153518810    0.0003753303    
0.3753215700    0.0161160250    0.0003851367    
0.3755631500    0.0152189140    0.0003734211    
0.3758047400    0.0154785050    0.0003773001    
0.3760463300    0.0152669400    0.0003752779    
0.3762879200    0.0144341650    0.0003654512    
0.3765295100    0.0155791450    0.0003811144    
0.3767711000    0.0154320580    0.0003761679    
0.3770126900    0.0155004950    0.0003767186    
0.3772542700    0.0157228520    0.0003795532    
0.3774958600    0.0153926590    0.0003749848    
0.3777374500    0.0158721880    0.0003814945    
0.3779790400    0.0158638000    0.0003823990    
0.3782206300    0.0155269760    0.0003780327    
0.3784622200    0.0152119930    0.0003734762    
0.3787038100    0.0151699160    0.0003743662    
0.3789453900    0.0149842530    0.0003726320    
0.3791869800    0.0151484410    0.0003750947    
0.3794285700    0.0145849310    0.0003654235    
0.3796701600    0.0166130360    0.0003910303    
0.3799117500    0.0156510050    0.0003782599    
0.3801533400    0.0150483730    0.0003721608    
0.3803949300    0.0151875270    0.0003716455    
0.3806365100    0.0156587140    0.0003787783    
0.3808781000    0.0157934750    0.0003802622    
0.3811196900    0.0156236550    0.0003804993    
0.3813612800    0.0160246020    0.0003836097    
0.3816028700    0.0155537380    0.0003793595    
0.3818444600    0.0163492300    0.0003880593    
0.3820860500    0.0158723170    0.0003800731    
0.3823276300    0.0153626560    0.0003739212    
0.3825692200    0.0157538010    0.0003776685    
0.3828108100    0.0149941150    0.0003679053    
0.3830524000    0.0155446780    0.0003761298    
0.3832939900    0.0148542580    0.0003671357    
0.3835355800    0.0152081470    0.0003714833    
0.3837771600    0.0147703170    0.0003652842    
0.3840187500    0.0157228110    0.0003785608    
0.3842603400    0.0151595360    0.0003724129    
0.3845019300    0.0152270580    0.0003689850    
0.3847435200    0.0154624400    0.0003725078    
0.3849851100    0.0154274190    0.0003731833    
0.3852267000    0.0159777950    0.0003892395    
0.3854682800    0.0155248980    0.0003911906    
0.3857098700    0.0150868590    0.0003900615    
0.3859514600    0.0157267770    0.0004025895    
0.3861930500    0.0158520650    0.0004065969    
0.3864346400    0.0150442360    0.0004002202    
0.3866762300    0.0148897600    0.0004009642    
0.3869178200    0.0158786960    0.0004162779    
0.3871594000    0.0149712250    0.0004089827    
0.3874009900    0.0157727740    0.0004209442    
0.3876425800    0.0152100600    0.0004164405    
0.3878841700    0.0151433650    0.0004172818    
0.3881257600    0.0155520280    0.0004254846    
0.3883673500    0.0152932320    0.0004249760    
0.3886089400    0.0152695100    0.0004271296    
0.3888505200    0.0154291460    0.0004312577    
0.3890921100    0.0158177110    0.0004390422    
0.3893337000    0.0157737360    0.0004433204    
0.3895752900    0.0146949400    0.0004294270    
0.3898168800    0.0160351740    0.0004304066    
0.3900584700    0.0144936750    0.0004016734    
0.3903000600    0.0163044100    0.0004246746    
0.3905416400    0.0156607710    0.0004121256    
0.3907832300    0.0146198230    0.0003973130    
0.3910248200    0.0157609490    0.0004110775    
0.3912664100    0.0154219550    0.0004048608    
0.3915080000    0.0150442270    0.0003979731    
0.3917495900    0.0158651850    0.0004104591    
0.3919911700    0.0149507890    0.0003991492    
0.3922327600    0.0156826360    0.0004018547    
0.3924743500    0.0157194450    0.0004038600    
0.3927159400    0.0152912990    0.0003961423    
0.3929575300    0.0153850950    0.0004000517    
0.3931991200    0.0157164710    0.0004024576    
0.3934407100    0.0157047270    0.0004016305    
0.3936822900    0.0157076120    0.0004030243    
0.3939238800    0.0148456450    0.0003923084    
0.3941654700    0.0150115190    0.0003944939    
0.3944070600    0.0156897140    0.0004041647    
0.3946486500    0.0157075240    0.0004054314    
0.3948902400    0.0158225650    0.0004039840    
0.3951318300    0.0155281780    0.0003998709    
0.3953734100    0.0158699790    0.0004049307    
0.3956150000    0.0154731830    0.0004008543    
0.3958565900    0.0154539670    0.0003994193    
0.3960981800    0.0153434850    0.0003995103    
0.3963397700    0.0147112460    0.0003921953    
0.3965813600    0.0150981090    0.0003973187    
0.3968229500    0.0155285060    0.0004043279    
0.3970645300    0.0154716010    0.0004046332    
0.3973061200    0.0159441190    0.0004088236    
0.3975477100    0.0157030900    0.0004045093    
0.3977893000    0.0158770090    0.0004083126    
0.3980308900    0.0147783530    0.0003934255    
0.3982724800    0.0150054530    0.0003969474    
0.3985140700    0.0155438400    0.0004041795    
0.3987556500    0.0153971130    0.0004029609    
0.3989972400    0.0155256610    0.0004041168    
0.3992388300    0.0160557030    0.0004134554    
0.3994804200    0.0154779280    0.0004057713    
0.3997220100    0.0158594830    0.0004130858    
0.3999636000    0.0154681340    0.0004037150    
0.4002051800    0.0152758110    0.0004031132    
0.4004467700    0.0150336990    0.0003978339    
0.4006883600    0.0154145760    0.0004056467    
0.4009299500    0.0150327330    0.0004007660    
0.4011715400    0.0152865050    0.0004046655    
0.4014131300    0.0156030880    0.0004091931    
0.4016547200    0.0151153550    0.0004054254    
0.4018963000    0.0158259600    0.0004131950    
0.4021378900    0.0154375640    0.0004115586    
0.4023794800    0.0148334670    0.0004000288    
0.4026210700    0.0154677610    0.0004090340    
0.4028626600    0.0156412840    0.0004100539    
0.4031042500    0.0152567990    0.0004065951    
0.4033458400    0.0147150090    0.0003993104    
0.4035874200    0.0152372150    0.0004094310    
0.4038290100    0.0146891580    0.0004003819    
0.4040706000    0.0166694140    0.0004272804    
0.4043121900    0.0149144350    0.0004056192    
0.4045537800    0.0158164060    0.0004188399    
0.4047953700    0.0147593670    0.0004070098    
0.4050369600    0.0153827040    0.0004108267    
0.4052785400    0.0161349490    0.0004222709    
0.4055201300    0.0150383210    0.0004074842    
0.4057617200    0.0158012650    0.0004203594    
0.4060033100    0.0150824870    0.0004080821    
0.4062449000    0.0156123800    0.0004186061    
0.4064864900    0.0159019110    0.0004216960    
0.4067280800    0.0160416900    0.0004251039    
0.4069696600    0.0155965350    0.0004209135    
0.4072112500    0.0153700270    0.0004194079    
0.4074528400    0.0151318660    0.0004171234    
0.4076944300    0.0151903530    0.0004155896    
0.4079360200    0.0156230130    0.0004201010    
0.4081776100    0.0156629240    0.0004223976    
0.4084191900    0.0157100980    0.0004238240    
0.4086607800    0.0155026120    0.0004194493    
0.4089023700    0.0150966870    0.0004174244    
0.4091439600    0.0156835820    0.0004260648    
0.4093855500    0.0163280480    0.0004357634    
0.4096271400    0.0149948320    0.0004187912    
0.4098687300    0.0151157410    0.0004268553    
0.4101103100    0.0151893580    0.0004179151    
0.4103519000    0.0158170220    0.0004303255    
0.4105934900    0.0161065400    0.0004334165    
0.4108350800    0.0150044310    0.0004205381    
0.4110766700    0.0155198650    0.0004274942    
0.4113182600    0.0150945360    0.0004232298    
0.4115598500    0.0144570470    0.0004156109    
0.4118014300    0.0150285960    0.0004254134    
0.4120430200    0.0155443130    0.0004309560    
0.4122846100    0.0154092120    0.0004329045    
0.4125262000    0.0152133240    0.0004344891    
0.4127677900    0.0155268770    0.0004311358    
0.4130093800    0.0161239200    0.0004412960    
0.4132509700    0.0158084470    0.0004376067    
0.4134925500    0.0146574950    0.0004245429    
0.4137341400    0.0142273120    0.0004170099    
0.4139757300    0.0153558690    0.0004360774    
0.4142173200    0.0152508870    0.0004323992    
0.4144589100    0.0150876850    0.0004344592    
0.4147005000    0.0154373290    0.0004385676    
0.4149420800    0.0156426210    0.0004451189    
0.4151836700    0.0153474900    0.0004388581    
0.4154252600    0.0155663930    0.0004390564    
0.4156668500    0.0152479750    0.0004312779    
0.4159084400    0.0145038740    0.0004206231    
0.4161500300    0.0153390990    0.0004312753    
0.4163916200    0.0156733420    0.0004363819    
0.4166332000    0.0149990410    0.0004245768    
0.4168747900    0.0150424980    0.0004239426    
0.4171163800    0.0155097780    0.0004345311    
0.4173579700    0.0154645740    0.0004309035    
0.4175995600    0.0141422600    0.0004184907    
0.4178411500    0.0156499470    0.0004330532    
0.4180827400    0.0158787500    0.0004377119    
0.4183243200    0.0154028830    0.0004323856    
0.4185659100    0.0149213120    0.0004268462    
0.4188075000    0.0153211650    0.0004323117    
0.4190490900    0.0155877510    0.0004391351    
0.4192906800    0.0149512950    0.0004296420    
0.4195322700    0.0152721960    0.0004377803    
0.4197738600    0.0158118050    0.0004454472    
0.4200154400    0.0153168270    0.0004425276    
0.4202570300    0.0151726600    0.0004411328    
0.4204986200    0.0160186700    0.0004502043    
0.4207402100    0.0144672530    0.0004307562    
0.4209818000    0.0149064450    0.0004354219    
0.4212233900    0.0154392970    0.0004456941    
0.4214649800    0.0144086490    0.0004316986    
0.4217065600    0.0157465770    0.0004524953    
0.4219481500    0.0155990890    0.0004518155    
0.4221897400    0.0161430410    0.0004616067    
0.4224313300    0.0154392970    0.0004548846    
0.4226729200    0.0149554020    0.0004486845    
0.4229145100    0.0152818550    0.0004548090    
0.4231560900    0.0155672510    0.0004572673    
0.4233976800    0.0148775580    0.0004477619    
0.4236392700    0.0157673820    0.0004627469    
0.4238808600    0.0149024900    0.0004513834    
0.4241224500    0.0154666710    0.0004601057    
0.4243640400    0.0157130120    0.0004674339    
0.4246056300    0.0155753090    0.0004664437    
0.4248472100    0.0148338780    0.0004575656    
0.4250888000    0.0155769340    0.0004705185    
0.4253303900    0.0153004540    0.0004735372    
0.4255719800    0.0158269290    0.0004748316    
0.4258135700    0.0153821140    0.0004689320    
0.4260551600    0.0155112850    0.0004750827    
0.4262967500    0.0157005680    0.0004759934    
0.4265383300    0.0155282150    0.0004776217    
0.4267799200    0.0153971380    0.0004779047    
0.4270215100    0.0150275200    0.0004709919    
0.4272631000    0.0151465970    0.0004777845    
0.4275046900    0.0153696850    0.0004833808    
0.4277462800    0.0155774390    0.0004918646    
0.4279878700    0.0155262300    0.0004942053    
0.4282294500    0.0150363210    0.0004808085    
0.4284710400    0.0151469600    0.0004840989    
0.4287126300    0.0155406110    0.0004931664    
0.4289542200    0.0150773860    0.0004876375    
0.4291958100    0.0151511500    0.0004910516    
0.4294374000    0.0152703650    0.0004975354    
0.4296789900    0.0152986000    0.0004963521    
0.4299205700    0.0149535720    0.0004959787    
0.4301621600    0.0148587320    0.0004994708    
0.4304037500    0.0152361480    0.0005078716    
0.4306453400    0.0156333810    0.0005202464    
0.4308869300    0.0158137440    0.0005163370    
0.4311285200    0.0151760450    0.0005089882    
0.4313701000    0.0155121920    0.0005182260    
0.4316116900    0.0150110430    0.0005130669    
0.4318532800    0.0154327990    0.0005217238    
0.4320948700    0.0149389490    0.0005166744    
0.4323364600    0.0152966590    0.0005274710    
0.4325780500    0.0165486090    0.0005519270    
0.4328196400    0.0142630260    0.0005166949    
0.4330612200    0.0159494680    0.0005549530    
0.4333028100    0.0152592520    0.0005415306    
0.4335444000    0.0154503530    0.0005432055    
0.4337859900    0.0152929530    0.0005434114    
0.4340275800    0.0159308100    0.0005590618    
0.4342691700    0.0164437350    0.0005735411    
0.4345107600    0.0150449790    0.0005526911    
0.4347523400    0.0151759310    0.0005578783    
0.4349939300    0.0155183370    0.0005689298    
0.4352355200    0.0149508830    0.0005667118    
0.4354771100    0.0147810320    0.0005685012    
0.4357187000    0.0153012740    0.0005906991    
0.4359602900    0.0146806170    0.0005701479    
0.4362018800    0.0154866860    0.0005904243    
0.4364434600    0.0144845610    0.0005752554    
0.4366850500    0.0152433480    0.0005974339    
0.4369266400    0.0151697700    0.0006053397    
0.4371682300    0.0158263040    0.0006207587    
0.4374098200    0.0161380810    0.0006364238    
0.4376514100    0.0151047790    0.0006234409    
0.4378930000    0.0155298050    0.0006409836    
0.4381345800    0.0147166610    0.0006350708    
0.4383761700    0.0147015210    0.0006471984    
0.4386177600    0.0142599060    0.0006265443    
0.4388593500    0.0142929920    0.0006366604    
0.4391009400    0.0143331840    0.0006481690    
0.4393425300    0.0149021540    0.0006698020    
0.4395841100    0.0159836310    0.0007077671    
0.4398257000    0.0142927630    0.0006852855    
0.4400672900    0.0149617740    0.0007157187    
0.4403088800    0.0161035990    0.0007642430    
0.4405504700    0.0160642210    0.0007895134    
0.4407920600    0.0157089980    0.0008122930    
0.4410336500    0.0144006530    0.0008000363    
0.4412752300    0.0162522630    0.0008530226    
0.4415168200    0.0172702390    0.0009244547    
0.4417584100    0.0162362250    0.0012169566    
0.4420000000    0.0168590020    0.0018848937    