# Diamond Light Source Ltd.
# Data extracted from: /dls/b21/data/2017/mx13440-2/processed/b21-369037_00496.dat
q(1/A)          Column          Error           
0.0040000000    0.8465970600    0.0212247050    
0.0042415885    0.8298763200    0.0197645630    
0.0044831771    0.6882215000    0.0167560130    
0.0047247656    0.5304700800    0.0142436950    
0.0049663541    0.4205344800    0.0119568490    
0.0052079426    0.3491622100    0.0112109230    
0.0054495312    0.2967878700    0.0095292844    
0.0056911197    0.2621796200    0.0084442370    
0.0059327082    0.2115931000    0.0075859800    
0.0061742967    0.1735893700    0.0065846202    
0.0064158853    0.1458850100    0.0059756828    
0.0066574738    0.1344068800    0.0054198085    
0.0068990623    0.1139309400    0.0050350838    
0.0071406509    0.1058538100    0.0047674156    
0.0073822394    0.0957024280    0.0043819131    
0.0076238279    0.0808899940    0.0039330061    
0.0078654164    0.0718528680    0.0037661136    
0.0081070050    0.0748510280    0.0036436910    
0.0083485935    0.0633434140    0.0032366972    
0.0085901820    0.0658876630    0.0033235929    
0.0088317705    0.0537230160    0.0029221468    
0.0090733591    0.0583690670    0.0030262951    
0.0093149476    0.0536170530    0.0027949821    
0.0095565361    0.0498288920    0.0026944379    
0.0097981247    0.0485176050    0.0026587484    
0.0100397130    0.0392997460    0.0023117498    
0.0102813020    0.0411276410    0.0024192730    
0.0105228900    0.0449583990    0.0023695157    
0.0107644790    0.0395207220    0.0022446262    
0.0110060670    0.0357466260    0.0020812490    
0.0112476560    0.0350362080    0.0020503390    
0.0114892440    0.0353173200    0.0020289270    
0.0117308330    0.0382169950    0.0021005960    
0.0119724210    0.0322247690    0.0019021680    
0.0122140100    0.0345108590    0.0019506691    
0.0124555980    0.0316338640    0.0018113498    
0.0126971870    0.0275645840    0.0017433374    
0.0129387760    0.0290175040    0.0016923352    
0.0131803640    0.0306986770    0.0017694423    
0.0134219530    0.0255209580    0.0015560403    
0.0136635410    0.0287800100    0.0016588522    
0.0139051300    0.0300230000    0.0016942959    
0.0141467180    0.0298660210    0.0016515947    
0.0143883070    0.0276700480    0.0015665080    
0.0146298950    0.0275813620    0.0015639956    
0.0148714840    0.0253772530    0.0015111934    
0.0151130720    0.0271187910    0.0015452365    
0.0153546610    0.0277409970    0.0015044668    
0.0155962490    0.0280573710    0.0015283824    
0.0158378380    0.0285304180    0.0015057779    
0.0160794260    0.0261462610    0.0014414900    
0.0163210150    0.0256176000    0.0013954796    
0.0165626030    0.0265302900    0.0014473460    
0.0168041920    0.0249903490    0.0013533033    
0.0170457800    0.0252190880    0.0013676971    
0.0172873690    0.0241109230    0.0013292782    
0.0175289580    0.0247670230    0.0013392472    
0.0177705460    0.0285335970    0.0014126236    
0.0180121350    0.0255029380    0.0013204921    
0.0182537230    0.0245442280    0.0012811983    
0.0184953120    0.0248764380    0.0012863300    
0.0187369000    0.0239452340    0.0012620247    
0.0189784890    0.0222693420    0.0011852775    
0.0192200770    0.0211572840    0.0011735950    
0.0194616660    0.0230556860    0.0011937782    
0.0197032540    0.0224061900    0.0011858613    
0.0199448430    0.0225944770    0.0011908335    
0.0201864310    0.0218194560    0.0011613325    
0.0204280200    0.0235267740    0.0011822649    
0.0206696080    0.0230918400    0.0011545920    
0.0209111970    0.0223672340    0.0011612489    
0.0211527850    0.0209077370    0.0010884133    
0.0213943740    0.0233388690    0.0011526246    
0.0216359620    0.0221215490    0.0011274185    
0.0218775510    0.0228834760    0.0011413241    
0.0221191400    0.0224467180    0.0011099188    
0.0223607280    0.0216072190    0.0010817139    
0.0226023170    0.0229834280    0.0011491714    
0.0228439050    0.0218510250    0.0010713347    
0.0230854940    0.0233267060    0.0011045515    
0.0233270820    0.0234357610    0.0011047724    
0.0235686710    0.0202571180    0.0010337417    
0.0238102590    0.0233141710    0.0010858492    
0.0240518480    0.0223293380    0.0010561415    
0.0242934360    0.0224204300    0.0010737439    
0.0245350250    0.0214678400    0.0010376872    
0.0247766130    0.0206125060    0.0010106112    
0.0250182020    0.0211395300    0.0010339682    
0.0252597900    0.0194180560    0.0009672822    
0.0255013790    0.0223901350    0.0010305895    
0.0257429670    0.0203342970    0.0009840456    
0.0259845560    0.0209872340    0.0009882503    
0.0262261450    0.0224532620    0.0010280642    
0.0264677330    0.0218087670    0.0010017099    
0.0267093220    0.0202164780    0.0009572780    
0.0269509100    0.0219562750    0.0010032078    
0.0271924990    0.0213160690    0.0009811516    
0.0274340870    0.0203673480    0.0009644219    
0.0276756760    0.0219589230    0.0009849923    
0.0279172640    0.0221000540    0.0009863737    
0.0281588530    0.0204407350    0.0009368995    
0.0284004410    0.0211554240    0.0009616102    
0.0286420300    0.0200613340    0.0009185454    
0.0288836180    0.0235755530    0.0010061801    
0.0291252070    0.0203153770    0.0009149585    
0.0293667950    0.0202993200    0.0009255693    
0.0296083840    0.0196560540    0.0008999889    
0.0298499720    0.0213243360    0.0009405761    
0.0300915610    0.0197384690    0.0009018737    
0.0303331490    0.0218431990    0.0009408532    
0.0305747380    0.0213584620    0.0009182720    
0.0308163270    0.0207267890    0.0009045912    
0.0310579150    0.0195340420    0.0008824581    
0.0312995040    0.0214176820    0.0009165922    
0.0315410920    0.0196207330    0.0008731112    
0.0317826810    0.0198058060    0.0008744477    
0.0320242690    0.0194378960    0.0008582041    
0.0322658580    0.0182800600    0.0008440947    
0.0325074460    0.0198831400    0.0008653026    
0.0327490350    0.0207346360    0.0008809303    
0.0329906230    0.0203367210    0.0008632457    
0.0332322120    0.0204719660    0.0008713447    
0.0334738000    0.0195674390    0.0008404935    
0.0337153890    0.0194738920    0.0008372480    
0.0339569770    0.0194230300    0.0008373863    
0.0341985660    0.0203133040    0.0008576284    
0.0344401540    0.0191515870    0.0008218733    
0.0346817430    0.0197397990    0.0008417078    
0.0349233310    0.0197099600    0.0008373959    
0.0351649200    0.0197807160    0.0008234820    
0.0354065090    0.0199701900    0.0008320912    
0.0356480970    0.0206000840    0.0008333902    
0.0358896860    0.0203058580    0.0008366883    
0.0361312740    0.0200848400    0.0008206443    
0.0363728630    0.0199420380    0.0008154906    
0.0366144510    0.0189173980    0.0008008373    
0.0368560400    0.0197068990    0.0008052021    
0.0370976280    0.0194874770    0.0008105722    
0.0373392170    0.0197141900    0.0008075247    
0.0375808050    0.0200416400    0.0008055415    
0.0378223940    0.0187465420    0.0007790797    
0.0380639820    0.0202998830    0.0008139511    
0.0383055710    0.0190484000    0.0007731507    
0.0385471590    0.0204610410    0.0008044065    
0.0387887480    0.0199834620    0.0007980626    
0.0390303360    0.0195258250    0.0007797863    
0.0392719250    0.0207808980    0.0008034359    
0.0395135140    0.0209051480    0.0008058343    
0.0397551020    0.0200856360    0.0008053606    
0.0399966910    0.0191509830    0.0007570091    
0.0402382790    0.0200131190    0.0007796004    
0.0404798680    0.0190612130    0.0007552328    
0.0407214560    0.0191668030    0.0007648387    
0.0409630450    0.0208116600    0.0007843690    
0.0412046330    0.0192706770    0.0007593711    
0.0414462220    0.0202408860    0.0007716765    
0.0416878100    0.0201629970    0.0007692663    
0.0419293990    0.0203782730    0.0007724364    
0.0421709870    0.0190120990    0.0007434319    
0.0424125760    0.0199282030    0.0007647742    
0.0426541640    0.0198665010    0.0007519581    
0.0428957530    0.0192851850    0.0007417379    
0.0431373410    0.0181018550    0.0007177852    
0.0433789300    0.0202106560    0.0007532067    
0.0436205180    0.0195036420    0.0007382238    
0.0438621070    0.0190597720    0.0007314469    
0.0441036960    0.0195036420    0.0007382238    
0.0443452840    0.0184542720    0.0007124193    
0.0445868730    0.0191439830    0.0007330610    
0.0448284610    0.0193573680    0.0007280087    
0.0450700500    0.0202611560    0.0007702136    
0.0453116380    0.0200643670    0.0007683043    
0.0455532270    0.0203977920    0.0007970077    
0.0457948150    0.0207187730    0.0008022341    
0.0460364040    0.0188887720    0.0007679378    
0.0462779920    0.0188411180    0.0007789844    
0.0465195810    0.0191953960    0.0007862741    
0.0467611690    0.0178223680    0.0007606401    
0.0470027580    0.0195429240    0.0007965101    
0.0472443460    0.0200822460    0.0008239845    
0.0474859350    0.0191992160    0.0007958331    
0.0477275230    0.0197830640    0.0008144559    
0.0479691120    0.0203417540    0.0008270099    
0.0482107000    0.0197807160    0.0008234820    
0.0484522890    0.0182054530    0.0007856233    
0.0486938780    0.0209020070    0.0008476883    
0.0489354660    0.0196717690    0.0008246835    
0.0491770550    0.0186056160    0.0008112434    
0.0494186430    0.0208737410    0.0008423956    
0.0496602320    0.0190807690    0.0007828935    
0.0499018200    0.0193883090    0.0007780261    
0.0501434090    0.0189170630    0.0007560779    
0.0503849970    0.0189358680    0.0007490914    
0.0506265860    0.0202420090    0.0007689304    
0.0508681740    0.0195587340    0.0007522590    
0.0511097630    0.0181430480    0.0007211214    
0.0513513510    0.0184270800    0.0007134994    
0.0515929400    0.0194848840    0.0007455684    
0.0518345280    0.0190901230    0.0007262225    
0.0520761170    0.0184004100    0.0007211689    
0.0523177050    0.0193690340    0.0007178642    
0.0525592940    0.0191177500    0.0007267478    
0.0528008830    0.0191311200    0.0007080745    
0.0530424710    0.0186745300    0.0007018318    
0.0532840600    0.0187885850    0.0007002092    
0.0535256480    0.0203282050    0.0007283335    
0.0537672370    0.0184734720    0.0006884656    
0.0540088250    0.0176236920    0.0006738587    
0.0542504140    0.0190206160    0.0007030222    
0.0544920020    0.0187540450    0.0006922244    
0.0547335910    0.0194156760    0.0006992385    
0.0549751790    0.0182830820    0.0006757622    
0.0552167680    0.0182453870    0.0006757551    
0.0554583560    0.0188720370    0.0006796598    
0.0556999450    0.0185404980    0.0006716514    
0.0559415330    0.0195424010    0.0006944090    
0.0561831220    0.0184063870    0.0006672310    
0.0564247100    0.0197165300    0.0006885311    
0.0566662990    0.0187277970    0.0006684237    
0.0569078870    0.0187594800    0.0006756062    
0.0571494760    0.0187516540    0.0006688494    
0.0573910650    0.0188554260    0.0006604768    
0.0576326530    0.0190040080    0.0006681453    
0.0578742420    0.0193291510    0.0006725472    
0.0581158300    0.0189435400    0.0006595294    
0.0583574190    0.0196505080    0.0006704667    
0.0585990070    0.0189479680    0.0006620956    
0.0588405960    0.0193145190    0.0006672090    
0.0590821840    0.0181431010    0.0006406552    
0.0593237730    0.0194954360    0.0006659514    
0.0595653610    0.0191143350    0.0006618753    
0.0598069500    0.0189940730    0.0006454449    
0.0600485380    0.0210185940    0.0006826522    
0.0602901270    0.0183024830    0.0006375972    
0.0605317150    0.0186546410    0.0006402256    
0.0607733040    0.0192944240    0.0006482089    
0.0610148920    0.0195026370    0.0006552039    
0.0612564810    0.0178671570    0.0006243290    
0.0614980690    0.0192352610    0.0006415319    
0.0617396580    0.0182349550    0.0006387426    
0.0619812470    0.0192066800    0.0006549424    
0.0622228350    0.0190967440    0.0006489338    
0.0624644240    0.0194123210    0.0006496086    
0.0627060120    0.0183138300    0.0006360656    
0.0629476010    0.0184139480    0.0006418699    
0.0631891890    0.0184463790    0.0006383633    
0.0634307780    0.0192228210    0.0006487388    
0.0636723660    0.0198878470    0.0006592757    
0.0639139550    0.0188588840    0.0006408510    
0.0641555430    0.0188057690    0.0006332232    
0.0643971320    0.0184775740    0.0006337756    
0.0646387200    0.0175826170    0.0006070194    
0.0648803090    0.0186991610    0.0006314258    
0.0651218970    0.0184297640    0.0006146670    
0.0653634860    0.0191697620    0.0006316651    
0.0656050740    0.0173950710    0.0006001870    
0.0658466630    0.0183272620    0.0006129553    
0.0660882520    0.0188883550    0.0006207099    
0.0663298400    0.0180714890    0.0006081540    
0.0665714290    0.0176690810    0.0005983506    
0.0668130170    0.0184192060    0.0006129528    
0.0670546060    0.0184689070    0.0006102299    
0.0672961940    0.0177980730    0.0005965928    
0.0675377830    0.0187318630    0.0006071032    
0.0677793710    0.0187168010    0.0006107997    
0.0680209600    0.0180953390    0.0005933695    
0.0682625480    0.0191570350    0.0006110145    
0.0685041370    0.0192681670    0.0006108420    
0.0687457250    0.0178704560    0.0005963448    
0.0689873140    0.0183001010    0.0005943597    
0.0692289020    0.0190529530    0.0006064622    
0.0694704910    0.0177508970    0.0005849120    
0.0697120790    0.0177546980    0.0005831408    
0.0699536680    0.0196630850    0.0006165825    
0.0701952560    0.0177402880    0.0005851981    
0.0704368450    0.0185717040    0.0006006518    
0.0706784340    0.0183778170    0.0006032814    
0.0709200220    0.0193989810    0.0006143719    
0.0711616110    0.0182414540    0.0005952874    
0.0714031990    0.0179632170    0.0005954748    
0.0716447880    0.0188563300    0.0006130722    
0.0718863760    0.0173979270    0.0005808999    
0.0721279650    0.0190146760    0.0006015977    
0.0723695530    0.0186592730    0.0005927313    
0.0726111420    0.0197115110    0.0006129988    
0.0728527300    0.0196263170    0.0006028175    
0.0730943190    0.0180764480    0.0005825054    
0.0733359070    0.0188401420    0.0005910678    
0.0735774960    0.0181805050    0.0005828402    
0.0738190840    0.0183854540    0.0005799510    
0.0740606730    0.0189276810    0.0005897647    
0.0743022610    0.0184776390    0.0005831491    
0.0745438500    0.0184583300    0.0005802326    
0.0747854380    0.0180453460    0.0005678119    
0.0750270270    0.0184124880    0.0005782205    
0.0752686160    0.0191284650    0.0005820607    
0.0755102040    0.0181892650    0.0005684145    
0.0757517930    0.0182506560    0.0005714502    
0.0759933810    0.0184620240    0.0005657239    
0.0762349700    0.0184825340    0.0005733948    
0.0764765580    0.0186460840    0.0005705609    
0.0767181470    0.0174614380    0.0005513528    
0.0769597350    0.0189408070    0.0005697933    
0.0772013240    0.0174106680    0.0005451492    
0.0774429120    0.0192708420    0.0005707531    
0.0776845010    0.0177041660    0.0005448080    
0.0779260890    0.0177893640    0.0005495153    
0.0781676780    0.0179143400    0.0005476574    
0.0784092660    0.0180385970    0.0005506846    
0.0786508550    0.0184076290    0.0005517601    
0.0788924430    0.0182400090    0.0005545126    
0.0791340320    0.0169612080    0.0005310760    
0.0793756210    0.0181573790    0.0005509831    
0.0796172090    0.0189887880    0.0005577705    
0.0798587980    0.0178487640    0.0005459078    
0.0801003860    0.0177244030    0.0005436320    
0.0803419750    0.0179122330    0.0005388509    
0.0805835630    0.0182509450    0.0005482965    
0.0808251520    0.0177912550    0.0005406203    
0.0810667400    0.0190069090    0.0005587851    
0.0813083290    0.0186868370    0.0005474858    
0.0815499170    0.0185314350    0.0005532388    
0.0817915060    0.0196372880    0.0005657024    
0.0820330940    0.0174405110    0.0005275324    
0.0822746830    0.0187028770    0.0005477207    
0.0825162710    0.0175315050    0.0005278754    
0.0827578600    0.0187659690    0.0005479261    
0.0829994480    0.0179136790    0.0005284754    
0.0832410370    0.0181266430    0.0005378092    
0.0834826250    0.0181631290    0.0005321422    
0.0837242140    0.0185754510    0.0005371230    
0.0839658030    0.0187482770    0.0005409908    
0.0842073910    0.0185208850    0.0005359936    
0.0844489800    0.0180746390    0.0005261731    
0.0846905680    0.0185617390    0.0005292564    
0.0849321570    0.0173779930    0.0005178815    
0.0851737450    0.0180795190    0.0005216934    
0.0854153340    0.0179236390    0.0005226639    
0.0856569220    0.0181775900    0.0005227851    
0.0858985110    0.0183503350    0.0005308356    
0.0861400990    0.0186286470    0.0005292315    
0.0863816880    0.0176764030    0.0005174382    
0.0866232760    0.0185350500    0.0005341713    
0.0868648650    0.0181030400    0.0005210722    
0.0871064530    0.0187428290    0.0005318319    
0.0873480420    0.0183134550    0.0005215413    
0.0875896300    0.0174923500    0.0005109570    
0.0878312190    0.0179709010    0.0005172687    
0.0880728080    0.0183950100    0.0005217524    
0.0883143960    0.0175598380    0.0005094626    
0.0885559850    0.0190875690    0.0005330974    
0.0887975730    0.0171488910    0.0005028589    
0.0890391620    0.0187197110    0.0005257019    
0.0892807500    0.0193327100    0.0005323170    
0.0895223390    0.0179276900    0.0005113855    
0.0897639270    0.0183004190    0.0005133201    
0.0900055160    0.0186762760    0.0005197891    
0.0902471040    0.0183507190    0.0005173837    
0.0904886930    0.0179567450    0.0005072851    
0.0907302810    0.0186467270    0.0005124584    
0.0909718700    0.0183798940    0.0005177948    
0.0912134580    0.0181109810    0.0005056251    
0.0914550470    0.0182638690    0.0005143222    
0.0916966350    0.0186332770    0.0005128641    
0.0919382240    0.0191469170    0.0005216931    
0.0921798120    0.0190176660    0.0005166395    
0.0924214010    0.0176983590    0.0004983971    
0.0926629900    0.0180943680    0.0005010772    
0.0929045780    0.0181172060    0.0005065892    
0.0931461670    0.0180257410    0.0004995600    
0.0933877550    0.0174481000    0.0004923266    
0.0936293440    0.0183720160    0.0005072124    
0.0938709320    0.0179119560    0.0004996794    
0.0941125210    0.0190165960    0.0005108003    
0.0943541090    0.0183580130    0.0005018774    
0.0945956980    0.0183924300    0.0005031945    
0.0948372860    0.0182353540    0.0004985241    
0.0950788750    0.0188256030    0.0005051237    
0.0953204630    0.0178799400    0.0004941926    
0.0955620520    0.0187868430    0.0005057248    
0.0958036400    0.0192071720    0.0005088104    
0.0960452290    0.0195306610    0.0005130772    
0.0962868170    0.0192147200    0.0005111672    
0.0965284060    0.0183849700    0.0004978010    
0.0967699940    0.0190319490    0.0005064842    
0.0970115830    0.0189191170    0.0004997787    
0.0972531720    0.0187234460    0.0004988044    
0.0974947600    0.0195977920    0.0005097649    
0.0977363490    0.0189370470    0.0004992084    
0.0979779370    0.0193193390    0.0005061305    
0.0982195260    0.0198314330    0.0005130726    
0.0984611140    0.0184826300    0.0004923889    
0.0987027030    0.0198763450    0.0005111644    
0.0989442910    0.0197003190    0.0005091695    
0.0991858800    0.0205808490    0.0005187534    
0.0994274680    0.0188895650    0.0004948712    
0.0996690570    0.0197455740    0.0005025116    
0.0999106450    0.0191635310    0.0004989758    
0.1001522300    0.0196049000    0.0005007184    
0.1003938200    0.0202260210    0.0005104587    
0.1006354100    0.0199165920    0.0005044196    
0.1008770000    0.0201925310    0.0005089656    
0.1011185900    0.0202951620    0.0005102574    
0.1013601800    0.0197850010    0.0005043323    
0.1016017700    0.0201652780    0.0005057148    
0.1018433500    0.0208707200    0.0005260597    
0.1020849400    0.0203341910    0.0005264323    
0.1023265300    0.0199363040    0.0005253677    
0.1025681200    0.0212018260    0.0005390488    
0.1028097100    0.0207506950    0.0005412202    
0.1030513000    0.0205683660    0.0005407114    
0.1032928800    0.0217254590    0.0005609489    
0.1035344700    0.0212484830    0.0005473578    
0.1037760600    0.0216620180    0.0005621286    
0.1040176500    0.0222855680    0.0005725552    
0.1042592400    0.0209996130    0.0005574682    
0.1045008300    0.0208218320    0.0005517774    
0.1047424200    0.0213953480    0.0005644052    
0.1049840000    0.0210342830    0.0005623658    
0.1052255900    0.0198632640    0.0005481738    
0.1054671800    0.0196356770    0.0005416867    
0.1057087700    0.0187215380    0.0005325155    
0.1059503600    0.0193499250    0.0005434000    
0.1061919500    0.0182589450    0.0005275301    
0.1064335400    0.0182420060    0.0005143187    
0.1066751200    0.0187519010    0.0005136062    
0.1069167100    0.0181831750    0.0005043105    
0.1071583000    0.0181263230    0.0004970315    
0.1073998900    0.0174915580    0.0004866282    
0.1076414800    0.0181863140    0.0004998051    
0.1078830700    0.0179776400    0.0004898339    
0.1081246600    0.0183985380    0.0004985340    
0.1083662400    0.0187466470    0.0004969597    
0.1086078300    0.0183108890    0.0004965237    
0.1088494200    0.0178136340    0.0004833955    
0.1090910100    0.0184362990    0.0004904589    
0.1093326000    0.0181127230    0.0004835650    
0.1095741900    0.0191951230    0.0004991221    
0.1098157700    0.0174929090    0.0004717487    
0.1100573600    0.0179965330    0.0004820116    
0.1102989500    0.0179711950    0.0004774106    
0.1105405400    0.0178892440    0.0004760742    
0.1107821300    0.0179423840    0.0004790174    
0.1110237200    0.0186589640    0.0004837111    
0.1112653100    0.0175642910    0.0004741913    
0.1115068900    0.0182958240    0.0004770300    
0.1117484800    0.0183766130    0.0004773549    
0.1119900700    0.0181796600    0.0004728774    
0.1122316600    0.0184323370    0.0004778361    
0.1124732500    0.0189766850    0.0004821638    
0.1127148400    0.0186697870    0.0004777711    
0.1129564300    0.0181979500    0.0004733531    
0.1131980100    0.0183336330    0.0004727425    
0.1134396000    0.0174330680    0.0004621377    
0.1136811900    0.0182848730    0.0004721134    
0.1139227800    0.0183217320    0.0004707174    
0.1141643700    0.0190432360    0.0004763787    
0.1144059600    0.0186442980    0.0004715921    
0.1146475500    0.0183399260    0.0004702545    
0.1148891300    0.0173057920    0.0004510634    
0.1151307200    0.0188804690    0.0004761968    
0.1153723100    0.0191735330    0.0004743251    
0.1156139000    0.0188112970    0.0004736995    
0.1158554900    0.0177390720    0.0004551473    
0.1160970800    0.0186976450    0.0004720363    
0.1163386700    0.0187331450    0.0004686216    
0.1165802500    0.0181474050    0.0004607959    
0.1168218400    0.0174574310    0.0004489567    
0.1170634300    0.0178143290    0.0004539511    
0.1173050200    0.0178577630    0.0004557985    
0.1175466100    0.0178258970    0.0004540985    
0.1177882000    0.0181805580    0.0004562280    
0.1180297800    0.0181861210    0.0004565114    
0.1182713700    0.0180633140    0.0004568966    
0.1185129600    0.0180894700    0.0004546586    
0.1187545500    0.0190012550    0.0004651083    
0.1189961400    0.0178192390    0.0004495739    
0.1192377300    0.0170623510    0.0004374962    
0.1194793200    0.0179888390    0.0004486009    
0.1197209000    0.0184755850    0.0004548374    
0.1199624900    0.0183859040    0.0004529042    
0.1202040800    0.0180446240    0.0004454444    
0.1204456700    0.0176380910    0.0004454291    
0.1206872600    0.0178297250    0.0004429831    
0.1209288500    0.0172190120    0.0004384964    
0.1211704400    0.0178439220    0.0004441591    
0.1214120200    0.0177158940    0.0004409723    
0.1216536100    0.0182050290    0.0004460195    
0.1218952000    0.0178931160    0.0004398322    
0.1221367900    0.0190927720    0.0004575827    
0.1223783800    0.0183417810    0.0004455092    
0.1226199700    0.0183961570    0.0004477554    
0.1228615600    0.0180370880    0.0004429698    
0.1231031400    0.0185046160    0.0004482758    
0.1233447300    0.0184231120    0.0004470892    
0.1235863200    0.0175369930    0.0004381511    
0.1238279100    0.0182027540    0.0004414816    
0.1240695000    0.0170851480    0.0004265958    
0.1243110900    0.0174108460    0.0004304555    
0.1245526800    0.0182403330    0.0004417439    
0.1247942600    0.0183474800    0.0004395946    
0.1250358500    0.0179224350    0.0004363545    
0.1252774400    0.0184267690    0.0004414943    
0.1255190300    0.0177950130    0.0004327395    
0.1257606200    0.0179019790    0.0004357274    
0.1260022100    0.0175322200    0.0004308308    
0.1262437900    0.0178743540    0.0004335168    
0.1264853800    0.0173984250    0.0004271562    
0.1267269700    0.0185396730    0.0004386936    
0.1269685600    0.0176827040    0.0004286165    
0.1272101500    0.0176203680    0.0004278604    
0.1274517400    0.0174416920    0.0004286062    
0.1276933300    0.0181381870    0.0004306427    
0.1279349100    0.0174733520    0.0004277087    
0.1281765000    0.0179410220    0.0004324708    
0.1284180900    0.0182188200    0.0004334130    
0.1286596800    0.0179120270    0.0004310211    
0.1289012700    0.0182137860    0.0004331707    
0.1291428600    0.0183631860    0.0004358618    
0.1293844500    0.0172990930    0.0004196881    
0.1296260300    0.0182192870    0.0004326902    
0.1298676200    0.0183425990    0.0004341520    
0.1301092100    0.0184037930    0.0004327012    
0.1303508000    0.0182719680    0.0004300775    
0.1305923900    0.0182598970    0.0004342674    
0.1308339800    0.0176906350    0.0004261876    
0.1310755700    0.0179405540    0.0004273984    
0.1313171500    0.0175924620    0.0004223543    
0.1315587400    0.0181860650    0.0004288880    
0.1318003300    0.0180070280    0.0004280115    
0.1320419200    0.0178526550    0.0004226739    
0.1322835100    0.0185547600    0.0004326777    
0.1325251000    0.0175716730    0.0004208859    
0.1327666900    0.0180517950    0.0004257215    
0.1330082700    0.0183529930    0.0004292584    
0.1332498600    0.0171643640    0.0004158081    
0.1334914500    0.0186683030    0.0004357996    
0.1337330400    0.0180062130    0.0004224204    
0.1339746300    0.0175464160    0.0004180089    
0.1342162200    0.0174426000    0.0004166009    
0.1344578000    0.0181276610    0.0004260911    
0.1346993900    0.0180661450    0.0004227806    
0.1349409800    0.0187532930    0.0004332043    
0.1351825700    0.0182643240    0.0004244076    
0.1354241600    0.0185509430    0.0004284157    
0.1356657500    0.0178323650    0.0004205466    
0.1359073400    0.0179714760    0.0004247733    
0.1361489200    0.0176682320    0.0004172563    
0.1363905100    0.0176201510    0.0004163531    
0.1366321000    0.0172619390    0.0004119337    
0.1368736900    0.0184514000    0.0004258898    
0.1371152800    0.0176910680    0.0004150272    
0.1373568700    0.0179801550    0.0004200787    
0.1375984600    0.0175444020    0.0004159591    
0.1378400400    0.0174880350    0.0004146227    
0.1380816300    0.0183190980    0.0004221618    
0.1383232200    0.0181073410    0.0004219003    
0.1385648100    0.0176791800    0.0004170500    
0.1388064000    0.0183483150    0.0004218282    
0.1390479900    0.0178917320    0.0004147431    
0.1392895800    0.0176813550    0.0004164067    
0.1395311600    0.0174521580    0.0004101001    
0.1397727500    0.0181652780    0.0004183949    
0.1400143400    0.0180161770    0.0004165103    
0.1402559300    0.0179061840    0.0004193819    
0.1404975200    0.0178917320    0.0004147431    
0.1407391100    0.0179776610    0.0004160648    
0.1409806900    0.0182261520    0.0004219288    
0.1412222800    0.0187506460    0.0004237502    
0.1414638700    0.0180455560    0.0004165222    
0.1417054600    0.0178516180    0.0004110614    
0.1419470500    0.0182854520    0.0004206053    
0.1421886400    0.0176369750    0.0004090575    
0.1424302300    0.0179239830    0.0004134958    
0.1426718100    0.0179749560    0.0004148926    
0.1429134000    0.0185440250    0.0004205870    
0.1431549900    0.0184873960    0.0004209298    
0.1433965800    0.0182716900    0.0004186308    
0.1436381700    0.0186088440    0.0004196891    
0.1438797600    0.0177767940    0.0004098822    
0.1441213500    0.0175664330    0.0004080805    
0.1443629300    0.0180792170    0.0004133540    
0.1446045200    0.0176244500    0.0004084376    
0.1448461100    0.0179462710    0.0004121498    
0.1450877000    0.0180915480    0.0004112778    
0.1453292900    0.0182581640    0.0004166837    
0.1455708800    0.0172526750    0.0004028624    
0.1458124700    0.0178600390    0.0004135642    
0.1460540500    0.0177089920    0.0004052072    
0.1462956400    0.0181794150    0.0004133821    
0.1465372300    0.0177694350    0.0004074444    
0.1467788200    0.0177474770    0.0004067271    
0.1470204100    0.0184794650    0.0004155050    
0.1472620000    0.0182321770    0.0004122438    
0.1475035900    0.0181303380    0.0004104661    
0.1477451700    0.0177582620    0.0004079396    
0.1479867600    0.0190338250    0.0004197730    
0.1482283500    0.0173779810    0.0004037027    
0.1484699400    0.0174652220    0.0004030197    
0.1487115300    0.0177685350    0.0004077455    
0.1489531200    0.0175816790    0.0004007237    
0.1491947000    0.0178295250    0.0004065838    
0.1494362900    0.0180963460    0.0004076126    
0.1496778800    0.0183672570    0.0004120457    
0.1499194700    0.0175285850    0.0004019218    
0.1501610600    0.0178631000    0.0004065048    
0.1504026500    0.0179872830    0.0004057741    
0.1506442400    0.0180737180    0.0004104484    
0.1508858200    0.0179648580    0.0004076610    
0.1511274100    0.0180071650    0.0004050903    
0.1513690000    0.0182258750    0.0004075430    
0.1516105900    0.0183167590    0.0004097801    
0.1518521800    0.0179421360    0.0004049617    
0.1520937700    0.0180670490    0.0004053109    
0.1523353600    0.0178480680    0.0004031468    
0.1525769400    0.0181609110    0.0004080331    
0.1528185300    0.0178915160    0.0004045412    
0.1530601200    0.0177114760    0.0004016012    
0.1533017100    0.0184960430    0.0004125540    
0.1535433000    0.0176088900    0.0003986606    
0.1537848900    0.0185158440    0.0004086477    
0.1540264800    0.0177827680    0.0004013647    
0.1542680600    0.0183353990    0.0004072523    
0.1545096500    0.0184117700    0.0004061530    
0.1547512400    0.0177564820    0.0004007714    
0.1549928300    0.0182902710    0.0004064505    
0.1552344200    0.0178893740    0.0004015271    
0.1554760100    0.0170006650    0.0003915707    
0.1557176000    0.0175175690    0.0003989517    
0.1559591800    0.0176510700    0.0003986970    
0.1562007700    0.0180598340    0.0004009339    
0.1564423600    0.0178210730    0.0003976967    
0.1566839500    0.0179053990    0.0004025973    
0.1569255400    0.0183892570    0.0004051637    
0.1571671300    0.0179202790    0.0004001099    
0.1574087100    0.0178852550    0.0003975483    
0.1576503000    0.0182585850    0.0004062482    
0.1578918900    0.0180758530    0.0003992288    
0.1581334800    0.0190537980    0.0004122692    
0.1583750700    0.0180939010    0.0004024844    
0.1586166600    0.0180813530    0.0004117915    
0.1588582500    0.0178901740    0.0004091388    
0.1590998300    0.0182430960    0.0004179757    
0.1593414200    0.0188481420    0.0004277046    
0.1595830100    0.0175973890    0.0004155833    
0.1598246000    0.0188076770    0.0004287781    
0.1600661900    0.0185673060    0.0004301723    
0.1603077800    0.0182070420    0.0004280753    
0.1605493700    0.0180853690    0.0004273459    
0.1607909500    0.0184899390    0.0004331729    
0.1610325400    0.0180857000    0.0004311010    
0.1612741300    0.0182140280    0.0004328094    
0.1615157200    0.0180779750    0.0004330132    
0.1617573100    0.0184775920    0.0004383305    
0.1619989000    0.0173539760    0.0004282648    
0.1622404900    0.0171278640    0.0004234592    
0.1624820700    0.0177813210    0.0004357696    
0.1627236600    0.0180074260    0.0004373879    
0.1629652500    0.0183421180    0.0004408603    
0.1632068400    0.0184352120    0.0004356125    
0.1634484300    0.0181136380    0.0004250576    
0.1636900200    0.0177510540    0.0004202684    
0.1639316100    0.0178276050    0.0004184607    
0.1641731900    0.0167497250    0.0004052880    
0.1644147800    0.0177113320    0.0004134597    
0.1646563700    0.0183239900    0.0004220504    
0.1648979600    0.0178512550    0.0004131394    
0.1651395500    0.0177788960    0.0004142476    
0.1653811400    0.0175138020    0.0004087371    
0.1656227200    0.0181556410    0.0004182839    
0.1658643100    0.0183769880    0.0004175510    
0.1661059000    0.0182586270    0.0004157210    
0.1663474900    0.0179986010    0.0004099069    
0.1665890800    0.0170986980    0.0003993759    
0.1668306700    0.0177503190    0.0004089458    
0.1670722600    0.0174718280    0.0004037100    
0.1673138400    0.0173839520    0.0004025401    
0.1675554300    0.0171027640    0.0003973092    
0.1677970200    0.0179947650    0.0004093951    
0.1680386100    0.0172050940    0.0004007693    
0.1682802000    0.0177908100    0.0004050696    
0.1685217900    0.0170938380    0.0003957162    
0.1687633800    0.0171286610    0.0003956750    
0.1690049600    0.0180802820    0.0004091232    
0.1692465500    0.0167153590    0.0003884143    
0.1694881400    0.0172237860    0.0003969204    
0.1697297300    0.0178215480    0.0004025477    
0.1699713200    0.0178851760    0.0004052273    
0.1702129100    0.0178713500    0.0004013248    
0.1704545000    0.0179730060    0.0004035059    
0.1706960800    0.0183854130    0.0004097807    
0.1709376700    0.0181928670    0.0004029944    
0.1711792600    0.0170046550    0.0003910408    
0.1714208500    0.0178599270    0.0003985638    
0.1716624400    0.0165884030    0.0003865091    
0.1719040300    0.0179288190    0.0003983199    
0.1721456200    0.0175284230    0.0003954227    
0.1723872000    0.0170824070    0.0003903594    
0.1726287900    0.0176503950    0.0003963630    
0.1728703800    0.0173522780    0.0003938617    
0.1731119700    0.0178049270    0.0003969412    
0.1733535600    0.0178000990    0.0003970310    
0.1735951500    0.0168872710    0.0003844973    
0.1738367300    0.0177407890    0.0003955113    
0.1740783200    0.0176547910    0.0003927168    
0.1743199100    0.0176051330    0.0003925846    
0.1745615000    0.0181836730    0.0003981296    
0.1748030900    0.0172383040    0.0003868164    
0.1750446800    0.0173418210    0.0003923128    
0.1752862700    0.0169405390    0.0003826478    
0.1755278500    0.0171981380    0.0003909678    
0.1757694400    0.0180194960    0.0003954841    
0.1760110300    0.0182404170    0.0003986084    
0.1762526200    0.0177374600    0.0003909928    
0.1764942100    0.0177491020    0.0003915349    
0.1767358000    0.0167494770    0.0003800814    
0.1769773900    0.0172457960    0.0003848588    
0.1772189700    0.0173237590    0.0003864062    
0.1774605600    0.0179419670    0.0003943528    
0.1777021500    0.0173696370    0.0003863737    
0.1779437400    0.0169432120    0.0003817356    
0.1781853300    0.0183666560    0.0003984287    
0.1784269200    0.0175602070    0.0003860552    
0.1786685100    0.0176714530    0.0003882195    
0.1789100900    0.0171002670    0.0003805701    
0.1791516800    0.0170661530    0.0003808498    
0.1793932700    0.0172566170    0.0003831022    
0.1796348600    0.0167312470    0.0003755329    
0.1798764500    0.0175067000    0.0003841369    
0.1801180400    0.0168777320    0.0003773032    
0.1803596200    0.0172896930    0.0003844053    
0.1806012100    0.0175378950    0.0003840824    
0.1808428000    0.0176687470    0.0003853802    
0.1810843900    0.0176520960    0.0003840135    
0.1813259800    0.0181232990    0.0003897709    
0.1815675700    0.0176688040    0.0003841952    
0.1818091600    0.0173777510    0.0003807579    
0.1820507400    0.0173764130    0.0003810031    
0.1822923300    0.0175634560    0.0003822662    
0.1825339200    0.0179813090    0.0003879754    
0.1827755100    0.0182998920    0.0003898008    
0.1830171000    0.0169789480    0.0003784329    
0.1832586900    0.0171341450    0.0003764156    
0.1835002800    0.0180804260    0.0003870627    
0.1837418600    0.0169528320    0.0003737878    
0.1839834500    0.0173865580    0.0003799490    
0.1842250400    0.0167537540    0.0003722138    
0.1844666300    0.0177927070    0.0003831931    
0.1847082200    0.0178594000    0.0003836519    
0.1849498100    0.0168219850    0.0003727192    
0.1851914000    0.0177531700    0.0003848488    
0.1854329800    0.0178542620    0.0003839848    
0.1856745700    0.0179980520    0.0003859187    
0.1859161600    0.0178684660    0.0003818258    
0.1861577500    0.0177542380    0.0003806033    
0.1863993400    0.0175541320    0.0003794657    
0.1866409300    0.0175372250    0.0003775158    
0.1868825200    0.0174035450    0.0003792351    
0.1871241000    0.0170772210    0.0003726555    
0.1873656900    0.0179347140    0.0003839433    
0.1876072800    0.0178399740    0.0003800042    
0.1878488700    0.0172989760    0.0003775845    
0.1880904600    0.0174474950    0.0003783113    
0.1883320500    0.0177642550    0.0003788213    
0.1885736300    0.0175753540    0.0003775501    
0.1888152200    0.0171665660    0.0003730100    
0.1890568100    0.0166550280    0.0003683875    
0.1892984000    0.0179629570    0.0003805574    
0.1895399900    0.0173191860    0.0003749128    
0.1897815800    0.0177574410    0.0003796267    
0.1900231700    0.0175301980    0.0003771898    
0.1902647500    0.0171793540    0.0003724097    
0.1905063400    0.0172584120    0.0003756269    
0.1907479300    0.0172457740    0.0003734987    
0.1909895200    0.0170859930    0.0003702989    
0.1912311100    0.0171872520    0.0003718826    
0.1914727000    0.0170329590    0.0003698450    
0.1917142900    0.0176026890    0.0003770947    
0.1919558700    0.0167735770    0.0003649881    
0.1921974600    0.0171422240    0.0003721298    
0.1924390500    0.0168666780    0.0003697375    
0.1926806400    0.0173046180    0.0003730275    
0.1929222300    0.0173616540    0.0003742570    
0.1931638200    0.0168658790    0.0003658723    
0.1934054100    0.0167514850    0.0003677429    
0.1936469900    0.0174997160    0.0003729257    
0.1938885800    0.0178601140    0.0003787188    
0.1941301700    0.0165834850    0.0003632678    
0.1943717600    0.0179361280    0.0003796484    
0.1946133500    0.0182593770    0.0003795808    
0.1948549400    0.0172381340    0.0003713356    
0.1950965300    0.0177392930    0.0003763260    
0.1953381100    0.0170304950    0.0003684908    
0.1955797000    0.0172734210    0.0003718370    
0.1958212900    0.0169093210    0.0003658689    
0.1960628800    0.0173242610    0.0003704506    
0.1963044700    0.0178526740    0.0003754508    
0.1965460600    0.0175113370    0.0003748797    
0.1967876400    0.0169863690    0.0003654039    
0.1970292300    0.0180666160    0.0003772073    
0.1972708200    0.0171738810    0.0003694376    
0.1975124100    0.0170801750    0.0003681893    
0.1977540000    0.0170373780    0.0003676086    
0.1979955900    0.0176807270    0.0003742424    
0.1982371800    0.0167187620    0.0003647465    
0.1984787600    0.0172259550    0.0003660956    
0.1987203500    0.0169295120    0.0003650264    
0.1989619400    0.0171877340    0.0003680364    
0.1992035300    0.0172393400    0.0003678786    
0.1994451200    0.0175837610    0.0003717738    
0.1996867100    0.0173518260    0.0003686042    
0.1999283000    0.0168448820    0.0003638789    
0.2001698800    0.0173768700    0.0003700558    
0.2004114700    0.0180805820    0.0003785731    
0.2006530600    0.0171528660    0.0003657835    
0.2008946500    0.0174334520    0.0003695885    
0.2011362400    0.0169857040    0.0003623836    
0.2013778300    0.0176545050    0.0003725209    
0.2016194200    0.0178312850    0.0003716464    
0.2018610000    0.0173465840    0.0003680779    
0.2021025900    0.0189370810    0.0003849509    
0.2023441800    0.0176884670    0.0003710958    
0.2025857700    0.0177690900    0.0003722960    
0.2028273600    0.0183580130    0.0003799927    
0.2030689500    0.0177136670    0.0003719520    
0.2033105400    0.0170260430    0.0003625847    
0.2035521200    0.0178519610    0.0003728069    
0.2037937100    0.0173762800    0.0003672229    
0.2040353000    0.0174537540    0.0003688602    
0.2042768900    0.0175490680    0.0003685771    
0.2045184800    0.0182505210    0.0003743352    
0.2047600700    0.0177542590    0.0003719036    
0.2050016500    0.0174369900    0.0003689181    
0.2052432400    0.0173413690    0.0003675537    
0.2054848300    0.0173844820    0.0003664971    
0.2057264200    0.0172781300    0.0003677030    
0.2059680100    0.0171632490    0.0003625589    
0.2062096000    0.0181228020    0.0003738449    
0.2064511900    0.0173554100    0.0003651546    
0.2066927700    0.0173775240    0.0003670034    
0.2069343600    0.0176196720    0.0003690844    
0.2071759500    0.0173999350    0.0003666599    
0.2074175400    0.0177252440    0.0003698382    
0.2076591300    0.0177310790    0.0003693173    
0.2079007200    0.0177015320    0.0003719433    
0.2081423100    0.0178135610    0.0003695950    
0.2083838900    0.0172142470    0.0003641240    
0.2086254800    0.0176626340    0.0003694174    
0.2088670700    0.0178618500    0.0003706767    
0.2091086600    0.0172270970    0.0003652958    
0.2093502500    0.0178701560    0.0003705301    
0.2095918400    0.0183813100    0.0003778134    
0.2098334300    0.0182419700    0.0003756642    
0.2100750100    0.0187706400    0.0003822790    
0.2103166000    0.0171294650    0.0003655339    
0.2105581900    0.0177165000    0.0003689337    
0.2107997800    0.0172740160    0.0003663731    
0.2110413700    0.0174431870    0.0003661918    
0.2112829600    0.0177811580    0.0003723037    
0.2115245400    0.0178359110    0.0003700588    
0.2117661300    0.0179459100    0.0003735490    
0.2120077200    0.0175069280    0.0003672064    
0.2122493100    0.0180404820    0.0003760883    
0.2124909000    0.0182187610    0.0003754252    
0.2127324900    0.0171545300    0.0003667374    
0.2129740800    0.0179876120    0.0003725653    
0.2132156600    0.0177561110    0.0003701600    
0.2134572500    0.0180547670    0.0003746802    
0.2136988400    0.0177367600    0.0003711302    
0.2139404300    0.0178429430    0.0003703641    
0.2141820200    0.0176134550    0.0003696034    
0.2144236100    0.0172386690    0.0003666972    
0.2146652000    0.0174593690    0.0003685676    
0.2149067800    0.0170431460    0.0003625381    
0.2151483700    0.0173487200    0.0003713133    
0.2153899600    0.0173802230    0.0003763223    
0.2156315500    0.0177971770    0.0003845399    
0.2158731400    0.0174539250    0.0003822435    
0.2161147300    0.0169504790    0.0003814156    
0.2163563200    0.0177327110    0.0003910782    
0.2165979000    0.0171849210    0.0003878711    
0.2168394900    0.0176829570    0.0003937331    
0.2170810800    0.0175286520    0.0003964379    
0.2173226700    0.0180580890    0.0004020859    
0.2175642600    0.0174889940    0.0003978884    
0.2178058500    0.0173822020    0.0003981469    
0.2180474400    0.0176627380    0.0004033051    
0.2182890200    0.0173100530    0.0004024506    
0.2185306100    0.0169955940    0.0003962118    
0.2187722000    0.0166908250    0.0003976261    
0.2190137900    0.0174379890    0.0004056443    
0.2192553800    0.0173629600    0.0004085685    
0.2194969700    0.0167391660    0.0003986646    
0.2197385500    0.0176593300    0.0004069575    
0.2199801400    0.0163151730    0.0003870330    
0.2202217300    0.0170386850    0.0003917198    
0.2204633200    0.0168594000    0.0003878030    
0.2207049100    0.0173894850    0.0003912940    
0.2209465000    0.0160511550    0.0003759352    
0.2211880900    0.0166407630    0.0003808643    
0.2214296700    0.0167064870    0.0003810732    
0.2216712600    0.0174219100    0.0003885955    
0.2219128500    0.0164101670    0.0003760794    
0.2221544400    0.0161470430    0.0003749048    
0.2223960300    0.0169617700    0.0003823478    
0.2226376200    0.0166859190    0.0003821982    
0.2228792100    0.0166201040    0.0003786107    
0.2231207900    0.0167494770    0.0003800814    
0.2233623800    0.0170506800    0.0003810743    
0.2236039700    0.0173230930    0.0003857203    
0.2238455600    0.0168653880    0.0003787346    
0.2240871500    0.0162840950    0.0003727988    
0.2243287400    0.0166814240    0.0003753614    
0.2245703300    0.0166976610    0.0003780307    
0.2248119100    0.0167620350    0.0003782300    
0.2250535000    0.0170488580    0.0003813194    
0.2252950900    0.0162695310    0.0003739381    
0.2255366800    0.0170801640    0.0003795592    
0.2257782700    0.0161289470    0.0003697316    
0.2260198600    0.0165062190    0.0003727424    
0.2262614500    0.0166294580    0.0003740027    
0.2265030300    0.0172633270    0.0003805413    
0.2267446200    0.0168873430    0.0003778014    
0.2269862100    0.0170157600    0.0003766430    
0.2272278000    0.0165389770    0.0003723446    
0.2274693900    0.0163709990    0.0003693124    
0.2277109800    0.0165726760    0.0003749129    
0.2279525600    0.0169010280    0.0003751156    
0.2281941500    0.0167058340    0.0003738343    
0.2284357400    0.0170023310    0.0003766226    
0.2286773300    0.0168250280    0.0003759372    
0.2289189200    0.0164869480    0.0003698634    
0.2291605100    0.0176025390    0.0003843936    
0.2294021000    0.0165680030    0.0003714015    
0.2296436800    0.0163747370    0.0003725382    
0.2298852700    0.0163459480    0.0003686535    
0.2301268600    0.0169321480    0.0003790885    
0.2303684500    0.0166174200    0.0003733545    
0.2306100400    0.0166967490    0.0003747587    
0.2308516300    0.0168711100    0.0003759360    
0.2310932200    0.0160304640    0.0003683461    
0.2313348000    0.0166982470    0.0003741332    
0.2315763900    0.0165310310    0.0003726382    
0.2318179800    0.0164284920    0.0003732784    
0.2320595700    0.0166294580    0.0003740027    
0.2323011600    0.0167668160    0.0003767111    
0.2325427500    0.0174016020    0.0003837759    
0.2327843400    0.0162386330    0.0003721483    
0.2330259200    0.0159999110    0.0003661010    
0.2332675100    0.0159766370    0.0003663364    
0.2335091000    0.0174403240    0.0003840698    
0.2337506900    0.0167591160    0.0003745580    
0.2339922800    0.0162702390    0.0003712190    
0.2342338700    0.0163829440    0.0003718597    
0.2344754600    0.0172241730    0.0003824762    
0.2347170400    0.0167914290    0.0003755617    
0.2349586300    0.0169906570    0.0003786939    
0.2352002200    0.0170792170    0.0003828613    
0.2354418100    0.0161570870    0.0003701822    
0.2356834000    0.0168207670    0.0003774472    
0.2359249900    0.0165552550    0.0003721457    
0.2361665700    0.0162387990    0.0003717618    
0.2364081600    0.0165988090    0.0003737864    
0.2366497500    0.0157792100    0.0003664632    
0.2368913400    0.0166277170    0.0003746274    
0.2371329300    0.0167427130    0.0003782758    
0.2373745200    0.0168610440    0.0003781606    
0.2376161100    0.0167847110    0.0003773036    
0.2378576900    0.0173032490    0.0003844217    
0.2380992800    0.0167658870    0.0003763105    
0.2383408700    0.0163748550    0.0003729271    
0.2385824600    0.0163238490    0.0003708051    
0.2388240500    0.0161652500    0.0003706612    
0.2390656400    0.0170354870    0.0003806397    
0.2393072300    0.0173642020    0.0003832308    
0.2395488100    0.0166320460    0.0003755838    
0.2397904000    0.0162584910    0.0003725055    
0.2400319900    0.0167918050    0.0003790948    
0.2402735800    0.0170620520    0.0003826688    
0.2405151700    0.0166261250    0.0003770882    
0.2407567600    0.0165993890    0.0003741791    
0.2409983500    0.0169123990    0.0003797903    
0.2412399300    0.0158586840    0.0003662406    
0.2414815200    0.0161783470    0.0003722358    
0.2417231100    0.0169270810    0.0003774644    
0.2419647000    0.0162068170    0.0003726936    
0.2422062900    0.0165375950    0.0003759515    
0.2424478800    0.0165320470    0.0003760198    
0.2426894600    0.0160389700    0.0003721950    
0.2429310500    0.0170028950    0.0003806724    
0.2431726400    0.0160600700    0.0003697102    
0.2434142300    0.0159634890    0.0003671951    
0.2436558200    0.0157034270    0.0003678919    
0.2438974100    0.0162166680    0.0003704792    
0.2441390000    0.0159709160    0.0003693253    
0.2443805800    0.0163267860    0.0003736782    
0.2446221700    0.0168238930    0.0003797225    
0.2448637600    0.0164330700    0.0003762093    
0.2451053500    0.0155602360    0.0003640382    
0.2453469400    0.0159702970    0.0003727148    
0.2455885300    0.0161989980    0.0003714351    
0.2458301200    0.0166114790    0.0003785124    
0.2460717000    0.0160749310    0.0003693679    
0.2463132900    0.0164911680    0.0003745092    
0.2465548800    0.0161605560    0.0003728146    
0.2467964700    0.0157926640    0.0003668746    
0.2470380600    0.0163553990    0.0003745293    
0.2472796500    0.0162325290    0.0003729891    
0.2475212400    0.0164801440    0.0003780804    
0.2477628200    0.0161062710    0.0003745644    
0.2480044100    0.0162499570    0.0003724078    
0.2482460000    0.0163723240    0.0003739377    
0.2484875900    0.0164612760    0.0003758713    
0.2487291800    0.0169848090    0.0003818016    
0.2489707700    0.0159025910    0.0003685344    
0.2492123600    0.0159984380    0.0003718556    
0.2494539400    0.0168002070    0.0003802548    
0.2496955300    0.0161426140    0.0003733956    
0.2499371200    0.0161667150    0.0003723627    
0.2501787100    0.0162188750    0.0003770812    
0.2504203000    0.0163039690    0.0003735475    
0.2506618900    0.0161066380    0.0003692202    
0.2509034700    0.0161265570    0.0003720303    
0.2511450600    0.0166859930    0.0003777665    
0.2513866500    0.0163382880    0.0003747274    
0.2516282400    0.0166205280    0.0003753237    
0.2518698300    0.0167981820    0.0003794322    
0.2521114200    0.0166053660    0.0003763271    
0.2523530100    0.0163125280    0.0003736456    
0.2525945900    0.0159349770    0.0003683957    
0.2528361800    0.0161107980    0.0003731592    
0.2530777700    0.0164229100    0.0003733444    
0.2533193600    0.0170663880    0.0003801930    
0.2535609500    0.0166735960    0.0003770994    
0.2538025400    0.0164063020    0.0003739343    
0.2540441300    0.0160824370    0.0003702252    
0.2542857100    0.0165932280    0.0003756663    
0.2545273000    0.0167078540    0.0003789418    
0.2547688900    0.0165129010    0.0003738477    
0.2550104800    0.0161921800    0.0003730481    
0.2552520700    0.0160843740    0.0003732486    
0.2554936600    0.0158482780    0.0003668819    
0.2557352500    0.0160300970    0.0003703968    
0.2559768300    0.0161852660    0.0003706333    
0.2562184200    0.0167039060    0.0003783660    
0.2564600100    0.0162052260    0.0003706049    
0.2567016000    0.0163153730    0.0003742019    
0.2569431900    0.0165737380    0.0003757068    
0.2571847800    0.0166466370    0.0003760092    
0.2574263700    0.0163863680    0.0003735770    
0.2576679500    0.0167030980    0.0003779601    
0.2579095400    0.0158297150    0.0003683322    
0.2581511300    0.0167423040    0.0003768267    
0.2583927200    0.0165721480    0.0003745178    
0.2586343100    0.0164612280    0.0003721061    
0.2588759000    0.0159597790    0.0003690677    
0.2591174800    0.0161362360    0.0003681616    
0.2593590700    0.0164388810    0.0003719813    
0.2596006600    0.0166713810    0.0003758975    
0.2598422500    0.0165701980    0.0003751449    
0.2600838400    0.0161509690    0.0003706262    
0.2603254300    0.0158871540    0.0003688707    
0.2605670200    0.0165507030    0.0003751846    
0.2608086000    0.0162233600    0.0003685224    
0.2610501900    0.0161208810    0.0003692558    
0.2612917800    0.0159017790    0.0003676282    
0.2615333700    0.0168482660    0.0003774944    
0.2617749600    0.0163889610    0.0003729583    
0.2620165500    0.0165631760    0.0003740286    
0.2622581400    0.0168741480    0.0003798904    
0.2624997200    0.0163521590    0.0003724102    
0.2627413100    0.0159578490    0.0003715148    
0.2629829000    0.0164664290    0.0003716544    
0.2632244900    0.0159375510    0.0003685537    
0.2634660800    0.0166699200    0.0003751025    
0.2637076700    0.0161740500    0.0003703765    
0.2639492600    0.0159535330    0.0003678430    
0.2641908400    0.0158558080    0.0003673516    
0.2644324300    0.0161075660    0.0003709019    
0.2646740200    0.0165735570    0.0003735019    
0.2649156100    0.0161519550    0.0003727154    
0.2651572000    0.0158217640    0.0003669570    
0.2653987900    0.0161261530    0.0003724176    
0.2656403800    0.0160109870    0.0003696593    
0.2658819600    0.0162251320    0.0003705759    
0.2661235500    0.0164379690    0.0003749484    
0.2663651400    0.0165103460    0.0003740776    
0.2666067300    0.0158983630    0.0003678442    
0.2668483200    0.0161428300    0.0003701471    
0.2670899100    0.0156047420    0.0003669927    
0.2673314900    0.0162871780    0.0003714122    
0.2675730800    0.0162695310    0.0003739381    
0.2678146700    0.0166726020    0.0003796097    
0.2680562600    0.0161822480    0.0003708561    
0.2682978500    0.0152919480    0.0003611376    
0.2685394400    0.0159060430    0.0003670408    
0.2687810300    0.0164494640    0.0003752106    
0.2690226100    0.0164053920    0.0003719862    
0.2692642000    0.0158825810    0.0003707687    
0.2695057900    0.0164996730    0.0003746058    
0.2697473800    0.0171579760    0.0003821385    
0.2699889700    0.0161461000    0.0003727788    
0.2702305600    0.0163326290    0.0003755868    
0.2704721500    0.0162665940    0.0003741672    
0.2707137300    0.0165611990    0.0003746532    
0.2709553200    0.0157256240    0.0003675054    
0.2711969100    0.0158624170    0.0003681971    
0.2714385000    0.0155130950    0.0003632336    
0.2716800900    0.0165924900    0.0003771020    
0.2719216800    0.0162048300    0.0003808949    
0.2721632700    0.0163061280    0.0003847669    
0.2724048500    0.0167559940    0.0003950523    
0.2726464400    0.0160638650    0.0003939163    
0.2728880300    0.0159344650    0.0003926365    
0.2731296200    0.0164845470    0.0004015846    
0.2733712100    0.0161359630    0.0004005305    
0.2736128000    0.0159164070    0.0004032379    
0.2738543800    0.0163485270    0.0004063078    
0.2740959700    0.0162015770    0.0004083710    
0.2743375600    0.0162695020    0.0004121834    
0.2745791500    0.0163673850    0.0004151966    
0.2748207400    0.0162221180    0.0004162255    
0.2750623300    0.0159658110    0.0004129242    
0.2753039200    0.0161764310    0.0004200608    
0.2755455000    0.0157400850    0.0004130701    
0.2757870900    0.0157338440    0.0004191595    
0.2760286800    0.0163845680    0.0004256091    
0.2762702700    0.0170102670    0.0004417134    
0.2765118600    0.0157928630    0.0004087248    
0.2767534500    0.0165211620    0.0004164264    
0.2769950400    0.0165144660    0.0004129907    
0.2772366200    0.0159810800    0.0004020477    
0.2774782100    0.0162438750    0.0004058433    
0.2777198000    0.0161721710    0.0004059568    
0.2779613900    0.0161627580    0.0004048287    
0.2782029800    0.0164222540    0.0004001859    
0.2784445700    0.0157099360    0.0003947270    
0.2786861600    0.0158974570    0.0003959544    
0.2789277400    0.0162603680    0.0003960058    
0.2791693300    0.0161797800    0.0003953349    
0.2794109200    0.0163247350    0.0003989959    
0.2796525100    0.0160298450    0.0003947471    
0.2798941000    0.0168186760    0.0003997654    
0.2801356900    0.0163893510    0.0003986745    
0.2803772800    0.0164136430    0.0004024935    
0.2806188600    0.0151183640    0.0003784324    
0.2808604500    0.0152561740    0.0003781102    
0.2811020400    0.0167526310    0.0003977464    
0.2813436300    0.0159179030    0.0003895181    
0.2815852200    0.0162839780    0.0003900424    
0.2818268100    0.0162237990    0.0003914182    
0.2820683900    0.0166632080    0.0003977590    
0.2823099800    0.0166468740    0.0003972560    
0.2825515700    0.0160481260    0.0003866177    
0.2827931600    0.0160066230    0.0003907543    
0.2830347500    0.0159253640    0.0003875025    
0.2832763400    0.0152446660    0.0003772462    
0.2835179300    0.0157954530    0.0003840006    
0.2837595100    0.0162710170    0.0003919874    
0.2840011000    0.0163087680    0.0003928968    
0.2842426900    0.0159223400    0.0003843689    
0.2844842800    0.0157367790    0.0003841668    
0.2847258700    0.0163684050    0.0003924025    
0.2849674600    0.0162015850    0.0003914523    
0.2852090500    0.0155909670    0.0003820902    
0.2854506300    0.0153927780    0.0003812617    
0.2856922200    0.0152420310    0.0003782246    
0.2859338100    0.0156090180    0.0003833393    
0.2861754000    0.0168025650    0.0003956009    
0.2864169900    0.0163244380    0.0003897835    
0.2866585800    0.0162493540    0.0003906727    
0.2869001700    0.0163057670    0.0003904523    
0.2871417500    0.0163804220    0.0003908974    
0.2873833400    0.0167070620    0.0003964410    
0.2876249300    0.0156330690    0.0003839299    
0.2878665200    0.0174701840    0.0004083870    
0.2881081100    0.0157591380    0.0003810960    
0.2883497000    0.0161069540    0.0003874731    
0.2885912900    0.0160015560    0.0003860563    
0.2888328700    0.0154265100    0.0003792003    
0.2890744600    0.0163120480    0.0003890443    
0.2893160500    0.0167770290    0.0003949997    
0.2895576400    0.0164498320    0.0003932262    
0.2897992300    0.0155563880    0.0003786366    
0.2900408200    0.0156269920    0.0003803550    
0.2902824000    0.0158952380    0.0003865407    
0.2905239900    0.0161442390    0.0003879213    
0.2907655800    0.0156566840    0.0003792844    
0.2910071700    0.0158496360    0.0003816144    
0.2912487600    0.0162475790    0.0003869568    
0.2914903500    0.0163824060    0.0003875390    
0.2917319400    0.0153985120    0.0003744613    
0.2919735200    0.0158296640    0.0003808025    
0.2922151100    0.0156519970    0.0003779529    
0.2924567000    0.0153258260    0.0003746933    
0.2926982900    0.0161715530    0.0003850370    
0.2929398800    0.0159352930    0.0003842340    
0.2931814700    0.0167964010    0.0003905084    
0.2934230600    0.0156819440    0.0003784555    
0.2936646400    0.0158769570    0.0003781300    
0.2939062300    0.0158717450    0.0003815941    
0.2941478200    0.0167228680    0.0003892198    
0.2943894100    0.0159706480    0.0003822086    
0.2946310000    0.0165426850    0.0003879798    
0.2948725900    0.0156845160    0.0003786278    
0.2951141800    0.0158082890    0.0003794111    
0.2953557600    0.0158382860    0.0003823398    
0.2955973500    0.0156745700    0.0003769625    
0.2958389400    0.0160683420    0.0003809633    
0.2960805300    0.0161644590    0.0003823833    
0.2963221200    0.0162130900    0.0003822524    
0.2965637100    0.0161921550    0.0003818649    
0.2968053000    0.0154216270    0.0003718485    
0.2970468800    0.0153952970    0.0003726244    
0.2972884700    0.0158788970    0.0003773210    
0.2975300600    0.0160133880    0.0003789156    
0.2977716500    0.0156167300    0.0003755715    
0.2980132400    0.0157043340    0.0003774600    
0.2982548300    0.0147489440    0.0003629839    
0.2984964100    0.0159797550    0.0003772758    
0.2987380000    0.0159514310    0.0003777670    
0.2989795900    0.0163449560    0.0003815625    
0.2992211800    0.0154738810    0.0003708513    
0.2994627700    0.0158861400    0.0003768553    
0.2997043600    0.0152579080    0.0003702765    
0.2999459500    0.0168001180    0.0003883966    
0.3001875300    0.0161063470    0.0003797357    
0.3004291200    0.0156662360    0.0003784071    
0.3006707100    0.0160338200    0.0003775016    
0.3009123000    0.0154867690    0.0003727696    
0.3011538900    0.0158492170    0.0003745071    
0.3013954800    0.0153072900    0.0003700610    
0.3016370700    0.0153385440    0.0003701681    
0.3018786500    0.0164105450    0.0003828851    
0.3021202400    0.0161129170    0.0003792587    
0.3023618300    0.0160660760    0.0003803754    
0.3026034200    0.0156457790    0.0003745411    
0.3028450100    0.0152646720    0.0003702227    
0.3030866000    0.0160362640    0.0003798826    
0.3033281900    0.0158942680    0.0003759917    
0.3035697700    0.0163331330    0.0003821204    
0.3038113600    0.0160526300    0.0003791020    
0.3040529500    0.0157849580    0.0003745605    
0.3042945400    0.0160399470    0.0003774366    
0.3045361300    0.0164021630    0.0003840508    
0.3047777200    0.0158781650    0.0003763486    
0.3050193100    0.0162854780    0.0003814233    
0.3052608900    0.0166564510    0.0003867324    
0.3055024800    0.0157196530    0.0003804751    
0.3057440700    0.0155660370    0.0003711463    
0.3059856600    0.0154738810    0.0003708513    
0.3062272500    0.0158834780    0.0003766862    
0.3064688400    0.0159740300    0.0003787272    
0.3067104200    0.0152077690    0.0003665853    
0.3069520100    0.0158986730    0.0003767289    
0.3071936000    0.0159237270    0.0003778533    
0.3074351900    0.0156712550    0.0003752585    
0.3076767800    0.0155983120    0.0003723394    
0.3079183700    0.0156045380    0.0003762588    
0.3081599600    0.0157224790    0.0003776781    
0.3084015400    0.0163182340    0.0003804208    
0.3086431300    0.0152850600    0.0003679144    
0.3088847200    0.0159685570    0.0003783848    
0.3091263100    0.0152894240    0.0003693054    
0.3093679000    0.0152267730    0.0003690864    
0.3096094900    0.0156835700    0.0003726796    
0.3098510800    0.0156463420    0.0003760662    
0.3100926600    0.0161063470    0.0003797357    
0.3103342500    0.0157303240    0.0003752768    
0.3105758400    0.0154799270    0.0003748925    
0.3108174300    0.0155586940    0.0003721366    
0.3110590200    0.0157790850    0.0003765473    
0.3113006100    0.0152209120    0.0003670088    
0.3115422000    0.0159138720    0.0003781522    
0.3117837800    0.0162617380    0.0003808672    
0.3120253700    0.0151009460    0.0003680969    
0.3122669600    0.0158836720    0.0003753212    
0.3125085500    0.0158112890    0.0003772084    
0.3127501400    0.0155919830    0.0003738966    
0.3129917300    0.0161554130    0.0003822763    
0.3132333100    0.0157212980    0.0003761335    
0.3134749000    0.0157021130    0.0003753523    
0.3137164900    0.0151068360    0.0003668264    
0.3139580800    0.0162084560    0.0003798277    
0.3141996700    0.0157952900    0.0003752284    
0.3144412600    0.0157494780    0.0003750939    
0.3146828500    0.0152893710    0.0003703862    
0.3149244300    0.0150335440    0.0003658024    
0.3151660200    0.0151702020    0.0003693464    
0.3154076100    0.0151088070    0.0003692772    
0.3156492000    0.0161514120    0.0003833640    
0.3158907900    0.0156072000    0.0003724455    
0.3161323800    0.0156719080    0.0003733524    
0.3163739700    0.0152916680    0.0003689294    
0.3166155500    0.0152960960    0.0003708757    
0.3168571400    0.0154565640    0.0003711833    
0.3170987300    0.0160794880    0.0003794190    
0.3173403200    0.0154259240    0.0003716281    
0.3175819100    0.0157726940    0.0003766093    
0.3178235000    0.0162495940    0.0003814207    
0.3180650900    0.0158813530    0.0003788799    
0.3183066700    0.0150443080    0.0003678106    
0.3185482600    0.0153433390    0.0003715846    
0.3187898500    0.0156289390    0.0003724344    
0.3190314400    0.0152178260    0.0003689780    
0.3192730300    0.0153362830    0.0003700058    
0.3195146200    0.0156587000    0.0003744215    
0.3197562100    0.0160181350    0.0003778661    
0.3199977900    0.0159066990    0.0003772369    
0.3202393800    0.0156182800    0.0003751750    
0.3204809700    0.0144170510    0.0003609908    
0.3207225600    0.0154043160    0.0003727336    
0.3209641500    0.0160598820    0.0003804420    
0.3212057400    0.0157303500    0.0003743200    
0.3214473200    0.0156551570    0.0003736963    
0.3216889100    0.0164549120    0.0003829832    
0.3219305000    0.0155454540    0.0003737493    
0.3221720900    0.0158583130    0.0003769384    
0.3224136800    0.0156783030    0.0003732929    
0.3226552700    0.0159638840    0.0003808489    
0.3228968600    0.0151684310    0.0003686483    
0.3231384400    0.0163030110    0.0003858769    
0.3233800300    0.0160599210    0.0003782209    
0.3236216200    0.0158781650    0.0003763486    
0.3238632100    0.0154080180    0.0003714123    
0.3241048000    0.0160430730    0.0003794056    
0.3243463900    0.0155471520    0.0003733587    
0.3245879800    0.0160526300    0.0003791020    
0.3248295600    0.0155911250    0.0003733397    
0.3250711500    0.0157431020    0.0003751549    
0.3253127400    0.0168248060    0.0003889674    
0.3255543300    0.0152397640    0.0003706009    
0.3257959200    0.0156469140    0.0003776100    
0.3260375100    0.0155967400    0.0003727269    
0.3262791000    0.0163391700    0.0003828909    
0.3265206800    0.0154100110    0.0003710295    
0.3267622700    0.0155454540    0.0003737493    
0.3270038600    0.0160133880    0.0003789156    
0.3272454500    0.0155285460    0.0003725897    
0.3274870400    0.0153005820    0.0003701152    
0.3277286300    0.0154043160    0.0003727336    
0.3279702200    0.0153523380    0.0003716935    
0.3282118000    0.0158006780    0.0003798854    
0.3284533900    0.0161571980    0.0003801957    
0.3286949800    0.0154613980    0.0003850936    
0.3289365700    0.0150864830    0.0003855675    
0.3291781600    0.0152457210    0.0003909159    
0.3294197500    0.0156445760    0.0004006165    
0.3296613300    0.0164997020    0.0004156215    
0.3299029200    0.0153665700    0.0004016117    
0.3301445100    0.0155548920    0.0004099074    
0.3303861000    0.0163437760    0.0004229826    
0.3306276900    0.0158402470    0.0004196184    
0.3308692800    0.0160994210    0.0004232296    
0.3311108700    0.0157451350    0.0004220139    
0.3313524500    0.0156627280    0.0004256553    
0.3315940400    0.0154915560    0.0004227241    
0.3318356300    0.0155528230    0.0004290536    
0.3320772200    0.0163893890    0.0004408682    
0.3323188100    0.0152107520    0.0004286846    
0.3325604000    0.0157199520    0.0004351570    
0.3328019900    0.0164084350    0.0004492512    
0.3330435700    0.0153826660    0.0004304633    
0.3332851600    0.0158997170    0.0004319364    
0.3335267500    0.0161603390    0.0004219252    
0.3337683400    0.0157968140    0.0004171526    
0.3340099300    0.0157711530    0.0004140280    
0.3342515200    0.0154369350    0.0004056737    
0.3344931100    0.0157264890    0.0004052465    
0.3347346900    0.0152247440    0.0004000974    
0.3349762800    0.0159227660    0.0004070735    
0.3352178700    0.0153370740    0.0003979965    
0.3354594600    0.0156331950    0.0003998011    
0.3357010500    0.0148795980    0.0003910272    
0.3359426400    0.0154561120    0.0003998757    
0.3361842300    0.0155023220    0.0003927471    
0.3364258100    0.0152239600    0.0003885737    
0.3366674000    0.0159868320    0.0003986753    
0.3369089900    0.0151897750    0.0003871971    
0.3371505800    0.0160823070    0.0003976095    
0.3373921700    0.0155872720    0.0003923888    
0.3376337600    0.0151479490    0.0003865078    
0.3378753400    0.0160780660    0.0003983577    
0.3381169300    0.0155916030    0.0003904005    
0.3383585200    0.0160651350    0.0004006280    
0.3386001100    0.0160887180    0.0003950010    
0.3388417000    0.0161554420    0.0003972383    
0.3390832900    0.0154276260    0.0003843716    
0.3393248800    0.0160978920    0.0003955841    
0.3395664600    0.0156081840    0.0003887495    
0.3398080500    0.0161604610    0.0003950988    
0.3400496400    0.0158930130    0.0003904316    
0.3402912300    0.0162544910    0.0003942293    
0.3405328200    0.0153926740    0.0003859037    
0.3407744100    0.0155404060    0.0003879045    
0.3410160000    0.0154609120    0.0003873711    
0.3412575800    0.0160935260    0.0003909006    
0.3414991700    0.0162581940    0.0003925909    
0.3417407600    0.0156891430    0.0003867090    
0.3419823500    0.0157327560    0.0003844124    
0.3422239400    0.0157719770    0.0003865263    
0.3424655300    0.0148082260    0.0003754034    
0.3427071200    0.0154354850    0.0003820852    
0.3429487000    0.0161539140    0.0003913298    
0.3431902900    0.0149732540    0.0003783732    
0.3434318800    0.0159879840    0.0003940749    
0.3436734700    0.0157782460    0.0003843782    
0.3439150600    0.0158925680    0.0003848858    
0.3441566500    0.0160791850    0.0003895195    
0.3443982300    0.0155525320    0.0003826450    
0.3446398200    0.0156658790    0.0003830071    
0.3448814100    0.0160514930    0.0003887347    
0.3451230000    0.0150034650    0.0003762643    
0.3453645900    0.0158244090    0.0003864212    
0.3456061800    0.0158157020    0.0003848342    
0.3458477700    0.0161189990    0.0003910582    
0.3460893500    0.0160721350    0.0003900360    
0.3463309400    0.0157620710    0.0003833024    
0.3465725300    0.0157834130    0.0003837079    
0.3468141200    0.0156132410    0.0003830966    
0.3470557100    0.0158476350    0.0003849281    
0.3472973000    0.0155261170    0.0003818796    
0.3475388900    0.0157646010    0.0003824603    
0.3477804700    0.0156591320    0.0003830712    
0.3480220600    0.0157274010    0.0003840524    
0.3482636500    0.0152609170    0.0003778798    
0.3485052400    0.0155773630    0.0003854791    
0.3487468300    0.0158701360    0.0003849073    
0.3489884200    0.0156714740    0.0003823448    
0.3492300100    0.0157751150    0.0003821534    
0.3494715900    0.0151669470    0.0003772919    
0.3497131800    0.0157751150    0.0003821534    
0.3499547700    0.0154598720    0.0003804805    
0.3501963600    0.0162007030    0.0003877142    
0.3504379500    0.0156621460    0.0003822310    
0.3506795400    0.0149313710    0.0003736347    
0.3509211300    0.0160022560    0.0003875422    
0.3511627100    0.0158454680    0.0003857869    
0.3514043000    0.0156362500    0.0003804677    
0.3516458900    0.0153169440    0.0003774204    
0.3518874800    0.0148123150    0.0003703079    
0.3521290700    0.0153608810    0.0003772453    
0.3523706600    0.0156078010    0.0003811318    
0.3526122400    0.0161509620    0.0003874124    
0.3528538300    0.0156129330    0.0003814847    
0.3530954200    0.0155577960    0.0003813919    
0.3533370100    0.0157221340    0.0003826707    
0.3535786000    0.0155601970    0.0003831817    
0.3538201900    0.0158594760    0.0003827399    
0.3540617800    0.0158234590    0.0003843409    
0.3543033600    0.0154482150    0.0003774600    
0.3545449500    0.0155023220    0.0003791217    
0.3547865400    0.0157591380    0.0003810960    
0.3550281300    0.0165730120    0.0003930389    
0.3552697200    0.0157738800    0.0003825728    
0.3555113100    0.0158683960    0.0003843004    
0.3557529000    0.0153985460    0.0003788565    
0.3559944800    0.0151302810    0.0003732744    
0.3562360700    0.0161010350    0.0003899344    
0.3564776600    0.0157433450    0.0003810485    
0.3567192500    0.0153168310    0.0003762770    
0.3569608400    0.0157262380    0.0003804116    
0.3572024300    0.0154003330    0.0003778725    
0.3574440200    0.0156787850    0.0003802664    
0.3576856000    0.0152937010    0.0003768476    
0.3579271900    0.0155177170    0.0003785935    
0.3581687800    0.0165571130    0.0003925515    
0.3584103700    0.0160378410    0.0003850314    
0.3586519600    0.0151714450    0.0003776376    
0.3588935500    0.0162996900    0.0003887496    
0.3591351400    0.0147829830    0.0003705020    
0.3593767200    0.0148060360    0.0003691142    
0.3596183100    0.0150552220    0.0003716489    
0.3598599000    0.0151596880    0.0003743418    
0.3601014900    0.0155529310    0.0003794527    
0.3603430800    0.0153469100    0.0003767886    
0.3605846700    0.0155244730    0.0003785331    
0.3608262500    0.0156903710    0.0003815587    
0.3610678400    0.0158714540    0.0003830289    
0.3613094300    0.0154480530    0.0003801896    
0.3615510200    0.0153744320    0.0003765575    
0.3617926100    0.0155974090    0.0003788503    
0.3620342000    0.0159269160    0.0003836976    
0.3622757900    0.0164996160    0.0003900934    
0.3625173700    0.0154992430    0.0003783681    
0.3627589600    0.0150900460    0.0003737634    
0.3630005500    0.0152891280    0.0003753700    
0.3632421400    0.0157749060    0.0003811431    
0.3634837300    0.0158508490    0.0003836505    
0.3637253200    0.0154216610    0.0003788523    
0.3639669100    0.0155570060    0.0003808008    
0.3642084900    0.0160058350    0.0003834902    
0.3644500800    0.0147214830    0.0003686135    
0.3646916700    0.0157539410    0.0003817525    
0.3649332600    0.0162359110    0.0003853696    
0.3651748500    0.0156158130    0.0003790737    
0.3654164400    0.0154398450    0.0003785003    
0.3656580300    0.0154486680    0.0003780357    
0.3658996100    0.0152684150    0.0003749745    
0.3661412000    0.0142075860    0.0003623960    
0.3663827900    0.0152276280    0.0003789187    
0.3666243800    0.0155988470    0.0003768893    
0.3668659700    0.0150452890    0.0003720846    
0.3671075600    0.0152315790    0.0003745219    
0.3673491500    0.0152845820    0.0003744692    
0.3675907300    0.0153122310    0.0003765050    
0.3678323200    0.0155731650    0.0003777047    
0.3680739100    0.0150201920    0.0003731797    
0.3683155000    0.0151232430    0.0003733280    
0.3685570900    0.0150013560    0.0003716807    
0.3687986800    0.0156061770    0.0003815474    
0.3690402600    0.0162623490    0.0003891895    
0.3692818500    0.0159185160    0.0003817269    
0.3695234400    0.0153789220    0.0003763290    
0.3697650300    0.0154839870    0.0003767628    
0.3700066200    0.0151183640    0.0003735492    
0.3702482100    0.0156530550    0.0003785307    
0.3704898000    0.0158669960    0.0003822540    
0.3707313800    0.0159297040    0.0003838762    
0.3709729700    0.0160483080    0.0003842873    
0.3712145600    0.0159986940    0.0003858750    
0.3714561500    0.0154358310    0.0003793149    
0.3716977400    0.0157210010    0.0003800627    
0.3719393300    0.0157131760    0.0003795409    
0.3721809200    0.0161528460    0.0003852473    
0.3724225000    0.0156383070    0.0003790618    
0.3726640900    0.0153742040    0.0003759884    
0.3729056800    0.0150523750    0.0003720323    
0.3731472700    0.0164617510    0.0003883309    
0.3733888600    0.0157882610    0.0003820237    
0.3736304500    0.0153470570    0.0003773613    
0.3738720400    0.0158207270    0.0003841612    
0.3741136200    0.0155109490    0.0003786539    
0.3743552100    0.0164287410    0.0003889617    
0.3745968000    0.0154858570    0.0003763629    
0.3748383900    0.0157367510    0.0003801103    
0.3750799800    0.0150226980    0.0003715259    
0.3753215700    0.0148467660    0.0003698998    
0.3755631500    0.0155873380    0.0003781597    
0.3758047400    0.0152592060    0.0003748614    
0.3760463300    0.0158594760    0.0003827399    
0.3762879200    0.0150922040    0.0003739316    
0.3765295100    0.0157301050    0.0003832055    
0.3767711000    0.0154796750    0.0003769928    
0.3770126900    0.0153556410    0.0003751980    
0.3772542700    0.0149818270    0.0003707419    
0.3774958600    0.0153852400    0.0003751382    
0.3777374500    0.0153511370    0.0003754243    
0.3779790400    0.0154690950    0.0003778574    
0.3782206300    0.0158052170    0.0003816527    
0.3784622200    0.0154154060    0.0003762094    
0.3787038100    0.0150416370    0.0003730223    
0.3789453900    0.0158017160    0.0003829102    
0.3791869800    0.0152332450    0.0003763877    
0.3794285700    0.0152089600    0.0003734017    
0.3796701600    0.0155195250    0.0003781877    
0.3799117500    0.0152319790    0.0003734046    
0.3801533400    0.0157499220    0.0003809845    
0.3803949300    0.0158629260    0.0003800662    
0.3806365100    0.0153029310    0.0003746939    
0.3808781000    0.0155206570    0.0003772086    
0.3811196900    0.0151707610    0.0003751876    
0.3813612800    0.0158891290    0.0003822330    
0.3816028700    0.0154813220    0.0003787214    
0.3818444600    0.0155773340    0.0003790341    
0.3820860500    0.0154008650    0.0003746293    
0.3823276300    0.0161025610    0.0003830687    
0.3825692200    0.0154025990    0.0003736778    
0.3828108100    0.0150497740    0.0003688271    
0.3830524000    0.0158565110    0.0003801308    
0.3832939900    0.0148735790    0.0003676133    
0.3835355800    0.0156822220    0.0003774741    
0.3837771600    0.0158930910    0.0003791600    
0.3840187500    0.0155333520    0.0003765177    
0.3842603400    0.0157105750    0.0003793674    
0.3845019300    0.0158198530    0.0003763433    
0.3847435200    0.0162553330    0.0003821876    
0.3849851100    0.0153751750    0.0003727931    
0.3852267000    0.0156757590    0.0003857936    
0.3854682800    0.0150812060    0.0003858108    
0.3857098700    0.0160859820    0.0004030321    
0.3859514600    0.0156337210    0.0004016576    
0.3861930500    0.0155802930    0.0004033585    
0.3864346400    0.0159273350    0.0004120670    
0.3866762300    0.0151253590    0.0004043867    
0.3869178200    0.0156917300    0.0004140889    
0.3871594000    0.0160534730    0.0004237825    
0.3874009900    0.0154670760    0.0004171160    
0.3876425800    0.0157207610    0.0004236494    
0.3878841700    0.0156466220    0.0004244347    
0.3881257600    0.0147330340    0.0004143990    
0.3883673500    0.0156323950    0.0004299419    
0.3886089400    0.0153491890    0.0004285210    
0.3888505200    0.0154492150    0.0004318187    
0.3890921100    0.0153624050    0.0004329586    
0.3893337000    0.0154324580    0.0004387835    
0.3895752900    0.0155056730    0.0004414007    
0.3898168800    0.0158940830    0.0004287875    
0.3900584700    0.0157386240    0.0004188412    
0.3903000600    0.0154063320    0.0004130814    
0.3905416400    0.0158005970    0.0004142304    
0.3907832300    0.0154280830    0.0004084134    
0.3910248200    0.0153305510    0.0004056894    
0.3912664100    0.0155058690    0.0004062247    
0.3915080000    0.0156541190    0.0004062239    
0.3917495900    0.0160878500    0.0004135981    
0.3919911700    0.0153650330    0.0004049042    
0.3922327600    0.0160742160    0.0004071053    
0.3924743500    0.0160619630    0.0004085017    
0.3927159400    0.0155680880    0.0003999714    
0.3929575300    0.0153113640    0.0003993514    
0.3931991200    0.0158710650    0.0004046951    
0.3934407100    0.0152829170    0.0003964577    
0.3936822900    0.0156348560    0.0004023513    
0.3939238800    0.0152594170    0.0003979965    
0.3941654700    0.0156434980    0.0004029742    
0.3944070600    0.0161792370    0.0004106881    
0.3946486500    0.0155707800    0.0004039252    
0.3948902400    0.0153474020    0.0003981305    
0.3951318300    0.0157339670    0.0004027736    
0.3953734100    0.0158906210    0.0004054574    
0.3956150000    0.0154309210    0.0004005668    
0.3958565900    0.0152569970    0.0003971238    
0.3960981800    0.0159988130    0.0004082180    
0.3963397700    0.0161332750    0.0004109805    
0.3965813600    0.0149397690    0.0003954867    
0.3968229500    0.0152113770    0.0004004381    
0.3970645300    0.0156506700    0.0004072327    
0.3973061200    0.0158703920    0.0004081424    
0.3975477100    0.0151705320    0.0003978493    
0.3977893000    0.0155612020    0.0004044942    
0.3980308900    0.0150912200    0.0003978267    
0.3982724800    0.0155717170    0.0004046308    
0.3985140700    0.0152378350    0.0004004414    
0.3987556500    0.0149419550    0.0003972182    
0.3989972400    0.0158302310    0.0004083267    
0.3992388300    0.0150638050    0.0004007408    
0.3994804200    0.0155832740    0.0004074146    
0.3997220100    0.0154060790    0.0004074029    
0.3999636000    0.0156043110    0.0004057519    
0.4002051800    0.0153169840    0.0004039186    
0.4004467700    0.0152324600    0.0004007155    
0.4006883600    0.0160118210    0.0004136993    
0.4009299500    0.0149880980    0.0004004308    
0.4011715400    0.0150060530    0.0004011969    
0.4014131300    0.0151613440    0.0004036214    
0.4016547200    0.0151567940    0.0004062447    
0.4018963000    0.0155440900    0.0004097650    
0.4021378900    0.0161607640    0.0004213622    
0.4023794800    0.0151012070    0.0004038853    
0.4026210700    0.0154770500    0.0004094229    
0.4028626600    0.0157262130    0.0004114329    
0.4031042500    0.0148209490    0.0004010058    
0.4033458400    0.0149294480    0.0004024709    
0.4035874200    0.0158188460    0.0004174434    
0.4038290100    0.0154841100    0.0004113404    
0.4040706000    0.0156273410    0.0004139784    
0.4043121900    0.0161046830    0.0004217678    
0.4045537800    0.0157148140    0.0004177640    
0.4047953700    0.0150145730    0.0004107804    
0.4050369600    0.0150621400    0.0004067878    
0.4052785400    0.0157022420    0.0004168411    
0.4055201300    0.0159202280    0.0004195348    
0.4057617200    0.0151611770    0.0004120250    
0.4060033100    0.0155996120    0.0004152889    
0.4062449000    0.0160934650    0.0004252830    
0.4064864900    0.0153739260    0.0004149058    
0.4067280800    0.0152955240    0.0004153694    
0.4069696600    0.0154917060    0.0004197693    
0.4072112500    0.0152295870    0.0004177588    
0.4074528400    0.0157732690    0.0004261490    
0.4076944300    0.0158818160    0.0004252194    
0.4079360200    0.0157564460    0.0004221655    
0.4081776100    0.0151015900    0.0004150292    
0.4084191900    0.0153412770    0.0004190917    
0.4086607800    0.0154205040    0.0004186091    
0.4089023700    0.0145962670    0.0004107146    
0.4091439600    0.0151013200    0.0004183528    
0.4093855500    0.0153361900    0.0004225952    
0.4096271400    0.0160800970    0.0004339637    
0.4098687300    0.0159561430    0.0004388460    
0.4101103100    0.0155084620    0.0004225566    
0.4103519000    0.0150287180    0.0004197377    
0.4105934900    0.0152516320    0.0004220314    
0.4108350800    0.0150003440    0.0004207542    
0.4110766700    0.0155636330    0.0004283749    
0.4113182600    0.0144606480    0.0004145171    
0.4115598500    0.0161627080    0.0004397304    
0.4118014300    0.0153737050    0.0004305499    
0.4120430200    0.0151817000    0.0004261766    
0.4122846100    0.0148203660    0.0004248285    
0.4125262000    0.0156804140    0.0004413955    
0.4127677900    0.0153073340    0.0004283553    
0.4130093800    0.0146573860    0.0004210224    
0.4132509700    0.0149920740    0.0004264346    
0.4134925500    0.0150582490    0.0004305873    
0.4137341400    0.0145640240    0.0004221900    
0.4139757300    0.0153510440    0.0004362923    
0.4142173200    0.0152216220    0.0004322650    
0.4144589100    0.0155833290    0.0004418247    
0.4147005000    0.0151704680    0.0004350430    
0.4149420800    0.0151429830    0.0004382372    
0.4151836700    0.0144627470    0.0004262978    
0.4154252600    0.0148054490    0.0004284690    
0.4156668500    0.0150601660    0.0004288923    
0.4159084400    0.0156953070    0.0004378428    
0.4161500300    0.0153347690    0.0004314948    
0.4163916200    0.0152314330    0.0004304657    
0.4166332000    0.0159692450    0.0004383782    
0.4168747900    0.0154090070    0.0004293552    
0.4171163800    0.0155177630    0.0004349255    
0.4173579700    0.0162781590    0.0004423805    
0.4175995600    0.0155618410    0.0004392777    
0.4178411500    0.0157542950    0.0004347770    
0.4180827400    0.0152590790    0.0004293650    
0.4183243200    0.0151069250    0.0004284898    
0.4185659100    0.0157232130    0.0004384507    
0.4188075000    0.0158052350    0.0004393735    
0.4190490900    0.0145179430    0.0004240736    
0.4192906800    0.0163429580    0.0004494847    
0.4195322700    0.0159454610    0.0004476167    
0.4197738600    0.0159077650    0.0004470873    
0.4200154400    0.0153879580    0.0004438424    
0.4202570300    0.0150768150    0.0004400232    
0.4204986200    0.0154820510    0.0004428870    
0.4207402100    0.0154749250    0.0004457948    
0.4209818000    0.0156899560    0.0004470091    
0.4212233900    0.0159231610    0.0004529185    
0.4214649800    0.0147770670    0.0004374671    
0.4217065600    0.0150379470    0.0004424840    
0.4219481500    0.0155276550    0.0004510729    
0.4221897400    0.0153313860    0.0004501450    
0.4224313300    0.0158753870    0.0004615640    
0.4226729200    0.0152444290    0.0004532939    
0.4229145100    0.0150577720    0.0004517558    
0.4231560900    0.0151167810    0.0004508958    
0.4233976800    0.0159763960    0.0004643046    
0.4236392700    0.0150807680    0.0004528534    
0.4238808600    0.0154283970    0.0004595776    
0.4241224500    0.0152538020    0.0004572256    
0.4243640400    0.0151347440    0.0004590503    
0.4246056300    0.0156794910    0.0004683054    
0.4248472100    0.0149944970    0.0004603352    
0.4250888000    0.0149710310    0.0004615767    
0.4253303900    0.0154377530    0.0004759663    
0.4255719800    0.0151913630    0.0004655024    
0.4258135700    0.0151874090    0.0004662577    
0.4260551600    0.0160996860    0.0004843243    
0.4262967500    0.0161978220    0.0004837866    
0.4265383300    0.0159602920    0.0004845359    
0.4267799200    0.0151201110    0.0004738939    
0.4270215100    0.0147662280    0.0004671828    
0.4272631000    0.0149097550    0.0004743425    
0.4275046900    0.0156789000    0.0004885364    
0.4277462800    0.0153955380    0.0004893023    
0.4279878700    0.0152629040    0.0004903151    
0.4282294500    0.0151174580    0.0004824175    
0.4284710400    0.0156469140    0.0004923433    
0.4287126300    0.0152160740    0.0004883071    
0.4289542200    0.0150812060    0.0004880164    
0.4291958100    0.0158720320    0.0005029246    
0.4294374000    0.0152090700    0.0004968587    
0.4296789900    0.0159473650    0.0005070967    
0.4299205700    0.0154671820    0.0005047524    
0.4301621600    0.0155168920    0.0005107447    
0.4304037500    0.0160865690    0.0005221921    
0.4306453400    0.0157230570    0.0005220755    
0.4308869300    0.0153785280    0.0005095134    
0.4311285200    0.0149052020    0.0005047538    
0.4313701000    0.0149256370    0.0005086643    
0.4316116900    0.0158382860    0.0005273572    
0.4318532800    0.0150820040    0.0005160956    
0.4320948700    0.0150657380    0.0005191996    
0.4323364600    0.0157354400    0.0005353305    
0.4325780500    0.0156301150    0.0005367404    
0.4328196400    0.0144315160    0.0005200757    
0.4330612200    0.0155061890    0.0005475426    
0.4333028100    0.0164336930    0.0005623494    
0.4335444000    0.0152218520    0.0005395242    
0.4337859900    0.0148488190    0.0005358106    
0.4340275800    0.0152246760    0.0005468865    
0.4342691700    0.0147825570    0.0005441534    
0.4345107600    0.0141090380    0.0005355717    
0.4347523400    0.0152572750    0.0005597351    
0.4349939300    0.0142018760    0.0005446171    
0.4352355200    0.0152284390    0.0005723198    
0.4354771100    0.0156322260    0.0005850213    
0.4357187000    0.0152070110    0.0005892597    
0.4359602900    0.0157861170    0.0005916098    
0.4362018800    0.0160026880    0.0006005702    
0.4364434600    0.0153498150    0.0005925730    
0.4366850500    0.0144894660    0.0005828518    
0.4369266400    0.0162295480    0.0006265347    
0.4371682300    0.0165295260    0.0006348126    
0.4374098200    0.0148271420    0.0006104238    
0.4376514100    0.0155366760    0.0006327024    
0.4378930000    0.0145698510    0.0006212605    
0.4381345800    0.0136656060    0.0006123705    
0.4383761700    0.0152626840    0.0006598634    
0.4386177600    0.0164836210    0.0006740654    
0.4388593500    0.0151350670    0.0006555725    
0.4391009400    0.0152910070    0.0006699112    
0.4393425300    0.0156450060    0.0006867395    
0.4395841100    0.0160044210    0.0007086877    
0.4398257000    0.0152325450    0.0007079164    
0.4400672900    0.0154954660    0.0007288454    
0.4403088800    0.0143087180    0.0007208628    
0.4405504700    0.0154246160    0.0007741393    
0.4407920600    0.0154350300    0.0008057020    
0.4410336500    0.0153984790    0.0008278273    
0.4412752300    0.0144801910    0.0008056994    
0.4415168200    0.0157071260    0.0008822001    
0.4417584100    0.0168966780    0.0012422685    
0.4420000000    0.0143487920    0.0017400466    