# Diamond Light Source Ltd.
# Data extracted from: /dls/b21/data/2017/mx13440-2/processed/b21-369037_00530.dat
q(1/A)          Column          Error           
0.0040000000    0.8085708900    0.0208286670    
0.0042415885    0.8301358000    0.0198497130    
0.0044831771    0.6589825900    0.0164642780    
0.0047247656    0.5437531900    0.0144807900    
0.0049663541    0.4374020900    0.0122449080    
0.0052079426    0.3553337500    0.0113565160    
0.0054495312    0.2665547600    0.0090683769    
0.0056911197    0.2607958600    0.0084568851    
0.0059327082    0.2089657700    0.0075700310    
0.0061742967    0.1720114300    0.0065818345    
0.0064158853    0.1377199600    0.0058301507    
0.0066574738    0.1218624200    0.0051821171    
0.0068990623    0.1229562300    0.0052524300    
0.0071406509    0.0937444840    0.0045050724    
0.0073822394    0.0940710090    0.0043624386    
0.0076238279    0.0873475870    0.0041039476    
0.0078654164    0.0698631420    0.0037290186    
0.0081070050    0.0735064440    0.0036258055    
0.0083485935    0.0683730290    0.0033767032    
0.0085901820    0.0671120230    0.0033682559    
0.0088317705    0.0517659850    0.0028803364    
0.0090733591    0.0525262220    0.0028827509    
0.0093149476    0.0483336170    0.0026647186    
0.0095565361    0.0430448320    0.0025147059    
0.0097981247    0.0398127970    0.0024184552    
0.0100397130    0.0414092260    0.0023828332    
0.0102813020    0.0390304120    0.0023665663    
0.0105228900    0.0391621920    0.0022206842    
0.0107644790    0.0359931190    0.0021510003    
0.0110060670    0.0361662120    0.0021021184    
0.0112476560    0.0355696710    0.0020744653    
0.0114892440    0.0337306940    0.0019910599    
0.0117308330    0.0341109990    0.0019927858    
0.0119724210    0.0298889120    0.0018395354    
0.0122140100    0.0301286030    0.0018301823    
0.0124555980    0.0326291130    0.0018472598    
0.0126971870    0.0296839000    0.0018166252    
0.0129387760    0.0290598820    0.0017006010    
0.0131803640    0.0250923460    0.0016063728    
0.0134219530    0.0288901580    0.0016624418    
0.0136635410    0.0248738160    0.0015485762    
0.0139051300    0.0234276640    0.0015028853    
0.0141467180    0.0262465810    0.0015547133    
0.0143883070    0.0248598440    0.0014909943    
0.0146298950    0.0262012020    0.0015306906    
0.0148714840    0.0254069080    0.0015183531    
0.0151130720    0.0259239240    0.0015170829    
0.0153546610    0.0264909360    0.0014762821    
0.0155962490    0.0292142400    0.0015660476    
0.0158378380    0.0261233920    0.0014468409    
0.0160794260    0.0236392660    0.0013763313    
0.0163210150    0.0223048750    0.0013075349    
0.0165626030    0.0253975410    0.0014219893    
0.0168041920    0.0212818170    0.0012540431    
0.0170457800    0.0209414510    0.0012514911    
0.0172873690    0.0233508820    0.0013135898    
0.0175289580    0.0231475610    0.0013000966    
0.0177705460    0.0253156500    0.0013361089    
0.0180121350    0.0253014680    0.0013207259    
0.0182537230    0.0224556600    0.0012305626    
0.0184953120    0.0225348220    0.0012293753    
0.0187369000    0.0215288030    0.0012016206    
0.0189784890    0.0228362820    0.0012052529    
0.0192200770    0.0207425390    0.0011668590    
0.0194616660    0.0201312160    0.0011201308    
0.0197032540    0.0218964730    0.0011771617    
0.0199448430    0.0210737730    0.0011548357    
0.0201864310    0.0210037770    0.0011441486    
0.0204280200    0.0231234570    0.0011769530    
0.0206696080    0.0223526000    0.0011406763    
0.0209111970    0.0203648610    0.0011126512    
0.0211527850    0.0193677260    0.0010519105    
0.0213943740    0.0208353520    0.0010935724    
0.0216359620    0.0201619400    0.0010807934    
0.0218775510    0.0214093290    0.0011085330    
0.0221191400    0.0210839900    0.0010801655    
0.0223607280    0.0192752030    0.0010259155    
0.0226023170    0.0185976520    0.0010380197    
0.0228439050    0.0226683820    0.0010957176    
0.0230854940    0.0177196890    0.0009666883    
0.0233270820    0.0201648990    0.0010290357    
0.0235686710    0.0208511860    0.0010531439    
0.0238102590    0.0205504990    0.0010236933    
0.0240518480    0.0226662210    0.0010684959    
0.0242934360    0.0187181500    0.0009851658    
0.0245350250    0.0195222630    0.0009936570    
0.0247766130    0.0193351120    0.0009828590    
0.0250182020    0.0192756540    0.0009914326    
0.0252597900    0.0196281940    0.0009765391    
0.0255013790    0.0200413510    0.0009790841    
0.0257429670    0.0202153680    0.0009852368    
0.0259845560    0.0200826350    0.0009707308    
0.0262261450    0.0189379180    0.0009480817    
0.0264677330    0.0205056390    0.0009753538    
0.0267093220    0.0188763910    0.0009288465    
0.0269509100    0.0201977440    0.0009661891    
0.0271924990    0.0207192860    0.0009713351    
0.0274340870    0.0208130790    0.0009789649    
0.0276756760    0.0197358870    0.0009376803    
0.0279172640    0.0192653820    0.0009247679    
0.0281588530    0.0186622970    0.0008989312    
0.0284004410    0.0197007230    0.0009318123    
0.0286420300    0.0189984300    0.0008975914    
0.0288836180    0.0179261970    0.0008810245    
0.0291252070    0.0177836130    0.0008596034    
0.0293667950    0.0189788350    0.0008986739    
0.0296083840    0.0214400570    0.0009438459    
0.0298499720    0.0207069370    0.0009307076    
0.0300915610    0.0192794310    0.0008950251    
0.0303331490    0.0185107470    0.0008697108    
0.0305747380    0.0193467160    0.0008775849    
0.0308163270    0.0195457560    0.0008820876    
0.0310579150    0.0207416840    0.0009131017    
0.0312995040    0.0202510740    0.0008949795    
0.0315410920    0.0195489160    0.0008751297    
0.0317826810    0.0194645080    0.0008704793    
0.0320242690    0.0193321730    0.0008594199    
0.0322658580    0.0199648820    0.0008857984    
0.0325074460    0.0187195860    0.0008430878    
0.0327490350    0.0188315240    0.0008430148    
0.0329906230    0.0195452800    0.0008497948    
0.0332322120    0.0191838650    0.0008469883    
0.0334738000    0.0193298070    0.0008388421    
0.0337153890    0.0188011120    0.0008260734    
0.0339569770    0.0198030410    0.0008490484    
0.0341985660    0.0198616300    0.0008515604    
0.0344401540    0.0183507120    0.0008078450    
0.0346817430    0.0185650310    0.0008196661    
0.0349233310    0.0187259880    0.0008196142    
0.0351649200    0.0170416400    0.0007675169    
0.0354065090    0.0183184730    0.0008002462    
0.0356480970    0.0187997120    0.0007994451    
0.0358896860    0.0193971770    0.0008211480    
0.0361312740    0.0182233650    0.0007849359    
0.0363728630    0.0191328160    0.0008020894    
0.0366144510    0.0172972080    0.0007689547    
0.0368560400    0.0184112270    0.0007815130    
0.0370976280    0.0188677030    0.0008008894    
0.0373392170    0.0196447390    0.0008094474    
0.0375808050    0.0206654370    0.0008213774    
0.0378223940    0.0185107470    0.0007773783    
0.0380639820    0.0182310290    0.0007745622    
0.0383055710    0.0181626820    0.0007580957    
0.0385471590    0.0190368920    0.0007791281    
0.0387887480    0.0186714300    0.0007746215    
0.0390303360    0.0179612340    0.0007509969    
0.0392719250    0.0182601780    0.0007562593    
0.0395135140    0.0182914990    0.0007569076    
0.0397551020    0.0186247090    0.0007787382    
0.0399966910    0.0183146270    0.0007433678    
0.0402382790    0.0186179220    0.0007550565    
0.0404798680    0.0184654880    0.0007464231    
0.0407214560    0.0192031690    0.0007687420    
0.0409630450    0.0184809390    0.0007422124    
0.0412046330    0.0174094560    0.0007247651    
0.0414462220    0.0191633690    0.0007539727    
0.0416878100    0.0188214790    0.0007463202    
0.0419293990    0.0183926560    0.0007368862    
0.0421709870    0.0182909040    0.0007322222    
0.0424125760    0.0183479830    0.0007368727    
0.0426541640    0.0178506740    0.0007157468    
0.0428957530    0.0197908220    0.0007545180    
0.0431373410    0.0196013030    0.0007500230    
0.0433789300    0.0187937860    0.0007293403    
0.0436205180    0.0180881270    0.0007138814    
0.0438621070    0.0183409240    0.0007204995    
0.0441036960    0.0183980480    0.0007199713    
0.0443452840    0.0180809090    0.0007081031    
0.0445868730    0.0182277080    0.0007182723    
0.0448284610    0.0181932620    0.0007087089    
0.0450700500    0.0164736790    0.0006973864    
0.0453116380    0.0183030940    0.0007368548    
0.0455532270    0.0174902220    0.0007410845    
0.0457948150    0.0184481050    0.0007601409    
0.0460364040    0.0178811300    0.0007502755    
0.0462779920    0.0183808470    0.0007726046    
0.0465195810    0.0186731220    0.0007787230    
0.0467611690    0.0198037170    0.0008051356    
0.0470027580    0.0179706460    0.0007669685    
0.0472443460    0.0184766570    0.0007936404    
0.0474859350    0.0180616990    0.0007751017    
0.0477275230    0.0184938420    0.0007907396    
0.0479691120    0.0183412350    0.0007885513    
0.0482107000    0.0188737030    0.0008077199    
0.0484522890    0.0178441550    0.0007810174    
0.0486938780    0.0184760830    0.0008002880    
0.0489354660    0.0184061660    0.0008010256    
0.0491770550    0.0176190920    0.0007927204    
0.0494186430    0.0187507010    0.0008017221    
0.0496602320    0.0197901420    0.0008006235    
0.0499018200    0.0185737090    0.0007646675    
0.0501434090    0.0178556340    0.0007376094    
0.0503849970    0.0193025710    0.0007594495    
0.0506265860    0.0180836890    0.0007297983    
0.0508681740    0.0182335960    0.0007293438    
0.0511097630    0.0184673960    0.0007305589    
0.0513513510    0.0188032420    0.0007237371    
0.0515929400    0.0174607980    0.0007087119    
0.0518345280    0.0179675420    0.0007074713    
0.0520761170    0.0178694970    0.0007136390    
0.0523177050    0.0174108330    0.0006834350    
0.0525592940    0.0195275150    0.0007375441    
0.0528008830    0.0191317360    0.0007110254    
0.0530424710    0.0191756440    0.0007141383    
0.0532840600    0.0180765930    0.0006896650    
0.0535256480    0.0172345970    0.0006734114    
0.0537672370    0.0178769060    0.0006800696    
0.0540088250    0.0176923770    0.0006779734    
0.0542504140    0.0196504740    0.0007175339    
0.0544920020    0.0178537890    0.0006782094    
0.0547335910    0.0168856610    0.0006547978    
0.0549751790    0.0173522510    0.0006610681    
0.0552167680    0.0184728930    0.0006827778    
0.0554583560    0.0187575570    0.0006804081    
0.0556999450    0.0174189930    0.0006537232    
0.0559415330    0.0181624260    0.0006722216    
0.0561831220    0.0187546300    0.0006763093    
0.0564247100    0.0175288410    0.0006519046    
0.0566662990    0.0185227750    0.0006675145    
0.0569078870    0.0180078040    0.0006646802    
0.0571494760    0.0181859970    0.0006614183    
0.0573910650    0.0175659640    0.0006401393    
0.0576326530    0.0174330260    0.0006425899    
0.0578742420    0.0172483820    0.0006379545    
0.0581158300    0.0183371000    0.0006515805    
0.0583574190    0.0175996260    0.0006371492    
0.0585990070    0.0183824430    0.0006548474    
0.0588405960    0.0179646040    0.0006461419    
0.0590821840    0.0175641100    0.0006329666    
0.0593237730    0.0179373040    0.0006414367    
0.0595653610    0.0181409940    0.0006474799    
0.0598069500    0.0182011290    0.0006344515    
0.0600485380    0.0181530510    0.0006370472    
0.0602901270    0.0184323590    0.0006425116    
0.0605317150    0.0179679420    0.0006309398    
0.0607733040    0.0181594160    0.0006314648    
0.0610148920    0.0184663570    0.0006402057    
0.0612564810    0.0176638500    0.0006233437    
0.0614980690    0.0185323210    0.0006323146    
0.0617396580    0.0194018800    0.0006615986    
0.0619812470    0.0179252490    0.0006353436    
0.0622228350    0.0174323430    0.0006225837    
0.0624644240    0.0172284750    0.0006145194    
0.0627060120    0.0178424890    0.0006304334    
0.0629476010    0.0183866650    0.0006440568    
0.0631891890    0.0182657190    0.0006378666    
0.0634307780    0.0193385980    0.0006533907    
0.0636723660    0.0183564910    0.0006360147    
0.0639139550    0.0175226290    0.0006202943    
0.0641555430    0.0182527570    0.0006264330    
0.0643971320    0.0185217060    0.0006371661    
0.0646387200    0.0179824720    0.0006164312    
0.0648803090    0.0175647850    0.0006145141    
0.0651218970    0.0188311450    0.0006239037    
0.0653634860    0.0173774360    0.0006039076    
0.0656050740    0.0178947660    0.0006112736    
0.0658466630    0.0181490070    0.0006124993    
0.0660882520    0.0197242290    0.0006369286    
0.0663298400    0.0166534810    0.0005862303    
0.0665714290    0.0188172160    0.0006200484    
0.0668130170    0.0179554240    0.0006076990    
0.0670546060    0.0179516630    0.0006041216    
0.0672961940    0.0186317320    0.0006129390    
0.0675377830    0.0184313870    0.0006047142    
0.0677793710    0.0184504510    0.0006089556    
0.0680209600    0.0184813180    0.0006021539    
0.0682625480    0.0175871750    0.0005878744    
0.0685041370    0.0177882810    0.0005893520    
0.0687457250    0.0175576190    0.0005935559    
0.0689873140    0.0179657410    0.0005913496    
0.0692289020    0.0183744950    0.0005980389    
0.0694704910    0.0184038610    0.0005980451    
0.0697120790    0.0185590270    0.0005986783    
0.0699536680    0.0174677510    0.0005835566    
0.0701952560    0.0185691400    0.0006011981    
0.0704368450    0.0184911590    0.0006018360    
0.0706784340    0.0172926720    0.0005876289    
0.0709200220    0.0179515990    0.0005934615    
0.0711616110    0.0176684590    0.0005882953    
0.0714031990    0.0181922820    0.0006017472    
0.0716447880    0.0187318310    0.0006135815    
0.0718863760    0.0181489410    0.0005957682    
0.0721279650    0.0174647790    0.0005789518    
0.0723695530    0.0186056740    0.0005943365    
0.0726111420    0.0176457590    0.0005823968    
0.0728527300    0.0171198740    0.0005653480    
0.0730943190    0.0186432370    0.0005940229    
0.0733359070    0.0183424670    0.0005856299    
0.0735774960    0.0190665400    0.0005993516    
0.0738190840    0.0185199700    0.0005844851    
0.0740606730    0.0178436930    0.0005750050    
0.0743022610    0.0173509260    0.0005674360    
0.0745438500    0.0183728130    0.0005812901    
0.0747854380    0.0173127280    0.0005584751    
0.0750270270    0.0187487680    0.0005858990    
0.0752686160    0.0176624490    0.0005616332    
0.0755102040    0.0183226840    0.0005728637    
0.0757517930    0.0178792890    0.0005679543    
0.0759933810    0.0180388020    0.0005615234    
0.0762349700    0.0179905810    0.0005680607    
0.0764765580    0.0174456970    0.0005541808    
0.0767181470    0.0174136190    0.0005528829    
0.0769597350    0.0176811340    0.0005528054    
0.0772013240    0.0178136890    0.0005537117    
0.0774429120    0.0173516950    0.0005438361    
0.0776845010    0.0178007460    0.0005485598    
0.0779260890    0.0183994940    0.0005611793    
0.0781676780    0.0184685430    0.0005583724    
0.0784092660    0.0178666000    0.0005503280    
0.0786508550    0.0185441000    0.0005561006    
0.0788924430    0.0183407680    0.0005583503    
0.0791340320    0.0177897670    0.0005461508    
0.0793756210    0.0169934730    0.0005352441    
0.0796172090    0.0180564450    0.0005461629    
0.0798587980    0.0175932060    0.0005442355    
0.0801003860    0.0182081190    0.0005532875    
0.0803419750    0.0185679550    0.0005509027    
0.0805835630    0.0185522690    0.0005550990    
0.0808251520    0.0173263900    0.0005357254    
0.0810667400    0.0183202560    0.0005508762    
0.0813083290    0.0187937860    0.0005513295    
0.0815499170    0.0178529200    0.0005452703    
0.0817915060    0.0181081610    0.0005454859    
0.0820330940    0.0172960040    0.0005275232    
0.0822746830    0.0166103430    0.0005183145    
0.0825162710    0.0186069070    0.0005460823    
0.0827578600    0.0184381560    0.0005453739    
0.0829994480    0.0174496210    0.0005237506    
0.0832410370    0.0178913090    0.0005365247    
0.0834826250    0.0181884790    0.0005347240    
0.0837242140    0.0179626280    0.0005303813    
0.0839658030    0.0169367040    0.0005163245    
0.0842073910    0.0175957670    0.0005246044    
0.0844489800    0.0166805230    0.0005075722    
0.0846905680    0.0181531620    0.0005255718    
0.0849321570    0.0176626290    0.0005242729    
0.0851737450    0.0180326100    0.0005231791    
0.0854153340    0.0183801190    0.0005314749    
0.0856569220    0.0183136630    0.0005269164    
0.0858985110    0.0182242990    0.0005312055    
0.0861400990    0.0184955870    0.0005295271    
0.0863816880    0.0182511080    0.0005279652    
0.0866232760    0.0183477590    0.0005336718    
0.0868648650    0.0173613870    0.0005124051    
0.0871064530    0.0182596760    0.0005271114    
0.0873480420    0.0178517880    0.0005170632    
0.0875896300    0.0186612410    0.0005299436    
0.0878312190    0.0184506960    0.0005263042    
0.0880728080    0.0173990580    0.0005095378    
0.0883143960    0.0185554590    0.0005258804    
0.0885559850    0.0180003130    0.0005198409    
0.0887975730    0.0181687810    0.0005197449    
0.0890391620    0.0175803720    0.0005115677    
0.0892807500    0.0180599860    0.0005166326    
0.0895223390    0.0187240210    0.0005247892    
0.0897639270    0.0171315150    0.0004987177    
0.0900055160    0.0174021440    0.0005038283    
0.0902471040    0.0177091290    0.0005103686    
0.0904886930    0.0186696990    0.0005194049    
0.0907302810    0.0179498150    0.0005048780    
0.0909718700    0.0181503870    0.0005166879    
0.0912134580    0.0184182290    0.0005120127    
0.0914550470    0.0175833840    0.0005067447    
0.0916966350    0.0190587390    0.0005208394    
0.0919382240    0.0178872720    0.0005063337    
0.0921798120    0.0183692270    0.0005098631    
0.0924214010    0.0188220900    0.0005161097    
0.0926629900    0.0180910020    0.0005031105    
0.0929045780    0.0175109380    0.0005001084    
0.0931461670    0.0174637590    0.0004937522    
0.0933877550    0.0174671970    0.0004946409    
0.0936293440    0.0191602470    0.0005201291    
0.0938709320    0.0189886250    0.0005166136    
0.0941125210    0.0178051800    0.0004963147    
0.0943541090    0.0182755580    0.0005028278    
0.0945956980    0.0168796910    0.0004840583    
0.0948372860    0.0185382310    0.0005047337    
0.0950788750    0.0180529320    0.0004967025    
0.0953204630    0.0185245200    0.0005051098    
0.0955620520    0.0190255060    0.0005110397    
0.0958036400    0.0176273410    0.0004894596    
0.0960452290    0.0182525210    0.0004980636    
0.0962868170    0.0186341520    0.0005054753    
0.0965284060    0.0184020200    0.0005000992    
0.0967699940    0.0184563830    0.0005008374    
0.0970115830    0.0185839650    0.0004973884    
0.0972531720    0.0189194170    0.0005034895    
0.0974947600    0.0184372120    0.0004964930    
0.0977363490    0.0184709390    0.0004950731    
0.0979779370    0.0190656010    0.0005048830    
0.0982195260    0.0187650520    0.0005011593    
0.0984611140    0.0192448280    0.0005045248    
0.0987027030    0.0202140270    0.0005176282    
0.0989442910    0.0201163390    0.0005166534    
0.0991858800    0.0198950980    0.0005121550    
0.0994274680    0.0199356560    0.0005104998    
0.0996690570    0.0200774870    0.0005088210    
0.0999106450    0.0205150950    0.0005184151    
0.1001522300    0.0192651030    0.0004984207    
0.1003938200    0.0192901470    0.0005005786    
0.1006354100    0.0197473730    0.0005043572    
0.1008770000    0.0196490740    0.0005041540    
0.1011185900    0.0194162340    0.0005011580    
0.1013601800    0.0202996010    0.0005129696    
0.1016017700    0.0202563200    0.0005089592    
0.1018433500    0.0223412480    0.0005465365    
0.1020849400    0.0204758820    0.0005304561    
0.1023265300    0.0206047230    0.0005363195    
0.1025681200    0.0211156560    0.0005401855    
0.1028097100    0.0207667660    0.0005436773    
0.1030513000    0.0209974790    0.0005485906    
0.1032928800    0.0217017510    0.0005629702    
0.1035344700    0.0219797350    0.0005590076    
0.1037760600    0.0219010740    0.0005675682    
0.1040176500    0.0223819850    0.0005761744    
0.1042592400    0.0214429210    0.0005656601    
0.1045008300    0.0213931450    0.0005616179    
0.1047424200    0.0210779310    0.0005625284    
0.1049840000    0.0207696340    0.0005611366    
0.1052255900    0.0199980130    0.0005523133    
0.1054671800    0.0189100430    0.0005337903    
0.1057087700    0.0185565660    0.0005323650    
0.1059503600    0.0188646510    0.0005387702    
0.1061919500    0.0185030630    0.0005332494    
0.1064335400    0.0187739330    0.0005239294    
0.1066751200    0.0183830870    0.0005106413    
0.1069167100    0.0187293500    0.0005139533    
0.1071583000    0.0181534500    0.0004994681    
0.1073998900    0.0186609080    0.0005047177    
0.1076414800    0.0188223760    0.0005105811    
0.1078830700    0.0178042300    0.0004894894    
0.1081246600    0.0190010980    0.0005087350    
0.1083662400    0.0192745560    0.0005060002    
0.1086078300    0.0180695300    0.0004952880    
0.1088494200    0.0180544260    0.0004886719    
0.1090910100    0.0184318100    0.0004924350    
0.1093326000    0.0176906510    0.0004798816    
0.1095741900    0.0180461790    0.0004859629    
0.1098157700    0.0184850910    0.0004869559    
0.1100573600    0.0188101470    0.0004948326    
0.1102989500    0.0183381080    0.0004842615    
0.1105405400    0.0184213230    0.0004851077    
0.1107821300    0.0185300890    0.0004888202    
0.1110237200    0.0185739670    0.0004846115    
0.1112653100    0.0187818250    0.0004923867    
0.1115068900    0.0180718060    0.0004760686    
0.1117484800    0.0179293560    0.0004734674    
0.1119900700    0.0181820800    0.0004748720    
0.1122316600    0.0185357280    0.0004811635    
0.1124732500    0.0177139880    0.0004677801    
0.1127148400    0.0189730530    0.0004836352    
0.1129564300    0.0181382970    0.0004745384    
0.1131980100    0.0192113530    0.0004859353    
0.1134396000    0.0182451610    0.0004747418    
0.1136811900    0.0184369990    0.0004760413    
0.1139227800    0.0182180870    0.0004713326    
0.1141643700    0.0178558710    0.0004632033    
0.1144059600    0.0183904690    0.0004703153    
0.1146475500    0.0184317190    0.0004733869    
0.1148891300    0.0176394440    0.0004572813    
0.1151307200    0.0181777110    0.0004691901    
0.1153723100    0.0182800280    0.0004650639    
0.1156139000    0.0177529970    0.0004620921    
0.1158554900    0.0178866570    0.0004589341    
0.1160970800    0.0177597430    0.0004619548    
0.1163386700    0.0178133430    0.0004588691    
0.1165802500    0.0179090590    0.0004596602    
0.1168218400    0.0171719190    0.0004471187    
0.1170634300    0.0180558510    0.0004589152    
0.1173050200    0.0182292150    0.0004624262    
0.1175466100    0.0178808920    0.0004566864    
0.1177882000    0.0178007930    0.0004533120    
0.1180297800    0.0178405700    0.0004540305    
0.1182713700    0.0179455780    0.0004572957    
0.1185129600    0.0180095220    0.0004555360    
0.1187545500    0.0172422590    0.0004448967    
0.1189961400    0.0180018010    0.0004537468    
0.1192377300    0.0178716650    0.0004496105    
0.1194793200    0.0182174630    0.0004533166    
0.1197209000    0.0178050920    0.0004483616    
0.1199624900    0.0182913850    0.0004536139    
0.1202040800    0.0174740560    0.0004401651    
0.1204456700    0.0177848350    0.0004491349    
0.1206872600    0.0182444050    0.0004499651    
0.1209288500    0.0177788740    0.0004474177    
0.1211704400    0.0180146740    0.0004481318    
0.1214120200    0.0182506560    0.0004494363    
0.1216536100    0.0178716850    0.0004437518    
0.1218952000    0.0181618990    0.0004449628    
0.1221367900    0.0178804530    0.0004446553    
0.1223783800    0.0184070910    0.0004481543    
0.1226199700    0.0175602100    0.0004392799    
0.1228615600    0.0172986360    0.0004356082    
0.1231031400    0.0181110770    0.0004453244    
0.1233447300    0.0171104070    0.0004326552    
0.1235863200    0.0184665950    0.0004514803    
0.1238279100    0.0179871120    0.0004406806    
0.1240695000    0.0189242450    0.0004508329    
0.1243110900    0.0183497840    0.0004437444    
0.1245526800    0.0185538960    0.0004473741    
0.1247942600    0.0186912880    0.0004455361    
0.1250358500    0.0178787250    0.0004376313    
0.1252774400    0.0184307520    0.0004433750    
0.1255190300    0.0180491720    0.0004376280    
0.1257606200    0.0179653700    0.0004383101    
0.1260022100    0.0172190510    0.0004287380    
0.1262437900    0.0181502860    0.0004386636    
0.1264853800    0.0177863900    0.0004336854    
0.1267269700    0.0174797550    0.0004277373    
0.1269685600    0.0177669650    0.0004314200    
0.1272101500    0.0181440940    0.0004359747    
0.1274517400    0.0180859450    0.0004382621    
0.1276933300    0.0178973300    0.0004295497    
0.1279349100    0.0175765000    0.0004307500    
0.1281765000    0.0186789310    0.0004431067    
0.1284180900    0.0176218570    0.0004280227    
0.1286596800    0.0179460120    0.0004332208    
0.1289012700    0.0185522970    0.0004389924    
0.1291428600    0.0178170500    0.0004311137    
0.1293844500    0.0184183470    0.0004348500    
0.1296260300    0.0178527940    0.0004300942    
0.1298676200    0.0175419500    0.0004263334    
0.1301092100    0.0186287150    0.0004371445    
0.1303508000    0.0180973560    0.0004297944    
0.1305923900    0.0177244960    0.0004296295    
0.1308339800    0.0179102860    0.0004306054    
0.1310755700    0.0180179480    0.0004300974    
0.1313171500    0.0185669790    0.0004356958    
0.1315587400    0.0181741880    0.0004305278    
0.1318003300    0.0180850360    0.0004307182    
0.1320419200    0.0182938040    0.0004296404    
0.1322835100    0.0174577860    0.0004214349    
0.1325251000    0.0177890210    0.0004252389    
0.1327666900    0.0181311170    0.0004284269    
0.1330082700    0.0174832160    0.0004207025    
0.1332498600    0.0180079860    0.0004276720    
0.1334914500    0.0174695490    0.0004233254    
0.1337330400    0.0178962200    0.0004228765    
0.1339746300    0.0178430150    0.0004232769    
0.1342162200    0.0176378820    0.0004206656    
0.1344578000    0.0182279860    0.0004290423    
0.1346993900    0.0181964980    0.0004260646    
0.1349409800    0.0177691060    0.0004234342    
0.1351825700    0.0180881270    0.0004241088    
0.1354241600    0.0178273810    0.0004217210    
0.1356657500    0.0179107230    0.0004232192    
0.1359073400    0.0180197590    0.0004271092    
0.1361489200    0.0177456760    0.0004199057    
0.1363905100    0.0177965060    0.0004201685    
0.1366321000    0.0178119480    0.0004201819    
0.1368736900    0.0176533550    0.0004183071    
0.1371152800    0.0180738720    0.0004212349    
0.1373568700    0.0181693300    0.0004240358    
0.1375984600    0.0175710390    0.0004180028    
0.1378400400    0.0181687810    0.0004243699    
0.1380816300    0.0170785430    0.0004093091    
0.1383232200    0.0180399250    0.0004228624    
0.1385648100    0.0181635460    0.0004244793    
0.1388064000    0.0180804920    0.0004204766    
0.1390479900    0.0175752730    0.0004127653    
0.1392895800    0.0179570070    0.0004213820    
0.1395311600    0.0190548950    0.0004302964    
0.1397727500    0.0182095220    0.0004206431    
0.1400143400    0.0177971150    0.0004156888    
0.1402559300    0.0175203380    0.0004165610    
0.1404975200    0.0179048700    0.0004166177    
0.1407391100    0.0172048480    0.0004087135    
0.1409806900    0.0178065600    0.0004187751    
0.1412222800    0.0173327030    0.0004091043    
0.1414638700    0.0178757880    0.0004162792    
0.1417054600    0.0176851840    0.0004108392    
0.1419470500    0.0184375820    0.0004241047    
0.1421886400    0.0180228670    0.0004152249    
0.1424302300    0.0177268420    0.0004129226    
0.1426718100    0.0186555880    0.0004244293    
0.1429134000    0.0186021220    0.0004229941    
0.1431549900    0.0178391220    0.0004152003    
0.1433965800    0.0174178970    0.0004104298    
0.1436381700    0.0182864610    0.0004177649    
0.1438797600    0.0185155120    0.0004200484    
0.1441213500    0.0179611120    0.0004143524    
0.1443629300    0.0179723390    0.0004138412    
0.1446045200    0.0179715060    0.0004141516    
0.1448461100    0.0181623880    0.0004163452    
0.1450877000    0.0179403880    0.0004112562    
0.1453292900    0.0183525350    0.0004194934    
0.1455708800    0.0183257820    0.0004169260    
0.1458124700    0.0174775440    0.0004108101    
0.1460540500    0.0174917210    0.0004043856    
0.1462956400    0.0177809330    0.0004105236    
0.1465372300    0.0184730660    0.0004171576    
0.1467788200    0.0175191840    0.0004057803    
0.1470204100    0.0176158250    0.0004073636    
0.1472620000    0.0172936150    0.0004031595    
0.1475035900    0.0177095980    0.0004073595    
0.1477451700    0.0176886770    0.0004088297    
0.1479867600    0.0181653620    0.0004117870    
0.1482283500    0.0183736300    0.0004168296    
0.1484699400    0.0172448140    0.0004021311    
0.1487115300    0.0174257640    0.0004054697    
0.1489531200    0.0174608840    0.0004010025    
0.1491947000    0.0179404660    0.0004095399    
0.1494362900    0.0183302220    0.0004119411    
0.1496778800    0.0189394950    0.0004201521    
0.1499194700    0.0170611100    0.0003981722    
0.1501610600    0.0178251640    0.0004077586    
0.1504026500    0.0186907320    0.0004153496    
0.1506442400    0.0181113020    0.0004125806    
0.1508858200    0.0181702870    0.0004116871    
0.1511274100    0.0178629400    0.0004051397    
0.1513690000    0.0181845460    0.0004087705    
0.1516105900    0.0182195670    0.0004103881    
0.1518521800    0.0181927880    0.0004094734    
0.1520937700    0.0176305930    0.0004020474    
0.1523353600    0.0180791970    0.0004074331    
0.1525769400    0.0185153690    0.0004137061    
0.1528185300    0.0178835770    0.0004061304    
0.1530601200    0.0179506500    0.0004059820    
0.1533017100    0.0179447540    0.0004080461    
0.1535433000    0.0182559280    0.0004076040    
0.1537848900    0.0178969050    0.0004034274    
0.1540264800    0.0178667760    0.0004039818    
0.1542680600    0.0176123440    0.0004007984    
0.1545096500    0.0184746110    0.0004085344    
0.1547512400    0.0180410240    0.0004056468    
0.1549928300    0.0184333340    0.0004097308    
0.1552344200    0.0178928130    0.0004032327    
0.1554760100    0.0190791190    0.0004165389    
0.1557176000    0.0177549260    0.0004033128    
0.1559591800    0.0181066610    0.0004054859    
0.1562007700    0.0182998370    0.0004052645    
0.1564423600    0.0180677780    0.0004021023    
0.1566839500    0.0179539640    0.0004048165    
0.1569255400    0.0182632170    0.0004054490    
0.1571671300    0.0170875360    0.0003923248    
0.1574087100    0.0183459100    0.0004043068    
0.1576503000    0.0184560620    0.0004101347    
0.1578918900    0.0184129480    0.0004046069    
0.1581334800    0.0187715880    0.0004109035    
0.1583750700    0.0175041880    0.0003975146    
0.1586166600    0.0188275340    0.0004219469    
0.1588582500    0.0178503230    0.0004103794    
0.1590998300    0.0188776790    0.0004269482    
0.1593414200    0.0179773950    0.0004194422    
0.1595830100    0.0187630990    0.0004309088    
0.1598246000    0.0189740080    0.0004324578    
0.1600661900    0.0185509440    0.0004317677    
0.1603077800    0.0187441610    0.0004361467    
0.1605493700    0.0184598370    0.0004335398    
0.1607909500    0.0184186540    0.0004341318    
0.1610325400    0.0182258070    0.0004345641    
0.1612741300    0.0191122170    0.0004451931    
0.1615157200    0.0190859400    0.0004467681    
0.1617573100    0.0187047140    0.0004428469    
0.1619989000    0.0179033130    0.0004367961    
0.1622404900    0.0187482670    0.0004448767    
0.1624820700    0.0176062080    0.0004354186    
0.1627236600    0.0187571280    0.0004482531    
0.1629652500    0.0175651760    0.0004332131    
0.1632068400    0.0184432840    0.0004375166    
0.1634484300    0.0178218110    0.0004233699    
0.1636900200    0.0182900230    0.0004283718    
0.1639316100    0.0175599540    0.0004170316    
0.1641731900    0.0181745470    0.0004239268    
0.1644147800    0.0182187790    0.0004210817    
0.1646563700    0.0175648710    0.0004149311    
0.1648979600    0.0174887990    0.0004106212    
0.1651395500    0.0172844830    0.0004101426    
0.1653811400    0.0178999740    0.0004149342    
0.1656227200    0.0180443340    0.0004187308    
0.1658643100    0.0181854930    0.0004170941    
0.1661059000    0.0187159450    0.0004226423    
0.1663474900    0.0177059320    0.0004082483    
0.1665890800    0.0178335240    0.0004095604    
0.1668306700    0.0185534970    0.0004198312    
0.1670722600    0.0182567880    0.0004143922    
0.1673138400    0.0172654190    0.0004028307    
0.1675554300    0.0171333760    0.0003993154    
0.1677970200    0.0173086280    0.0004031809    
0.1680386100    0.0175082580    0.0004059630    
0.1682802000    0.0173808520    0.0004020374    
0.1685217900    0.0180211910    0.0004079950    
0.1687633800    0.0182388690    0.0004099916    
0.1690049600    0.0177453000    0.0004069980    
0.1692465500    0.0174823720    0.0003988749    
0.1694881400    0.0180219230    0.0004076982    
0.1697297300    0.0181715210    0.0004081685    
0.1699713200    0.0177469880    0.0004053345    
0.1702129100    0.0184653110    0.0004096328    
0.1704545000    0.0175562080    0.0004004553    
0.1706960800    0.0167978120    0.0003933148    
0.1709376700    0.0175971360    0.0003979868    
0.1711792600    0.0172912050    0.0003959587    
0.1714208500    0.0181520120    0.0004034777    
0.1716624400    0.0179068890    0.0004032429    
0.1719040300    0.0179352140    0.0004000447    
0.1721456200    0.0179530860    0.0004018452    
0.1723872000    0.0179800700    0.0004021471    
0.1726287900    0.0175638940    0.0003970319    
0.1728703800    0.0179203140    0.0004019180    
0.1731119700    0.0178995220    0.0003996465    
0.1733535600    0.0177428140    0.0003980371    
0.1735951500    0.0175485760    0.0003935806    
0.1738367300    0.0174438450    0.0003938154    
0.1740783200    0.0181275840    0.0003995924    
0.1743199100    0.0175750580    0.0003938775    
0.1745615000    0.0183085880    0.0004011532    
0.1748030900    0.0179768670    0.0003966558    
0.1750446800    0.0174413560    0.0003950703    
0.1752862700    0.0174126520    0.0003895536    
0.1755278500    0.0172695280    0.0003934048    
0.1757694400    0.0173204580    0.0003893467    
0.1760110300    0.0178388270    0.0003958324    
0.1762526200    0.0171984830    0.0003866048    
0.1764942100    0.0176355030    0.0003919001    
0.1767358000    0.0174193220    0.0003892161    
0.1769773900    0.0165752370    0.0003788688    
0.1772189700    0.0172940780    0.0003876777    
0.1774605600    0.0176192950    0.0003924129    
0.1777021500    0.0177827960    0.0003925648    
0.1779437400    0.0183329670    0.0003987313    
0.1781853300    0.0173952220    0.0003893585    
0.1784269200    0.0174666830    0.0003866241    
0.1786685100    0.0177668770    0.0003908822    
0.1789100900    0.0181477910    0.0003936809    
0.1791516800    0.0182279440    0.0003952337    
0.1793932700    0.0174773700    0.0003871453    
0.1796348600    0.0177798360    0.0003887290    
0.1798764500    0.0185617410    0.0003971846    
0.1801180400    0.0169756260    0.0003799667    
0.1803596200    0.0171922440    0.0003849117    
0.1806012100    0.0180654710    0.0003914348    
0.1808428000    0.0176462340    0.0003867334    
0.1810843900    0.0173272380    0.0003820430    
0.1813259800    0.0171583640    0.0003808271    
0.1815675700    0.0170661080    0.0003791532    
0.1818091600    0.0174970930    0.0003836492    
0.1820507400    0.0176473330    0.0003855556    
0.1822923300    0.0175334060    0.0003835245    
0.1825339200    0.0170082790    0.0003788985    
0.1827755100    0.0171879530    0.0003793409    
0.1830171000    0.0174348870    0.0003850722    
0.1832586900    0.0172183300    0.0003789056    
0.1835002800    0.0168689680    0.0003754225    
0.1837418600    0.0177171320    0.0003837071    
0.1839834500    0.0168446960    0.0003755339    
0.1842250400    0.0170932570    0.0003775269    
0.1844666300    0.0170253940    0.0003763954    
0.1847082200    0.0168445720    0.0003741391    
0.1849498100    0.0168953240    0.0003750814    
0.1851914000    0.0173036160    0.0003815221    
0.1854329800    0.0174032660    0.0003806779    
0.1856745700    0.0169963450    0.0003765824    
0.1859161600    0.0174165560    0.0003785313    
0.1861577500    0.0169229360    0.0003731286    
0.1863993400    0.0175016710    0.0003804711    
0.1866409300    0.0170931470    0.0003742526    
0.1868825200    0.0170817160    0.0003772720    
0.1871241000    0.0176456820    0.0003803797    
0.1873656900    0.0169650770    0.0003749703    
0.1876072800    0.0165029670    0.0003670046    
0.1878488700    0.0169027430    0.0003747846    
0.1880904600    0.0178325160    0.0003840504    
0.1883320500    0.0173662980    0.0003761089    
0.1885736300    0.0176888650    0.0003803397    
0.1888152200    0.0167046210    0.0003694845    
0.1890568100    0.0174344450    0.0003784735    
0.1892984000    0.0178766500    0.0003812181    
0.1895399900    0.0174550940    0.0003779434    
0.1897815800    0.0175369280    0.0003788283    
0.1900231700    0.0169722760    0.0003726797    
0.1902647500    0.0173629830    0.0003759490    
0.1905063400    0.0177482240    0.0003825013    
0.1907479300    0.0176176310    0.0003790711    
0.1909895200    0.0170986700    0.0003719740    
0.1912311100    0.0172653380    0.0003742737    
0.1914727000    0.0173123260    0.0003744136    
0.1917142900    0.0176106640    0.0003787459    
0.1919558700    0.0174496720    0.0003738167    
0.1921974600    0.0172033870    0.0003743407    
0.1924390500    0.0170396940    0.0003731718    
0.1926806400    0.0172702110    0.0003742035    
0.1929222300    0.0177501430    0.0003799920    
0.1931638200    0.0174463590    0.0003736599    
0.1934054100    0.0174606650    0.0003770050    
0.1936469900    0.0172526570    0.0003718211    
0.1938885800    0.0174337870    0.0003757247    
0.1941301700    0.0167776210    0.0003669048    
0.1943717600    0.0175424680    0.0003770177    
0.1946133500    0.0173928620    0.0003720026    
0.1948549400    0.0178332290    0.0003792588    
0.1950965300    0.0176775820    0.0003772304    
0.1953381100    0.0173972880    0.0003739839    
0.1955797000    0.0177318990    0.0003783034    
0.1958212900    0.0171378070    0.0003698616    
0.1960628800    0.0176680790    0.0003756616    
0.1963044700    0.0172687360    0.0003707924    
0.1965460600    0.0177298560    0.0003787774    
0.1967876400    0.0178251640    0.0003758710    
0.1970292300    0.0176769290    0.0003746660    
0.1972708200    0.0167558320    0.0003664283    
0.1975124100    0.0173663300    0.0003728020    
0.1977540000    0.0179149160    0.0003785217    
0.1979955900    0.0172447480    0.0003711338    
0.1982371800    0.0165930750    0.0003648813    
0.1984787600    0.0171809860    0.0003671352    
0.1987203500    0.0176258820    0.0003740043    
0.1989619400    0.0168857430    0.0003663032    
0.1992035300    0.0180397660    0.0003778842    
0.1994451200    0.0178489410    0.0003761216    
0.1996867100    0.0171172100    0.0003676236    
0.1999283000    0.0171831720    0.0003690402    
0.2001698800    0.0169016350    0.0003664755    
0.2004114700    0.0176395590    0.0003754798    
0.2006530600    0.0166820880    0.0003622264    
0.2008946500    0.0177286030    0.0003742511    
0.2011362400    0.0175557810    0.0003699440    
0.2013778300    0.0179044220    0.0003767057    
0.2016194200    0.0177531340    0.0003723705    
0.2018610000    0.0173649000    0.0003698009    
0.2021025900    0.0178874100    0.0003756831    
0.2023441800    0.0169250090    0.0003645059    
0.2025857700    0.0183573760    0.0003799795    
0.2028273600    0.0179159290    0.0003769478    
0.2030689500    0.0174357770    0.0003705548    
0.2033105400    0.0177516310    0.0003717670    
0.2035521200    0.0172861170    0.0003683739    
0.2037937100    0.0181546960    0.0003769164    
0.2040353000    0.0175125030    0.0003710143    
0.2042768900    0.0182258460    0.0003771762    
0.2045184800    0.0180849460    0.0003741802    
0.2047600700    0.0181847570    0.0003779480    
0.2050016500    0.0172672530    0.0003686421    
0.2052432400    0.0172578450    0.0003681896    
0.2054848300    0.0177940010    0.0003723279    
0.2057264200    0.0175560150    0.0003721868    
0.2059680100    0.0169353640    0.0003616390    
0.2062096000    0.0180169710    0.0003742991    
0.2064511900    0.0182667260    0.0003761740    
0.2066927700    0.0180613620    0.0003757081    
0.2069343600    0.0180001320    0.0003745965    
0.2071759500    0.0183471420    0.0003780706    
0.2074175400    0.0176548490    0.0003706353    
0.2076591300    0.0182276370    0.0003760074    
0.2079007200    0.0169740950    0.0003657327    
0.2081423100    0.0178071220    0.0003710622    
0.2083838900    0.0176370490    0.0003700985    
0.2086254800    0.0176771400    0.0003711032    
0.2088670700    0.0180182130    0.0003738412    
0.2091086600    0.0178702910    0.0003735972    
0.2093502500    0.0176624830    0.0003699000    
0.2095918400    0.0174458310    0.0003696018    
0.2098334300    0.0174108670    0.0003685304    
0.2100750100    0.0174823720    0.0003704591    
0.2103166000    0.0170910780    0.0003666398    
0.2105581900    0.0180033380    0.0003734522    
0.2107997800    0.0173080380    0.0003682561    
0.2110413700    0.0175805590    0.0003691570    
0.2112829600    0.0175360830    0.0003712640    
0.2115245400    0.0175739840    0.0003688564    
0.2117661300    0.0179305710    0.0003749394    
0.2120077200    0.0181962160    0.0003759196    
0.2122493100    0.0172261020    0.0003690272    
0.2124909000    0.0173640630    0.0003680347    
0.2127324900    0.0177320540    0.0003744074    
0.2129740800    0.0175459160    0.0003694901    
0.2132156600    0.0175381350    0.0003694081    
0.2134572500    0.0186440310    0.0003823260    
0.2136988400    0.0179078160    0.0003744635    
0.2139404300    0.0176425710    0.0003698075    
0.2141820200    0.0182292150    0.0003775694    
0.2144236100    0.0166506270    0.0003618847    
0.2146652000    0.0183734560    0.0003796622    
0.2149067800    0.0175037560    0.0003689296    
0.2151483700    0.0182302810    0.0003822105    
0.2153899600    0.0173933650    0.0003780273    
0.2156315500    0.0173755550    0.0003815349    
0.2158731400    0.0174725240    0.0003840347    
0.2161147300    0.0174549680    0.0003886566    
0.2163563200    0.0173758390    0.0003887300    
0.2165979000    0.0177692580    0.0003960476    
0.2168394900    0.0179980330    0.0003988744    
0.2170810800    0.0169783550    0.0003917850    
0.2173226700    0.0176034900    0.0003986405    
0.2175642600    0.0169864400    0.0003937578    
0.2178058500    0.0175176220    0.0004013541    
0.2180474400    0.0172432690    0.0004001415    
0.2182890200    0.0178220190    0.0004100539    
0.2185306100    0.0175840450    0.0004046857    
0.2187722000    0.0173836740    0.0004074796    
0.2190137900    0.0171644240    0.0004041206    
0.2192553800    0.0172165940    0.0004085317    
0.2194969700    0.0168592840    0.0004017533    
0.2197385500    0.0165391040    0.0003954732    
0.2199801400    0.0173951960    0.0004012970    
0.2202217300    0.0177888410    0.0004019115    
0.2204633200    0.0169546930    0.0003905119    
0.2207049100    0.0172411850    0.0003912393    
0.2209465000    0.0169482090    0.0003879009    
0.2211880900    0.0176230050    0.0003935707    
0.2214296700    0.0171697700    0.0003879245    
0.2216712600    0.0169987740    0.0003854409    
0.2219128500    0.0168421730    0.0003825791    
0.2221544400    0.0169659900    0.0003858898    
0.2223960300    0.0172158640    0.0003868001    
0.2226376200    0.0172749320    0.0003904999    
0.2228792100    0.0169670980    0.0003841306    
0.2231207900    0.0167757720    0.0003819587    
0.2233623800    0.0167717410    0.0003795133    
0.2236039700    0.0161335770    0.0003737871    
0.2238455600    0.0173744610    0.0003860038    
0.2240871500    0.0164798140    0.0003765893    
0.2243287400    0.0169990570    0.0003804912    
0.2245703300    0.0174751810    0.0003883374    
0.2248119100    0.0169617300    0.0003820558    
0.2250535000    0.0169585100    0.0003818864    
0.2252950900    0.0167688650    0.0003812090    
0.2255366800    0.0162782310    0.0003720799    
0.2257782700    0.0167160760    0.0003779636    
0.2260198600    0.0167793430    0.0003773737    
0.2262614500    0.0164370340    0.0003733762    
0.2265030300    0.0170432510    0.0003796776    
0.2267446200    0.0169255720    0.0003797989    
0.2269862100    0.0161569730    0.0003685389    
0.2272278000    0.0162962190    0.0003711362    
0.2274693900    0.0169020300    0.0003768121    
0.2277109800    0.0166421410    0.0003772574    
0.2279525600    0.0171004040    0.0003788880    
0.2281941500    0.0170725690    0.0003794841    
0.2284357400    0.0170091930    0.0003782624    
0.2286773300    0.0165076390    0.0003739203    
0.2289189200    0.0164316870    0.0003707758    
0.2291605100    0.0170041570    0.0003793719    
0.2294021000    0.0168905320    0.0003765558    
0.2296436800    0.0170664640    0.0003819043    
0.2298852700    0.0169178840    0.0003766045    
0.2301268600    0.0167478190    0.0003785845    
0.2303684500    0.0165019270    0.0003735993    
0.2306100400    0.0166914780    0.0003762550    
0.2308516300    0.0168340950    0.0003770823    
0.2310932200    0.0166417500    0.0003768614    
0.2313348000    0.0173105070    0.0003825118    
0.2315763900    0.0176341230    0.0003864680    
0.2318179800    0.0169329080    0.0003805388    
0.2320595700    0.0170646610    0.0003804378    
0.2323011600    0.0170855300    0.0003818532    
0.2325427500    0.0165820110    0.0003761844    
0.2327843400    0.0171219030    0.0003837217    
0.2330259200    0.0168172020    0.0003768930    
0.2332675100    0.0164483510    0.0003732482    
0.2335091000    0.0166217210    0.0003765044    
0.2337506900    0.0169829560    0.0003786163    
0.2339922800    0.0167899090    0.0003786662    
0.2342338700    0.0164596710    0.0003742768    
0.2344754600    0.0169649730    0.0003811632    
0.2347170400    0.0166855050    0.0003759294    
0.2349586300    0.0161107330    0.0003702883    
0.2352002200    0.0169011170    0.0003824409    
0.2354418100    0.0172920910    0.0003845536    
0.2356834000    0.0162262600    0.0003722559    
0.2359249900    0.0169629130    0.0003782635    
0.2361665700    0.0165798620    0.0003772049    
0.2364081600    0.0162701060    0.0003716031    
0.2366497500    0.0170518560    0.0003825364    
0.2368913400    0.0167575450    0.0003776483    
0.2371329300    0.0167699780    0.0003801553    
0.2373745200    0.0164796530    0.0003754112    
0.2376161100    0.0162401980    0.0003726738    
0.2378576900    0.0161985180    0.0003734916    
0.2380992800    0.0167094940    0.0003772366    
0.2383408700    0.0164168870    0.0003749555    
0.2385824600    0.0158226760    0.0003665840    
0.2388240500    0.0167196610    0.0003785287    
0.2390656400    0.0170485820    0.0003823667    
0.2393072300    0.0160844360    0.0003703693    
0.2395488100    0.0161461260    0.0003715928    
0.2397904000    0.0170219700    0.0003827337    
0.2400319900    0.0163705770    0.0003758636    
0.2402735800    0.0165722680    0.0003787020    
0.2405151700    0.0170145370    0.0003830510    
0.2407567600    0.0171031990    0.0003813918    
0.2409983500    0.0165285280    0.0003770140    
0.2412399300    0.0168008160    0.0003785273    
0.2414815200    0.0165633840    0.0003782028    
0.2417231100    0.0161682590    0.0003704382    
0.2419647000    0.0160219070    0.0003720997    
0.2422062900    0.0173387440    0.0003865482    
0.2424478800    0.0163850080    0.0003758979    
0.2426894600    0.0169736280    0.0003844756    
0.2429310500    0.0167404530    0.0003792912    
0.2431726400    0.0169317120    0.0003811864    
0.2434142300    0.0163262490    0.0003728854    
0.2436558200    0.0162164570    0.0003754051    
0.2438974100    0.0163942580    0.0003740486    
0.2441390000    0.0169391200    0.0003819343    
0.2443805800    0.0168851820    0.0003815921    
0.2446221700    0.0164885640    0.0003774797    
0.2448637600    0.0168129510    0.0003821125    
0.2451053500    0.0166429260    0.0003780531    
0.2453469400    0.0163926020    0.0003791781    
0.2455885300    0.0158528600    0.0003689706    
0.2458301200    0.0163670310    0.0003772768    
0.2460717000    0.0159433760    0.0003693804    
0.2463132900    0.0165854920    0.0003771379    
0.2465548800    0.0165031400    0.0003783094    
0.2467964700    0.0164654550    0.0003761629    
0.2470380600    0.0163617530    0.0003761571    
0.2472796500    0.0162552360    0.0003747994    
0.2475212400    0.0165910170    0.0003809249    
0.2477628200    0.0163720200    0.0003792096    
0.2480044100    0.0160065040    0.0003711419    
0.2482460000    0.0167496640    0.0003797924    
0.2484875900    0.0164338050    0.0003771166    
0.2487291800    0.0164684200    0.0003775136    
0.2489707700    0.0164568680    0.0003764583    
0.2492123600    0.0169246090    0.0003840555    
0.2494539400    0.0157337010    0.0003695149    
0.2496955300    0.0162072450    0.0003756955    
0.2499371200    0.0166730760    0.0003797189    
0.2501787100    0.0164510510    0.0003813471    
0.2504203000    0.0171904000    0.0003851601    
0.2506618900    0.0163430520    0.0003734640    
0.2509034700    0.0165463060    0.0003784052    
0.2511450600    0.0168334400    0.0003810070    
0.2513866500    0.0164048890    0.0003770492    
0.2516282400    0.0162033130    0.0003721214    
0.2518698300    0.0166095500    0.0003788621    
0.2521114200    0.0168209160    0.0003803340    
0.2523530100    0.0167330250    0.0003800017    
0.2525945900    0.0167889170    0.0003797076    
0.2528361800    0.0159921000    0.0003733253    
0.2530777700    0.0159262600    0.0003691821    
0.2533193600    0.0162518810    0.0003725497    
0.2535609500    0.0172422990    0.0003850685    
0.2538025400    0.0160529600    0.0003714212    
0.2540441300    0.0161474900    0.0003725132    
0.2542857100    0.0162167350    0.0003729217    
0.2545273000    0.0169335200    0.0003830760    
0.2547688900    0.0165222710    0.0003755062    
0.2550104800    0.0158762590    0.0003709244    
0.2552520700    0.0165238660    0.0003798841    
0.2554936600    0.0170420480    0.0003820280    
0.2557352500    0.0168279520    0.0003810781    
0.2559768300    0.0165852180    0.0003767422    
0.2562184200    0.0167046100    0.0003799447    
0.2564600100    0.0165451550    0.0003760262    
0.2567016000    0.0159059150    0.0003710102    
0.2569431900    0.0164024710    0.0003753121    
0.2571847800    0.0166566750    0.0003776839    
0.2574263700    0.0167202150    0.0003789299    
0.2576679500    0.0164539970    0.0003766884    
0.2579095400    0.0157799360    0.0003692792    
0.2581511300    0.0160606060    0.0003706075    
0.2583927200    0.0164198600    0.0003743406    
0.2586343100    0.0166405890    0.0003756810    
0.2588759000    0.0166433210    0.0003784528    
0.2591174800    0.0171598140    0.0003812351    
0.2593590700    0.0160324630    0.0003688793    
0.2596006600    0.0163913260    0.0003742741    
0.2598422500    0.0160058230    0.0003702315    
0.2600838400    0.0161052500    0.0003716376    
0.2603254300    0.0164424830    0.0003768200    
0.2605670200    0.0163024920    0.0003739064    
0.2608086000    0.0163161300    0.0003711088    
0.2610501900    0.0161611910    0.0003712520    
0.2612917800    0.0164454270    0.0003754116    
0.2615333700    0.0165023240    0.0003751497    
0.2617749600    0.0162600180    0.0003730304    
0.2620165500    0.0158408050    0.0003672999    
0.2622581400    0.0158244680    0.0003694121    
0.2624997200    0.0171124990    0.0003825515    
0.2627413100    0.0164481830    0.0003787452    
0.2629829000    0.0159944360    0.0003678097    
0.2632244900    0.0163623320    0.0003749831    
0.2634660800    0.0167064810    0.0003770725    
0.2637076700    0.0162744060    0.0003730661    
0.2639492600    0.0164625490    0.0003752163    
0.2641908400    0.0157646000    0.0003678141    
0.2644324300    0.0159057220    0.0003701007    
0.2646740200    0.0160833860    0.0003694646    
0.2649156100    0.0162343020    0.0003752154    
0.2651572000    0.0161851040    0.0003726873    
0.2653987900    0.0167199440    0.0003807863    
0.2656403800    0.0163163070    0.0003747164    
0.2658819600    0.0162662440    0.0003725854    
0.2661235500    0.0159020810    0.0003703169    
0.2663651400    0.0169126350    0.0003801792    
0.2666067300    0.0161164500    0.0003718961    
0.2668483200    0.0166280080    0.0003772279    
0.2670899100    0.0158564080    0.0003714759    
0.2673314900    0.0163714430    0.0003739176    
0.2675730800    0.0164308880    0.0003773478    
0.2678146700    0.0156696440    0.0003695424    
0.2680562600    0.0172595580    0.0003845917    
0.2682978500    0.0157975570    0.0003685830    
0.2685394400    0.0164824640    0.0003751833    
0.2687810300    0.0160685360    0.0003723801    
0.2690226100    0.0163122500    0.0003724685    
0.2692642000    0.0168001830    0.0003829117    
0.2695057900    0.0163110680    0.0003740048    
0.2697473800    0.0168544770    0.0003803159    
0.2699889700    0.0161936490    0.0003748771    
0.2702305600    0.0165207650    0.0003793119    
0.2704721500    0.0158551970    0.0003709389    
0.2707137300    0.0162716810    0.0003729056    
0.2709553200    0.0163240970    0.0003759876    
0.2711969100    0.0158565060    0.0003696567    
0.2714385000    0.0162939170    0.0003738081    
0.2716800900    0.0162120270    0.0003743009    
0.2719216800    0.0164840890    0.0003857577    
0.2721632700    0.0169636070    0.0003940765    
0.2724048500    0.0161159010    0.0003890415    
0.2726464400    0.0161975120    0.0003971936    
0.2728880300    0.0168181960    0.0004050520    
0.2731296200    0.0165921000    0.0004045651    
0.2733712100    0.0157188470    0.0003969608    
0.2736128000    0.0161106330    0.0004073749    
0.2738543800    0.0163725420    0.0004082941    
0.2740959700    0.0162118230    0.0004101959    
0.2743375600    0.0165943900    0.0004180066    
0.2745791500    0.0164823170    0.0004183814    
0.2748207400    0.0154525430    0.0004079191    
0.2750623300    0.0165401440    0.0004220303    
0.2753039200    0.0169269400    0.0004314785    
0.2755455000    0.0164394230    0.0004238993    
0.2757870900    0.0158647460    0.0004226468    
0.2760286800    0.0159523510    0.0004217012    
0.2762702700    0.0158564410    0.0004282398    
0.2765118600    0.0165748780    0.0004204601    
0.2767534500    0.0161823510    0.0004138452    
0.2769950400    0.0158916450    0.0004068100    
0.2772366200    0.0163486100    0.0004083326    
0.2774782100    0.0157246780    0.0004009623    
0.2777198000    0.0166149750    0.0004131851    
0.2779613900    0.0163994690    0.0004094752    
0.2782029800    0.0163327230    0.0004007502    
0.2784445700    0.0161906530    0.0004023842    
0.2786861600    0.0164075920    0.0004039270    
0.2789277400    0.0169305020    0.0004057611    
0.2791693300    0.0170935860    0.0004080324    
0.2794109200    0.0168047100    0.0004064995    
0.2796525100    0.0166140940    0.0004035449    
0.2798941000    0.0159334220    0.0003907176    
0.2801356900    0.0164279210    0.0004008002    
0.2803772800    0.0162914480    0.0004026571    
0.2806188600    0.0161228800    0.0003924247    
0.2808604500    0.0157516160    0.0003857956    
0.2811020400    0.0160159860    0.0003905177    
0.2813436300    0.0165693290    0.0003990583    
0.2815852200    0.0163535150    0.0003924969    
0.2818268100    0.0156731940    0.0003863159    
0.2820683900    0.0159880770    0.0003912353    
0.2823099800    0.0171103730    0.0004044203    
0.2825515700    0.0158905040    0.0003863114    
0.2827931600    0.0164475850    0.0003977444    
0.2830347500    0.0167518930    0.0003990809    
0.2832763400    0.0164069320    0.0003929875    
0.2835179300    0.0164916490    0.0003940007    
0.2837595100    0.0157874580    0.0003877216    
0.2840011000    0.0156904710    0.0003869769    
0.2842426900    0.0161390140    0.0003885818    
0.2844842800    0.0153759770    0.0003813137    
0.2847258700    0.0153094260    0.0003810721    
0.2849674600    0.0162028640    0.0003930928    
0.2852090500    0.0164099350    0.0003936244    
0.2854506300    0.0168634430    0.0004007163    
0.2856922200    0.0169965750    0.0004010590    
0.2859338100    0.0156439540    0.0003853612    
0.2861754000    0.0169423580    0.0003988922    
0.2864169900    0.0161317990    0.0003890853    
0.2866585800    0.0160151820    0.0003894575    
0.2869001700    0.0160549030    0.0003890455    
0.2871417500    0.0156701750    0.0003839161    
0.2873833400    0.0166753230    0.0003977085    
0.2876249300    0.0164571660    0.0003955547    
0.2878665200    0.0170957290    0.0004056637    
0.2881081100    0.0164570950    0.0003910604    
0.2883497000    0.0160717830    0.0003886566    
0.2885912900    0.0158717210    0.0003860830    
0.2888328700    0.0159496000    0.0003871764    
0.2890744600    0.0163729120    0.0003913875    
0.2893160500    0.0167103100    0.0003958500    
0.2895576400    0.0163402600    0.0003935413    
0.2897992300    0.0158344940    0.0003835919    
0.2900408200    0.0166438030    0.0003941639    
0.2902824000    0.0160369600    0.0003898718    
0.2905239900    0.0159308030    0.0003869482    
0.2907655800    0.0161204700    0.0003864587    
0.2910071700    0.0164632620    0.0003905460    
0.2912487600    0.0160389300    0.0003860602    
0.2914903500    0.0156590290    0.0003804592    
0.2917319400    0.0156735340    0.0003793588    
0.2919735200    0.0159798360    0.0003841929    
0.2922151100    0.0162055310    0.0003861745    
0.2924567000    0.0160814420    0.0003854123    
0.2926982900    0.0165187040    0.0003907632    
0.2929398800    0.0156007810    0.0003817580    
0.2931814700    0.0159565930    0.0003822007    
0.2934230600    0.0158308330    0.0003818263    
0.2936646400    0.0161089350    0.0003824635    
0.2939062300    0.0158095280    0.0003824264    
0.2941478200    0.0166884450    0.0003904331    
0.2943894100    0.0153287800    0.0003760037    
0.2946310000    0.0155334300    0.0003775191    
0.2948725900    0.0158610880    0.0003823337    
0.2951141800    0.0153888950    0.0003758984    
0.2953557600    0.0162585600    0.0003889875    
0.2955973500    0.0155764510    0.0003773407    
0.2958389400    0.0163204220    0.0003855337    
0.2960805300    0.0164357560    0.0003871794    
0.2963221200    0.0153483810    0.0003734631    
0.2965637100    0.0161270970    0.0003826791    
0.2968053000    0.0158663540    0.0003787378    
0.2970468800    0.0159507980    0.0003808620    
0.2972884700    0.0157307450    0.0003771157    
0.2975300600    0.0156945820    0.0003766820    
0.2977716500    0.0154187920    0.0003747329    
0.2980132400    0.0157435110    0.0003794995    
0.2982548300    0.0158084480    0.0003773555    
0.2984964100    0.0160588140    0.0003797779    
0.2987380000    0.0168960180    0.0003904051    
0.2989795900    0.0163911270    0.0003836873    
0.2992211800    0.0163912640    0.0003832707    
0.2994627700    0.0169557900    0.0003909522    
0.2997043600    0.0164539970    0.0003861122    
0.2999459500    0.0155636950    0.0003753831    
0.3001875300    0.0161861830    0.0003822560    
0.3004291200    0.0160822770    0.0003849903    
0.3006707100    0.0156922380    0.0003750091    
0.3009123000    0.0155703790    0.0003753261    
0.3011538900    0.0157490810    0.0003748719    
0.3013954800    0.0157954770    0.0003774763    
0.3016370700    0.0160066170    0.0003797133    
0.3018786500    0.0162588310    0.0003826932    
0.3021202400    0.0166520210    0.0003871516    
0.3023618300    0.0160907740    0.0003822479    
0.3026034200    0.0153781590    0.0003728655    
0.3028450100    0.0158896360    0.0003792935    
0.3030866000    0.0153076620    0.0003726931    
0.3033281900    0.0160892830    0.0003798617    
0.3035697700    0.0164149360    0.0003846664    
0.3038113600    0.0158611960    0.0003783991    
0.3040529500    0.0160775990    0.0003795858    
0.3042945400    0.0160301100    0.0003788872    
0.3045361300    0.0152510780    0.0003718669    
0.3047777200    0.0154705950    0.0003730292    
0.3050193100    0.0160246320    0.0003799269    
0.3052608900    0.0156813960    0.0003767999    
0.3055024800    0.0161382880    0.0003871084    
0.3057440700    0.0161684620    0.0003798303    
0.3059856600    0.0160686370    0.0003794800    
0.3062272500    0.0158805090    0.0003782146    
0.3064688400    0.0161431460    0.0003823072    
0.3067104200    0.0160381920    0.0003780238    
0.3069520100    0.0162919780    0.0003829433    
0.3071936000    0.0159477200    0.0003797076    
0.3074351900    0.0160009690    0.0003807597    
0.3076767800    0.0161403320    0.0003803256    
0.3079183700    0.0157801030    0.0003799402    
0.3081599600    0.0162374970    0.0003854073    
0.3084015400    0.0161946680    0.0003805510    
0.3086431300    0.0159658540    0.0003775795    
0.3088847200    0.0165082410    0.0003863229    
0.3091263100    0.0167208350    0.0003878093    
0.3093679000    0.0152993310    0.0003715006    
0.3096094900    0.0160908660    0.0003790548    
0.3098510800    0.0159314550    0.0003810524    
0.3100926600    0.0158973060    0.0003788295    
0.3103342500    0.0157980040    0.0003776445    
0.3105758400    0.0158284280    0.0003806627    
0.3108174300    0.0157060880    0.0003754473    
0.3110590200    0.0154935770    0.0003746741    
0.3113006100    0.0153118540    0.0003696316    
0.3115422000    0.0161187560    0.0003821585    
0.3117837800    0.0155785290    0.0003743282    
0.3120253700    0.0158960810    0.0003792313    
0.3122669600    0.0156760090    0.0003744075    
0.3125085500    0.0161424600    0.0003827205    
0.3127501400    0.0159477200    0.0003797076    
0.3129917300    0.0158337800    0.0003800229    
0.3132333100    0.0157069130    0.0003775220    
0.3134749000    0.0156065680    0.0003757620    
0.3137164900    0.0159959440    0.0003790338    
0.3139580800    0.0157689130    0.0003761975    
0.3141996700    0.0165828250    0.0003860649    
0.3144412600    0.0159075320    0.0003785362    
0.3146828500    0.0162127360    0.0003829899    
0.3149244300    0.0154188910    0.0003719988    
0.3151660200    0.0159220530    0.0003799591    
0.3154076100    0.0165268030    0.0003878206    
0.3156492000    0.0165610400    0.0003898064    
0.3158907900    0.0157280860    0.0003754372    
0.3161323800    0.0154884010    0.0003727009    
0.3163739700    0.0154817160    0.0003727559    
0.3166155500    0.0156228350    0.0003763719    
0.3168571400    0.0155042670    0.0003732989    
0.3170987300    0.0157077300    0.0003765640    
0.3173403200    0.0152021940    0.0003704548    
0.3175819100    0.0156681710    0.0003769176    
0.3178235000    0.0158792510    0.0003786144    
0.3180650900    0.0166514700    0.0003895680    
0.3183066700    0.0156409690    0.0003765903    
0.3185482600    0.0160154260    0.0003812116    
0.3187898500    0.0157052750    0.0003748927    
0.3190314400    0.0153624770    0.0003722665    
0.3192730300    0.0158869280    0.0003781530    
0.3195146200    0.0150848370    0.0003690221    
0.3197562100    0.0161603900    0.0003811158    
0.3199977900    0.0163637890    0.0003842070    
0.3202393800    0.0158845290    0.0003799300    
0.3204809700    0.0157765150    0.0003791950    
0.3207225600    0.0156961680    0.0003778098    
0.3209641500    0.0158209180    0.0003791685    
0.3212057400    0.0155917790    0.0003742147    
0.3214473200    0.0154705950    0.0003730292    
0.3216889100    0.0155402190    0.0003737315    
0.3219305000    0.0153576680    0.0003730271    
0.3221720900    0.0159089440    0.0003791069    
0.3224136800    0.0161134460    0.0003800087    
0.3226552700    0.0166189040    0.0003901968    
0.3228968600    0.0157824670    0.0003775969    
0.3231384400    0.0152230170    0.0003744246    
0.3233800300    0.0156726120    0.0003751834    
0.3236216200    0.0158843440    0.0003779844    
0.3238632100    0.0158792510    0.0003786144    
0.3241048000    0.0153894330    0.0003731388    
0.3243463900    0.0160471680    0.0003808897    
0.3245879800    0.0167097740    0.0003883894    
0.3248295600    0.0152881550    0.0003712292    
0.3250711500    0.0154684400    0.0003734117    
0.3253127400    0.0152329440    0.0003716458    
0.3255543300    0.0159572270    0.0003807984    
0.3257959200    0.0153635980    0.0003757291    
0.3260375100    0.0161216840    0.0003805206    
0.3262791000    0.0158689390    0.0003789074    
0.3265206800    0.0162678390    0.0003827992    
0.3267622700    0.0153939100    0.0003734670    
0.3270038600    0.0156132160    0.0003757043    
0.3272454500    0.0156487250    0.0003755814    
0.3274870400    0.0153827420    0.0003726481    
0.3277286300    0.0156143220    0.0003768235    
0.3279702200    0.0157704300    0.0003782846    
0.3282118000    0.0154624600    0.0003773577    
0.3284533900    0.0159217680    0.0003789823    
0.3286949800    0.0150968000    0.0003821056    
0.3289365700    0.0153212950    0.0003901695    
0.3291781600    0.0146751870    0.0003851238    
0.3294197500    0.0155988860    0.0004016918    
0.3296613300    0.0154229830    0.0004034998    
0.3299029200    0.0157484230    0.0004082588    
0.3301445100    0.0161962230    0.0004200087    
0.3303861000    0.0151000010    0.0004082573    
0.3306276900    0.0161177440    0.0004250351    
0.3308692800    0.0155826830    0.0004181105    
0.3311108700    0.0153628930    0.0004185904    
0.3313524500    0.0162945890    0.0004359586    
0.3315940400    0.0161554680    0.0004334794    
0.3318356300    0.0158135010    0.0004344303    
0.3320772200    0.0156289060    0.0004323055    
0.3323188100    0.0166773360    0.0004507388    
0.3325604000    0.0164337540    0.0004467740    
0.3328019900    0.0160612510    0.0004463181    
0.3330435700    0.0156199610    0.0004355715    
0.3332851600    0.0153930850    0.0004267633    
0.3335267500    0.0159837770    0.0004213558    
0.3337683400    0.0155283670    0.0004153098    
0.3340099300    0.0157160520    0.0004150198    
0.3342515200    0.0153073770    0.0004056447    
0.3344931100    0.0156046230    0.0004053491    
0.3347346900    0.0161571470    0.0004138779    
0.3349762800    0.0156354950    0.0004050592    
0.3352178700    0.0156833670    0.0004041353    
0.3354594600    0.0157014020    0.0004023356    
0.3357010500    0.0156872490    0.0004031660    
0.3359426400    0.0160436900    0.0004090968    
0.3361842300    0.0158821210    0.0003991793    
0.3364258100    0.0154406230    0.0003929535    
0.3366674000    0.0161599370    0.0004024919    
0.3369089900    0.0154156700    0.0003916848    
0.3371505800    0.0160476030    0.0003988290    
0.3373921700    0.0162149560    0.0004018728    
0.3376337600    0.0157711760    0.0003960158    
0.3378753400    0.0159331750    0.0003982050    
0.3381169300    0.0152284900    0.0003874294    
0.3383585200    0.0154029560    0.0003939130    
0.3386001100    0.0154794040    0.0003890575    
0.3388417000    0.0157186230    0.0003934577    
0.3390832900    0.0163188120    0.0003969586    
0.3393248800    0.0161436060    0.0003977899    
0.3395664600    0.0149081810    0.0003815093    
0.3398080500    0.0159637540    0.0003943170    
0.3400496400    0.0154836500    0.0003869703    
0.3402912300    0.0161679810    0.0003948110    
0.3405328200    0.0152280770    0.0003854283    
0.3407744100    0.0160016420    0.0003952529    
0.3410160000    0.0160690700    0.0003965557    
0.3412575800    0.0163135830    0.0003951978    
0.3414991700    0.0158963970    0.0003898096    
0.3417407600    0.0159830590    0.0003919348    
0.3419823500    0.0148881530    0.0003755040    
0.3422239400    0.0156357550    0.0003864511    
0.3424655300    0.0156607250    0.0003876607    
0.3427071200    0.0158976890    0.0003893733    
0.3429487000    0.0157721310    0.0003882830    
0.3431902900    0.0157244940    0.0003893585    
0.3434318800    0.0159055310    0.0003946891    
0.3436734700    0.0161644470    0.0003906690    
0.3439150600    0.0149439390    0.0003747715    
0.3441566500    0.0156135370    0.0003854313    
0.3443982300    0.0160141690    0.0003898943    
0.3446398200    0.0155979360    0.0003837621    
0.3448814100    0.0160901110    0.0003908177    
0.3451230000    0.0150521730    0.0003784391    
0.3453645900    0.0157277120    0.0003868380    
0.3456061800    0.0160228190    0.0003889538    
0.3458477700    0.0162913710    0.0003947756    
0.3460893500    0.0160531460    0.0003914237    
0.3463309400    0.0153198870    0.0003794563    
0.3465725300    0.0156419570    0.0003835703    
0.3468141200    0.0156483580    0.0003851193    
0.3470557100    0.0156023870    0.0003835236    
0.3472973000    0.0159583570    0.0003887660    
0.3475388900    0.0162138610    0.0003894818    
0.3477804700    0.0159028010    0.0003876427    
0.3480220600    0.0152530450    0.0003797864    
0.3482636500    0.0157841380    0.0003858983    
0.3485052400    0.0151587100    0.0003818424    
0.3487468300    0.0149761500    0.0003754612    
0.3489884200    0.0163944270    0.0003926879    
0.3492300100    0.0153649470    0.0003787182    
0.3494715900    0.0153025960    0.0003805486    
0.3497131800    0.0158316830    0.0003844272    
0.3499547700    0.0156357040    0.0003842264    
0.3501963600    0.0160735220    0.0003877926    
0.3504379500    0.0156701750    0.0003839161    
0.3506795400    0.0151404430    0.0003778034    
0.3509211300    0.0165423240    0.0003956633    
0.3511627100    0.0153711650    0.0003815465    
0.3514043000    0.0145248220    0.0003682189    
0.3516458900    0.0148817400    0.0003735642    
0.3518874800    0.0156916620    0.0003827235    
0.3521290700    0.0159931360    0.0003865287    
0.3523706600    0.0156531940    0.0003832701    
0.3526122400    0.0153764290    0.0003795781    
0.3528538300    0.0150943180    0.0003766524    
0.3530954200    0.0160266210    0.0003887026    
0.3533370100    0.0152706620    0.0003787020    
0.3535786000    0.0159941230    0.0003901006    
0.3538201900    0.0159541680    0.0003854743    
0.3540617800    0.0167928670    0.0003975826    
0.3543033600    0.0154930440    0.0003795765    
0.3545449500    0.0157528330    0.0003837591    
0.3547865400    0.0154627930    0.0003790629    
0.3550281300    0.0152071030    0.0003780569    
0.3552697200    0.0156150800    0.0003822223    
0.3555113100    0.0156719630    0.0003834998    
0.3557529000    0.0154702660    0.0003813141    
0.3559944800    0.0158875790    0.0003840897    
0.3562360700    0.0161969040    0.0003927171    
0.3564776600    0.0151582600    0.0003754530    
0.3567192500    0.0157984470    0.0003837333    
0.3569608400    0.0159962540    0.0003852562    
0.3572024300    0.0156686930    0.0003827329    
0.3574440200    0.0153256520    0.0003775204    
0.3576856000    0.0161231700    0.0003885383    
0.3579271900    0.0161497540    0.0003878300    
0.3581687800    0.0149493640    0.0003745543    
0.3584103700    0.0159382560    0.0003854276    
0.3586519600    0.0151270620    0.0003786502    
0.3588935500    0.0156499950    0.0003825044    
0.3591351400    0.0162636150    0.0003902269    
0.3593767200    0.0155601620    0.0003799685    
0.3596183100    0.0167346030    0.0003934560    
0.3598599000    0.0152858130    0.0003774563    
0.3601014900    0.0152342610    0.0003771041    
0.3603430800    0.0155398860    0.0003807241    
0.3605846700    0.0152627580    0.0003768869    
0.3608262500    0.0155402330    0.0003813052    
0.3610678400    0.0159289360    0.0003853148    
0.3613094300    0.0168596860    0.0003988295    
0.3615510200    0.0155953390    0.0003808275    
0.3617926100    0.0160519260    0.0003859260    
0.3620342000    0.0162737990    0.0003894636    
0.3622757900    0.0155860400    0.0003807139    
0.3625173700    0.0152929040    0.0003774013    
0.3627589600    0.0162984190    0.0003900527    
0.3630005500    0.0158252020    0.0003834793    
0.3632421400    0.0160361470    0.0003858814    
0.3634837300    0.0150183300    0.0003749898    
0.3637253200    0.0155405810    0.0003818889    
0.3639669100    0.0157428290    0.0003846585    
0.3642084900    0.0157035620    0.0003814287    
0.3644500800    0.0153372100    0.0003778051    
0.3646916700    0.0157637500    0.0003834566    
0.3649332600    0.0159651730    0.0003837294    
0.3651748500    0.0156343900    0.0003808737    
0.3654164400    0.0156244360    0.0003823368    
0.3656580300    0.0158010610    0.0003839101    
0.3658996100    0.0159340060    0.0003846505    
0.3661412000    0.0154256220    0.0003791785    
0.3663827900    0.0159532790    0.0003894520    
0.3666243800    0.0151868930    0.0003734231    
0.3668659700    0.0157178970    0.0003818895    
0.3671075600    0.0154883000    0.0003792327    
0.3673491500    0.0160500480    0.0003853245    
0.3675907300    0.0162797490    0.0003898293    
0.3678323200    0.0156473080    0.0003801744    
0.3680739100    0.0151732030    0.0003766327    
0.3683155000    0.0155185480    0.0003797457    
0.3685570900    0.0158040090    0.0003830782    
0.3687986800    0.0153503750    0.0003799784    
0.3690402600    0.0150640480    0.0003761313    
0.3692818500    0.0161617140    0.0003862285    
0.3695234400    0.0156647250    0.0003813864    
0.3697650300    0.0154833960    0.0003783196    
0.3700066200    0.0154209690    0.0003788353    
0.3702482100    0.0154325450    0.0003774152    
0.3704898000    0.0156925820    0.0003817254    
0.3707313800    0.0156331630    0.0003818650    
0.3709729700    0.0150869550    0.0003741462    
0.3712145600    0.0157095010    0.0003839588    
0.3714561500    0.0157992210    0.0003853469    
0.3716977400    0.0154163580    0.0003779246    
0.3719393300    0.0155481030    0.0003791093    
0.3721809200    0.0161760580    0.0003871244    
0.3724225000    0.0156109150    0.0003803018    
0.3726640900    0.0154928420    0.0003790032    
0.3729056800    0.0152610520    0.0003761573    
0.3731472700    0.0147420920    0.0003690138    
0.3733888600    0.0149875530    0.0003737556    
0.3736304500    0.0154934530    0.0003807308    
0.3738720400    0.0151246350    0.0003771741    
0.3741136200    0.0155840730    0.0003811210    
0.3743552100    0.0154047300    0.0003782082    
0.3745968000    0.0163709890    0.0003885758    
0.3748383900    0.0154325660    0.0003779813    
0.3750799800    0.0164725270    0.0003906559    
0.3753215700    0.0157601540    0.0003826904    
0.3755631500    0.0158187790    0.0003825383    
0.3758047400    0.0162032870    0.0003878872    
0.3760463300    0.0158703460    0.0003844604    
0.3762879200    0.0151710590    0.0003764635    
0.3765295100    0.0150891060    0.0003768745    
0.3767711000    0.0150900310    0.0003737630    
0.3770126900    0.0149380110    0.0003715969    
0.3772542700    0.0156337640    0.0003802946    
0.3774958600    0.0151996570    0.0003744167    
0.3777374500    0.0155066270    0.0003788872    
0.3779790400    0.0160817350    0.0003868664    
0.3782206300    0.0157415690    0.0003824647    
0.3784622200    0.0150067120    0.0003727297    
0.3787038100    0.0153906440    0.0003788915    
0.3789453900    0.0151566390    0.0003765697    
0.3791869800    0.0151818130    0.0003773117    
0.3794285700    0.0161304640    0.0003861439    
0.3796701600    0.0157136910    0.0003821258    
0.3799117500    0.0155248450    0.0003785422    
0.3801533400    0.0156951060    0.0003818998    
0.3803949300    0.0156276250    0.0003788028    
0.3806365100    0.0150694690    0.0003733683    
0.3808781000    0.0152615450    0.0003755995    
0.3811196900    0.0151940630    0.0003770343    
0.3813612800    0.0157153600    0.0003817152    
0.3816028700    0.0150309320    0.0003747209    
0.3818444600    0.0153814500    0.0003782070    
0.3820860500    0.0158965460    0.0003821903    
0.3823276300    0.0158414140    0.0003815270    
0.3825692200    0.0151376770    0.0003719881    
0.3828108100    0.0159587980    0.0003813793    
0.3830524000    0.0156484500    0.0003791962    
0.3832939900    0.0153912670    0.0003755085    
0.3835355800    0.0162707680    0.0003860882    
0.3837771600    0.0152318050    0.0003727290    
0.3840187500    0.0154233220    0.0003767393    
0.3842603400    0.0154533330    0.0003778107    
0.3845019300    0.0160417450    0.0003805466    
0.3847435200    0.0155479400    0.0003753308    
0.3849851100    0.0160772810    0.0003827924    
0.3852267000    0.0153370660    0.0003831872    
0.3854682800    0.0154355740    0.0003919376    
0.3857098700    0.0152423480    0.0003939499    
0.3859514600    0.0156493330    0.0004035264    
0.3861930500    0.0153940340    0.0004026046    
0.3864346400    0.0166080740    0.0004225276    
0.3866762300    0.0154365240    0.0004102210    
0.3869178200    0.0161307940    0.0004215850    
0.3871594000    0.0152169390    0.0004143061    
0.3874009900    0.0155163610    0.0004195144    
0.3876425800    0.0158745770    0.0004274842    
0.3878841700    0.0155446160    0.0004248051    
0.3881257600    0.0158075900    0.0004310271    
0.3883673500    0.0161678410    0.0004390583    
0.3886089400    0.0151511880    0.0004275155    
0.3888505200    0.0156629400    0.0004366003    
0.3890921100    0.0160561810    0.0004444644    
0.3893337000    0.0157243860    0.0004447528    
0.3895752900    0.0148111320    0.0004331926    
0.3898168800    0.0161662860    0.0004342388    
0.3900584700    0.0154649590    0.0004169074    
0.3903000600    0.0150542910    0.0004100297    
0.3905416400    0.0152312620    0.0004083874    
0.3907832300    0.0154474250    0.0004103658    
0.3910248200    0.0155122220    0.0004097802    
0.3912664100    0.0152163710    0.0004040852    
0.3915080000    0.0155398860    0.0004064191    
0.3917495900    0.0160394310    0.0004146896    
0.3919911700    0.0147074640    0.0003977897    
0.3922327600    0.0165926160    0.0004153349    
0.3924743500    0.0153575300    0.0004011016    
0.3927159400    0.0156561650    0.0004027663    
0.3929575300    0.0146720640    0.0003925482    
0.3931991200    0.0157637900    0.0004049993    
0.3934407100    0.0161774590    0.0004095887    
0.3936822900    0.0158066950    0.0004062358    
0.3939238800    0.0150723640    0.0003971917    
0.3941654700    0.0154701070    0.0004023983    
0.3944070600    0.0151050220    0.0003984676    
0.3946486500    0.0160806830    0.0004121897    
0.3948902400    0.0150377040    0.0003957291    
0.3951318300    0.0155113930    0.0004015747    
0.3953734100    0.0153552100    0.0004002228    
0.3956150000    0.0154963940    0.0004030820    
0.3958565900    0.0160614080    0.0004091498    
0.3960981800    0.0153337250    0.0004013019    
0.3963397700    0.0152435240    0.0004011454    
0.3965813600    0.0155813300    0.0004055658    
0.3968229500    0.0148596180    0.0003974240    
0.3970645300    0.0156633510    0.0004090889    
0.3973061200    0.0155896680    0.0004061959    
0.3975477100    0.0161804650    0.0004125844    
0.3977893000    0.0158178890    0.0004095096    
0.3980308900    0.0151533280    0.0004002994    
0.3982724800    0.0161147400    0.0004133344    
0.3985140700    0.0152903330    0.0004027958    
0.3987556500    0.0154602270    0.0004057257    
0.3989972400    0.0154627930    0.0004052353    
0.3992388300    0.0159631010    0.0004142419    
0.3994804200    0.0148644470    0.0003995588    
0.3997220100    0.0150888660    0.0004048606    
0.3999636000    0.0158086030    0.0004100947    
0.4002051800    0.0155195990    0.0004082692    
0.4004467700    0.0158800210    0.0004108429    
0.4006883600    0.0151319290    0.0004038413    
0.4009299500    0.0156737270    0.0004111871    
0.4011715400    0.0153796570    0.0004078466    
0.4014131300    0.0158183730    0.0004139857    
0.4016547200    0.0152719150    0.0004094774    
0.4018963000    0.0156298450    0.0004125995    
0.4021378900    0.0156416370    0.0004162601    
0.4023794800    0.0155427100    0.0004114478    
0.4026210700    0.0155621320    0.0004122510    
0.4028626600    0.0152818130    0.0004072617    
0.4031042500    0.0156663060    0.0004139950    
0.4033458400    0.0159616900    0.0004178797    
0.4035874200    0.0162836810    0.0004252904    
0.4038290100    0.0157892260    0.0004170977    
0.4040706000    0.0157352410    0.0004171295    
0.4043121900    0.0150469430    0.0004093743    
0.4045537800    0.0148937040    0.0004083917    
0.4047953700    0.0152301460    0.0004154363    
0.4050369600    0.0160293540    0.0004213876    
0.4052785400    0.0158217230    0.0004201609    
0.4055201300    0.0154618520    0.0004151675    
0.4057617200    0.0159986140    0.0004250083    
0.4060033100    0.0149936490    0.0004088333    
0.4062449000    0.0151054950    0.0004137327    
0.4064864900    0.0156147380    0.0004198785    
0.4067280800    0.0153317890    0.0004175879    
0.4069696600    0.0156550000    0.0004237276    
0.4072112500    0.0153678490    0.0004213929    
0.4074528400    0.0151615150    0.0004195377    
0.4076944300    0.0153366560    0.0004195922    
0.4079360200    0.0157506730    0.0004238403    
0.4081776100    0.0156527660    0.0004242892    
0.4084191900    0.0147531860    0.0004126866    
0.4086607800    0.0157550460    0.0004248820    
0.4089023700    0.0163258150    0.0004361700    
0.4091439600    0.0158580070    0.0004304857    
0.4093855500    0.0156399080    0.0004285308    
0.4096271400    0.0145606070    0.0004146655    
0.4098687300    0.0153830270    0.0004326814    
0.4101103100    0.0157884080    0.0004281233    
0.4103519000    0.0152128550    0.0004240543    
0.4105934900    0.0156611280    0.0004294348    
0.4108350800    0.0156963520    0.0004321916    
0.4110766700    0.0154910100    0.0004291484    
0.4113182600    0.0151440670    0.0004259602    
0.4115598500    0.0153803860    0.0004307370    
0.4118014300    0.0155745590    0.0004351522    
0.4120430200    0.0157664040    0.0004361088    
0.4122846100    0.0153243200    0.0004337844    
0.4125262000    0.0150090520    0.0004336355    
0.4127677900    0.0151808670    0.0004283530    
0.4130093800    0.0155231760    0.0004350772    
0.4132509700    0.0146398180    0.0004231444    
0.4134925500    0.0153573400    0.0004366477    
0.4137341400    0.0155490270    0.0004380442    
0.4139757300    0.0156162940    0.0004418723    
0.4142173200    0.0158557450    0.0004430085    
0.4144589100    0.0152835240    0.0004393704    
0.4147005000    0.0150199330    0.0004346762    
0.4149420800    0.0149620540    0.0004374197    
0.4151836700    0.0162808420    0.0004541772    
0.4154252600    0.0149161240    0.0004318528    
0.4156668500    0.0156534660    0.0004390740    
0.4159084400    0.0160106260    0.0004440549    
0.4161500300    0.0144951880    0.0004212578    
0.4163916200    0.0151986850    0.0004317878    
0.4166332000    0.0155196630    0.0004339573    
0.4168747900    0.0156940250    0.0004351066    
0.4171163800    0.0143316940    0.0004197090    
0.4173579700    0.0152377270    0.0004297863    
0.4175995600    0.0148786150    0.0004313095    
0.4178411500    0.0154861150    0.0004328501    
0.4180827400    0.0147769240    0.0004242811    
0.4183243200    0.0154531960    0.0004351718    
0.4185659100    0.0152746020    0.0004339446    
0.4188075000    0.0152963060    0.0004340360    
0.4190490900    0.0157253920    0.0004431886    
0.4192906800    0.0154069250    0.0004382347    
0.4195322700    0.0156726860    0.0004456137    
0.4197738600    0.0163568610    0.0004552363    
0.4200154400    0.0154514390    0.0004466032    
0.4202570300    0.0154871310    0.0004478219    
0.4204986200    0.0161346260    0.0004540014    
0.4207402100    0.0159532980    0.0004545118    
0.4209818000    0.0153325230    0.0004437225    
0.4212233900    0.0155360370    0.0004492361    
0.4214649800    0.0155660040    0.0004508572    
0.4217065600    0.0151368020    0.0004457789    
0.4219481500    0.0158550290    0.0004576953    
0.4221897400    0.0157254730    0.0004577862    
0.4224313300    0.0161563100    0.0004675629    
0.4226729200    0.0149091700    0.0004501426    
0.4229145100    0.0142264210    0.0004409307    
0.4231560900    0.0151205000    0.0004528233    
0.4233976800    0.0148031550    0.0004487866    
0.4236392700    0.0160563590    0.0004692115    
0.4238808600    0.0150874320    0.0004563576    
0.4241224500    0.0153392530    0.0004604078    
0.4243640400    0.0155414460    0.0004671083    
0.4246056300    0.0144137020    0.0004508687    
0.4248472100    0.0162877470    0.0004817680    
0.4250888000    0.0150094890    0.0004640877    
0.4253303900    0.0149447280    0.0004702484    
0.4255719800    0.0150157110    0.0004647246    
0.4258135700    0.0147508640    0.0004614153    
0.4260551600    0.0151318010    0.0004714895    
0.4262967500    0.0154001260    0.0004736819    
0.4265383300    0.0157222690    0.0004829057    
0.4267799200    0.0163092260    0.0004942190    
0.4270215100    0.0159323580    0.0004872941    
0.4272631000    0.0149425020    0.0004768344    
0.4275046900    0.0151032960    0.0004814755    
0.4277462800    0.0151472950    0.0004873562    
0.4279878700    0.0161522350    0.0005064915    
0.4282294500    0.0160814540    0.0004996265    
0.4284710400    0.0159176800    0.0004986464    
0.4287126300    0.0160063050    0.0005029055    
0.4289542200    0.0151270620    0.0004907867    
0.4291958100    0.0144775890    0.0004823184    
0.4294374000    0.0154338060    0.0005025939    
0.4296789900    0.0152670980    0.0004982229    
0.4299205700    0.0152636850    0.0005035025    
0.4301621600    0.0154764760    0.0005121966    
0.4304037500    0.0137420500    0.0004846447    
0.4306453400    0.0150148550    0.0005123003    
0.4308869300    0.0152681750    0.0005097895    
0.4311285200    0.0156841520    0.0005199246    
0.4313701000    0.0154693210    0.0005199955    
0.4316116900    0.0161116970    0.0005340976    
0.4318532800    0.0147088760    0.0005117873    
0.4320948700    0.0148302480    0.0005172643    
0.4323364600    0.0152052560    0.0005284192    
0.4325780500    0.0150167510    0.0005282874    
0.4328196400    0.0155531850    0.0005421500    
0.4330612200    0.0149723580    0.0005402684    
0.4333028100    0.0160271250    0.0005576550    
0.4335444000    0.0137095220    0.0005141472    
0.4337859900    0.0147579100    0.0005363854    
0.4340275800    0.0145788230    0.0005373825    
0.4342691700    0.0155316580    0.0005600859    
0.4345107600    0.0157433590    0.0005680895    
0.4347523400    0.0140383520    0.0005391397    
0.4349939300    0.0152045040    0.0005658531    
0.4352355200    0.0151165680    0.0005725808    
0.4354771100    0.0143273400    0.0005623973    
0.4357187000    0.0157249260    0.0006016975    
0.4359602900    0.0171470320    0.0006191435    
0.4362018800    0.0143404310    0.0005708836    
0.4364434600    0.0153621900    0.0005952728    
0.4366850500    0.0157211320    0.0006096394    
0.4369266400    0.0154622050    0.0006140826    
0.4371682300    0.0151183390    0.0006096303    
0.4374098200    0.0163188510    0.0006430528    
0.4376514100    0.0149904570    0.0006240609    
0.4378930000    0.0159999100    0.0006537386    
0.4381345800    0.0167399130    0.0006805742    
0.4383761700    0.0156773230    0.0006715427    
0.4386177600    0.0142582780    0.0006295184    
0.4388593500    0.0154327800    0.0006647369    
0.4391009400    0.0145600120    0.0006564160    
0.4393425300    0.0156535870    0.0006897795    
0.4395841100    0.0161059320    0.0007138829    
0.4398257000    0.0161886100    0.0007328239    
0.4400672900    0.0143799640    0.0007050357    
0.4403088800    0.0149038060    0.0007387542    
0.4405504700    0.0159447070    0.0007903498    
0.4407920600    0.0149273380    0.0007956298    
0.4410336500    0.0152573430    0.0008274456    
0.4412752300    0.0150978990    0.0008261203    
0.4415168200    0.0167371130    0.0009144462    
0.4417584100    0.0163926020    0.0012286774    
0.4420000000    0.0148937040    0.0017801382    