# Diamond Light Source Ltd.
# Data extracted from: /dls/b21/data/2017/mx13440-2/processed/b21-369037_00521.dat
q(1/A)          Column          Error           
0.0040000000    0.7986168800    0.0206408500    
0.0042415885    0.8395510800    0.0199048610    
0.0044831771    0.6658519400    0.0165025280    
0.0047247656    0.5479321400    0.0144947480    
0.0049663541    0.4093408000    0.0118117300    
0.0052079426    0.3540255600    0.0113031660    
0.0054495312    0.2822099700    0.0093041873    
0.0056911197    0.2587606400    0.0083997259    
0.0059327082    0.2017733100    0.0074173346    
0.0061742967    0.1830483500    0.0067702878    
0.0064158853    0.1555835900    0.0061790135    
0.0066574738    0.1297114200    0.0053311064    
0.0068990623    0.1104299900    0.0049634589    
0.0071406509    0.1000973600    0.0046419039    
0.0073822394    0.0985622860    0.0044525902    
0.0076238279    0.0893409290    0.0041386386    
0.0078654164    0.0676828970    0.0036598719    
0.0081070050    0.0732643410    0.0036094750    
0.0083485935    0.0636713450    0.0032492147    
0.0085901820    0.0637031450    0.0032722108    
0.0088317705    0.0595971370    0.0030816946    
0.0090733591    0.0497092260    0.0027963624    
0.0093149476    0.0493721380    0.0026854903    
0.0095565361    0.0520014240    0.0027560699    
0.0097981247    0.0427989250    0.0025003399    
0.0100397130    0.0428086630    0.0024158326    
0.0102813020    0.0415182520    0.0024338430    
0.0105228900    0.0419433630    0.0022916107    
0.0107644790    0.0388549960    0.0022284869    
0.0110060670    0.0345017790    0.0020473039    
0.0112476560    0.0350055850    0.0020520637    
0.0114892440    0.0327199970    0.0019553938    
0.0117308330    0.0326428270    0.0019438521    
0.0119724210    0.0315192630    0.0018836363    
0.0122140100    0.0311724300    0.0018562912    
0.0124555980    0.0297391500    0.0017585128    
0.0126971870    0.0273035110    0.0017372808    
0.0129387760    0.0287949170    0.0016879879    
0.0131803640    0.0282209970    0.0016987044    
0.0134219530    0.0290104620    0.0016611342    
0.0136635410    0.0285660910    0.0016547892    
0.0139051300    0.0262654660    0.0015867548    
0.0141467180    0.0236243260    0.0014707863    
0.0143883070    0.0265849980    0.0015374501    
0.0146298950    0.0282743450    0.0015855465    
0.0148714840    0.0266150710    0.0015495893    
0.0151130720    0.0249813650    0.0014849880    
0.0153546610    0.0252761980    0.0014379126    
0.0155962490    0.0269606100    0.0015001285    
0.0158378380    0.0239822710    0.0013823151    
0.0160794260    0.0240619460    0.0013846094    
0.0163210150    0.0230919850    0.0013265999    
0.0165626030    0.0217693530    0.0013127414    
0.0168041920    0.0227031720    0.0012915383    
0.0170457800    0.0236476340    0.0013260935    
0.0172873690    0.0235848480    0.0013163779    
0.0175289580    0.0214180450    0.0012470068    
0.0177705460    0.0291675400    0.0014300563    
0.0180121350    0.0235803330    0.0012713664    
0.0182537230    0.0241377030    0.0012721686    
0.0184953120    0.0243399430    0.0012740109    
0.0187369000    0.0214058130    0.0011947560    
0.0189784890    0.0209348950    0.0011506859    
0.0192200770    0.0240178700    0.0012520180    
0.0194616660    0.0223710590    0.0011774241    
0.0197032540    0.0196319980    0.0011114430    
0.0199448430    0.0222118440    0.0011822172    
0.0201864310    0.0241681800    0.0012238033    
0.0204280200    0.0213831530    0.0011285597    
0.0206696080    0.0218776390    0.0011252644    
0.0209111970    0.0201276340    0.0011029875    
0.0211527850    0.0224381920    0.0011289880    
0.0213943740    0.0222572070    0.0011270375    
0.0216359620    0.0207956320    0.0010945069    
0.0218775510    0.0212299520    0.0011007217    
0.0221191400    0.0210735850    0.0010768099    
0.0223607280    0.0204138030    0.0010527615    
0.0226023170    0.0206804210    0.0010914709    
0.0228439050    0.0213276800    0.0010597810    
0.0230854940    0.0214462800    0.0010604503    
0.0233270820    0.0208328920    0.0010429491    
0.0235686710    0.0205734030    0.0010431130    
0.0238102590    0.0208387170    0.0010278981    
0.0240518480    0.0201828960    0.0010053817    
0.0242934360    0.0196938640    0.0010076257    
0.0245350250    0.0206176210    0.0010182317    
0.0247766130    0.0190259500    0.0009721806    
0.0250182020    0.0201288820    0.0010102397    
0.0252597900    0.0206271240    0.0009982165    
0.0255013790    0.0206877890    0.0009919035    
0.0257429670    0.0198134220    0.0009726027    
0.0259845560    0.0209942950    0.0009896805    
0.0262261450    0.0205286520    0.0009842735    
0.0264677330    0.0199272160    0.0009587486    
0.0267093220    0.0204499980    0.0009640222    
0.0269509100    0.0215529190    0.0009952214    
0.0271924990    0.0184276370    0.0009134240    
0.0274340870    0.0196869380    0.0009493885    
0.0276756760    0.0190915870    0.0009196094    
0.0279172640    0.0197290990    0.0009331544    
0.0281588530    0.0191153670    0.0009071752    
0.0284004410    0.0184049980    0.0008980720    
0.0286420300    0.0183839160    0.0008804299    
0.0288836180    0.0181682090    0.0008844146    
0.0291252070    0.0181364630    0.0008656062    
0.0293667950    0.0187011710    0.0008895240    
0.0296083840    0.0203673720    0.0009173003    
0.0298499720    0.0194656250    0.0008997989    
0.0300915610    0.0209870690    0.0009311506    
0.0303331490    0.0182018530    0.0008599567    
0.0305747380    0.0212152240    0.0009163581    
0.0308163270    0.0204631920    0.0008999701    
0.0310579150    0.0191443960    0.0008747298    
0.0312995040    0.0194668250    0.0008749687    
0.0315410920    0.0183076170    0.0008444674    
0.0317826810    0.0185404710    0.0008471358    
0.0320242690    0.0201714220    0.0008753652    
0.0322658580    0.0191474500    0.0008649936    
0.0325074460    0.0202360600    0.0008740647    
0.0327490350    0.0190991730    0.0008465559    
0.0329906230    0.0181111060    0.0008156832    
0.0332322120    0.0191486350    0.0008437897    
0.0334738000    0.0194727420    0.0008395295    
0.0337153890    0.0194154690    0.0008370603    
0.0339569770    0.0182783170    0.0008133744    
0.0341985660    0.0199296730    0.0008505777    
0.0344401540    0.0196956470    0.0008345313    
0.0346817430    0.0179912010    0.0008045909    
0.0349233310    0.0191183700    0.0008257878    
0.0351649200    0.0183878130    0.0007949745    
0.0354065090    0.0177271940    0.0007849733    
0.0356480970    0.0190303290    0.0008020327    
0.0358896860    0.0194246180    0.0008193780    
0.0361312740    0.0185562720    0.0007898074    
0.0363728630    0.0184551480    0.0007855033    
0.0366144510    0.0188638490    0.0008007258    
0.0368560400    0.0194934660    0.0008018540    
0.0370976280    0.0181852880    0.0007840234    
0.0373392170    0.0174101340    0.0007598405    
0.0375808050    0.0190866650    0.0007871208    
0.0378223940    0.0169767440    0.0007423412    
0.0380639820    0.0177669580    0.0007624532    
0.0383055710    0.0187196140    0.0007674293    
0.0385471590    0.0193086030    0.0007824241    
0.0387887480    0.0191079670    0.0007813829    
0.0390303360    0.0187328230    0.0007647643    
0.0392719250    0.0190589830    0.0007704137    
0.0395135140    0.0203046680    0.0007951922    
0.0397551020    0.0196837980    0.0007982834    
0.0399966910    0.0188999980    0.0007529939    
0.0402382790    0.0195771940    0.0007720492    
0.0404798680    0.0188999980    0.0007529939    
0.0407214560    0.0195830410    0.0007740877    
0.0409630450    0.0190273900    0.0007509512    
0.0412046330    0.0186899980    0.0007487990    
0.0414462220    0.0189654070    0.0007479226    
0.0416878100    0.0178606460    0.0007249412    
0.0419293990    0.0184637060    0.0007361962    
0.0421709870    0.0182447010    0.0007292049    
0.0424125760    0.0179489190    0.0007267305    
0.0426541640    0.0194322540    0.0007446456    
0.0428957530    0.0176470610    0.0007104439    
0.0431373410    0.0195463940    0.0007468293    
0.0433789300    0.0185738510    0.0007229862    
0.0436205180    0.0181528750    0.0007131123    
0.0438621070    0.0194744020    0.0007403057    
0.0441036960    0.0183489710    0.0007169536    
0.0443452840    0.0187220880    0.0007184878    
0.0445868730    0.0197558240    0.0007456355    
0.0448284610    0.0185285220    0.0007131631    
0.0450700500    0.0197846390    0.0007620758    
0.0453116380    0.0195553110    0.0007594653    
0.0455532270    0.0185454940    0.0007609309    
0.0457948150    0.0197441100    0.0007841388    
0.0460364040    0.0184362990    0.0007596545    
0.0462779920    0.0177269190    0.0007565665    
0.0465195810    0.0188893400    0.0007809781    
0.0467611690    0.0195929420    0.0007985487    
0.0470027580    0.0178354360    0.0007618921    
0.0472443460    0.0187439490    0.0007970738    
0.0474859350    0.0204059010    0.0008215106    
0.0477275230    0.0184890390    0.0007883753    
0.0479691120    0.0176296960    0.0007708928    
0.0482107000    0.0181815950    0.0007905041    
0.0484522890    0.0175382810    0.0007720798    
0.0486938780    0.0187496610    0.0008038851    
0.0489354660    0.0179544050    0.0007888713    
0.0491770550    0.0189014720    0.0008187136    
0.0494186430    0.0183709150    0.0007912913    
0.0496602320    0.0190651950    0.0007835747    
0.0499018200    0.0183110950    0.0007570706    
0.0501434090    0.0173294800    0.0007245819    
0.0503849970    0.0177959550    0.0007271230    
0.0506265860    0.0194152970    0.0007540276    
0.0508681740    0.0204209910    0.0007696451    
0.0511097630    0.0186205130    0.0007314828    
0.0513513510    0.0192497720    0.0007301855    
0.0515929400    0.0173324460    0.0007040825    
0.0518345280    0.0182526620    0.0007110228    
0.0520761170    0.0191275960    0.0007362215    
0.0523177050    0.0200321070    0.0007309820    
0.0525592940    0.0183911500    0.0007137150    
0.0528008830    0.0172358010    0.0006729450    
0.0530424710    0.0174794600    0.0006798722    
0.0532840600    0.0190721300    0.0007063752    
0.0535256480    0.0188366720    0.0007020013    
0.0537672370    0.0186236460    0.0006921424    
0.0540088250    0.0186245670    0.0006936151    
0.0542504140    0.0182356670    0.0006892434    
0.0544920020    0.0185971170    0.0006902038    
0.0547335910    0.0188341960    0.0006895689    
0.0549751790    0.0187806110    0.0006857709    
0.0552167680    0.0195466850    0.0007003327    
0.0554583560    0.0179878180    0.0006643952    
0.0556999450    0.0174902370    0.0006531849    
0.0559415330    0.0182070950    0.0006711224    
0.0561831220    0.0194719550    0.0006871504    
0.0564247100    0.0176215500    0.0006517566    
0.0566662990    0.0186322200    0.0006675686    
0.0569078870    0.0182708330    0.0006676017    
0.0571494760    0.0182734490    0.0006611102    
0.0573910650    0.0187645160    0.0006597253    
0.0576326530    0.0168153150    0.0006292974    
0.0578742420    0.0190736310    0.0006689414    
0.0581158300    0.0175417240    0.0006354696    
0.0583574190    0.0180953820    0.0006442126    
0.0585990070    0.0185093740    0.0006552247    
0.0588405960    0.0190866650    0.0006641100    
0.0590821840    0.0183482980    0.0006450918    
0.0593237730    0.0168997570    0.0006208281    
0.0595653610    0.0178994930    0.0006413159    
0.0598069500    0.0179432240    0.0006281385    
0.0600485380    0.0186717370    0.0006442362    
0.0602901270    0.0191732650    0.0006534231    
0.0605317150    0.0186363000    0.0006407292    
0.0607733040    0.0181211730    0.0006289951    
0.0610148920    0.0189346390    0.0006464179    
0.0612564810    0.0185252920    0.0006365366    
0.0614980690    0.0194346490    0.0006456730    
0.0617396580    0.0186405280    0.0006466328    
0.0619812470    0.0181587030    0.0006376383    
0.0622228350    0.0177970250    0.0006272627    
0.0624644240    0.0188517740    0.0006409796    
0.0627060120    0.0188036630    0.0006453400    
0.0629476010    0.0176984080    0.0006300800    
0.0631891890    0.0188036630    0.0006453400    
0.0634307780    0.0188549710    0.0006433233    
0.0636723660    0.0180106050    0.0006281920    
0.0639139550    0.0184486640    0.0006346533    
0.0641555430    0.0185332560    0.0006294224    
0.0643971320    0.0178928400    0.0006244644    
0.0646387200    0.0185310600    0.0006239732    
0.0648803090    0.0189394060    0.0006362818    
0.0651218970    0.0181275360    0.0006103859    
0.0653634860    0.0175911720    0.0006058721    
0.0656050740    0.0185399480    0.0006204157    
0.0658466630    0.0180453250    0.0006090002    
0.0660882520    0.0187526480    0.0006192670    
0.0663298400    0.0177894470    0.0006041613    
0.0665714290    0.0181002800    0.0006063822    
0.0668130170    0.0174438480    0.0005972660    
0.0670546060    0.0181725350    0.0006060880    
0.0672961940    0.0175027920    0.0005923798    
0.0675377830    0.0178329240    0.0005931142    
0.0677793710    0.0182051610    0.0006031639    
0.0680209600    0.0171077730    0.0005776884    
0.0682625480    0.0171350140    0.0005786083    
0.0685041370    0.0179002200    0.0005895123    
0.0687457250    0.0184947790    0.0006074482    
0.0689873140    0.0175728060    0.0005831741    
0.0692289020    0.0180179320    0.0005905139    
0.0694704910    0.0191102820    0.0006076716    
0.0697120790    0.0176081200    0.0005814714    
0.0699536680    0.0177168700    0.0005860220    
0.0701952560    0.0189275380    0.0006052359    
0.0704368450    0.0184829030    0.0005999804    
0.0706784340    0.0187028140    0.0006093706    
0.0709200220    0.0171272800    0.0005780177    
0.0711616110    0.0169637600    0.0005747951    
0.0714031990    0.0189195470    0.0006119019    
0.0716447880    0.0185049170    0.0006081093    
0.0718863760    0.0186286200    0.0006018634    
0.0721279650    0.0169261100    0.0005683232    
0.0723695530    0.0191789520    0.0006016972    
0.0726111420    0.0179463070    0.0005856556    
0.0728527300    0.0184699680    0.0005855374    
0.0730943190    0.0173134950    0.0005708090    
0.0733359070    0.0180889530    0.0005799052    
0.0735774960    0.0178898460    0.0005789018    
0.0738190840    0.0180473530    0.0005753286    
0.0740606730    0.0173917100    0.0005660520    
0.0743022610    0.0180452010    0.0005770219    
0.0745438500    0.0178289850    0.0005709845    
0.0747854380    0.0180736190    0.0005689833    
0.0750270270    0.0183503840    0.0005779828    
0.0752686160    0.0177036020    0.0005606787    
0.0755102040    0.0183248600    0.0005712589    
0.0757517930    0.0182435510    0.0005720696    
0.0759933810    0.0182485820    0.0005631635    
0.0762349700    0.0173884430    0.0005568759    
0.0764765580    0.0193764460    0.0005823718    
0.0767181470    0.0182391880    0.0005642185    
0.0769597350    0.0189549140    0.0005707344    
0.0772013240    0.0185333460    0.0005631701    
0.0774429120    0.0183541560    0.0005577251    
0.0776845010    0.0186403130    0.0005597414    
0.0779260890    0.0183964890    0.0005595284    
0.0781676780    0.0181448270    0.0005518741    
0.0784092660    0.0171914820    0.0005382862    
0.0786508550    0.0185542280    0.0005546613    
0.0788924430    0.0171881390    0.0005389747    
0.0791340320    0.0178548490    0.0005455838    
0.0793756210    0.0186061460    0.0005584637    
0.0796172090    0.0189059820    0.0005572648    
0.0798587980    0.0173253050    0.0005385310    
0.0801003860    0.0184049980    0.0005546795    
0.0803419750    0.0171779980    0.0005283662    
0.0805835630    0.0180499440    0.0005459662    
0.0808251520    0.0183308840    0.0005494597    
0.0810667400    0.0180344280    0.0005449985    
0.0813083290    0.0184452010    0.0005446302    
0.0815499170    0.0183636020    0.0005514322    
0.0817915060    0.0178086530    0.0005394086    
0.0820330940    0.0178210940    0.0005339391    
0.0822746830    0.0180914140    0.0005393817    
0.0825162710    0.0179269460    0.0005344783    
0.0827578600    0.0188460770    0.0005497966    
0.0829994480    0.0183659220    0.0005357890    
0.0832410370    0.0175651350    0.0005300909    
0.0834826250    0.0180220490    0.0005307494    
0.0837242140    0.0188098460    0.0005411925    
0.0839658030    0.0188588630    0.0005432778    
0.0842073910    0.0187860060    0.0005405066    
0.0844489800    0.0177523390    0.0005221276    
0.0846905680    0.0185941170    0.0005303952    
0.0849321570    0.0179485480    0.0005269875    
0.0851737450    0.0185332820    0.0005288751    
0.0854153340    0.0181070340    0.0005260029    
0.0856569220    0.0182693350    0.0005247729    
0.0858985110    0.0176891200    0.0005218506    
0.0861400990    0.0185105140    0.0005282254    
0.0863816880    0.0181316570    0.0005247293    
0.0866232760    0.0175175460    0.0005199665    
0.0868648650    0.0181944840    0.0005230546    
0.0871064530    0.0173232410    0.0005119487    
0.0873480420    0.0190750830    0.0005329566    
0.0875896300    0.0178363890    0.0005166171    
0.0878312190    0.0179422610    0.0005175174    
0.0880728080    0.0189317030    0.0005299859    
0.0883143960    0.0183605420    0.0005216147    
0.0885559850    0.0184497790    0.0005247856    
0.0887975730    0.0183754320    0.0005211971    
0.0890391620    0.0175095400    0.0005090757    
0.0892807500    0.0178686450    0.0005124185    
0.0895223390    0.0174617150    0.0005053412    
0.0897639270    0.0181740340    0.0005121987    
0.0900055160    0.0183759910    0.0005162529    
0.0902471040    0.0179881990    0.0005129029    
0.0904886930    0.0172555840    0.0004979184    
0.0907302810    0.0175789970    0.0004982065    
0.0909718700    0.0187633000    0.0005238367    
0.0912134580    0.0182280950    0.0005079060    
0.0914550470    0.0176717030    0.0005065626    
0.0916966350    0.0185819010    0.0005128115    
0.0919382240    0.0182268620    0.0005096554    
0.0921798120    0.0185175670    0.0005104533    
0.0924214010    0.0181798610    0.0005057772    
0.0926629900    0.0176259510    0.0004951813    
0.0929045780    0.0176523250    0.0005006870    
0.0931461670    0.0177803940    0.0004967831    
0.0933877550    0.0179245050    0.0004996408    
0.0936293440    0.0181382590    0.0005046199    
0.0938709320    0.0166860800    0.0004828944    
0.0941125210    0.0178135070    0.0004950107    
0.0943541090    0.0180198410    0.0004978693    
0.0945956980    0.0182048690    0.0005012624    
0.0948372860    0.0185416350    0.0005033361    
0.0950788750    0.0176372740    0.0004895467    
0.0953204630    0.0188295180    0.0005077944    
0.0955620520    0.0176202100    0.0004903972    
0.0958036400    0.0188914740    0.0005052569    
0.0960452290    0.0181482470    0.0004952183    
0.0962868170    0.0185685980    0.0005031420    
0.0965284060    0.0190130930    0.0005068807    
0.0967699940    0.0189590400    0.0005061596    
0.0970115830    0.0189278300    0.0005005331    
0.0972531720    0.0188513010    0.0005011447    
0.0974947600    0.0187041040    0.0004986432    
0.0977363490    0.0191306430    0.0005023953    
0.0979779370    0.0189699770    0.0005021747    
0.0982195260    0.0192167880    0.0005057049    
0.0984611140    0.0188850140    0.0004983565    
0.0987027030    0.0195845520    0.0005080474    
0.0989442910    0.0200937720    0.0005148865    
0.0991858800    0.0197158960    0.0005083848    
0.0994274680    0.0197827740    0.0005070839    
0.0996690570    0.0194371140    0.0004992088    
0.0999106450    0.0196814950    0.0005063209    
0.1001522300    0.0205397470    0.0005131731    
0.1003938200    0.0196449140    0.0005037157    
0.1006354100    0.0200444140    0.0005066828    
0.1008770000    0.0199612560    0.0005066896    
0.1011185900    0.0201155960    0.0005086447    
0.1013601800    0.0199645250    0.0005072631    
0.1016017700    0.0212340910    0.0005196075    
0.1018433500    0.0199669970    0.0005152023    
0.1020849400    0.0207824810    0.0005328841    
0.1023265300    0.0205008920    0.0005334362    
0.1025681200    0.0213385310    0.0005414755    
0.1028097100    0.0214689600    0.0005512114    
0.1030513000    0.0215045620    0.0005535871    
0.1032928800    0.0210550280    0.0005529321    
0.1035344700    0.0220238000    0.0005579670    
0.1037760600    0.0210886040    0.0005553480    
0.1040176500    0.0220329070    0.0005700284    
0.1042592400    0.0204747260    0.0005511611    
0.1045008300    0.0212269510    0.0005578319    
0.1047424200    0.0213605450    0.0005646671    
0.1049840000    0.0201234010    0.0005507579    
0.1052255900    0.0187007520    0.0005325710    
0.1054671800    0.0201054190    0.0005488288    
0.1057087700    0.0196350350    0.0005460500    
0.1059503600    0.0187874800    0.0005361291    
0.1061919500    0.0186418410    0.0005337144    
0.1064335400    0.0189865150    0.0005253802    
0.1066751200    0.0183908950    0.0005092887    
0.1069167100    0.0182717810    0.0005061843    
0.1071583000    0.0184186620    0.0005016642    
0.1073998900    0.0182556950    0.0004977798    
0.1076414800    0.0184118840    0.0005035383    
0.1078830700    0.0174616670    0.0004833708    
0.1081246600    0.0182695680    0.0004974189    
0.1083662400    0.0186229260    0.0004959505    
0.1086078300    0.0177233320    0.0004891173    
0.1088494200    0.0175041460    0.0004797908    
0.1090910100    0.0174500840    0.0004777708    
0.1093326000    0.0195439860    0.0005029498    
0.1095741900    0.0175527340    0.0004779019    
0.1098157700    0.0178948110    0.0004777474    
0.1100573600    0.0186379730    0.0004911537    
0.1102989500    0.0170762780    0.0004659671    
0.1105405400    0.0188749670    0.0004896399    
0.1107821300    0.0177575220    0.0004771528    
0.1110237200    0.0181787070    0.0004780561    
0.1112653100    0.0183536590    0.0004853496    
0.1115068900    0.0173450900    0.0004650643    
0.1117484800    0.0185106670    0.0004797055    
0.1119900700    0.0181768630    0.0004734457    
0.1122316600    0.0184422550    0.0004785759    
0.1124732500    0.0171460640    0.0004589039    
0.1127148400    0.0175285700    0.0004635307    
0.1129564300    0.0182815580    0.0004750460    
0.1131980100    0.0187594110    0.0004788120    
0.1134396000    0.0181532120    0.0004721894    
0.1136811900    0.0189060640    0.0004806799    
0.1139227800    0.0177502750    0.0004639109    
0.1141643700    0.0182914980    0.0004674785    
0.1144059600    0.0181418990    0.0004657898    
0.1146475500    0.0185681950    0.0004737771    
0.1148891300    0.0174679520    0.0004537513    
0.1151307200    0.0184110190    0.0004708408    
0.1153723100    0.0182697110    0.0004636027    
0.1156139000    0.0176037410    0.0004588292    
0.1158554900    0.0177844740    0.0004563122    
0.1160970800    0.0174073890    0.0004560410    
0.1163386700    0.0190043950    0.0004726058    
0.1165802500    0.0184871110    0.0004656836    
0.1168218400    0.0171316970    0.0004453173    
0.1170634300    0.0182194410    0.0004596708    
0.1173050200    0.0168537530    0.0004433663    
0.1175466100    0.0172684580    0.0004475136    
0.1177882000    0.0178483150    0.0004526182    
0.1180297800    0.0181062900    0.0004560909    
0.1182713700    0.0172173920    0.0004466404    
0.1185129600    0.0180555730    0.0004548133    
0.1187545500    0.0185362590    0.0004599695    
0.1189961400    0.0179217040    0.0004514412    
0.1192377300    0.0176458550    0.0004454831    
0.1194793200    0.0181470370    0.0004511453    
0.1197209000    0.0183769330    0.0004542016    
0.1199624900    0.0175269720    0.0004427641    
0.1202040800    0.0180577340    0.0004461761    
0.1204456700    0.0180215610    0.0004508209    
0.1206872600    0.0181181100    0.0004471223    
0.1209288500    0.0180803360    0.0004499044    
0.1211704400    0.0184327080    0.0004520048    
0.1214120200    0.0177502320    0.0004419639    
0.1216536100    0.0184159540    0.0004491696    
0.1218952000    0.0179389120    0.0004409579    
0.1221367900    0.0175804020    0.0004396474    
0.1223783800    0.0173797860    0.0004342233    
0.1226199700    0.0177439700    0.0004403092    
0.1228615600    0.0173634120    0.0004351746    
0.1231031400    0.0173108240    0.0004341294    
0.1233447300    0.0176653180    0.0004383575    
0.1235863200    0.0183062240    0.0004482298    
0.1238279100    0.0177984760    0.0004371098    
0.1240695000    0.0178870740    0.0004370508    
0.1243110900    0.0179035290    0.0004370616    
0.1245526800    0.0177721920    0.0004365960    
0.1247942600    0.0178136730    0.0004337065    
0.1250358500    0.0179470040    0.0004372119    
0.1252774400    0.0180179150    0.0004371272    
0.1255190300    0.0185579780    0.0004424842    
0.1257606200    0.0180647560    0.0004382636    
0.1260022100    0.0177150760    0.0004336255    
0.1262437900    0.0179728080    0.0004352650    
0.1264853800    0.0177688930    0.0004322321    
0.1267269700    0.0177441460    0.0004297273    
0.1269685600    0.0172696590    0.0004241227    
0.1272101500    0.0173113230    0.0004246340    
0.1274517400    0.0181832510    0.0004381824    
0.1276933300    0.0184613770    0.0004350180    
0.1279349100    0.0180113930    0.0004347991    
0.1281765000    0.0179555860    0.0004331996    
0.1284180900    0.0176038820    0.0004265806    
0.1286596800    0.0186025660    0.0004398126    
0.1289012700    0.0177336600    0.0004279699    
0.1291428600    0.0177463800    0.0004290272    
0.1293844500    0.0186397820    0.0004362048    
0.1296260300    0.0168854140    0.0004170828    
0.1298676200    0.0176992930    0.0004270162    
0.1301092100    0.0186446870    0.0004360808    
0.1303508000    0.0180853090    0.0004284223    
0.1305923900    0.0177889100    0.0004291783    
0.1308339800    0.0183741170    0.0004348980    
0.1310755700    0.0183641660    0.0004329678    
0.1313171500    0.0185422350    0.0004341599    
0.1315587400    0.0182528910    0.0004302248    
0.1318003300    0.0186344870    0.0004359615    
0.1320419200    0.0183096880    0.0004285974    
0.1322835100    0.0184201710    0.0004316569    
0.1325251000    0.0179805010    0.0004262985    
0.1327666900    0.0180275370    0.0004259794    
0.1330082700    0.0177960280    0.0004232354    
0.1332498600    0.0177940230    0.0004239076    
0.1334914500    0.0182673050    0.0004316450    
0.1337330400    0.0186881520    0.0004308955    
0.1339746300    0.0176212760    0.0004194353    
0.1342162200    0.0185047540    0.0004296466    
0.1344578000    0.0181037710    0.0004263548    
0.1346993900    0.0177056980    0.0004190771    
0.1349409800    0.0173264820    0.0004169311    
0.1351825700    0.0173717870    0.0004144371    
0.1354241600    0.0179140000    0.0004215351    
0.1356657500    0.0183155090    0.0004267506    
0.1359073400    0.0171618930    0.0004156263    
0.1361489200    0.0186914960    0.0004297179    
0.1363905100    0.0173890740    0.0004141430    
0.1366321000    0.0176412030    0.0004169670    
0.1368736900    0.0178580220    0.0004195215    
0.1371152800    0.0174923130    0.0004132171    
0.1373568700    0.0179769750    0.0004205788    
0.1375984600    0.0179155830    0.0004208737    
0.1378400400    0.0182325280    0.0004238977    
0.1380816300    0.0176442190    0.0004148424    
0.1383232200    0.0173849620    0.0004139277    
0.1385648100    0.0174482540    0.0004148471    
0.1388064000    0.0180647050    0.0004190907    
0.1390479900    0.0177447510    0.0004135643    
0.1392895800    0.0180707190    0.0004215050    
0.1395311600    0.0173229200    0.0004091014    
0.1397727500    0.0170910460    0.0004063542    
0.1400143400    0.0178788650    0.0004154507    
0.1402559300    0.0180701830    0.0004218368    
0.1404975200    0.0170025750    0.0004048232    
0.1407391100    0.0186704780    0.0004245484    
0.1409806900    0.0180867420    0.0004208496    
0.1412222800    0.0180497640    0.0004162868    
0.1414638700    0.0178893310    0.0004152457    
0.1417054600    0.0187513670    0.0004218320    
0.1419470500    0.0173719900    0.0004104893    
0.1421886400    0.0175774870    0.0004088894    
0.1424302300    0.0188688290    0.0004247970    
0.1426718100    0.0183953970    0.0004202536    
0.1429134000    0.0172812840    0.0004065341    
0.1431549900    0.0182945010    0.0004192635    
0.1433965800    0.0179530470    0.0004154952    
0.1436381700    0.0181535250    0.0004150529    
0.1438797600    0.0180686390    0.0004137615    
0.1441213500    0.0180866060    0.0004146080    
0.1443629300    0.0173864460    0.0004058754    
0.1446045200    0.0179827130    0.0004130956    
0.1448461100    0.0179827130    0.0004130956    
0.1450877000    0.0178285240    0.0004087993    
0.1453292900    0.0178568050    0.0004126054    
0.1455708800    0.0178909980    0.0004107721    
0.1458124700    0.0177713360    0.0004130635    
0.1460540500    0.0177914980    0.0004066695    
0.1462956400    0.0177830170    0.0004093733    
0.1465372300    0.0195664330    0.0004280973    
0.1467788200    0.0168116740    0.0003963651    
0.1470204100    0.0179179450    0.0004096667    
0.1472620000    0.0180078350    0.0004102236    
0.1475035900    0.0181487910    0.0004112001    
0.1477451700    0.0183392330    0.0004150890    
0.1479867600    0.0177738640    0.0004061603    
0.1482283500    0.0182498600    0.0004142350    
0.1484699400    0.0177336910    0.0004066248    
0.1487115300    0.0178702970    0.0004094343    
0.1489531200    0.0178006550    0.0004037271    
0.1491947000    0.0177171350    0.0004058187    
0.1494362900    0.0175719640    0.0004021771    
0.1496778800    0.0182845220    0.0004116424    
0.1499194700    0.0181185750    0.0004091525    
0.1501610600    0.0179737400    0.0004082832    
0.1504026500    0.0185839550    0.0004129768    
0.1506442400    0.0178770050    0.0004087307    
0.1508858200    0.0180572090    0.0004092302    
0.1511274100    0.0183638850    0.0004096062    
0.1513690000    0.0175873030    0.0004008518    
0.1516105900    0.0174445380    0.0004004159    
0.1518521800    0.0184187440    0.0004108298    
0.1520937700    0.0176119150    0.0004006849    
0.1523353600    0.0177750650    0.0004028360    
0.1525769400    0.0171963800    0.0003975577    
0.1528185300    0.0177997520    0.0004040184    
0.1530601200    0.0179759140    0.0004051055    
0.1533017100    0.0184419010    0.0004124766    
0.1535433000    0.0175001310    0.0003979358    
0.1537848900    0.0178489150    0.0004017337    
0.1540264800    0.0181552390    0.0004060650    
0.1542680600    0.0178382020    0.0004022063    
0.1545096500    0.0180816310    0.0004030099    
0.1547512400    0.0182100200    0.0004063765    
0.1549928300    0.0182465300    0.0004064833    
0.1552344200    0.0177725240    0.0004007255    
0.1554760100    0.0175414870    0.0003982590    
0.1557176000    0.0177719140    0.0004023514    
0.1559591800    0.0180393360    0.0004035737    
0.1562007700    0.0178383470    0.0003989773    
0.1564423600    0.0178488890    0.0003985160    
0.1566839500    0.0176245100    0.0003999378    
0.1569255400    0.0182215300    0.0004038276    
0.1571671300    0.0185303850    0.0004073842    
0.1574087100    0.0180284820    0.0003996474    
0.1576503000    0.0177615940    0.0004011935    
0.1578918900    0.0180779160    0.0003997622    
0.1581334800    0.0177700350    0.0003986478    
0.1583750700    0.0177991280    0.0003997030    
0.1586166600    0.0180806190    0.0004123098    
0.1588582500    0.0181892410    0.0004130719    
0.1590998300    0.0186450220    0.0004230954    
0.1593414200    0.0176800860    0.0004147696    
0.1595830100    0.0178982580    0.0004196570    
0.1598246000    0.0176111720    0.0004154457    
0.1600661900    0.0180552830    0.0004247420    
0.1603077800    0.0182435510    0.0004290522    
0.1605493700    0.0180911620    0.0004279610    
0.1607909500    0.0175503720    0.0004225633    
0.1610325400    0.0176992930    0.0004270162    
0.1612741300    0.0178894520    0.0004294843    
0.1615157200    0.0180722530    0.0004334983    
0.1617573100    0.0185144590    0.0004393287    
0.1619989000    0.0180023560    0.0004367497    
0.1622404900    0.0166154050    0.0004176096    
0.1624820700    0.0188975110    0.0004498133    
0.1627236600    0.0184156490    0.0004428835    
0.1629652500    0.0178685180    0.0004356879    
0.1632068400    0.0178116220    0.0004287292    
0.1634484300    0.0174299980    0.0004174925    
0.1636900200    0.0181855350    0.0004259246    
0.1639316100    0.0184246930    0.0004259547    
0.1641731900    0.0180805510    0.0004216196    
0.1644147800    0.0182792020    0.0004205729    
0.1646563700    0.0181954630    0.0004211055    
0.1648979600    0.0182324510    0.0004180612    
0.1651395500    0.0181050220    0.0004185643    
0.1653811400    0.0174247370    0.0004082179    
0.1656227200    0.0177866680    0.0004145412    
0.1658643100    0.0179484400    0.0004131814    
0.1661059000    0.0172045690    0.0004040591    
0.1663474900    0.0178387630    0.0004086046    
0.1665890800    0.0173295030    0.0004025765    
0.1668306700    0.0188347790    0.0004217916    
0.1670722600    0.0180402650    0.0004107493    
0.1673138400    0.0176246900    0.0004058361    
0.1675554300    0.0177850210    0.0004056745    
0.1677970200    0.0183302950    0.0004137227    
0.1680386100    0.0173052840    0.0004024485    
0.1682802000    0.0175127190    0.0004024052    
0.1685217900    0.0178447660    0.0004048317    
0.1687633800    0.0170075560    0.0003947780    
0.1690049600    0.0177645820    0.0004060542    
0.1692465500    0.0175363260    0.0003983472    
0.1694881400    0.0175704920    0.0004014081    
0.1697297300    0.0184232300    0.0004098101    
0.1699713200    0.0177284450    0.0004039639    
0.1702129100    0.0170316260    0.0003922839    
0.1704545000    0.0168292430    0.0003909551    
0.1706960800    0.0176266770    0.0004017493    
0.1709376700    0.0179709390    0.0004010411    
0.1711792600    0.0173096240    0.0003950363    
0.1714208500    0.0169336680    0.0003885873    
0.1716624400    0.0171364660    0.0003933446    
0.1719040300    0.0173093040    0.0003918781    
0.1721456200    0.0175464560    0.0003961320    
0.1723872000    0.0176627170    0.0003974422    
0.1726287900    0.0180614380    0.0004014644    
0.1728703800    0.0178269010    0.0003997224    
0.1731119700    0.0170254000    0.0003886510    
0.1733535600    0.0179877120    0.0003996283    
0.1735951500    0.0172025740    0.0003885665    
0.1738367300    0.0176093930    0.0003945479    
0.1740783200    0.0179889920    0.0003969233    
0.1743199100    0.0175887540    0.0003929038    
0.1745615000    0.0177408100    0.0003937544    
0.1748030900    0.0176740200    0.0003921754    
0.1750446800    0.0167811590    0.0003864124    
0.1752862700    0.0178677530    0.0003934827    
0.1755278500    0.0172867090    0.0003924745    
0.1757694400    0.0181874450    0.0003978309    
0.1760110300    0.0176845180    0.0003929893    
0.1762526200    0.0167027520    0.0003799025    
0.1764942100    0.0172836400    0.0003868610    
0.1767358000    0.0172333390    0.0003860253    
0.1769773900    0.0179787770    0.0003934549    
0.1772189700    0.0178260620    0.0003924694    
0.1774605600    0.0170928380    0.0003854003    
0.1777021500    0.0171469790    0.0003843803    
0.1779437400    0.0171245380    0.0003842636    
0.1781853300    0.0172005280    0.0003860660    
0.1784269200    0.0170775920    0.0003812001    
0.1786685100    0.0172891550    0.0003844884    
0.1789100900    0.0174667040    0.0003851180    
0.1791516800    0.0169990610    0.0003805866    
0.1793932700    0.0174883720    0.0003861594    
0.1796348600    0.0175937590    0.0003855834    
0.1798764500    0.0177543170    0.0003873387    
0.1801180400    0.0176650780    0.0003864972    
0.1803596200    0.0173596490    0.0003856748    
0.1806012100    0.0179791320    0.0003893813    
0.1808428000    0.0175285700    0.0003843393    
0.1810843900    0.0177224010    0.0003852696    
0.1813259800    0.0175477790    0.0003840227    
0.1815675700    0.0177810290    0.0003859063    
0.1818091600    0.0176564200    0.0003842895    
0.1820507400    0.0174460120    0.0003822536    
0.1822923300    0.0170328600    0.0003769291    
0.1825339200    0.0182371460    0.0003912254    
0.1827755100    0.0175808940    0.0003825551    
0.1830171000    0.0173437410    0.0003829658    
0.1832586900    0.0175013290    0.0003809140    
0.1835002800    0.0178857870    0.0003854660    
0.1837418600    0.0174176150    0.0003793616    
0.1839834500    0.0175059750    0.0003817391    
0.1842250400    0.0178080790    0.0003842377    
0.1844666300    0.0173087240    0.0003784288    
0.1847082200    0.0175250290    0.0003805296    
0.1849498100    0.0168070830    0.0003730305    
0.1851914000    0.0174138630    0.0003816408    
0.1854329800    0.0171630960    0.0003769606    
0.1856745700    0.0174302010    0.0003802676    
0.1859161600    0.0172025380    0.0003751223    
0.1861577500    0.0174315780    0.0003776113    
0.1863993400    0.0172618820    0.0003767749    
0.1866409300    0.0172562140    0.0003749579    
0.1868825200    0.0173818080    0.0003794829    
0.1871241000    0.0173736660    0.0003763568    
0.1873656900    0.0173873050    0.0003785219    
0.1876072800    0.0174393040    0.0003761932    
0.1878488700    0.0181199380    0.0003869344    
0.1880904600    0.0174345830    0.0003786549    
0.1883320500    0.0171698990    0.0003729064    
0.1885736300    0.0171893820    0.0003738589    
0.1888152200    0.0177305550    0.0003795727    
0.1890568100    0.0178740060    0.0003821187    
0.1892984000    0.0171440500    0.0003722572    
0.1895399900    0.0175669280    0.0003780676    
0.1897815800    0.0174611520    0.0003769277    
0.1900231700    0.0171600980    0.0003736642    
0.1902647500    0.0172395100    0.0003735383    
0.1905063400    0.0179910800    0.0003840077    
0.1907479300    0.0178413730    0.0003803793    
0.1909895200    0.0169044380    0.0003687973    
0.1912311100    0.0168601560    0.0003687979    
0.1914727000    0.0172617310    0.0003727966    
0.1917142900    0.0171213050    0.0003723783    
0.1919558700    0.0166333730    0.0003639243    
0.1921974600    0.0172184930    0.0003734337    
0.1924390500    0.0172186280    0.0003740529    
0.1926806400    0.0171070550    0.0003713664    
0.1929222300    0.0176002090    0.0003773014    
0.1931638200    0.0176649790    0.0003749183    
0.1934054100    0.0172880720    0.0003740640    
0.1936469900    0.0180384920    0.0003791072    
0.1938885800    0.0167464550    0.0003671903    
0.1941301700    0.0170168450    0.0003684543    
0.1943717600    0.0173052910    0.0003733892    
0.1946133500    0.0168663040    0.0003652804    
0.1948549400    0.0172902730    0.0003723724    
0.1950965300    0.0174325230    0.0003735350    
0.1953381100    0.0171380310    0.0003701251    
0.1955797000    0.0177268980    0.0003771681    
0.1958212900    0.0169922820    0.0003672344    
0.1960628800    0.0177577460    0.0003755363    
0.1963044700    0.0168692690    0.0003654303    
0.1965460600    0.0171055850    0.0003709850    
0.1967876400    0.0169431580    0.0003654055    
0.1970292300    0.0174101340    0.0003707642    
0.1972708200    0.0165644980    0.0003632880    
0.1975124100    0.0172750760    0.0003707576    
0.1977540000    0.0172002640    0.0003698340    
0.1979955900    0.0168762120    0.0003660964    
0.1982371800    0.0171125800    0.0003694893    
0.1984787600    0.0167318170    0.0003612680    
0.1987203500    0.0172332330    0.0003687571    
0.1989619400    0.0170500050    0.0003670277    
0.1992035300    0.0174015190    0.0003700776    
0.1994451200    0.0169825610    0.0003658302    
0.1996867100    0.0174511880    0.0003701308    
0.1999283000    0.0169273970    0.0003652356    
0.2001698800    0.0167260710    0.0003635243    
0.2004114700    0.0167043640    0.0003643456    
0.2006530600    0.0177285450    0.0003723465    
0.2008946500    0.0175801900    0.0003716153    
0.2011362400    0.0173779770    0.0003670130    
0.2013778300    0.0174711540    0.0003710554    
0.2016194200    0.0176206500    0.0003699173    
0.2018610000    0.0175006050    0.0003701811    
0.2021025900    0.0173066610    0.0003684771    
0.2023441800    0.0176712960    0.0003713900    
0.2025857700    0.0176972640    0.0003720179    
0.2028273600    0.0177741500    0.0003743793    
0.2030689500    0.0179312680    0.0003747083    
0.2033105400    0.0176889260    0.0003700483    
0.2035521200    0.0177181280    0.0003718818    
0.2037937100    0.0170006010    0.0003636960    
0.2040353000    0.0170764000    0.0003653176    
0.2042768900    0.0182303780    0.0003761440    
0.2045184800    0.0177122130    0.0003692449    
0.2047600700    0.0175185280    0.0003698988    
0.2050016500    0.0177163760    0.0003723374    
0.2052432400    0.0173545110    0.0003681632    
0.2054848300    0.0173205290    0.0003662902    
0.2057264200    0.0179342820    0.0003750990    
0.2059680100    0.0167464750    0.0003585879    
0.2062096000    0.0176279760    0.0003691773    
0.2064511900    0.0183318250    0.0003757658    
0.2066927700    0.0169868380    0.0003633185    
0.2069343600    0.0172384570    0.0003655367    
0.2071759500    0.0181106420    0.0003745516    
0.2074175400    0.0172445320    0.0003652552    
0.2076591300    0.0177918840    0.0003704232    
0.2079007200    0.0180289060    0.0003758470    
0.2081423100    0.0182512390    0.0003745864    
0.2083838900    0.0173123580    0.0003656271    
0.2086254800    0.0171965890    0.0003649773    
0.2088670700    0.0177764600    0.0003702626    
0.2091086600    0.0178924540    0.0003727595    
0.2093502500    0.0176617120    0.0003688339    
0.2095918400    0.0171203850    0.0003650908    
0.2098334300    0.0182964140    0.0003767055    
0.2100750100    0.0179757040    0.0003745751    
0.2103166000    0.0175956010    0.0003709478    
0.2105581900    0.0181238590    0.0003736283    
0.2107997800    0.0172870650    0.0003669802    
0.2110413700    0.0181275360    0.0003737835    
0.2112829600    0.0185300430    0.0003805491    
0.2115245400    0.0175659580    0.0003677173    
0.2117661300    0.0173526160    0.0003677921    
0.2120077200    0.0180073240    0.0003728936    
0.2122493100    0.0174656870    0.0003705217    
0.2124909000    0.0177457380    0.0003709933    
0.2127324900    0.0162709150    0.0003576241    
0.2129740800    0.0180027030    0.0003731982    
0.2132156600    0.0172600050    0.0003654190    
0.2134572500    0.0173760020    0.0003680398    
0.2136988400    0.0181558610    0.0003759695    
0.2139404300    0.0177421720    0.0003697891    
0.2141820200    0.0181172990    0.0003753319    
0.2144236100    0.0174626560    0.0003695438    
0.2146652000    0.0180032790    0.0003747432    
0.2149067800    0.0179836280    0.0003728829    
0.2151483700    0.0176879200    0.0003754052    
0.2153899600    0.0183968290    0.0003876669    
0.2156315500    0.0173929110    0.0003806335    
0.2158731400    0.0175237740    0.0003834974    
0.2161147300    0.0174929230    0.0003879660    
0.2163563200    0.0172592800    0.0003863157    
0.2165979000    0.0181768010    0.0003994178    
0.2168394900    0.0173326920    0.0003903126    
0.2170810800    0.0176454270    0.0003982649    
0.2173226700    0.0175837070    0.0003972768    
0.2175642600    0.0165445320    0.0003874906    
0.2178058500    0.0177741270    0.0004031254    
0.2180474400    0.0164615560    0.0003898479    
0.2182890200    0.0169885080    0.0003992050    
0.2185306100    0.0161037950    0.0003861699    
0.2187722000    0.0176072580    0.0004089186    
0.2190137900    0.0173312550    0.0004049182    
0.2192553800    0.0161543740    0.0003945964    
0.2194969700    0.0173341100    0.0004062062    
0.2197385500    0.0179019750    0.0004102678    
0.2199801400    0.0164765930    0.0003894403    
0.2202217300    0.0171454950    0.0003934482    
0.2204633200    0.0170635260    0.0003906426    
0.2207049100    0.0164982930    0.0003816228    
0.2209465000    0.0177517750    0.0003958547    
0.2211880900    0.0170766220    0.0003863133    
0.2214296700    0.0168276760    0.0003829420    
0.2216712600    0.0166409690    0.0003802719    
0.2219128500    0.0169879000    0.0003831316    
0.2221544400    0.0167119830    0.0003818947    
0.2223960300    0.0167632380    0.0003805897    
0.2226376200    0.0172727880    0.0003893587    
0.2228792100    0.0164810560    0.0003775058    
0.2231207900    0.0170949880    0.0003844727    
0.2233623800    0.0168296230    0.0003790802    
0.2236039700    0.0170057880    0.0003826601    
0.2238455600    0.0163116800    0.0003729419    
0.2240871500    0.0170188480    0.0003816039    
0.2243287400    0.0168850090    0.0003781279    
0.2245703300    0.0174611520    0.0003870711    
0.2248119100    0.0165396850    0.0003761935    
0.2250535000    0.0173148070    0.0003847735    
0.2252950900    0.0173451600    0.0003865952    
0.2255366800    0.0170477720    0.0003796841    
0.2257782700    0.0165441050    0.0003749387    
0.2260198600    0.0168438220    0.0003770165    
0.2262614500    0.0170262050    0.0003789219    
0.2265030300    0.0165085730    0.0003726056    
0.2267446200    0.0164729820    0.0003736148    
0.2269862100    0.0171428940    0.0003785309    
0.2272278000    0.0165056700    0.0003724452    
0.2274693900    0.0167887660    0.0003744732    
0.2277109800    0.0163855080    0.0003732665    
0.2279525600    0.0164351210    0.0003703821    
0.2281941500    0.0167066560    0.0003743216    
0.2284357400    0.0161676260    0.0003677311    
0.2286773300    0.0164133340    0.0003717842    
0.2289189200    0.0162962220    0.0003681881    
0.2291605100    0.0165283110    0.0003729561    
0.2294021000    0.0169943660    0.0003766310    
0.2296436800    0.0168754970    0.0003786753    
0.2298852700    0.0159543330    0.0003646764    
0.2301268600    0.0165415240    0.0003751694    
0.2303684500    0.0163151460    0.0003704163    
0.2306100400    0.0168322460    0.0003767574    
0.2308516300    0.0172838180    0.0003809930    
0.2310932200    0.0163006000    0.0003719118    
0.2313348000    0.0167241770    0.0003749024    
0.2315763900    0.0168849330    0.0003770875    
0.2318179800    0.0167341360    0.0003772166    
0.2320595700    0.0163094010    0.0003708598    
0.2323011600    0.0169115540    0.0003788174    
0.2325427500    0.0161818030    0.0003705541    
0.2327843400    0.0167248210    0.0003781613    
0.2330259200    0.0165951520    0.0003733256    
0.2332675100    0.0161606920    0.0003689117    
0.2335091000    0.0163656520    0.0003725243    
0.2337506900    0.0167264760    0.0003746716    
0.2339922800    0.0165241650    0.0003745830    
0.2342338700    0.0164164120    0.0003727154    
0.2344754600    0.0163741900    0.0003733965    
0.2347170400    0.0161017420    0.0003682383    
0.2349586300    0.0171526120    0.0003809811    
0.2352002200    0.0164689890    0.0003764402    
0.2354418100    0.0162834700    0.0003721025    
0.2356834000    0.0166939920    0.0003765030    
0.2359249900    0.0163963420    0.0003708289    
0.2361665700    0.0174493380    0.0003858622    
0.2364081600    0.0169113330    0.0003777713    
0.2366497500    0.0162462290    0.0003723223    
0.2368913400    0.0162302470    0.0003705961    
0.2371329300    0.0162885950    0.0003735877    
0.2373745200    0.0164535330    0.0003740405    
0.2376161100    0.0164450300    0.0003739439    
0.2378576900    0.0162429780    0.0003729340    
0.2380992800    0.0172745330    0.0003824646    
0.2383408700    0.0172852860    0.0003836441    
0.2385824600    0.0163487390    0.0003715623    
0.2388240500    0.0165730190    0.0003757871    
0.2390656400    0.0166953840    0.0003773028    
0.2393072300    0.0161282220    0.0003698122    
0.2395488100    0.0159943640    0.0003687844    
0.2397904000    0.0162573210    0.0003729685    
0.2400319900    0.0163971800    0.0003750929    
0.2402735800    0.0168820040    0.0003811312    
0.2405151700    0.0166258060    0.0003775668    
0.2407567600    0.0166503290    0.0003752321    
0.2409983500    0.0161690370    0.0003718248    
0.2412399300    0.0165861210    0.0003750252    
0.2414815200    0.0166404880    0.0003779977    
0.2417231100    0.0166159750    0.0003744579    
0.2419647000    0.0164802930    0.0003763055    
0.2422062900    0.0167170170    0.0003784688    
0.2424478800    0.0167201240    0.0003786362    
0.2426894600    0.0166775000    0.0003800168    
0.2429310500    0.0161834110    0.0003718605    
0.2431726400    0.0159561180    0.0003689831    
0.2434142300    0.0167241190    0.0003763221    
0.2436558200    0.0165904210    0.0003786228    
0.2438974100    0.0165212230    0.0003744201    
0.2441390000    0.0159518550    0.0003695769    
0.2443805800    0.0161627870    0.0003722722    
0.2446221700    0.0159819310    0.0003705722    
0.2448637600    0.0170536580    0.0003837373    
0.2451053500    0.0167100820    0.0003777315    
0.2453469400    0.0161681430    0.0003754960    
0.2455885300    0.0170260110    0.0003812855    
0.2458301200    0.0157979480    0.0003695995    
0.2460717000    0.0166946860    0.0003769023    
0.2463132900    0.0158171280    0.0003672448    
0.2465548800    0.0167020290    0.0003794936    
0.2467964700    0.0164226590    0.0003745991    
0.2470380600    0.0166294170    0.0003781367    
0.2472796500    0.0162568890    0.0003737463    
0.2475212400    0.0165918910    0.0003798452    
0.2477628200    0.0167588100    0.0003825654    
0.2480044100    0.0163685550    0.0003742423    
0.2482460000    0.0165854760    0.0003768453    
0.2484875900    0.0155913310    0.0003662723    
0.2487291800    0.0156171440    0.0003665754    
0.2489707700    0.0165940390    0.0003769426    
0.2492123600    0.0166806130    0.0003801865    
0.2494539400    0.0162564540    0.0003745289    
0.2496955300    0.0168939790    0.0003824752    
0.2499371200    0.0157609730    0.0003681305    
0.2501787100    0.0160845970    0.0003759972    
0.2504203000    0.0163714390    0.0003747983    
0.2506618900    0.0165975920    0.0003752845    
0.2509034700    0.0164603840    0.0003763418    
0.2511450600    0.0167286990    0.0003787333    
0.2513866500    0.0165696680    0.0003778541    
0.2516282400    0.0159917850    0.0003686270    
0.2518698300    0.0169356920    0.0003814693    
0.2521114200    0.0167932250    0.0003789338    
0.2523530100    0.0163542780    0.0003746019    
0.2525945900    0.0163087670    0.0003731680    
0.2528361800    0.0158054220    0.0003700784    
0.2530777700    0.0164053800    0.0003736223    
0.2533193600    0.0164392510    0.0003736193    
0.2535609500    0.0159381730    0.0003691608    
0.2538025400    0.0161321430    0.0003712710    
0.2540441300    0.0162603120    0.0003727430    
0.2542857100    0.0160899850    0.0003703989    
0.2545273000    0.0158717260    0.0003698106    
0.2547688900    0.0160120940    0.0003686058    
0.2550104800    0.0158631090    0.0003697102    
0.2552520700    0.0161776420    0.0003748079    
0.2554936600    0.0163571600    0.0003732022    
0.2557352500    0.0160368030    0.0003709481    
0.2559768300    0.0162522180    0.0003718741    
0.2562184200    0.0169872460    0.0003820495    
0.2564600100    0.0158303380    0.0003667615    
0.2567016000    0.0163743390    0.0003753569    
0.2569431900    0.0158647580    0.0003680532    
0.2571847800    0.0156929960    0.0003655470    
0.2574263700    0.0160611470    0.0003703242    
0.2576679500    0.0162914030    0.0003737504    
0.2579095400    0.0163256290    0.0003745356    
0.2581511300    0.0160623890    0.0003695678    
0.2583927200    0.0165381930    0.0003746124    
0.2586343100    0.0159046170    0.0003662287    
0.2588759000    0.0161974250    0.0003722808    
0.2591174800    0.0159754210    0.0003667910    
0.2593590700    0.0163459340    0.0003714026    
0.2596006600    0.0163826580    0.0003731048    
0.2598422500    0.0155993320    0.0003644545    
0.2600838400    0.0163116800    0.0003729419    
0.2603254300    0.0163828960    0.0003750606    
0.2605670200    0.0159535570    0.0003688252    
0.2608086000    0.0162984530    0.0003698467    
0.2610501900    0.0162045390    0.0003706861    
0.2612917800    0.0163259150    0.0003729751    
0.2615333700    0.0159247120    0.0003674716    
0.2617749600    0.0172052270    0.0003826219    
0.2620165500    0.0159450710    0.0003674526    
0.2622581400    0.0163342750    0.0003742419    
0.2624997200    0.0168361730    0.0003783648    
0.2627413100    0.0167010730    0.0003805539    
0.2629829000    0.0162899160    0.0003701298    
0.2632244900    0.0158159940    0.0003676151    
0.2634660800    0.0159086880    0.0003669065    
0.2637076700    0.0157562770    0.0003660293    
0.2639492600    0.0167511420    0.0003774082    
0.2641908400    0.0162718270    0.0003726156    
0.2644324300    0.0162686660    0.0003732288    
0.2646740200    0.0162699850    0.0003705387    
0.2649156100    0.0162450300    0.0003742657    
0.2651572000    0.0163059580    0.0003730061    
0.2653987900    0.0162105400    0.0003738682    
0.2656403800    0.0158466090    0.0003682272    
0.2658819600    0.0167503300    0.0003770073    
0.2661235500    0.0163685730    0.0003746346    
0.2663651400    0.0164676300    0.0003740712    
0.2666067300    0.0160670430    0.0003702634    
0.2668483200    0.0160309830    0.0003693344    
0.2670899100    0.0159475370    0.0003714762    
0.2673314900    0.0164222680    0.0003734263    
0.2675730800    0.0165438190    0.0003775593    
0.2678146700    0.0166372870    0.0003796924    
0.2680562600    0.0157124150    0.0003659001    
0.2682978500    0.0158013640    0.0003675730    
0.2685394400    0.0156155900    0.0003641393    
0.2687810300    0.0161998310    0.0003728288    
0.2690226100    0.0162613420    0.0003708231    
0.2692642000    0.0158971980    0.0003714136    
0.2695057900    0.0162861000    0.0003726494    
0.2697473800    0.0162462290    0.0003723223    
0.2699889700    0.0154971290    0.0003656774    
0.2702305600    0.0156384040    0.0003679879    
0.2704721500    0.0159458210    0.0003709334    
0.2707137300    0.0155839180    0.0003638958    
0.2709553200    0.0169196830    0.0003816901    
0.2711969100    0.0155517090    0.0003650395    
0.2714385000    0.0165248490    0.0003753709    
0.2716800900    0.0159303770    0.0003699740    
0.2719216800    0.0161655220    0.0003809192    
0.2721632700    0.0163387600    0.0003856443    
0.2724048500    0.0164440400    0.0003918581    
0.2726464400    0.0164439290    0.0003990587    
0.2728880300    0.0165184250    0.0004002776    
0.2731296200    0.0163599980    0.0004005763    
0.2733712100    0.0164962210    0.0004054950    
0.2736128000    0.0162541640    0.0004080150    
0.2738543800    0.0163498750    0.0004068442    
0.2740959700    0.0167590230    0.0004158682    
0.2743375600    0.0171800920    0.0004241029    
0.2745791500    0.0163564790    0.0004155891    
0.2748207400    0.0163492920    0.0004183882    
0.2750623300    0.0162101030    0.0004166034    
0.2753039200    0.0166005870    0.0004260765    
0.2755455000    0.0161933550    0.0004195114    
0.2757870900    0.0167704910    0.0004333012    
0.2760286800    0.0169585350    0.0004335534    
0.2762702700    0.0166168210    0.0004371334    
0.2765118600    0.0166498690    0.0004202048    
0.2767534500    0.0166160620    0.0004181547    
0.2769950400    0.0166292140    0.0004149530    
0.2772366200    0.0160524030    0.0004034592    
0.2774782100    0.0160821360    0.0004043342    
0.2777198000    0.0164689740    0.0004101890    
0.2779613900    0.0162854500    0.0004068820    
0.2782029800    0.0165229470    0.0004019242    
0.2784445700    0.0165157760    0.0004052418    
0.2786861600    0.0167587820    0.0004070592    
0.2789277400    0.0157895260    0.0003907293    
0.2791693300    0.0165795090    0.0004007004    
0.2794109200    0.0164056240    0.0004004947    
0.2796525100    0.0164217220    0.0004000541    
0.2798941000    0.0154708680    0.0003839031    
0.2801356900    0.0160521140    0.0003950560    
0.2803772800    0.0159806840    0.0003976574    
0.2806188600    0.0162966860    0.0003934057    
0.2808604500    0.0158307410    0.0003856571    
0.2811020400    0.0163126610    0.0003929906    
0.2813436300    0.0158630830    0.0003893440    
0.2815852200    0.0156325410    0.0003826497    
0.2818268100    0.0160381000    0.0003896693    
0.2820683900    0.0160966390    0.0003914384    
0.2823099800    0.0155109510    0.0003839533    
0.2825515700    0.0155102500    0.0003805695    
0.2827931600    0.0159232640    0.0003902339    
0.2830347500    0.0157014390    0.0003852606    
0.2832763400    0.0166875730    0.0003952005    
0.2835179300    0.0161072980    0.0003882686    
0.2837595100    0.0162274520    0.0003919629    
0.2840011000    0.0161132700    0.0003910343    
0.2842426900    0.0153956390    0.0003784415    
0.2844842800    0.0159933090    0.0003877807    
0.2847258700    0.0162122430    0.0003910256    
0.2849674600    0.0166697510    0.0003975756    
0.2852090500    0.0163255760    0.0003914882    
0.2854506300    0.0161990490    0.0003916197    
0.2856922200    0.0160902590    0.0003891034    
0.2859338100    0.0159698750    0.0003882410    
0.2861754000    0.0157436970    0.0003834228    
0.2864169900    0.0160489720    0.0003869751    
0.2866585800    0.0162156090    0.0003907659    
0.2869001700    0.0170036500    0.0003992303    
0.2871417500    0.0159266830    0.0003859384    
0.2873833400    0.0165234730    0.0003947610    
0.2876249300    0.0159472170    0.0003882642    
0.2878665200    0.0162706690    0.0003946217    
0.2881081100    0.0159935000    0.0003844103    
0.2883497000    0.0156435480    0.0003823469    
0.2885912900    0.0158744280    0.0003850114    
0.2888328700    0.0155781330    0.0003815466    
0.2890744600    0.0156840170    0.0003819694    
0.2893160500    0.0163071640    0.0003899272    
0.2895576400    0.0158888000    0.0003869567    
0.2897992300    0.0163168810    0.0003882771    
0.2900408200    0.0155741740    0.0003801973    
0.2902824000    0.0155683860    0.0003830351    
0.2905239900    0.0162883530    0.0003901472    
0.2907655800    0.0156599080    0.0003798086    
0.2910071700    0.0162218230    0.0003865627    
0.2912487600    0.0160304580    0.0003848542    
0.2914903500    0.0160750770    0.0003843777    
0.2917319400    0.0157574540    0.0003792850    
0.2919735200    0.0155579180    0.0003780026    
0.2922151100    0.0155639580    0.0003773705    
0.2924567000    0.0153742350    0.0003757645    
0.2926982900    0.0153397960    0.0003754840    
0.2929398800    0.0161804220    0.0003876732    
0.2931814700    0.0157015940    0.0003780499    
0.2934230600    0.0159876250    0.0003826149    
0.2936646400    0.0156828460    0.0003762920    
0.2939062300    0.0159031690    0.0003824601    
0.2941478200    0.0156667270    0.0003772105    
0.2943894100    0.0156630480    0.0003789940    
0.2946310000    0.0157822290    0.0003794419    
0.2948725900    0.0156971680    0.0003792649    
0.2951141800    0.0164421640    0.0003874379    
0.2953557600    0.0155364470    0.0003791634    
0.2955973500    0.0155147320    0.0003755152    
0.2958389400    0.0159374150    0.0003798932    
0.2960805300    0.0155800870    0.0003758879    
0.2963221200    0.0159293140    0.0003793769    
0.2965637100    0.0158092480    0.0003778054    
0.2968053000    0.0160094270    0.0003793533    
0.2970468800    0.0157963800    0.0003779298    
0.2972884700    0.0162341520    0.0003820065    
0.2975300600    0.0161712290    0.0003812654    
0.2977716500    0.0157653640    0.0003778371    
0.2980132400    0.0160173970    0.0003816913    
0.2982548300    0.0153598890    0.0003708993    
0.2984964100    0.0155294960    0.0003723982    
0.2987380000    0.0157142090    0.0003754270    
0.2989795900    0.0156545180    0.0003738942    
0.2992211800    0.0163421770    0.0003816017    
0.2994627700    0.0167334460    0.0003872695    
0.2997043600    0.0163509900    0.0003838007    
0.2999459500    0.0163750020    0.0003839415    
0.3001875300    0.0159680530    0.0003785855    
0.3004291200    0.0156788410    0.0003790434    
0.3006707100    0.0157362510    0.0003744604    
0.3009123000    0.0158952260    0.0003781364    
0.3011538900    0.0160317340    0.0003771390    
0.3013954800    0.0158308100    0.0003768173    
0.3016370700    0.0151359840    0.0003681860    
0.3018786500    0.0162107280    0.0003810336    
0.3021202400    0.0160557100    0.0003790690    
0.3023618300    0.0155745020    0.0003749899    
0.3026034200    0.0164229220    0.0003842210    
0.3028450100    0.0160509230    0.0003801232    
0.3030866000    0.0160321970    0.0003803201    
0.3033281900    0.0158279420    0.0003756862    
0.3035697700    0.0157296190    0.0003754738    
0.3038113600    0.0154833560    0.0003727954    
0.3040529500    0.0164045520    0.0003823292    
0.3042945400    0.0159118200    0.0003764069    
0.3045361300    0.0158491240    0.0003780035    
0.3047777200    0.0157399400    0.0003751861    
0.3050193100    0.0150912030    0.0003676410    
0.3052608900    0.0159068880    0.0003784138    
0.3055024800    0.0162492080    0.0003873253    
0.3057440700    0.0163954870    0.0003813935    
0.3059856600    0.0154154670    0.0003706241    
0.3062272500    0.0157718740    0.0003758405    
0.3064688400    0.0159789050    0.0003792694    
0.3067104200    0.0157428070    0.0003734552    
0.3069520100    0.0155992760    0.0003736421    
0.3071936000    0.0160903280    0.0003803106    
0.3074351900    0.0158645140    0.0003780481    
0.3076767800    0.0157273410    0.0003743544    
0.3079183700    0.0160810660    0.0003824491    
0.3081599600    0.0157172410    0.0003780981    
0.3084015400    0.0159421070    0.0003764918    
0.3086431300    0.0157148320    0.0003735280    
0.3088847200    0.0159285260    0.0003783936    
0.3091263100    0.0154627030    0.0003718672    
0.3093679000    0.0157859630    0.0003762831    
0.3096094900    0.0154662360    0.0003705617    
0.3098510800    0.0166197770    0.0003880838    
0.3100926600    0.0156000420    0.0003741975    
0.3103342500    0.0162822080    0.0003822915    
0.3105758400    0.0159291530    0.0003807796    
0.3108174300    0.0164105660    0.0003826773    
0.3110590200    0.0152158800    0.0003702391    
0.3113006100    0.0156768530    0.0003729414    
0.3115422000    0.0159996460    0.0003796548    
0.3117837800    0.0157309970    0.0003750795    
0.3120253700    0.0152835250    0.0003707890    
0.3122669600    0.0158887590    0.0003758614    
0.3125085500    0.0156352260    0.0003755821    
0.3127501400    0.0161262840    0.0003807353    
0.3129917300    0.0154712620    0.0003745728    
0.3132333100    0.0152743440    0.0003712223    
0.3134749000    0.0167588030    0.0003882724    
0.3137164900    0.0155473570    0.0003726123    
0.3139580800    0.0158126820    0.0003756416    
0.3141996700    0.0158982720    0.0003769311    
0.3144412600    0.0154494510    0.0003719791    
0.3146828500    0.0149686790    0.0003669499    
0.3149244300    0.0157591400    0.0003750051    
0.3151660200    0.0159122320    0.0003787553    
0.3154076100    0.0157175430    0.0003771245    
0.3156492000    0.0150889060    0.0003710137    
0.3158907900    0.0164312840    0.0003826406    
0.3161323800    0.0153731670    0.0003702497    
0.3163739700    0.0155895910    0.0003729824    
0.3166155500    0.0154794920    0.0003735696    
0.3168571400    0.0158089060    0.0003758702    
0.3170987300    0.0162193770    0.0003815532    
0.3173403200    0.0146216740    0.0003622735    
0.3175819100    0.0156958620    0.0003761714    
0.3178235000    0.0156179940    0.0003744128    
0.3180650900    0.0157045110    0.0003772464    
0.3183066700    0.0157319240    0.0003766033    
0.3185482600    0.0159329540    0.0003791412    
0.3187898500    0.0166654880    0.0003850784    
0.3190314400    0.0159563800    0.0003783088    
0.3192730300    0.0151428430    0.0003681351    
0.3195146200    0.0156090180    0.0003743052    
0.3197562100    0.0160144490    0.0003783058    
0.3199977900    0.0158039020    0.0003764969    
0.3202393800    0.0158660660    0.0003786230    
0.3204809700    0.0162482330    0.0003837214    
0.3207225600    0.0159681780    0.0003799794    
0.3209641500    0.0158028190    0.0003778676    
0.3212057400    0.0156813090    0.0003742140    
0.3214473200    0.0163212450    0.0003820514    
0.3216889100    0.0159787020    0.0003778833    
0.3219305000    0.0151978620    0.0003700198    
0.3221720900    0.0159438130    0.0003784365    
0.3224136800    0.0152728960    0.0003689062    
0.3226552700    0.0165057450    0.0003877538    
0.3228968600    0.0150455700    0.0003676218    
0.3231384400    0.0153741250    0.0003752019    
0.3233800300    0.0162885570    0.0003813908    
0.3236216200    0.0151944080    0.0003686270    
0.3238632100    0.0151153460    0.0003683385    
0.3241048000    0.0159042210    0.0003782433    
0.3243463900    0.0157847020    0.0003766814    
0.3245879800    0.0155910670    0.0003740898    
0.3248295600    0.0158550970    0.0003769684    
0.3250711500    0.0157923580    0.0003762219    
0.3253127400    0.0159753400    0.0003795057    
0.3255543300    0.0161371270    0.0003818436    
0.3257959200    0.0150382860    0.0003706666    
0.3260375100    0.0152705230    0.0003692801    
0.3262791000    0.0152475430    0.0003703523    
0.3265206800    0.0154673640    0.0003721947    
0.3267622700    0.0154320910    0.0003728603    
0.3270038600    0.0158116690    0.0003770030    
0.3272454500    0.0157027300    0.0003751527    
0.3274870400    0.0155102840    0.0003731194    
0.3277286300    0.0148288860    0.0003661732    
0.3279702200    0.0158968660    0.0003787116    
0.3282118000    0.0153649690    0.0003750902    
0.3284533900    0.0161806130    0.0003809576    
0.3286949800    0.0156163620    0.0003875135    
0.3289365700    0.0155202640    0.0003915714    
0.3291781600    0.0155962640    0.0003958902    
0.3294197500    0.0161577270    0.0004076544    
0.3296613300    0.0159436510    0.0004090806    
0.3299029200    0.0160057190    0.0004104031    
0.3301445100    0.0151831760    0.0004054979    
0.3303861000    0.0158807590    0.0004174813    
0.3306276900    0.0159365110    0.0004214298    
0.3308692800    0.0155605890    0.0004166189    
0.3311108700    0.0154565700    0.0004186636    
0.3313524500    0.0167349800    0.0004405468    
0.3315940400    0.0153230430    0.0004209564    
0.3318356300    0.0153908980    0.0004273601    
0.3320772200    0.0160270920    0.0004365257    
0.3323188100    0.0168122000    0.0004512631    
0.3325604000    0.0159292600    0.0004386046    
0.3328019900    0.0151432750    0.0004321362    
0.3330435700    0.0159896440    0.0004394352    
0.3332851600    0.0158462980    0.0004317616    
0.3335267500    0.0158482880    0.0004183660    
0.3337683400    0.0159918620    0.0004202568    
0.3340099300    0.0153538440    0.0004090361    
0.3342515200    0.0151558000    0.0004024767    
0.3344931100    0.0157772080    0.0004064186    
0.3347346900    0.0159067250    0.0004094833    
0.3349762800    0.0155774730    0.0004031504    
0.3352178700    0.0161322010    0.0004087050    
0.3354594600    0.0155707000    0.0003995115    
0.3357010500    0.0152164470    0.0003959342    
0.3359426400    0.0157757130    0.0004045055    
0.3361842300    0.0154821450    0.0003929934    
0.3364258100    0.0160882160    0.0003999619    
0.3366674000    0.0159280730    0.0003984509    
0.3369089900    0.0154166600    0.0003905769    
0.3371505800    0.0157785290    0.0003943400    
0.3373921700    0.0152310400    0.0003883751    
0.3376337600    0.0160963400    0.0003989330    
0.3378753400    0.0154958210    0.0003915784    
0.3381169300    0.0155923070    0.0003909086    
0.3383585200    0.0161262840    0.0004019031    
0.3386001100    0.0155951490    0.0003893923    
0.3388417000    0.0154721450    0.0003892441    
0.3390832900    0.0153999050    0.0003845173    
0.3393248800    0.0161001100    0.0003961173    
0.3395664600    0.0155025220    0.0003879269    
0.3398080500    0.0154077100    0.0003862807    
0.3400496400    0.0156452100    0.0003878713    
0.3402912300    0.0152703970    0.0003825978    
0.3405328200    0.0161013420    0.0003951919    
0.3407744100    0.0163082260    0.0003978800    
0.3410160000    0.0161816080    0.0003968036    
0.3412575800    0.0160966390    0.0003914384    
0.3414991700    0.0152448320    0.0003806453    
0.3417407600    0.0161784330    0.0003931950    
0.3419823500    0.0151703520    0.0003779618    
0.3422239400    0.0163441700    0.0003939784    
0.3424655300    0.0161341900    0.0003923515    
0.3427071200    0.0155129200    0.0003835323    
0.3429487000    0.0155299600    0.0003841884    
0.3431902900    0.0156538340    0.0003873715    
0.3434318800    0.0160873320    0.0003958029    
0.3436734700    0.0160439390    0.0003880967    
0.3439150600    0.0152510570    0.0003775199    
0.3441566500    0.0156757040    0.0003850932    
0.3443982300    0.0153280600    0.0003803594    
0.3446398200    0.0155463800    0.0003820314    
0.3448814100    0.0158943680    0.0003873220    
0.3451230000    0.0155716410    0.0003838128    
0.3453645900    0.0154770380    0.0003826451    
0.3456061800    0.0161002660    0.0003887774    
0.3458477700    0.0151425100    0.0003795127    
0.3460893500    0.0162461240    0.0003926430    
0.3463309400    0.0157276530    0.0003833733    
0.3465725300    0.0154590760    0.0003802306    
0.3468141200    0.0160678560    0.0003891309    
0.3470557100    0.0157850860    0.0003846590    
0.3472973000    0.0155470210    0.0003826253    
0.3475388900    0.0156188990    0.0003811756    
0.3477804700    0.0156898150    0.0003839367    
0.3480220600    0.0158052630    0.0003854942    
0.3482636500    0.0152999760    0.0003788469    
0.3485052400    0.0154355250    0.0003842109    
0.3487468300    0.0159013940    0.0003857789    
0.3489884200    0.0150475820    0.0003751360    
0.3492300100    0.0150729790    0.0003740297    
0.3494715900    0.0157703360    0.0003852157    
0.3497131800    0.0152864510    0.0003766690    
0.3499547700    0.0153680090    0.0003798335    
0.3501963600    0.0156095970    0.0003810621    
0.3504379500    0.0161043740    0.0003880854    
0.3506795400    0.0155694940    0.0003820232    
0.3509211300    0.0153845460    0.0003804747    
0.3511627100    0.0159990240    0.0003881475    
0.3514043000    0.0157412390    0.0003822311    
0.3516458900    0.0158223310    0.0003840870    
0.3518874800    0.0154906420    0.0003791763    
0.3521290700    0.0160410960    0.0003860005    
0.3523706600    0.0153025080    0.0003778685    
0.3526122400    0.0153072200    0.0003776396    
0.3528538300    0.0157837230    0.0003840561    
0.3530954200    0.0154945060    0.0003811021    
0.3533370100    0.0161452270    0.0003882815    
0.3535786000    0.0157892280    0.0003864851    
0.3538201900    0.0152425800    0.0003757021    
0.3540617800    0.0150964970    0.0003758885    
0.3543033600    0.0162736990    0.0003879091    
0.3545449500    0.0164901350    0.0003915141    
0.3547865400    0.0159103450    0.0003834096    
0.3550281300    0.0155687880    0.0003814322    
0.3552697200    0.0161398390    0.0003874802    
0.3555113100    0.0155451090    0.0003808520    
0.3557529000    0.0155874780    0.0003816610    
0.3559944800    0.0150397500    0.0003726320    
0.3562360700    0.0154037720    0.0003818856    
0.3564776600    0.0158298700    0.0003825828    
0.3567192500    0.0153838350    0.0003775814    
0.3569608400    0.0160340290    0.0003846075    
0.3572024300    0.0154583390    0.0003790676    
0.3574440200    0.0158576100    0.0003829179    
0.3576856000    0.0156400590    0.0003815784    
0.3579271900    0.0161130550    0.0003862809    
0.3581687800    0.0156757400    0.0003824489    
0.3584103700    0.0163661770    0.0003894502    
0.3586519600    0.0156720490    0.0003843082    
0.3588935500    0.0161369080    0.0003872982    
0.3591351400    0.0155748920    0.0003807826    
0.3593767200    0.0158126150    0.0003819428    
0.3596183100    0.0153512950    0.0003757655    
0.3598599000    0.0148463280    0.0003709264    
0.3601014900    0.0154906420    0.0003791763    
0.3603430800    0.0159797490    0.0003849704    
0.3605846700    0.0153143650    0.0003764437    
0.3608262500    0.0155165720    0.0003799249    
0.3610678400    0.0160788880    0.0003860169    
0.3613094300    0.0155813980    0.0003823152    
0.3615510200    0.0163476700    0.0003887897    
0.3617926100    0.0152129530    0.0003746306    
0.3620342000    0.0149668040    0.0003724284    
0.3622757900    0.0153213170    0.0003763872    
0.3625173700    0.0160945340    0.0003860589    
0.3627589600    0.0152678880    0.0003764402    
0.3630005500    0.0157809930    0.0003818479    
0.3632421400    0.0158706760    0.0003827873    
0.3634837300    0.0156772970    0.0003820324    
0.3637253200    0.0149199450    0.0003731153    
0.3639669100    0.0153164720    0.0003783287    
0.3642084900    0.0151808990    0.0003739546    
0.3644500800    0.0154254060    0.0003778059    
0.3646916700    0.0151357810    0.0003746664    
0.3649332600    0.0151403350    0.0003726164    
0.3651748500    0.0152037280    0.0003745170    
0.3654164400    0.0160933270    0.0003869214    
0.3656580300    0.0156273230    0.0003807015    
0.3658996100    0.0155290730    0.0003786453    
0.3661412000    0.0150594770    0.0003735797    
0.3663827900    0.0161646360    0.0003909020    
0.3666243800    0.0156479000    0.0003779642    
0.3668659700    0.0155819760    0.0003791471    
0.3671075600    0.0153905850    0.0003769531    
0.3673491500    0.0156640240    0.0003795736    
0.3675907300    0.0147852560    0.0003704426    
0.3678323200    0.0159712040    0.0003829904    
0.3680739100    0.0144730210    0.0003667878    
0.3683155000    0.0156239220    0.0003799428    
0.3685570900    0.0154090500    0.0003771792    
0.3687986800    0.0164223460    0.0003918979    
0.3690402600    0.0152020990    0.0003767700    
0.3692818500    0.0161152720    0.0003845700    
0.3695234400    0.0151043780    0.0003734317    
0.3697650300    0.0152662680    0.0003745830    
0.3700066200    0.0155919670    0.0003798402    
0.3702482100    0.0153627360    0.0003754835    
0.3704898000    0.0152151680    0.0003747988    
0.3707313800    0.0159612000    0.0003847469    
0.3709729700    0.0154251410    0.0003772342    
0.3712145600    0.0156384170    0.0003819933    
0.3714561500    0.0159425880    0.0003859840    
0.3716977400    0.0151440530    0.0003735005    
0.3719393300    0.0153397960    0.0003754840    
0.3721809200    0.0149229720    0.0003707642    
0.3724225000    0.0154019810    0.0003766678    
0.3726640900    0.0150724630    0.0003727566    
0.3729056800    0.0155149570    0.0003781887    
0.3731472700    0.0155671020    0.0003781141    
0.3733888600    0.0152726270    0.0003762142    
0.3736304500    0.0153119170    0.0003774111    
0.3738720400    0.0157957530    0.0003843488    
0.3741136200    0.0162642360    0.0003882354    
0.3743552100    0.0145504280    0.0003665200    
0.3745968000    0.0156080250    0.0003783277    
0.3748383900    0.0153996310    0.0003764977    
0.3750799800    0.0157888720    0.0003813693    
0.3753215700    0.0152173860    0.0003749672    
0.3755631500    0.0157927950    0.0003811306    
0.3758047400    0.0152244000    0.0003749125    
0.3760463300    0.0154185270    0.0003778642    
0.3762879200    0.0154187720    0.0003784389    
0.3765295100    0.0152930420    0.0003783275    
0.3767711000    0.0160623770    0.0003845139    
0.3770126900    0.0156890550    0.0003797345    
0.3772542700    0.0159951480    0.0003835646    
0.3774958600    0.0154062770    0.0003758747    
0.3777374500    0.0155100890    0.0003778456    
0.3779790400    0.0159991160    0.0003847676    
0.3782206300    0.0152543430    0.0003754222    
0.3784622200    0.0152155350    0.0003742405    
0.3787038100    0.0155531280    0.0003797967    
0.3789453900    0.0159258820    0.0003849033    
0.3791869800    0.0147501050    0.0003708445    
0.3794285700    0.0154225150    0.0003764950    
0.3796701600    0.0156701190    0.0003805041    
0.3799117500    0.0156288770    0.0003787219    
0.3801533400    0.0152635830    0.0003755359    
0.3803949300    0.0158852660    0.0003808201    
0.3806365100    0.0155168580    0.0003777863    
0.3808781000    0.0148802460    0.0003698168    
0.3811196900    0.0157770420    0.0003831004    
0.3813612800    0.0153766780    0.0003764996    
0.3816028700    0.0161246920    0.0003870050    
0.3818444600    0.0152011140    0.0003749078    
0.3820860500    0.0158422770    0.0003804460    
0.3823276300    0.0148829700    0.0003687475    
0.3825692200    0.0153965760    0.0003740826    
0.3828108100    0.0151789130    0.0003708799    
0.3830524000    0.0156960970    0.0003786867    
0.3832939900    0.0155219580    0.0003760207    
0.3835355800    0.0151849210    0.0003719159    
0.3837771600    0.0158884240    0.0003795891    
0.3840187500    0.0158659050    0.0003810134    
0.3842603400    0.0150803430    0.0003721557    
0.3845019300    0.0158603420    0.0003773065    
0.3847435200    0.0155221790    0.0003739470    
0.3849851100    0.0159673100    0.0003803898    
0.3852267000    0.0157444360    0.0003871323    
0.3854682800    0.0147734740    0.0003823426    
0.3857098700    0.0157728200    0.0003996001    
0.3859514600    0.0165738100    0.0004140865    
0.3861930500    0.0150548280    0.0003970053    
0.3864346400    0.0163956260    0.0004186155    
0.3866762300    0.0156735140    0.0004121756    
0.3869178200    0.0152279450    0.0004084453    
0.3871594000    0.0168235820    0.0004343830    
0.3874009900    0.0148976730    0.0004098897    
0.3876425800    0.0156350920    0.0004230338    
0.3878841700    0.0147517010    0.0004126451    
0.3881257600    0.0153783990    0.0004239193    
0.3883673500    0.0145461730    0.0004152661    
0.3886089400    0.0154004680    0.0004297852    
0.3888505200    0.0159848800    0.0004398028    
0.3890921100    0.0152059910    0.0004312997    
0.3893337000    0.0145714050    0.0004269121    
0.3895752900    0.0152808100    0.0004387488    
0.3898168800    0.0157955940    0.0004280036    
0.3900584700    0.0152760370    0.0004131678    
0.3903000600    0.0158677180    0.0004197574    
0.3905416400    0.0157866000    0.0004145764    
0.3907832300    0.0156084790    0.0004113195    
0.3910248200    0.0155419990    0.0004090000    
0.3912664100    0.0150867640    0.0004012097    
0.3915080000    0.0161697660    0.0004133881    
0.3917495900    0.0154041250    0.0004052314    
0.3919911700    0.0159820210    0.0004134818    
0.3922327600    0.0153710940    0.0003986110    
0.3924743500    0.0160301600    0.0004086190    
0.3927159400    0.0153194700    0.0003972723    
0.3929575300    0.0149955050    0.0003957162    
0.3931991200    0.0156116600    0.0004018875    
0.3934407100    0.0154251410    0.0003988075    
0.3936822900    0.0151143130    0.0003961026    
0.3939238800    0.0146532300    0.0003905099    
0.3941654700    0.0157876070    0.0004053438    
0.3944070600    0.0150605350    0.0003967422    
0.3946486500    0.0159678070    0.0004095656    
0.3948902400    0.0150553400    0.0003948284    
0.3951318300    0.0145751460    0.0003881534    
0.3953734100    0.0154023230    0.0003996897    
0.3956150000    0.0153765920    0.0004003723    
0.3958565900    0.0153789510    0.0003992177    
0.3960981800    0.0151834710    0.0003981886    
0.3963397700    0.0161640700    0.0004118987    
0.3965813600    0.0153663630    0.0004016063    
0.3968229500    0.0160640810    0.0004120350    
0.3970645300    0.0161687780    0.0004144478    
0.3973061200    0.0153217140    0.0004015380    
0.3975477100    0.0151465970    0.0003980437    
0.3977893000    0.0143677050    0.0003891701    
0.3980308900    0.0150772740    0.0003981514    
0.3982724800    0.0152847920    0.0004013983    
0.3985140700    0.0156144440    0.0004058781    
0.3987556500    0.0154671860    0.0004046562    
0.3989972400    0.0155434060    0.0004051280    
0.3992388300    0.0150596070    0.0004011974    
0.3994804200    0.0164561080    0.0004192044    
0.3997220100    0.0148838540    0.0004009505    
0.3999636000    0.0156759810    0.0004072027    
0.4002051800    0.0155377270    0.0004073390    
0.4004467700    0.0150706450    0.0003990911    
0.4006883600    0.0155491430    0.0004081998    
0.4009299500    0.0156592640    0.0004098217    
0.4011715400    0.0150337060    0.0004020800    
0.4014131300    0.0150385590    0.0004024978    
0.4016547200    0.0145296870    0.0003982605    
0.4018963000    0.0156163620    0.0004112418    
0.4021378900    0.0149134460    0.0004052926    
0.4023794800    0.0160387190    0.0004167659    
0.4026210700    0.0160487240    0.0004174489    
0.4028626600    0.0152916340    0.0004062272    
0.4031042500    0.0156638280    0.0004127781    
0.4033458400    0.0154136420    0.0004094684    
0.4035874200    0.0153623480    0.0004119021    
0.4038290100    0.0154470520    0.0004113733    
0.4040706000    0.0155134130    0.0004129941    
0.4043121900    0.0158247550    0.0004186209    
0.4045537800    0.0151537830    0.0004107636    
0.4047953700    0.0157065000    0.0004206763    
0.4050369600    0.0148143160    0.0004039434    
0.4052785400    0.0155427380    0.0004152489    
0.4055201300    0.0152626820    0.0004113049    
0.4057617200    0.0145151950    0.0004036673    
0.4060033100    0.0154067740    0.0004132418    
0.4062449000    0.0160445160    0.0004251788    
0.4064864900    0.0155143080    0.0004173288    
0.4067280800    0.0157078600    0.0004214693    
0.4069696600    0.0155199520    0.0004206892    
0.4072112500    0.0161417120    0.0004306371    
0.4074528400    0.0151326140    0.0004179387    
0.4076944300    0.0155800450    0.0004216988    
0.4079360200    0.0156380110    0.0004211137    
0.4081776100    0.0149801480    0.0004138857    
0.4084191900    0.0154608870    0.0004212604    
0.4086607800    0.0156080770    0.0004216859    
0.4089023700    0.0154099140    0.0004225464    
0.4091439600    0.0145822430    0.0004116257    
0.4093855500    0.0152586950    0.0004220652    
0.4096271400    0.0157220370    0.0004296537    
0.4098687300    0.0159727800    0.0004396363    
0.4101103100    0.0152711270    0.0004198471    
0.4103519000    0.0159016360    0.0004323076    
0.4105934900    0.0155950750    0.0004273024    
0.4108350800    0.0155120240    0.0004284174    
0.4110766700    0.0154616170    0.0004275147    
0.4113182600    0.0158318720    0.0004342800    
0.4115598500    0.0150886200    0.0004254115    
0.4118014300    0.0153163430    0.0004302955    
0.4120430200    0.0152325500    0.0004274357    
0.4122846100    0.0157129240    0.0004379936    
0.4125262000    0.0155461510    0.0004400637    
0.4127677900    0.0155267760    0.0004319665    
0.4130093800    0.0151556310    0.0004286660    
0.4132509700    0.0154317430    0.0004331957    
0.4134925500    0.0152696060    0.0004341532    
0.4137341400    0.0147117290    0.0004248681    
0.4139757300    0.0158751660    0.0004442453    
0.4142173200    0.0156790160    0.0004392726    
0.4144589100    0.0158743900    0.0004465021    
0.4147005000    0.0152968490    0.0004374100    
0.4149420800    0.0149274390    0.0004356636    
0.4151836700    0.0155579550    0.0004427097    
0.4154252600    0.0154524910    0.0004382914    
0.4156668500    0.0156620050    0.0004379374    
0.4159084400    0.0150742200    0.0004296411    
0.4161500300    0.0155079150    0.0004344789    
0.4163916200    0.0157704860    0.0004385769    
0.4166332000    0.0157326240    0.0004356747    
0.4168747900    0.0158562450    0.0004360985    
0.4171163800    0.0153130560    0.0004325998    
0.4173579700    0.0155002150    0.0004322323    
0.4175995600    0.0150919740    0.0004331484    
0.4178411500    0.0150127040    0.0004249635    
0.4180827400    0.0153829210    0.0004316552    
0.4183243200    0.0157060860    0.0004374632    
0.4185659100    0.0156531350    0.0004380321    
0.4188075000    0.0146946090    0.0004241968    
0.4190490900    0.0158590980    0.0004437956    
0.4192906800    0.0155543930    0.0004390674    
0.4195322700    0.0150918470    0.0004360276    
0.4197738600    0.0158728940    0.0004471681    
0.4200154400    0.0157097060    0.0004490320    
0.4202570300    0.0154244060    0.0004456358    
0.4204986200    0.0152041290    0.0004394551    
0.4207402100    0.0161325380    0.0004557505    
0.4209818000    0.0162152950    0.0004550122    
0.4212233900    0.0159897460    0.0004544449    
0.4214649800    0.0149187610    0.0004401216    
0.4217065600    0.0153766580    0.0004480117    
0.4219481500    0.0152652450    0.0004478171    
0.4221897400    0.0156091350    0.0004547850    
0.4224313300    0.0153240450    0.0004540582    
0.4226729200    0.0156618160    0.0004600451    
0.4229145100    0.0143353810    0.0004413499    
0.4231560900    0.0155869440    0.0004584395    
0.4233976800    0.0156790830    0.0004605523    
0.4236392700    0.0150511990    0.0004529878    
0.4238808600    0.0150424150    0.0004543728    
0.4241224500    0.0152104020    0.0004571586    
0.4243640400    0.0152013980    0.0004606484    
0.4246056300    0.0163226040    0.0004784240    
0.4248472100    0.0155004370    0.0004686356    
0.4250888000    0.0150236150    0.0004629779    
0.4253303900    0.0158009340    0.0004821483    
0.4255719800    0.0145581110    0.0004562797    
0.4258135700    0.0148244550    0.0004612417    
0.4260551600    0.0159071770    0.0004820357    
0.4262967500    0.0159785230    0.0004811150    
0.4265383300    0.0146738570    0.0004651925    
0.4267799200    0.0147865400    0.0004692367    
0.4270215100    0.0144335490    0.0004624808    
0.4272631000    0.0165062500    0.0004997307    
0.4275046900    0.0149254460    0.0004772632    
0.4277462800    0.0156376220    0.0004937650    
0.4279878700    0.0153335510    0.0004920771    
0.4282294500    0.0149246400    0.0004799441    
0.4284710400    0.0165722640    0.0005073406    
0.4287126300    0.0147679880    0.0004816787    
0.4289542200    0.0158322570    0.0005006599    
0.4291958100    0.0157688660    0.0005019285    
0.4294374000    0.0152642690    0.0004983961    
0.4296789900    0.0145332400    0.0004847107    
0.4299205700    0.0153911700    0.0005041545    
0.4301621600    0.0152026630    0.0005061933    
0.4304037500    0.0140884060    0.0004893106    
0.4306453400    0.0149638370    0.0005099662    
0.4308869300    0.0148086190    0.0005006227    
0.4311285200    0.0157316470    0.0005192217    
0.4313701000    0.0152766700    0.0005152693    
0.4316116900    0.0149986210    0.0005138443    
0.4318532800    0.0145540250    0.0005076299    
0.4320948700    0.0158397790    0.0005330510    
0.4323364600    0.0159583020    0.0005397976    
0.4325780500    0.0153374990    0.0005323724    
0.4328196400    0.0142241790    0.0005169866    
0.4330612200    0.0148286720    0.0005361317    
0.4333028100    0.0154918380    0.0005466951    
0.4335444000    0.0148965450    0.0005344106    
0.4337859900    0.0154295720    0.0005468867    
0.4340275800    0.0159923580    0.0005612218    
0.4342691700    0.0159248920    0.0005655095    
0.4345107600    0.0149196660    0.0005514467    
0.4347523400    0.0152345620    0.0005600337    
0.4349939300    0.0155573540    0.0005707439    
0.4352355200    0.0160652880    0.0005885866    
0.4354771100    0.0155405350    0.0005840491    
0.4357187000    0.0150856890    0.0005876550    
0.4359602900    0.0143816830    0.0005654023    
0.4362018800    0.0155465180    0.0005927054    
0.4364434600    0.0158707280    0.0006033145    
0.4366850500    0.0152317230    0.0005983586    
0.4369266400    0.0158103540    0.0006191813    
0.4371682300    0.0158874490    0.0006231570    
0.4374098200    0.0159232840    0.0006333942    
0.4376514100    0.0153181250    0.0006290400    
0.4378930000    0.0150851930    0.0006329607    
0.4381345800    0.0143883620    0.0006291591    
0.4383761700    0.0148441250    0.0006515848    
0.4386177600    0.0151993230    0.0006481013    
0.4388593500    0.0144620870    0.0006416513    
0.4391009400    0.0163894230    0.0006944421    
0.4393425300    0.0151108360    0.0006757771    
0.4395841100    0.0149756910    0.0006864097    
0.4398257000    0.0159312080    0.0007248951    
0.4400672900    0.0151914270    0.0007225825    
0.4403088800    0.0139084260    0.0007116170    
0.4405504700    0.0160094270    0.0007896868    
0.4407920600    0.0163599980    0.0008305531    
0.4410336500    0.0137870170    0.0007843160    
0.4412752300    0.0146520870    0.0008115040    
0.4415168200    0.0162937640    0.0008996726    
0.4417584100    0.0172146250    0.0012555056    
0.4420000000    0.0156548260    0.0018198366    