# Diamond Light Source Ltd.
# Data extracted from: /dls/b21/data/2017/mx13440-2/processed/b21-369037_00558.dat
q(1/A)          Column          Error           
0.0040000000    0.7992332000    0.0204931590    
0.0042415885    0.8074183400    0.0193730810    
0.0044831771    0.6357083000    0.0160031100    
0.0047247656    0.4800292600    0.0134646460    
0.0049663541    0.4344141000    0.0120763800    
0.0052079426    0.3487082500    0.0111333980    
0.0054495312    0.2731370300    0.0090844023    
0.0056911197    0.2656170300    0.0084461301    
0.0059327082    0.1818227800    0.0069880171    
0.0061742967    0.1728996300    0.0065303291    
0.0064158853    0.1406776500    0.0058312764    
0.0066574738    0.1240943300    0.0051750915    
0.0068990623    0.1136056700    0.0049963715    
0.0071406509    0.0935052230    0.0044526297    
0.0073822394    0.1000538200    0.0044523366    
0.0076238279    0.0812008580    0.0039158531    
0.0078654164    0.0717345310    0.0037394209    
0.0081070050    0.0789949970    0.0037197291    
0.0083485935    0.0622250700    0.0031878869    
0.0085901820    0.0607596610    0.0031716285    
0.0088317705    0.0561906990    0.0029697707    
0.0090733591    0.0467933870    0.0026926568    
0.0093149476    0.0464724290    0.0025857951    
0.0095565361    0.0456091640    0.0025616659    
0.0097981247    0.0453214090    0.0025535721    
0.0100397130    0.0382714120    0.0022670028    
0.0102813020    0.0379435050    0.0023091682    
0.0105228900    0.0373670390    0.0021466803    
0.0107644790    0.0357535560    0.0021215832    
0.0110060670    0.0396076210    0.0021770317    
0.0112476560    0.0308067090    0.0019105510    
0.0114892440    0.0308473340    0.0018843008    
0.0117308330    0.0321525470    0.0019146563    
0.0119724210    0.0306023460    0.0018420448    
0.0122140100    0.0308131140    0.0018316495    
0.0124555980    0.0294973240    0.0017381465    
0.0126971870    0.0283088680    0.0017556415    
0.0129387760    0.0257308650    0.0015836252    
0.0131803640    0.0268907030    0.0016456843    
0.0134219530    0.0277315500    0.0016118636    
0.0136635410    0.0230383830    0.0014748813    
0.0139051300    0.0255877120    0.0015543428    
0.0141467180    0.0254341040    0.0015145789    
0.0143883070    0.0239086850    0.0014470195    
0.0146298950    0.0251347720    0.0014836587    
0.0148714840    0.0255044010    0.0015054772    
0.0151130720    0.0247800510    0.0014678435    
0.0153546610    0.0240102750    0.0013908779    
0.0155962490    0.0276244780    0.0015070388    
0.0158378380    0.0209537940    0.0012823514    
0.0160794260    0.0234651110    0.0013570224    
0.0163210150    0.0238711520    0.0013386277    
0.0165626030    0.0240154740    0.0013684086    
0.0168041920    0.0225069190    0.0012762503    
0.0170457800    0.0233657040    0.0013082283    
0.0172873690    0.0227240280    0.0012823911    
0.0175289580    0.0235993140    0.0012990995    
0.0177705460    0.0258288870    0.0013355799    
0.0180121350    0.0245765260    0.0012881600    
0.0182537230    0.0221901540    0.0012105722    
0.0184953120    0.0223979720    0.0012129182    
0.0187369000    0.0215440900    0.0011895734    
0.0189784890    0.0214926270    0.0011571241    
0.0192200770    0.0170999930    0.0010484678    
0.0194616660    0.0195324590    0.0010918977    
0.0197032540    0.0210105400    0.0011411359    
0.0199448430    0.0211964740    0.0011461741    
0.0201864310    0.0221571330    0.0011629479    
0.0204280200    0.0184805750    0.0010412624    
0.0206696080    0.0207509350    0.0010876445    
0.0209111970    0.0207778940    0.0011122152    
0.0211527850    0.0198630870    0.0010542232    
0.0213943740    0.0201803240    0.0010650767    
0.0216359620    0.0196889250    0.0010569569    
0.0218775510    0.0224850400    0.0011242520    
0.0221191400    0.0216784020    0.0010839201    
0.0223607280    0.0197863380    0.0010286427    
0.0226023170    0.0196889250    0.0010569569    
0.0228439050    0.0176876690    0.0009578410    
0.0230854940    0.0193681240    0.0010001656    
0.0233270820    0.0200571340    0.0010156325    
0.0235686710    0.0202644000    0.0010274459    
0.0238102590    0.0203259650    0.0010075207    
0.0240518480    0.0202743940    0.0010000621    
0.0242934360    0.0185348060    0.0009701561    
0.0245350250    0.0176827790    0.0009358719    
0.0247766130    0.0185933990    0.0009538212    
0.0250182020    0.0185780320    0.0009632261    
0.0252597900    0.0184140530    0.0009360389    
0.0255013790    0.0170043120    0.0008924949    
0.0257429670    0.0204563560    0.0009808072    
0.0259845560    0.0205411100    0.0009715612    
0.0262261450    0.0170594430    0.0008904957    
0.0264677330    0.0183103040    0.0009121012    
0.0267093220    0.0186657060    0.0009140636    
0.0269509100    0.0182417260    0.0009086851    
0.0271924990    0.0179278780    0.0008941613    
0.0274340870    0.0182638510    0.0009075381    
0.0276756760    0.0182812710    0.0008930985    
0.0279172640    0.0190415130    0.0009098387    
0.0281588530    0.0177681130    0.0008680291    
0.0284004410    0.0189486650    0.0009043704    
0.0286420300    0.0182323930    0.0008701846    
0.0288836180    0.0190826990    0.0008995670    
0.0291252070    0.0201021560    0.0009044387    
0.0293667950    0.0179201890    0.0008641883    
0.0296083840    0.0169688240    0.0008309669    
0.0298499720    0.0184767960    0.0008700383    
0.0300915610    0.0176605980    0.0008477359    
0.0303331490    0.0184887340    0.0008601737    
0.0305747380    0.0190252450    0.0008612324    
0.0308163270    0.0185963980    0.0008514705    
0.0310579150    0.0175971070    0.0008323146    
0.0312995040    0.0184771900    0.0008460124    
0.0315410920    0.0176106050    0.0008219926    
0.0317826810    0.0180332500    0.0008291697    
0.0320242690    0.0173989310    0.0008068561    
0.0322658580    0.0182825220    0.0008388596    
0.0325074460    0.0192255740    0.0008455398    
0.0327490350    0.0180361650    0.0008164588    
0.0329906230    0.0191417370    0.0008322494    
0.0332322120    0.0188244080    0.0008303090    
0.0334738000    0.0183246440    0.0008082654    
0.0337153890    0.0168489000    0.0007738956    
0.0339569770    0.0185742020    0.0008137506    
0.0341985660    0.0177709980    0.0007971382    
0.0344401540    0.0187729030    0.0008086062    
0.0346817430    0.0185007040    0.0008097538    
0.0349233310    0.0171799760    0.0007769054    
0.0351649200    0.0182131970    0.0007852267    
0.0354065090    0.0180087340    0.0007852181    
0.0356480970    0.0182783860    0.0007801025    
0.0358896860    0.0184860280    0.0007933114    
0.0361312740    0.0161915390    0.0007322067    
0.0363728630    0.0186389960    0.0007834554    
0.0366144510    0.0181118240    0.0007786881    
0.0368560400    0.0182260290    0.0007695036    
0.0370976280    0.0174127430    0.0007614061    
0.0373392170    0.0194351270    0.0007967625    
0.0375808050    0.0180326450    0.0007593114    
0.0378223940    0.0176489720    0.0007511901    
0.0380639820    0.0179190780    0.0007599382    
0.0383055710    0.0182525200    0.0007520820    
0.0385471590    0.0187063040    0.0007643189    
0.0387887480    0.0172158410    0.0007360962    
0.0390303360    0.0186359790    0.0007570349    
0.0392719250    0.0169015880    0.0007200319    
0.0395135140    0.0178831690    0.0007406452    
0.0397551020    0.0176980700    0.0007512412    
0.0399966910    0.0192366670    0.0007539444    
0.0402382790    0.0191631960    0.0007580843    
0.0404798680    0.0174341520    0.0007177527    
0.0407214560    0.0183847450    0.0007443766    
0.0409630450    0.0158807390    0.0006808810    
0.0412046330    0.0171682080    0.0007122573    
0.0414462220    0.0171117370    0.0007050768    
0.0416878100    0.0175054400    0.0007122862    
0.0419293990    0.0182153030    0.0007257150    
0.0421709870    0.0188893030    0.0007363817    
0.0424125760    0.0177083170    0.0007164018    
0.0426541640    0.0181004570    0.0007132579    
0.0428957530    0.0185652270    0.0007231986    
0.0431373410    0.0168075680    0.0006873126    
0.0433789300    0.0165762710    0.0006778541    
0.0436205180    0.0179630060    0.0007040257    
0.0438621070    0.0166317100    0.0006789867    
0.0441036960    0.0173007750    0.0006909264    
0.0443452840    0.0179248720    0.0006977247    
0.0445868730    0.0187661130    0.0007212403    
0.0448284610    0.0176283720    0.0006903803    
0.0450700500    0.0180418240    0.0007222510    
0.0453116380    0.0187967640    0.0007389770    
0.0455532270    0.0188819980    0.0007620154    
0.0457948150    0.0174230530    0.0007310551    
0.0460364040    0.0180360710    0.0007456998    
0.0462779920    0.0179695410    0.0007559843    
0.0465195810    0.0178423230    0.0007533035    
0.0467611690    0.0176316710    0.0007518170    
0.0470027580    0.0182407650    0.0007646927    
0.0472443460    0.0180951780    0.0007772544    
0.0474859350    0.0182425800    0.0007708897    
0.0477275230    0.0173173310    0.0007572340    
0.0479691120    0.0173649060    0.0007593143    
0.0482107000    0.0203798230    0.0008306196    
0.0484522890    0.0194844400    0.0008076560    
0.0486938780    0.0176193340    0.0007734029    
0.0489354660    0.0165922450    0.0007526395    
0.0491770550    0.0175696870    0.0007833936    
0.0494186430    0.0183299920    0.0007844513    
0.0496602320    0.0198573590    0.0007936597    
0.0499018200    0.0179744090    0.0007444240    
0.0501434090    0.0177853890    0.0007285179    
0.0503849970    0.0169141400    0.0007035355    
0.0506265860    0.0176237910    0.0007129823    
0.0508681740    0.0172285640    0.0007016014    
0.0511097630    0.0166709200    0.0006869133    
0.0513513510    0.0178421080    0.0006976816    
0.0515929400    0.0180017900    0.0007121398    
0.0518345280    0.0174601670    0.0006901737    
0.0520761170    0.0185053700    0.0007186890    
0.0523177050    0.0172089990    0.0006724112    
0.0525592940    0.0169963810    0.0006809456    
0.0528008830    0.0170028070    0.0006633427    
0.0530424710    0.0187276400    0.0006984231    
0.0532840600    0.0174972210    0.0006714817    
0.0535256480    0.0176518350    0.0006744420    
0.0537672370    0.0177105050    0.0006698728    
0.0540088250    0.0172507600    0.0006625114    
0.0542504140    0.0182696920    0.0006846856    
0.0544920020    0.0174599390    0.0006637273    
0.0547335910    0.0180788280    0.0006705066    
0.0549751790    0.0173392930    0.0006539638    
0.0552167680    0.0176960490    0.0006613324    
0.0554583560    0.0167991360    0.0006372275    
0.0556999450    0.0188133400    0.0006723339    
0.0559415330    0.0173488400    0.0006501753    
0.0561831220    0.0178180610    0.0006523656    
0.0564247100    0.0174993470    0.0006445967    
0.0566662990    0.0173629000    0.0006395706    
0.0569078870    0.0170112960    0.0006393237    
0.0571494760    0.0164676620    0.0006228642    
0.0573910650    0.0176830600    0.0006356045    
0.0576326530    0.0184185280    0.0006536491    
0.0578742420    0.0179090340    0.0006433115    
0.0581158300    0.0182306010    0.0006429437    
0.0583574190    0.0187497920    0.0006508148    
0.0585990070    0.0190081470    0.0006589889    
0.0588405960    0.0187089510    0.0006525496    
0.0590821840    0.0180280360    0.0006346169    
0.0593237730    0.0179488510    0.0006349847    
0.0595653610    0.0169064130    0.0006185733    
0.0598069500    0.0176304070    0.0006179454    
0.0600485380    0.0192013890    0.0006483848    
0.0602901270    0.0185343450    0.0006376009    
0.0605317150    0.0181394130    0.0006273647    
0.0607733040    0.0178705060    0.0006199210    
0.0610148920    0.0168026140    0.0006043480    
0.0612564810    0.0174284110    0.0006127503    
0.0614980690    0.0178538880    0.0006141924    
0.0617396580    0.0177198150    0.0006257084    
0.0619812470    0.0170258530    0.0006127739    
0.0622228350    0.0178563630    0.0006235712    
0.0624644240    0.0166151670    0.0005972198    
0.0627060120    0.0184557940    0.0006345233    
0.0629476010    0.0176093420    0.0006237549    
0.0631891890    0.0178449640    0.0006239345    
0.0634307780    0.0174042860    0.0006134205    
0.0636723660    0.0178264210    0.0006202605    
0.0639139550    0.0183436120    0.0006280733    
0.0641555430    0.0179811770    0.0006153032    
0.0643971320    0.0171088990    0.0006060283    
0.0646387200    0.0187080150    0.0006222193    
0.0648803090    0.0165704760    0.0005906737    
0.0651218970    0.0180172210    0.0006039386    
0.0653634860    0.0184368730    0.0006155893    
0.0656050740    0.0167891150    0.0005859442    
0.0658466630    0.0181791740    0.0006066469    
0.0660882520    0.0181688490    0.0006049565    
0.0663298400    0.0167138490    0.0005811975    
0.0665714290    0.0176883560    0.0005949238    
0.0668130170    0.0179875640    0.0006019309    
0.0670546060    0.0178000390    0.0005953224    
0.0672961940    0.0182470510    0.0006002839    
0.0675377830    0.0180897030    0.0005928661    
0.0677793710    0.0171640690    0.0005812487    
0.0680209600    0.0172735330    0.0005761046    
0.0682625480    0.0169738780    0.0005715402    
0.0685041370    0.0172106620    0.0005736887    
0.0687457250    0.0169003410    0.0005762968    
0.0689873140    0.0187957560    0.0005985788    
0.0692289020    0.0183191900    0.0005909416    
0.0694704910    0.0170532210    0.0005697081    
0.0697120790    0.0165492890    0.0005594681    
0.0699536680    0.0181190170    0.0005881682    
0.0701952560    0.0183191900    0.0005909416    
0.0704368450    0.0186657060    0.0005983951    
0.0706784340    0.0177961090    0.0005899353    
0.0709200220    0.0179076010    0.0005865830    
0.0711616110    0.0176681560    0.0005821855    
0.0714031990    0.0179336330    0.0005912544    
0.0716447880    0.0173609050    0.0005845721    
0.0718863760    0.0168740250    0.0005685003    
0.0721279650    0.0175177000    0.0005738113    
0.0723695530    0.0167340590    0.0005578020    
0.0726111420    0.0177520620    0.0005780867    
0.0728527300    0.0180645700    0.0005747105    
0.0730943190    0.0181100270    0.0005793911    
0.0733359070    0.0182933690    0.0005787766    
0.0735774960    0.0177687600    0.0005725903    
0.0738190840    0.0179569430    0.0005695596    
0.0740606730    0.0187092580    0.0005826762    
0.0743022610    0.0183739130    0.0005778646    
0.0745438500    0.0174891560    0.0005612537    
0.0747854380    0.0175198670    0.0005559762    
0.0750270270    0.0180927010    0.0005695841    
0.0752686160    0.0180673480    0.0005621397    
0.0755102040    0.0186460210    0.0005718993    
0.0757517930    0.0178281880    0.0005612568    
0.0759933810    0.0185394090    0.0005633544    
0.0762349700    0.0176542700    0.0005568866    
0.0764765580    0.0179475370    0.0005562621    
0.0767181470    0.0176557940    0.0005509371    
0.0769597350    0.0178069550    0.0005490119    
0.0772013240    0.0173279060    0.0005404426    
0.0774429120    0.0180951780    0.0005496019    
0.0776845010    0.0182113420    0.0005490926    
0.0779260890    0.0172988240    0.0005384889    
0.0781676780    0.0176573700    0.0005403067    
0.0784092660    0.0173649060    0.0005369163    
0.0786508550    0.0180795680    0.0005433932    
0.0788924430    0.0174793310    0.0005394239    
0.0791340320    0.0177180440    0.0005393927    
0.0793756210    0.0184422640    0.0005518076    
0.0796172090    0.0178130730    0.0005368404    
0.0798587980    0.0184335920    0.0005513014    
0.0801003860    0.0167948550    0.0005258673    
0.0803419750    0.0179124620    0.0005354763    
0.0805835630    0.0176161820    0.0005353004    
0.0808251520    0.0174228880    0.0005316404    
0.0810667400    0.0178608940    0.0005382816    
0.0813083290    0.0176454520    0.0005286767    
0.0815499170    0.0181204090    0.0005436394    
0.0817915060    0.0173480620    0.0005283742    
0.0820330940    0.0186879410    0.0005426491    
0.0822746830    0.0182315220    0.0005373847    
0.0825162710    0.0171083410    0.0005181967    
0.0827578600    0.0175519250    0.0005265841    
0.0829994480    0.0176743870    0.0005216431    
0.0832410370    0.0169389010    0.0005166317    
0.0834826250    0.0183979900    0.0005322142    
0.0837242140    0.0180212030    0.0005257325    
0.0839658030    0.0187914280    0.0005382176    
0.0842073910    0.0172937460    0.0005146857    
0.0844489800    0.0177882280    0.0005187152    
0.0846905680    0.0176740460    0.0005132083    
0.0849321570    0.0176942100    0.0005192961    
0.0851737450    0.0184630390    0.0005238928    
0.0854153340    0.0173986050    0.0005117237    
0.0856569220    0.0176534500    0.0005119631    
0.0858985110    0.0176963900    0.0005180232    
0.0861400990    0.0172080310    0.0005054631    
0.0863816880    0.0180238610    0.0005192235    
0.0866232760    0.0188506660    0.0005353229    
0.0868648650    0.0178471560    0.0005141330    
0.0871064530    0.0177336550    0.0005140730    
0.0873480420    0.0177472180    0.0005101967    
0.0875896300    0.0179664380    0.0005145886    
0.0878312190    0.0168788250    0.0004981628    
0.0880728080    0.0179312760    0.0005119045    
0.0883143960    0.0161872600    0.0004860798    
0.0885559850    0.0181138610    0.0005160665    
0.0887975730    0.0180703190    0.0005129558    
0.0890391620    0.0179754880    0.0005119165    
0.0892807500    0.0185844920    0.0005186426    
0.0895223390    0.0183518400    0.0005141560    
0.0897639270    0.0168346820    0.0004892480    
0.0900055160    0.0166714210    0.0004880195    
0.0902471040    0.0187839860    0.0005201744    
0.0904886930    0.0167841350    0.0004873676    
0.0907302810    0.0179129960    0.0004991261    
0.0909718700    0.0179052880    0.0005078620    
0.0912134580    0.0179821970    0.0005006658    
0.0914550470    0.0177066370    0.0005032407    
0.0916966350    0.0172991520    0.0004910649    
0.0919382240    0.0178127350    0.0005000343    
0.0921798120    0.0184196190    0.0005052637    
0.0924214010    0.0176989110    0.0004952803    
0.0926629900    0.0175393510    0.0004902398    
0.0929045780    0.0173452310    0.0004925714    
0.0931461670    0.0176090420    0.0004906568    
0.0933877550    0.0176552870    0.0004921364    
0.0936293440    0.0178934870    0.0004974253    
0.0938709320    0.0177844380    0.0004947763    
0.0941125210    0.0180066230    0.0004939350    
0.0943541090    0.0180472700    0.0004944921    
0.0945956980    0.0175779770    0.0004888433    
0.0948372860    0.0172672210    0.0004820689    
0.0950788750    0.0172920670    0.0004810782    
0.0953204630    0.0182904260    0.0004966998    
0.0955620520    0.0175572150    0.0004858297    
0.0958036400    0.0184480100    0.0004955277    
0.0960452290    0.0178224280    0.0004870534    
0.0962868170    0.0179674210    0.0004911992    
0.0965284060    0.0176360840    0.0004845005    
0.0967699940    0.0180620120    0.0004903162    
0.0970115830    0.0186826550    0.0004935322    
0.0972531720    0.0189355900    0.0004984776    
0.0974947600    0.0188552770    0.0004968802    
0.0977363490    0.0189212820    0.0004958723    
0.0979779370    0.0179779830    0.0004851831    
0.0982195260    0.0190068090    0.0004991433    
0.0984611140    0.0184977410    0.0004895021    
0.0987027030    0.0189918290    0.0004965290    
0.0989442910    0.0202857980    0.0005134411    
0.0991858800    0.0191486180    0.0004972409    
0.0994274680    0.0191783820    0.0004955141    
0.0996690570    0.0200923340    0.0005037271    
0.0999106450    0.0202839770    0.0005101374    
0.1001522300    0.0193598660    0.0004944601    
0.1003938200    0.0197060670    0.0005006961    
0.1006354100    0.0204498270    0.0005079233    
0.1008770000    0.0193700730    0.0004953675    
0.1011185900    0.0194080780    0.0004958532    
0.1013601800    0.0194742410    0.0004972192    
0.1016017700    0.0200635300    0.0005012750    
0.1018433500    0.0202432350    0.0005148434    
0.1020849400    0.0202011690    0.0005214181    
0.1023265300    0.0213003790    0.0005396393    
0.1025681200    0.0211263070    0.0005347147    
0.1028097100    0.0208258930    0.0005388009    
0.1030513000    0.0215886420    0.0005504871    
0.1032928800    0.0207816990    0.0005451904    
0.1035344700    0.0210664490    0.0005415915    
0.1037760600    0.0203541200    0.0005414786    
0.1040176500    0.0212226210    0.0005552313    
0.1042592400    0.0210878820    0.0005551365    
0.1045008300    0.0211969190    0.0005532351    
0.1047424200    0.0197899810    0.0005394148    
0.1049840000    0.0199993250    0.0005449185    
0.1052255900    0.0187335960    0.0005290204    
0.1054671800    0.0191393950    0.0005314449    
0.1057087700    0.0190858480    0.0005343012    
0.1059503600    0.0190176620    0.0005353372    
0.1061919500    0.0180608360    0.0005213714    
0.1064335400    0.0180426460    0.0005082940    
0.1066751200    0.0181702390    0.0005024082    
0.1069167100    0.0180249720    0.0004989642    
0.1071583000    0.0180612710    0.0004930285    
0.1073998900    0.0177274890    0.0004868279    
0.1076414800    0.0183659370    0.0004991186    
0.1078830700    0.0180428960    0.0004876458    
0.1081246600    0.0175149400    0.0004833662    
0.1083662400    0.0181090500    0.0004853735    
0.1086078300    0.0181219160    0.0004908583    
0.1088494200    0.0180573190    0.0004836396    
0.1090910100    0.0182445250    0.0004848428    
0.1093326000    0.0182815470    0.0004827679    
0.1095741900    0.0183528480    0.0004849891    
0.1098157700    0.0185431460    0.0004826588    
0.1100573600    0.0175293780    0.0004727322    
0.1102989500    0.0183101620    0.0004788710    
0.1105405400    0.0191920060    0.0004900131    
0.1107821300    0.0173771530    0.0004684567    
0.1110237200    0.0173236750    0.0004631601    
0.1112653100    0.0184319710    0.0004827175    
0.1115068900    0.0180303060    0.0004705872    
0.1117484800    0.0180857070    0.0004705928    
0.1119900700    0.0192885490    0.0004840323    
0.1122316600    0.0174190790    0.0004616047    
0.1124732500    0.0187274050    0.0004759838    
0.1127148400    0.0181949690    0.0004686997    
0.1129564300    0.0181164050    0.0004693306    
0.1131980100    0.0180443010    0.0004660572    
0.1134396000    0.0183160800    0.0004707275    
0.1136811900    0.0184295030    0.0004710055    
0.1139227800    0.0179136000    0.0004625272    
0.1141643700    0.0180873760    0.0004613586    
0.1144059600    0.0183641530    0.0004651016    
0.1146475500    0.0183726590    0.0004677234    
0.1148891300    0.0187612930    0.0004667046    
0.1151307200    0.0181463540    0.0004639206    
0.1153723100    0.0188759540    0.0004676795    
0.1156139000    0.0185761830    0.0004677789    
0.1158554900    0.0182438850    0.0004586845    
0.1160970800    0.0171459380    0.0004491914    
0.1163386700    0.0183369380    0.0004607329    
0.1165802500    0.0174006480    0.0004483869    
0.1168218400    0.0172278360    0.0004431987    
0.1170634300    0.0185169510    0.0004599154    
0.1173050200    0.0180021920    0.0004547690    
0.1175466100    0.0179001000    0.0004521900    
0.1177882000    0.0179081040    0.0004499580    
0.1180297800    0.0180493500    0.0004519405    
0.1182713700    0.0173582280    0.0004450828    
0.1185129600    0.0177279640    0.0004472710    
0.1187545500    0.0177182120    0.0004463153    
0.1189961400    0.0178429420    0.0004470525    
0.1192377300    0.0180787140    0.0004475149    
0.1194793200    0.0189902500    0.0004580288    
0.1197209000    0.0171831580    0.0004358906    
0.1199624900    0.0178145780    0.0004430171    
0.1202040800    0.0181774280    0.0004442779    
0.1204456700    0.0178952920    0.0004458523    
0.1206872600    0.0181068270    0.0004436136    
0.1209288500    0.0177426150    0.0004423231    
0.1211704400    0.0174680530    0.0004367013    
0.1214120200    0.0184483200    0.0004471745    
0.1216536100    0.0173300440    0.0004324410    
0.1218952000    0.0177121830    0.0004348594    
0.1221367900    0.0170347850    0.0004295090    
0.1223783800    0.0173965820    0.0004311583    
0.1226199700    0.0181231830    0.0004416349    
0.1228615600    0.0174678780    0.0004331915    
0.1231031400    0.0174261560    0.0004322897    
0.1233447300    0.0179999920    0.0004391548    
0.1235863200    0.0182258550    0.0004438734    
0.1238279100    0.0164949310    0.0004176266    
0.1240695000    0.0173870120    0.0004276501    
0.1243110900    0.0178027750    0.0004325447    
0.1245526800    0.0181602570    0.0004380100    
0.1247942600    0.0174733140    0.0004263052    
0.1250358500    0.0177403940    0.0004314113    
0.1252774400    0.0182695810    0.0004368513    
0.1255190300    0.0180818000    0.0004334780    
0.1257606200    0.0177620130    0.0004312998    
0.1260022100    0.0183272040    0.0004377289    
0.1262437900    0.0180766490    0.0004332300    
0.1264853800    0.0173052440    0.0004233402    
0.1267269700    0.0174263830    0.0004226519    
0.1269685600    0.0174103980    0.0004226372    
0.1272101500    0.0176668850    0.0004257390    
0.1274517400    0.0176085250    0.0004279514    
0.1276933300    0.0181840950    0.0004284842    
0.1279349100    0.0187540430    0.0004403280    
0.1281765000    0.0177682570    0.0004276854    
0.1284180900    0.0180929280    0.0004292054    
0.1286596800    0.0178315420    0.0004273557    
0.1289012700    0.0174469620    0.0004212964    
0.1291428600    0.0181949690    0.0004311410    
0.1293844500    0.0181989460    0.0004277667    
0.1296260300    0.0179712770    0.0004270411    
0.1298676200    0.0174943430    0.0004213364    
0.1301092100    0.0178522900    0.0004234969    
0.1303508000    0.0186333840    0.0004315874    
0.1305923900    0.0182152540    0.0004310171    
0.1308339800    0.0176216130    0.0004226888    
0.1310755700    0.0174247370    0.0004185689    
0.1313171500    0.0181035310    0.0004257592    
0.1315587400    0.0173594730    0.0004164009    
0.1318003300    0.0173901600    0.0004179796    
0.1320419200    0.0171551850    0.0004117376    
0.1322835100    0.0181534720    0.0004252903    
0.1325251000    0.0181186080    0.0004247067    
0.1327666900    0.0178658310    0.0004208679    
0.1330082700    0.0179352320    0.0004216846    
0.1332498600    0.0171388290    0.0004128939    
0.1334914500    0.0181637260    0.0004271749    
0.1337330400    0.0179475230    0.0004190876    
0.1339746300    0.0172779420    0.0004121982    
0.1342162200    0.0176176230    0.0004160612    
0.1344578000    0.0170307620    0.0004104096    
0.1346993900    0.0176254000    0.0004149738    
0.1349409800    0.0176394040    0.0004175080    
0.1351825700    0.0186008900    0.0004256151    
0.1354241600    0.0178305730    0.0004173821    
0.1356657500    0.0179326850    0.0004190841    
0.1359073400    0.0173106220    0.0004142767    
0.1361489200    0.0173403650    0.0004107754    
0.1363905100    0.0188960640    0.0004284613    
0.1366321000    0.0174636070    0.0004117356    
0.1368736900    0.0173859480    0.0004108191    
0.1371152800    0.0185083450    0.0004218443    
0.1373568700    0.0179977240    0.0004176492    
0.1375984600    0.0175198960    0.0004130627    
0.1378400400    0.0169782370    0.0004059735    
0.1380816300    0.0175809600    0.0004109765    
0.1383232200    0.0167355520    0.0004030616    
0.1385648100    0.0168947330    0.0004051367    
0.1388064000    0.0178604180    0.0004135730    
0.1390479900    0.0176870980    0.0004097794    
0.1392895800    0.0173635230    0.0004100603    
0.1395311600    0.0170341880    0.0004026196    
0.1397727500    0.0174529060    0.0004075380    
0.1400143400    0.0178195270    0.0004116341    
0.1402559300    0.0179442710    0.0004171958    
0.1404975200    0.0178200130    0.0004113162    
0.1407391100    0.0173155600    0.0004057715    
0.1409806900    0.0178247330    0.0004146408    
0.1412222800    0.0175422460    0.0004072989    
0.1414638700    0.0182187560    0.0004158926    
0.1417054600    0.0173106990    0.0004022482    
0.1419470500    0.0176174290    0.0004102627    
0.1421886400    0.0178662380    0.0004091267    
0.1424302300    0.0171630260    0.0004020867    
0.1426718100    0.0174855060    0.0004066397    
0.1429134000    0.0178883570    0.0004104951    
0.1431549900    0.0183698990    0.0004169596    
0.1433965800    0.0180622630    0.0004136155    
0.1436381700    0.0173293930    0.0004024653    
0.1438797600    0.0179185800    0.0004089338    
0.1441213500    0.0170753940    0.0003998143    
0.1443629300    0.0179559110    0.0004093595    
0.1446045200    0.0181145430    0.0004114817    
0.1448461100    0.0180958490    0.0004112693    
0.1450877000    0.0181608780    0.0004094819    
0.1453292900    0.0180581340    0.0004117971    
0.1455708800    0.0169348560    0.0003966324    
0.1458124700    0.0176557270    0.0004086142    
0.1460540500    0.0184307060    0.0004107902    
0.1462956400    0.0170889330    0.0003982796    
0.1465372300    0.0167447040    0.0003930422    
0.1467788200    0.0178570260    0.0004054229    
0.1470204100    0.0185806250    0.0004140288    
0.1472620000    0.0181975990    0.0004092708    
0.1475035900    0.0179955020    0.0004063733    
0.1477451700    0.0171198790    0.0003980291    
0.1479867600    0.0182382680    0.0004083308    
0.1482283500    0.0183276770    0.0004119880    
0.1484699400    0.0181469310    0.0004082345    
0.1487115300    0.0176018930    0.0004032848    
0.1489531200    0.0170733190    0.0003924123    
0.1491947000    0.0169749280    0.0003942331    
0.1494362900    0.0174803050    0.0003981030    
0.1496778800    0.0177908210    0.0004029861    
0.1499194700    0.0183196780    0.0004083156    
0.1501610600    0.0174662700    0.0003994443    
0.1504026500    0.0175274420    0.0003980427    
0.1506442400    0.0179306640    0.0004062580    
0.1508858200    0.0172561640    0.0003970345    
0.1511274100    0.0173951420    0.0003956508    
0.1513690000    0.0174041410    0.0003957531    
0.1516105900    0.0174722240    0.0003977128    
0.1518521800    0.0178352210    0.0004012223    
0.1520937700    0.0184248700    0.0004067389    
0.1523353600    0.0177778620    0.0003998308    
0.1525769400    0.0180878250    0.0004046585    
0.1528185300    0.0184537400    0.0004082726    
0.1530601200    0.0178138320    0.0004002350    
0.1533017100    0.0176651270    0.0004006532    
0.1535433000    0.0186633300    0.0004078503    
0.1537848900    0.0184180150    0.0004050117    
0.1540264800    0.0178109900    0.0003991650    
0.1542680600    0.0179275820    0.0004001732    
0.1545096500    0.0173322870    0.0003915964    
0.1547512400    0.0175166860    0.0003955607    
0.1549928300    0.0178208460    0.0003986856    
0.1552344200    0.0174610910    0.0003942048    
0.1554760100    0.0177144260    0.0003972004    
0.1557176000    0.0175857390    0.0003972213    
0.1559591800    0.0173682040    0.0003930102    
0.1562007700    0.0182296440    0.0004002892    
0.1564423600    0.0176158630    0.0003929216    
0.1566839500    0.0174581290    0.0003950450    
0.1569255400    0.0174806430    0.0003925510    
0.1571671300    0.0179609520    0.0003980526    
0.1574087100    0.0184121630    0.0004008331    
0.1576503000    0.0176287120    0.0003966770    
0.1578918900    0.0180763200    0.0003967312    
0.1581334800    0.0184721080    0.0004033827    
0.1583750700    0.0181683480    0.0004007832    
0.1586166600    0.0180498440    0.0004088533    
0.1588582500    0.0171491410    0.0003980644    
0.1590998300    0.0185257470    0.0004185607    
0.1593414200    0.0177212340    0.0004121217    
0.1595830100    0.0183757050    0.0004220121    
0.1598246000    0.0175976420    0.0004121555    
0.1600661900    0.0184828680    0.0004265025    
0.1603077800    0.0189336150    0.0004337965    
0.1605493700    0.0174305440    0.0004169080    
0.1607909500    0.0182287770    0.0004274066    
0.1610325400    0.0178596540    0.0004257128    
0.1612741300    0.0179863790    0.0004273999    
0.1615157200    0.0177496050    0.0004263727    
0.1617573100    0.0182158440    0.0004324864    
0.1619989000    0.0176380380    0.0004290490    
0.1622404900    0.0186299810    0.0004388691    
0.1624820700    0.0171266940    0.0004249918    
0.1627236600    0.0183174030    0.0004383710    
0.1629652500    0.0183012170    0.0004376078    
0.1632068400    0.0177575560    0.0004248511    
0.1634484300    0.0174538520    0.0004146288    
0.1636900200    0.0171066830    0.0004099835    
0.1639316100    0.0181188640    0.0004192205    
0.1641731900    0.0177218330    0.0004142696    
0.1644147800    0.0172612140    0.0004056132    
0.1646563700    0.0174902000    0.0004097515    
0.1648979600    0.0177886530    0.0004098289    
0.1651395500    0.0170419940    0.0004030293    
0.1653811400    0.0173702630    0.0004045069    
0.1656227200    0.0176241990    0.0004095330    
0.1658643100    0.0189061710    0.0004208652    
0.1661059000    0.0183575660    0.0004142327    
0.1663474900    0.0180409860    0.0004078166    
0.1665890800    0.0175482290    0.0004020553    
0.1668306700    0.0181053040    0.0004104256    
0.1670722600    0.0183035850    0.0004106173    
0.1673138400    0.0176821380    0.0004034327    
0.1675554300    0.0172444660    0.0003964507    
0.1677970200    0.0179905990    0.0004067815    
0.1680386100    0.0169808360    0.0003956528    
0.1682802000    0.0181240100    0.0004062822    
0.1685217900    0.0176038850    0.0003990590    
0.1687633800    0.0179615840    0.0004026411    
0.1690049600    0.0177446000    0.0004027666    
0.1692465500    0.0175046700    0.0003949873    
0.1694881400    0.0179208120    0.0004023341    
0.1697297300    0.0171498550    0.0003924133    
0.1699713200    0.0174440390    0.0003976899    
0.1702129100    0.0180395670    0.0004006814    
0.1704545000    0.0176320740    0.0003971551    
0.1706960800    0.0176505470    0.0003989907    
0.1709376700    0.0176040560    0.0003939342    
0.1711792600    0.0175735620    0.0003950362    
0.1714208500    0.0173292910    0.0003901371    
0.1716624400    0.0170213740    0.0003890663    
0.1719040300    0.0176610400    0.0003928557    
0.1721456200    0.0176969310    0.0003948281    
0.1723872000    0.0171860190    0.0003890870    
0.1726287900    0.0174913170    0.0003920992    
0.1728703800    0.0167293050    0.0003843026    
0.1731119700    0.0172241020    0.0003879656    
0.1733535600    0.0164232720    0.0003789762    
0.1735951500    0.0170911640    0.0003843867    
0.1738367300    0.0166744470    0.0003810369    
0.1740783200    0.0175980350    0.0003896270    
0.1743199100    0.0181631440    0.0003962580    
0.1745615000    0.0166738020    0.0003788522    
0.1748030900    0.0173914210    0.0003860949    
0.1750446800    0.0176333910    0.0003931170    
0.1752862700    0.0173774740    0.0003851215    
0.1755278500    0.0174834660    0.0003917264    
0.1757694400    0.0173057070    0.0003851423    
0.1760110300    0.0175823410    0.0003888985    
0.1762526200    0.0167838160    0.0003779525    
0.1764942100    0.0167170010    0.0003775986    
0.1767358000    0.0180050660    0.0003915996    
0.1769773900    0.0172337970    0.0003823130    
0.1772189700    0.0173710790    0.0003845079    
0.1774605600    0.0166135700    0.0003770945    
0.1777021500    0.0176957190    0.0003875388    
0.1779437400    0.0170966500    0.0003810563    
0.1781853300    0.0173604040    0.0003849323    
0.1784269200    0.0177849340    0.0003860820    
0.1786685100    0.0178380010    0.0003875995    
0.1789100900    0.0173047280    0.0003804386    
0.1791516800    0.0172892780    0.0003809283    
0.1793932700    0.0174608680    0.0003829469    
0.1796348600    0.0173544790    0.0003800656    
0.1798764500    0.0170298630    0.0003764942    
0.1801180400    0.0176996080    0.0003839584    
0.1803596200    0.0174618240    0.0003838923    
0.1806012100    0.0176758690    0.0003831731    
0.1808428000    0.0167838630    0.0003732513    
0.1810843900    0.0177697050    0.0003828753    
0.1813259800    0.0176401690    0.0003821299    
0.1815675700    0.0169364920    0.0003737911    
0.1818091600    0.0172511760    0.0003769905    
0.1820507400    0.0169447420    0.0003738822    
0.1822923300    0.0175000410    0.0003791834    
0.1825339200    0.0177565690    0.0003831262    
0.1827755100    0.0176202100    0.0003800956    
0.1830171000    0.0173497810    0.0003801451    
0.1832586900    0.0174426180    0.0003774080    
0.1835002800    0.0160706380    0.0003626289    
0.1837418600    0.0169851010    0.0003717979    
0.1839834500    0.0181039660    0.0003852780    
0.1842250400    0.0178509190    0.0003817996    
0.1844666300    0.0167635220    0.0003696138    
0.1847082200    0.0166595600    0.0003682177    
0.1849498100    0.0177126590    0.0003800615    
0.1851914000    0.0172017450    0.0003764500    
0.1854329800    0.0174843190    0.0003776038    
0.1856745700    0.0164901700    0.0003670832    
0.1859161600    0.0166863360    0.0003666662    
0.1861577500    0.0167427360    0.0003672854    
0.1863993400    0.0171160210    0.0003723515    
0.1866409300    0.0167562820    0.0003667013    
0.1868825200    0.0169983340    0.0003724446    
0.1871241000    0.0178434850    0.0003785364    
0.1873656900    0.0173534220    0.0003753024    
0.1876072800    0.0169135980    0.0003676869    
0.1878488700    0.0171885640    0.0003740181    
0.1880904600    0.0171079210    0.0003722633    
0.1883320500    0.0169279700    0.0003674787    
0.1885736300    0.0169872690    0.0003688529    
0.1888152200    0.0177683940    0.0003771131    
0.1890568100    0.0171066690    0.0003710085    
0.1892984000    0.0164486660    0.0003618808    
0.1895399900    0.0172149230    0.0003714394    
0.1897815800    0.0175755700    0.0003753100    
0.1900231700    0.0165898000    0.0003646330    
0.1902647500    0.0167653340    0.0003655885    
0.1905063400    0.0163968440    0.0003638357    
0.1907479300    0.0169183950    0.0003676175    
0.1909895200    0.0173954960    0.0003712954    
0.1912311100    0.0166307620    0.0003635193    
0.1914727000    0.0173989800    0.0003714544    
0.1917142900    0.0170476310    0.0003687752    
0.1919558700    0.0171050820    0.0003662666    
0.1921974600    0.0174544760    0.0003731498    
0.1924390500    0.0172081290    0.0003711200    
0.1926806400    0.0172392080    0.0003699878    
0.1929222300    0.0176147020    0.0003746114    
0.1931638200    0.0176739780    0.0003721869    
0.1934054100    0.0175545720    0.0003740947    
0.1936469900    0.0167237960    0.0003622790    
0.1938885800    0.0163046050    0.0003595827    
0.1941301700    0.0164783690    0.0003598446    
0.1943717600    0.0181880800    0.0003799090    
0.1946133500    0.0171973950    0.0003660678    
0.1948549400    0.0175598240    0.0003724350    
0.1950965300    0.0168632300    0.0003646157    
0.1953381100    0.0166995370    0.0003626052    
0.1955797000    0.0174922660    0.0003718394    
0.1958212900    0.0167839700    0.0003622252    
0.1960628800    0.0168965250    0.0003635553    
0.1963044700    0.0178166740    0.0003727207    
0.1965460600    0.0169992430    0.0003670421    
0.1967876400    0.0167430150    0.0003605028    
0.1970292300    0.0170786470    0.0003644494    
0.1972708200    0.0172339070    0.0003677626    
0.1975124100    0.0179091080    0.0003746544    
0.1977540000    0.0172317300    0.0003673817    
0.1979955900    0.0179838480    0.0003750707    
0.1982371800    0.0176177890    0.0003720777    
0.1984787600    0.0170413880    0.0003618463    
0.1987203500    0.0166557390    0.0003597931    
0.1989619400    0.0164826350    0.0003581489    
0.1992035300    0.0178456080    0.0003719450    
0.1994451200    0.0173329410    0.0003667988    
0.1996867100    0.0169571080    0.0003621033    
0.1999283000    0.0167973500    0.0003610872    
0.2001698800    0.0168561790    0.0003621845    
0.2004114700    0.0169231240    0.0003639592    
0.2006530600    0.0167459090    0.0003591526    
0.2008946500    0.0170298630    0.0003629954    
0.2011362400    0.0176132220    0.0003667035    
0.2013778300    0.0175580440    0.0003691729    
0.2016194200    0.0170882750    0.0003615402    
0.2018610000    0.0177005120    0.0003694830    
0.2021025900    0.0178658310    0.0003715603    
0.2023441800    0.0172982480    0.0003646791    
0.2025857700    0.0176779490    0.0003690120    
0.2028273600    0.0173130110    0.0003667056    
0.2030689500    0.0173611560    0.0003659240    
0.2033105400    0.0168971180    0.0003589449    
0.2035521200    0.0175673320    0.0003675045    
0.2037937100    0.0173353670    0.0003644909    
0.2040353000    0.0174665440    0.0003666821    
0.2042768900    0.0171080440    0.0003616349    
0.2045184800    0.0176812260    0.0003661408    
0.2047600700    0.0175323560    0.0003672553    
0.2050016500    0.0168876200    0.0003607840    
0.2052432400    0.0177477600    0.0003695045    
0.2054848300    0.0177394400    0.0003678989    
0.2057264200    0.0179971970    0.0003729238    
0.2059680100    0.0178033540    0.0003669430    
0.2062096000    0.0179115240    0.0003693294    
0.2064511900    0.0174343750    0.0003636900    
0.2066927700    0.0173899500    0.0003648331    
0.2069343600    0.0176208570    0.0003667829    
0.2071759500    0.0173655770    0.0003640014    
0.2074175400    0.0171150710    0.0003611385    
0.2076591300    0.0174259060    0.0003638301    
0.2079007200    0.0174339830    0.0003668077    
0.2081423100    0.0174394660    0.0003634011    
0.2083838900    0.0168469770    0.0003579605    
0.2086254800    0.0173197980    0.0003635213    
0.2088670700    0.0179652430    0.0003694176    
0.2091086600    0.0170347300    0.0003609734    
0.2093502500    0.0176316310    0.0003657416    
0.2095918400    0.0176684480    0.0003680927    
0.2098334300    0.0173034960    0.0003635798    
0.2100750100    0.0176057720    0.0003679064    
0.2103166000    0.0173159170    0.0003652139    
0.2105581900    0.0175178290    0.0003645594    
0.2107997800    0.0174417880    0.0003658401    
0.2110413700    0.0170050180    0.0003592966    
0.2112829600    0.0174665440    0.0003666821    
0.2115245400    0.0175902420    0.0003651975    
0.2117661300    0.0172685890    0.0003641348    
0.2120077200    0.0173641750    0.0003634136    
0.2122493100    0.0174588560    0.0003676567    
0.2124909000    0.0177313090    0.0003680470    
0.2127324900    0.0170872260    0.0003637227    
0.2129740800    0.0171455520    0.0003614600    
0.2132156600    0.0174046400    0.0003641808    
0.2134572500    0.0172609110    0.0003640538    
0.2136988400    0.0168555770    0.0003595256    
0.2139404300    0.0173390450    0.0003628082    
0.2141820200    0.0170639800    0.0003615120    
0.2144236100    0.0175470010    0.0003676428    
0.2146652000    0.0172949340    0.0003645282    
0.2149067800    0.0165559750    0.0003550790    
0.2151483700    0.0167787310    0.0003628735    
0.2153899600    0.0172756440    0.0003728363    
0.2156315500    0.0179193410    0.0003834385    
0.2158731400    0.0174259060    0.0003795422    
0.2161147300    0.0170776320    0.0003804435    
0.2163563200    0.0171022580    0.0003816556    
0.2165979000    0.0173850940    0.0003876779    
0.2168394900    0.0171416220    0.0003852293    
0.2170810800    0.0171767590    0.0003899782    
0.2173226700    0.0171162640    0.0003890060    
0.2175642600    0.0169843550    0.0003896478    
0.2178058500    0.0171829600    0.0003933769    
0.2180474400    0.0175511050    0.0003995083    
0.2182890200    0.0167887870    0.0003938600    
0.2185306100    0.0170841760    0.0003947527    
0.2187722000    0.0166786530    0.0003949893    
0.2190137900    0.0176300400    0.0004053151    
0.2192553800    0.0168516370    0.0003999843    
0.2194969700    0.0167174700    0.0003959086    
0.2197385500    0.0164476780    0.0003902861    
0.2199801400    0.0165645840    0.0003875353    
0.2202217300    0.0163454990    0.0003812637    
0.2204633200    0.0162170480    0.0003779592    
0.2207049100    0.0170417190    0.0003849332    
0.2209465000    0.0166852340    0.0003808858    
0.2211880900    0.0168287470    0.0003806084    
0.2214296700    0.0167895220    0.0003796242    
0.2216712600    0.0163567920    0.0003741690    
0.2219128500    0.0166050830    0.0003759347    
0.2221544400    0.0171056620    0.0003834541    
0.2223960300    0.0162646410    0.0003720610    
0.2226376200    0.0155523540    0.0003666744    
0.2228792100    0.0173492530    0.0003844017    
0.2231207900    0.0168637800    0.0003789853    
0.2233623800    0.0165600290    0.0003731971    
0.2236039700    0.0164535270    0.0003735581    
0.2238455600    0.0165034180    0.0003722996    
0.2240871500    0.0168812240    0.0003771929    
0.2243287400    0.0169400100    0.0003758882    
0.2245703300    0.0160748380    0.0003685881    
0.2248119100    0.0161142790    0.0003685250    
0.2250535000    0.0167094400    0.0003751380    
0.2252950900    0.0166857470    0.0003763171    
0.2255366800    0.0166168090    0.0003720285    
0.2257782700    0.0166052960    0.0003727999    
0.2260198600    0.0167653890    0.0003733023    
0.2262614500    0.0170113620    0.0003759016    
0.2265030300    0.0170972610    0.0003763325    
0.2267446200    0.0162506050    0.0003682871    
0.2269862100    0.0163502850    0.0003668899    
0.2272278000    0.0171103840    0.0003763479    
0.2274693900    0.0171371900    0.0003754871    
0.2277109800    0.0164911720    0.0003716453    
0.2279525600    0.0167226750    0.0003707919    
0.2281941500    0.0172652990    0.0003776600    
0.2284357400    0.0161554710    0.0003648218    
0.2286773300    0.0166728040    0.0003718867    
0.2289189200    0.0171330290    0.0003746771    
0.2291605100    0.0163380880    0.0003680086    
0.2294021000    0.0164924710    0.0003682309    
0.2296436800    0.0163625770    0.0003700653    
0.2298852700    0.0166178500    0.0003693768    
0.2301268600    0.0165277520    0.0003721863    
0.2303684500    0.0163434570    0.0003679429    
0.2306100400    0.0169449120    0.0003751667    
0.2308516300    0.0171565780    0.0003767266    
0.2310932200    0.0163566620    0.0003697424    
0.2313348000    0.0168041020    0.0003729643    
0.2315763900    0.0169299470    0.0003747435    
0.2318179800    0.0164827970    0.0003715509    
0.2320595700    0.0165877400    0.0003711916    
0.2323011600    0.0164068100    0.0003703088    
0.2325427500    0.0158468220    0.0003639343    
0.2327843400    0.0162378030    0.0003698058    
0.2330259200    0.0160646460    0.0003645411    
0.2332675100    0.0162248780    0.0003668572    
0.2335091000    0.0159862110    0.0003654051    
0.2337506900    0.0165248510    0.0003695993    
0.2339922800    0.0165687130    0.0003722601    
0.2342338700    0.0160198160    0.0003654103    
0.2344754600    0.0162959980    0.0003696958    
0.2347170400    0.0157188870    0.0003610914    
0.2349586300    0.0166532740    0.0003725648    
0.2352002200    0.0160012750    0.0003682592    
0.2354418100    0.0166419290    0.0003733402    
0.2356834000    0.0168614460    0.0003755342    
0.2359249900    0.0161665980    0.0003654460    
0.2361665700    0.0162375450    0.0003694169    
0.2364081600    0.0156598870    0.0003607848    
0.2366497500    0.0159265780    0.0003658625    
0.2368913400    0.0169283280    0.0003756290    
0.2371329300    0.0161367850    0.0003690397    
0.2373745200    0.0163906670    0.0003705111    
0.2376161100    0.0160221490    0.0003663222    
0.2378576900    0.0170616810    0.0003793358    
0.2380992800    0.0155637910    0.0003602961    
0.2383408700    0.0163798680    0.0003706460    
0.2385824600    0.0163111330    0.0003683370    
0.2388240500    0.0164248140    0.0003712830    
0.2390656400    0.0169737440    0.0003775674    
0.2393072300    0.0165458120    0.0003717456    
0.2395488100    0.0164576700    0.0003712676    
0.2397904000    0.0159541470    0.0003666894    
0.2400319900    0.0160663870    0.0003684912    
0.2402735800    0.0164843650    0.0003737769    
0.2405151700    0.0158946920    0.0003663889    
0.2407567600    0.0163502740    0.0003690327    
0.2409983500    0.0165746870    0.0003736223    
0.2412399300    0.0164372330    0.0003705238    
0.2414815200    0.0159423100    0.0003671940    
0.2417231100    0.0168401970    0.0003741342    
0.2419647000    0.0170113970    0.0003794390    
0.2422062900    0.0163140190    0.0003710608    
0.2424478800    0.0169250600    0.0003780780    
0.2426894600    0.0159323250    0.0003686300    
0.2429310500    0.0166388910    0.0003742149    
0.2431726400    0.0160358370    0.0003671153    
0.2434142300    0.0164896110    0.0003708575    
0.2436558200    0.0167753050    0.0003778567    
0.2438974100    0.0167662050    0.0003743427    
0.2441390000    0.0165387830    0.0003734778    
0.2443805800    0.0164014310    0.0003721835    
0.2446221700    0.0158265240    0.0003659862    
0.2448637600    0.0161511340    0.0003706300    
0.2451053500    0.0164170520    0.0003715825    
0.2453469400    0.0163805600    0.0003751055    
0.2455885300    0.0157778640    0.0003642770    
0.2458301200    0.0163442390    0.0003731017    
0.2460717000    0.0160332600    0.0003665763    
0.2463132900    0.0159323070    0.0003658011    
0.2465548800    0.0165106240    0.0003744686    
0.2467964700    0.0163359060    0.0003707921    
0.2470380600    0.0164897520    0.0003737069    
0.2472796500    0.0156911100    0.0003644171    
0.2475212400    0.0165396910    0.0003763884    
0.2477628200    0.0167479540    0.0003795586    
0.2480044100    0.0172183430    0.0003809405    
0.2482460000    0.0163532380    0.0003713769    
0.2484875900    0.0163657110    0.0003724292    
0.2487291800    0.0163318100    0.0003720433    
0.2489707700    0.0162182960    0.0003698414    
0.2492123600    0.0157728750    0.0003669103    
0.2494539400    0.0161312770    0.0003702718    
0.2496955300    0.0164525990    0.0003746005    
0.2499371200    0.0163034270    0.0003715896    
0.2501787100    0.0166394930    0.0003795451    
0.2504203000    0.0164889640    0.0003733058    
0.2506618900    0.0168832170    0.0003756467    
0.2509034700    0.0160606020    0.0003689412    
0.2511450600    0.0157848990    0.0003651213    
0.2513866500    0.0163547480    0.0003725658    
0.2516282400    0.0161533370    0.0003676915    
0.2518698300    0.0163935700    0.0003724850    
0.2521114200    0.0162799130    0.0003702850    
0.2523530100    0.0157367760    0.0003646917    
0.2525945900    0.0159965340    0.0003667927    
0.2528361800    0.0168141570    0.0003788279    
0.2530777700    0.0167708070    0.0003749129    
0.2533193600    0.0155566910    0.0003607121    
0.2535609500    0.0157577430    0.0003642983    
0.2538025400    0.0161255000    0.0003683965    
0.2540441300    0.0157383540    0.0003639473    
0.2542857100    0.0165874050    0.0003732458    
0.2545273000    0.0166263370    0.0003756465    
0.2547688900    0.0159972660    0.0003656578    
0.2550104800    0.0163292870    0.0003722757    
0.2552520700    0.0159774270    0.0003696736    
0.2554936600    0.0163379330    0.0003701712    
0.2557352500    0.0157874860    0.0003652789    
0.2559768300    0.0163852710    0.0003705785    
0.2562184200    0.0160127180    0.0003681328    
0.2564600100    0.0162454030    0.0003687378    
0.2567016000    0.0159758500    0.0003679665    
0.2569431900    0.0169048540    0.0003770625    
0.2571847800    0.0160276130    0.0003666389    
0.2574263700    0.0166693640    0.0003744270    
0.2576679500    0.0160213770    0.0003678461    
0.2579095400    0.0162158390    0.0003704603    
0.2581511300    0.0167424340    0.0003744658    
0.2583927200    0.0164736740    0.0003710626    
0.2586343100    0.0164797570    0.0003699815    
0.2588759000    0.0161564190    0.0003690065    
0.2591174800    0.0159926200    0.0003642219    
0.2593590700    0.0164994030    0.0003703292    
0.2596006600    0.0166973610    0.0003738319    
0.2598422500    0.0161282570    0.0003677882    
0.2600838400    0.0161422740    0.0003682036    
0.2603254300    0.0161368320    0.0003694274    
0.2605670200    0.0162346600    0.0003692558    
0.2608086000    0.0156072630    0.0003591913    
0.2610501900    0.0165959250    0.0003723082    
0.2612917800    0.0155855290    0.0003616726    
0.2615333700    0.0156604730    0.0003616631    
0.2617749600    0.0164020340    0.0003707680    
0.2620165500    0.0166314040    0.0003724486    
0.2622581400    0.0161227240    0.0003690077    
0.2624997200    0.0165498000    0.0003723053    
0.2627413100    0.0160915020    0.0003707287    
0.2629829000    0.0160203980    0.0003642882    
0.2632244900    0.0168745450    0.0003768555    
0.2634660800    0.0162031850    0.0003674957    
0.2637076700    0.0156117550    0.0003616003    
0.2639492600    0.0161059030    0.0003672785    
0.2641908400    0.0163888270    0.0003711338    
0.2644324300    0.0160664870    0.0003681065    
0.2646740200    0.0165742120    0.0003711678    
0.2649156100    0.0159245990    0.0003677629    
0.2651572000    0.0160190280    0.0003669228    
0.2653987900    0.0154150120    0.0003618308    
0.2656403800    0.0157350200    0.0003641624    
0.2658819600    0.0154122040    0.0003589090    
0.2661235500    0.0164098760    0.0003722793    
0.2663651400    0.0162872510    0.0003692125    
0.2666067300    0.0166745810    0.0003743554    
0.2668483200    0.0156980120    0.0003627236    
0.2670899100    0.0166199810    0.0003763685    
0.2673314900    0.0158912440    0.0003645701    
0.2675730800    0.0161934920    0.0003707245    
0.2678146700    0.0165666390    0.0003760293    
0.2680562600    0.0162149930    0.0003689039    
0.2682978500    0.0159682960    0.0003667241    
0.2685394400    0.0156570570    0.0003618739    
0.2687810300    0.0160579350    0.0003683943    
0.2690226100    0.0160254340    0.0003653484    
0.2692642000    0.0163251090    0.0003735420    
0.2695057900    0.0162430590    0.0003693512    
0.2697473800    0.0162291410    0.0003693213    
0.2699889700    0.0167007160    0.0003767505    
0.2702305600    0.0165378900    0.0003755703    
0.2704721500    0.0158253100    0.0003667435    
0.2707137300    0.0158436620    0.0003641500    
0.2709553200    0.0168606240    0.0003781512    
0.2711969100    0.0161030260    0.0003686535    
0.2714385000    0.0165958030    0.0003733402    
0.2716800900    0.0158942310    0.0003667682    
0.2719216800    0.0161172260    0.0003774826    
0.2721632700    0.0160305990    0.0003791107    
0.2724048500    0.0158751400    0.0003821177    
0.2726464400    0.0160634050    0.0003914412    
0.2728880300    0.0163372040    0.0003950751    
0.2731296200    0.0153414120    0.0003849817    
0.2733712100    0.0162877270    0.0003998870    
0.2736128000    0.0164942690    0.0004079192    
0.2738543800    0.0160444770    0.0003999885    
0.2740959700    0.0166292850    0.0004111326    
0.2743375600    0.0159733480    0.0004058544    
0.2745791500    0.0154555630    0.0004009363    
0.2748207400    0.0162830150    0.0004143918    
0.2750623300    0.0151124090    0.0003992185    
0.2753039200    0.0165666850    0.0004224326    
0.2755455000    0.0156182900    0.0004088894    
0.2757870900    0.0164744980    0.0004262230    
0.2760286800    0.0163326290    0.0004222701    
0.2762702700    0.0155970210    0.0004203148    
0.2765118600    0.0168071790    0.0004190027    
0.2767534500    0.0161591940    0.0004092575    
0.2769950400    0.0165732300    0.0004111312    
0.2772366200    0.0169100050    0.0004109749    
0.2774782100    0.0166015790    0.0004077154    
0.2777198000    0.0165134460    0.0004076462    
0.2779613900    0.0161509930    0.0004021444    
0.2782029800    0.0155525260    0.0003870033    
0.2784445700    0.0167867950    0.0004054734    
0.2786861600    0.0156987620    0.0003910055    
0.2789277400    0.0164476120    0.0003957826    
0.2791693300    0.0165594250    0.0003974389    
0.2794109200    0.0160340280    0.0003929484    
0.2796525100    0.0155895090    0.0003868472    
0.2798941000    0.0157452020    0.0003843725    
0.2801356900    0.0164047700    0.0003963615    
0.2803772800    0.0158771130    0.0003933788    
0.2806188600    0.0169592810    0.0003982984    
0.2808604500    0.0154726690    0.0003783965    
0.2811020400    0.0159557470    0.0003857378    
0.2813436300    0.0155871760    0.0003830340    
0.2815852200    0.0158221310    0.0003820612    
0.2818268100    0.0162168580    0.0003888812    
0.2820683900    0.0153391930    0.0003792371    
0.2823099800    0.0161111580    0.0003883616    
0.2825515700    0.0153416760    0.0003756426    
0.2827931600    0.0160891590    0.0003893045    
0.2830347500    0.0166201780    0.0003933839    
0.2832763400    0.0163908400    0.0003887186    
0.2835179300    0.0159667800    0.0003836572    
0.2837595100    0.0157692390    0.0003834767    
0.2840011000    0.0163759960    0.0003912377    
0.2842426900    0.0158882640    0.0003815504    
0.2844842800    0.0155123090    0.0003790260    
0.2847258700    0.0157922410    0.0003830181    
0.2849674600    0.0156721950    0.0003825902    
0.2852090500    0.0156550160    0.0003804740    
0.2854506300    0.0158997950    0.0003850608    
0.2856922200    0.0164324860    0.0003902554    
0.2859338100    0.0158136860    0.0003834255    
0.2861754000    0.0161602670    0.0003855340    
0.2864169900    0.0161663590    0.0003854600    
0.2866585800    0.0156845230    0.0003814165    
0.2869001700    0.0153725790    0.0003767382    
0.2871417500    0.0153742750    0.0003763279    
0.2873833400    0.0159037160    0.0003843676    
0.2876249300    0.0156332090    0.0003815248    
0.2878665200    0.0151684130    0.0003781483    
0.2881081100    0.0161082120    0.0003828782    
0.2883497000    0.0160437100    0.0003842874    
0.2885912900    0.0159579190    0.0003831127    
0.2888328700    0.0162185980    0.0003863762    
0.2890744600    0.0158974260    0.0003816604    
0.2893160500    0.0158693810    0.0003817580    
0.2895576400    0.0160771490    0.0003863092    
0.2897992300    0.0157532850    0.0003786366    
0.2900408200    0.0158522080    0.0003806845    
0.2902824000    0.0160400190    0.0003858629    
0.2905239900    0.0156847280    0.0003799638    
0.2907655800    0.0158330050    0.0003790230    
0.2910071700    0.0157422710    0.0003779355    
0.2912487600    0.0154438620    0.0003748996    
0.2914903500    0.0163224970    0.0003844047    
0.2917319400    0.0160513320    0.0003799198    
0.2919735200    0.0172148990    0.0003946254    
0.2922151100    0.0157357550    0.0003765871    
0.2924567000    0.0154780300    0.0003741887    
0.2926982900    0.0150279230    0.0003688459    
0.2929398800    0.0161569740    0.0003844720    
0.2931814700    0.0164609510    0.0003841657    
0.2934230600    0.0158196520    0.0003777306    
0.2936646400    0.0162387820    0.0003800170    
0.2939062300    0.0161354180    0.0003823387    
0.2941478200    0.0152256680    0.0003690596    
0.2943894100    0.0156174820    0.0003755896    
0.2946310000    0.0159495420    0.0003785725    
0.2948725900    0.0155697150    0.0003748747    
0.2951141800    0.0160333480    0.0003797069    
0.2953557600    0.0157497020    0.0003788790    
0.2955973500    0.0158904690    0.0003771703    
0.2958389400    0.0158942680    0.0003765188    
0.2960805300    0.0155336650    0.0003724982    
0.2963221200    0.0152450810    0.0003683418    
0.2965637100    0.0150826800    0.0003662399    
0.2968053000    0.0156981410    0.0003728154    
0.2970468800    0.0153453770    0.0003696876    
0.2972884700    0.0156804330    0.0003726051    
0.2975300600    0.0156273090    0.0003719734    
0.2977716500    0.0152074790    0.0003682943    
0.2980132400    0.0153915850    0.0003713400    
0.2982548300    0.0158525690    0.0003739604    
0.2984964100    0.0157888270    0.0003726642    
0.2987380000    0.0159464220    0.0003753398    
0.2989795900    0.0158240110    0.0003730792    
0.2992211800    0.0156052220    0.0003700872    
0.2994627700    0.0151667260    0.0003659150    
0.2997043600    0.0157149710    0.0003734258    
0.2999459500    0.0162443280    0.0003795238    
0.3001875300    0.0162321590    0.0003788262    
0.3004291200    0.0158675700    0.0003784434    
0.3006707100    0.0153506940    0.0003670566    
0.3009123000    0.0149742290    0.0003642513    
0.3011538900    0.0157210340    0.0003706513    
0.3013954800    0.0152484900    0.0003670341    
0.3016370700    0.0155261660    0.0003700905    
0.3018786500    0.0153497330    0.0003679817    
0.3021202400    0.0158674520    0.0003739994    
0.3023618300    0.0155095490    0.0003713863    
0.3026034200    0.0164772930    0.0003819554    
0.3028450100    0.0154108310    0.0003696589    
0.3030866000    0.0153381870    0.0003691931    
0.3033281900    0.0158010110    0.0003725369    
0.3035697700    0.0156081330    0.0003712016    
0.3038113600    0.0156486500    0.0003719549    
0.3040529500    0.0161581630    0.0003765868    
0.3042945400    0.0161552080    0.0003764157    
0.3045361300    0.0159396380    0.0003762238    
0.3047777200    0.0158911220    0.0003741418    
0.3050193100    0.0158702120    0.0003741684    
0.3052608900    0.0149408800    0.0003639789    
0.3055024800    0.0158414640    0.0003795519    
0.3057440700    0.0156686020    0.0003700327    
0.3059856600    0.0158685270    0.0003731964    
0.3062272500    0.0156408480    0.0003714548    
0.3064688400    0.0156413730    0.0003724136    
0.3067104200    0.0158466770    0.0003718607    
0.3069520100    0.0156294400    0.0003711838    
0.3071936000    0.0153882510    0.0003691173    
0.3074351900    0.0154132720    0.0003698239    
0.3076767800    0.0163161460    0.0003784233    
0.3079183700    0.0154184620    0.0003716641    
0.3081599600    0.0153378310    0.0003706910    
0.3084015400    0.0150721050    0.0003633151    
0.3086431300    0.0160297430    0.0003744082    
0.3088847200    0.0155210610    0.0003707067    
0.3091263100    0.0158382690    0.0003735191    
0.3093679000    0.0153191660    0.0003678837    
0.3096094900    0.0154088420    0.0003670853    
0.3098510800    0.0157007110    0.0003743574    
0.3100926600    0.0150209360    0.0003644184    
0.3103342500    0.0157016970    0.0003725848    
0.3105758400    0.0155285220    0.0003731266    
0.3108174300    0.0155048660    0.0003691635    
0.3110590200    0.0153689050    0.0003692912    
0.3113006100    0.0153103130    0.0003657775    
0.3115422000    0.0157593390    0.0003739526    
0.3117837800    0.0152216510    0.0003661760    
0.3120253700    0.0150628340    0.0003653274    
0.3122669600    0.0149845280    0.0003622581    
0.3125085500    0.0158713800    0.0003755553    
0.3127501400    0.0152023170    0.0003668805    
0.3129917300    0.0150245110    0.0003663425    
0.3132333100    0.0155514640    0.0003717511    
0.3134749000    0.0151425780    0.0003662932    
0.3137164900    0.0153490260    0.0003674372    
0.3139580800    0.0153027050    0.0003667489    
0.3141996700    0.0159235600    0.0003743871    
0.3144412600    0.0158172820    0.0003735440    
0.3146828500    0.0154526960    0.0003700249    
0.3149244300    0.0147753290    0.0003603739    
0.3151660200    0.0154778770    0.0003707342    
0.3154076100    0.0149288810    0.0003647706    
0.3156492000    0.0158776560    0.0003777184    
0.3158907900    0.0152892560    0.0003663214    
0.3161323800    0.0154584650    0.0003684767    
0.3163739700    0.0160674010    0.0003758007    
0.3166155500    0.0158863580    0.0003755945    
0.3168571400    0.0160467940    0.0003758330    
0.3170987300    0.0154895120    0.0003700588    
0.3173403200    0.0149236850    0.0003632368    
0.3175819100    0.0160373190    0.0003773748    
0.3178235000    0.0157547430    0.0003732136    
0.3180650900    0.0160934520    0.0003790106    
0.3183066700    0.0154867570    0.0003708406    
0.3185482600    0.0149827250    0.0003648900    
0.3187898500    0.0153985430    0.0003673616    
0.3190314400    0.0161761210    0.0003780334    
0.3192730300    0.0157264080    0.0003723335    
0.3195146200    0.0155690810    0.0003710080    
0.3197562100    0.0149993070    0.0003633594    
0.3199977900    0.0155311960    0.0003704209    
0.3202393800    0.0157523600    0.0003744200    
0.3204809700    0.0151651550    0.0003679173    
0.3207225600    0.0154522520    0.0003709728    
0.3209641500    0.0151115860    0.0003667256    
0.3212057400    0.0154809670    0.0003690131    
0.3214473200    0.0148340630    0.0003614840    
0.3216889100    0.0157563140    0.0003724158    
0.3219305000    0.0153422840    0.0003689712    
0.3221720900    0.0160493970    0.0003768253    
0.3224136800    0.0155262310    0.0003691493    
0.3226552700    0.0149389050    0.0003661101    
0.3228968600    0.0156866490    0.0003725425    
0.3231384400    0.0159459210    0.0003792350    
0.3233800300    0.0154281910    0.0003683835    
0.3236216200    0.0153097390    0.0003672340    
0.3238632100    0.0156398090    0.0003718498    
0.3241048000    0.0160906510    0.0003775858    
0.3243463900    0.0158840750    0.0003750168    
0.3245879800    0.0161349080    0.0003776896    
0.3248295600    0.0160495390    0.0003764139    
0.3250711500    0.0148047730    0.0003615224    
0.3253127400    0.0157087580    0.0003734891    
0.3255543300    0.0149513930    0.0003647766    
0.3257959200    0.0150733900    0.0003683015    
0.3260375100    0.0158064190    0.0003728717    
0.3262791000    0.0156210450    0.0003720351    
0.3265206800    0.0151556560    0.0003656480    
0.3267622700    0.0155996160    0.0003720527    
0.3270038600    0.0152377330    0.0003673076    
0.3272454500    0.0155551640    0.0003705712    
0.3274870400    0.0154983530    0.0003701643    
0.3277286300    0.0156392820    0.0003732111    
0.3279702200    0.0155514640    0.0003717511    
0.3282118000    0.0146922540    0.0003640222    
0.3284533900    0.0153545050    0.0003683078    
0.3286949800    0.0154196980    0.0003821630    
0.3289365700    0.0160267010    0.0003949093    
0.3291781600    0.0159460090    0.0003972869    
0.3294197500    0.0154186500    0.0003952201    
0.3296613300    0.0156421540    0.0004021398    
0.3299029200    0.0154440020    0.0004000983    
0.3301445100    0.0154351470    0.0004057668    
0.3303861000    0.0157611480    0.0004127709    
0.3306276900    0.0157849680    0.0004162596    
0.3308692800    0.0151950320    0.0004085926    
0.3311108700    0.0152579280    0.0004128290    
0.3313524500    0.0158096610    0.0004249663    
0.3315940400    0.0159244310    0.0004259026    
0.3318356300    0.0156506430    0.0004277026    
0.3320772200    0.0162313880    0.0004359875    
0.3323188100    0.0154620720    0.0004295020    
0.3325604000    0.0157019060    0.0004321807    
0.3328019900    0.0159847170    0.0004406330    
0.3330435700    0.0156662190    0.0004316893    
0.3332851600    0.0154808320    0.0004235367    
0.3335267500    0.0155232290    0.0004109321    
0.3337683400    0.0150445870    0.0004045472    
0.3340099300    0.0154023020    0.0004065928    
0.3342515200    0.0156651000    0.0004060988    
0.3344931100    0.0157361710    0.0004028300    
0.3347346900    0.0161142790    0.0004090393    
0.3349762800    0.0153332300    0.0003969623    
0.3352178700    0.0157369190    0.0004006238    
0.3354594600    0.0154680920    0.0003951913    
0.3357010500    0.0157997050    0.0004004098    
0.3359426400    0.0153957430    0.0003965921    
0.3361842300    0.0155345580    0.0003906906    
0.3364258100    0.0152295610    0.0003862088    
0.3366674000    0.0154139430    0.0003890128    
0.3369089900    0.0163059610    0.0003986561    
0.3371505800    0.0157356900    0.0003908358    
0.3373921700    0.0154899970    0.0003887103    
0.3376337600    0.0153968620    0.0003872276    
0.3378753400    0.0154872510    0.0003885191    
0.3381169300    0.0152615860    0.0003838254    
0.3383585200    0.0155486350    0.0003916645    
0.3386001100    0.0156673690    0.0003873508    
0.3388417000    0.0157702590    0.0003900138    
0.3390832900    0.0155563310    0.0003835520    
0.3393248800    0.0154359180    0.0003849368    
0.3395664600    0.0157573170    0.0003881536    
0.3398080500    0.0154147640    0.0003834566    
0.3400496400    0.0150881930    0.0003780327    
0.3402912300    0.0150693690    0.0003772060    
0.3405328200    0.0156588750    0.0003867863    
0.3407744100    0.0162545140    0.0003942299    
0.3410160000    0.0158714780    0.0003900203    
0.3412575800    0.0151422970    0.0003767953    
0.3414991700    0.0158771210    0.0003855306    
0.3417407600    0.0161895790    0.0003903654    
0.3419823500    0.0155917710    0.0003802871    
0.3422239400    0.0158835400    0.0003854592    
0.3424655300    0.0151400290    0.0003772063    
0.3427071200    0.0155320980    0.0003808763    
0.3429487000    0.0156618060    0.0003829075    
0.3431902900    0.0150316010    0.0003767330    
0.3434318800    0.0154524420    0.0003849899    
0.3436734700    0.0162283240    0.0003873781    
0.3439150600    0.0152429050    0.0003745740    
0.3441566500    0.0154868530    0.0003798811    
0.3443982300    0.0158043890    0.0003833127    
0.3446398200    0.0162375710    0.0003874885    
0.3448814100    0.0153116640    0.0003772902    
0.3451230000    0.0160366270    0.0003865651    
0.3453645900    0.0159993540    0.0003861156    
0.3456061800    0.0161358550    0.0003862729    
0.3458477700    0.0154397280    0.0003803304    
0.3460893500    0.0154225990    0.0003796781    
0.3463309400    0.0157859800    0.0003811882    
0.3465725300    0.0150242310    0.0003720191    
0.3468141200    0.0155944630    0.0003804660    
0.3470557100    0.0149109400    0.0003710383    
0.3472973000    0.0155082930    0.0003792677    
0.3475388900    0.0154851010    0.0003766784    
0.3477804700    0.0147693660    0.0003696966    
0.3480220600    0.0151233430    0.0003742439    
0.3482636500    0.0156245670    0.0003799585    
0.3485052400    0.0155239660    0.0003824055    
0.3487468300    0.0158469370    0.0003822147    
0.3489884200    0.0159546100    0.0003833648    
0.3492300100    0.0154591030    0.0003759348    
0.3494715900    0.0160895640    0.0003861619    
0.3497131800    0.0157882150    0.0003799154    
0.3499547700    0.0151094480    0.0003737856    
0.3501963600    0.0152102180    0.0003733201    
0.3504379500    0.0154019100    0.0003766660    
0.3506795400    0.0152433200    0.0003751509    
0.3509211300    0.0159876140    0.0003849365    
0.3511627100    0.0154155400    0.0003781318    
0.3514043000    0.0154408190    0.0003757124    
0.3516458900    0.0156857080    0.0003795423    
0.3518874800    0.0150202870    0.0003705608    
0.3521290700    0.0153152740    0.0003743235    
0.3523706600    0.0150359090    0.0003717389    
0.3526122400    0.0157839180    0.0003805841    
0.3528538300    0.0146814210    0.0003676104    
0.3530954200    0.0157603560    0.0003814602    
0.3533370100    0.0162062550    0.0003860821    
0.3535786000    0.0153470800    0.0003781629    
0.3538201900    0.0151504630    0.0003717415    
0.3540617800    0.0156164690    0.0003794252    
0.3543033600    0.0153371020    0.0003737423    
0.3545449500    0.0151437600    0.0003723625    
0.3547865400    0.0154165600    0.0003745681    
0.3550281300    0.0155282490    0.0003780637    
0.3552697200    0.0158149610    0.0003806692    
0.3555113100    0.0151002430    0.0003725334    
0.3557529000    0.0162185980    0.0003863762    
0.3559944800    0.0159869650    0.0003812910    
0.3562360700    0.0154708270    0.0003798309    
0.3564776600    0.0151822740    0.0003718510    
0.3567192500    0.0150341110    0.0003704511    
0.3569608400    0.0157295960    0.0003780672    
0.3572024300    0.0151346040    0.0003722499    
0.3574440200    0.0144992080    0.0003633898    
0.3576856000    0.0155610380    0.0003777441    
0.3579271900    0.0156065270    0.0003772952    
0.3581687800    0.0149899560    0.0003711704    
0.3584103700    0.0152897000    0.0003735868    
0.3586519600    0.0145455500    0.0003674478    
0.3588935500    0.0153177210    0.0003744951    
0.3591351400    0.0147265920    0.0003674764    
0.3593767200    0.0156387260    0.0003769736    
0.3596183100    0.0150663670    0.0003694558    
0.3598599000    0.0154174940    0.0003751448    
0.3601014900    0.0162727400    0.0003857009    
0.3603430800    0.0155935790    0.0003774236    
0.3605846700    0.0151390370    0.0003714612    
0.3608262500    0.0149170090    0.0003697043    
0.3610678400    0.0151527770    0.0003719103    
0.3613094300    0.0154582500    0.0003779309    
0.3615510200    0.0150638760    0.0003703983    
0.3617926100    0.0156478130    0.0003770831    
0.3620342000    0.0152531870    0.0003731405    
0.3622757900    0.0156467580    0.0003774964    
0.3625173700    0.0154605860    0.0003755269    
0.3627589600    0.0157516470    0.0003794751    
0.3630005500    0.0157532850    0.0003786366    
0.3632421400    0.0155322730    0.0003758297    
0.3634837300    0.0160011850    0.0003830491    
0.3637253200    0.0153300100    0.0003753569    
0.3639669100    0.0158227980    0.0003816325    
0.3642084900    0.0156787580    0.0003771723    
0.3644500800    0.0152848670    0.0003732460    
0.3646916700    0.0161873590    0.0003845423    
0.3649332600    0.0159336250    0.0003793720    
0.3651748500    0.0150208100    0.0003694511    
0.3654164400    0.0150727760    0.0003716296    
0.3656580300    0.0154200130    0.0003753172    
0.3658996100    0.0152594580    0.0003725145    
0.3661412000    0.0158830320    0.0003807665    
0.3663827900    0.0155494100    0.0003805009    
0.3666243800    0.0146215500    0.0003626045    
0.3668659700    0.0153206810    0.0003731207    
0.3671075600    0.0155413670    0.0003759397    
0.3673491500    0.0156008930    0.0003759524    
0.3675907300    0.0156602270    0.0003783723    
0.3678323200    0.0152609220    0.0003715551    
0.3680739100    0.0152444740    0.0003735987    
0.3683155000    0.0154802640    0.0003753412    
0.3685570900    0.0153958660    0.0003741758    
0.3687986800    0.0149136910    0.0003706481    
0.3690402600    0.0157739660    0.0003808981    
0.3692818500    0.0157647540    0.0003774974    
0.3695234400    0.0158869330    0.0003800963    
0.3697650300    0.0154534120    0.0003740310    
0.3700066200    0.0158681900    0.0003803015    
0.3702482100    0.0157647540    0.0003774974    
0.3704898000    0.0156595870    0.0003773668    
0.3707313800    0.0152373110    0.0003730872    
0.3709729700    0.0153206810    0.0003731207    
0.3712145600    0.0148796680    0.0003698025    
0.3714561500    0.0152429050    0.0003745740    
0.3716977400    0.0154247040    0.0003741040    
0.3719393300    0.0160056430    0.0003806554    
0.3721809200    0.0152976770    0.0003725604    
0.3724225000    0.0152250900    0.0003716755    
0.3726640900    0.0157359380    0.0003780014    
0.3729056800    0.0156814570    0.0003773464    
0.3731472700    0.0150166740    0.0003685698    
0.3733888600    0.0154905200    0.0003760322    
0.3736304500    0.0155034270    0.0003769012    
0.3738720400    0.0149229030    0.0003707625    
0.3741136200    0.0161112360    0.0003834922    
0.3743552100    0.0154595230    0.0003749485    
0.3745968000    0.0156355470    0.0003758067    
0.3748383900    0.0155128640    0.0003750309    
0.3750799800    0.0151252830    0.0003704552    
0.3753215700    0.0154711640    0.0003752308    
0.3755631500    0.0151841440    0.0003708970    
0.3758047400    0.0151958010    0.0003717367    
0.3760463300    0.0159531360    0.0003814619    
0.3762879200    0.0155714440    0.0003774410    
0.3765295100    0.0149527230    0.0003712743    
0.3767711000    0.0150142040    0.0003689539    
0.3770126900    0.0152904590    0.0003720538    
0.3772542700    0.0151297860    0.0003702325    
0.3774958600    0.0153103710    0.0003718783    
0.3777374500    0.0151683360    0.0003708429    
0.3779790400    0.0156494440    0.0003776711    
0.3782206300    0.0155985730    0.0003767727    
0.3784622200    0.0156851290    0.0003771074    
0.3787038100    0.0152829870    0.0003736459    
0.3789453900    0.0151277530    0.0003723067    
0.3791869800    0.0159061160    0.0003821996    
0.3794285700    0.0159241670    0.0003796853    
0.3796701600    0.0157350840    0.0003784178    
0.3799117500    0.0160449770    0.0003808377    
0.3801533400    0.0154347610    0.0003747891    
0.3803949300    0.0153858990    0.0003719614    
0.3806365100    0.0162169560    0.0003833035    
0.3808781000    0.0157159480    0.0003771948    
0.3811196900    0.0150727760    0.0003716296    
0.3813612800    0.0155270940    0.0003754846    
0.3816028700    0.0149584670    0.0003699374    
0.3818444600    0.0153188870    0.0003735203    
0.3820860500    0.0159372980    0.0003787088    
0.3823276300    0.0155593380    0.0003741912    
0.3825692200    0.0154338980    0.0003717124    
0.3828108100    0.0152454880    0.0003688904    
0.3830524000    0.0155683370    0.0003742994    
0.3832939900    0.0154503270    0.0003723241    
0.3835355800    0.0156208010    0.0003743725    
0.3837771600    0.0158641680    0.0003764400    
0.3840187500    0.0154113070    0.0003726846    
0.3842603400    0.0148538430    0.0003665661    
0.3845019300    0.0153657370    0.0003685772    
0.3847435200    0.0152003080    0.0003672601    
0.3849851100    0.0153168960    0.0003697534    
0.3852267000    0.0155454660    0.0003817785    
0.3854682800    0.0153995330    0.0003874173    
0.3857098700    0.0153664010    0.0003914451    
0.3859514600    0.0150205190    0.0003912336    
0.3861930500    0.0151690090    0.0003955040    
0.3864346400    0.0164125610    0.0004156744    
0.3866762300    0.0152566060    0.0004035913    
0.3869178200    0.0148049940    0.0003996973    
0.3871594000    0.0155103620    0.0004139409    
0.3874009900    0.0155625720    0.0004157788    
0.3876425800    0.0160879730    0.0004258821    
0.3878841700    0.0155192780    0.0004200541    
0.3881257600    0.0160452180    0.0004297484    
0.3883673500    0.0155537820    0.0004261710    
0.3886089400    0.0150155780    0.0004211815    
0.3888505200    0.0160546850    0.0004374395    
0.3890921100    0.0156523790    0.0004342860    
0.3893337000    0.0158555630    0.0004419696    
0.3895752900    0.0147783160    0.0004282221    
0.3898168800    0.0157296990    0.0004238903    
0.3900584700    0.0152997590    0.0004103715    
0.3903000600    0.0152465870    0.0004083582    
0.3905416400    0.0158175870    0.0004118549    
0.3907832300    0.0144879040    0.0003932925    
0.3910248200    0.0155842040    0.0004064676    
0.3912664100    0.0150913720    0.0003982461    
0.3915080000    0.0144279010    0.0003875445    
0.3917495900    0.0156767710    0.0004057203    
0.3919911700    0.0160896930    0.0004117449    
0.3922327600    0.0150995000    0.0003920956    
0.3924743500    0.0152969370    0.0003961555    
0.3927159400    0.0151096730    0.0003915685    
0.3929575300    0.0153874220    0.0003978323    
0.3931991200    0.0150408990    0.0003914990    
0.3934407100    0.0150208100    0.0003905793    
0.3936822900    0.0151531480    0.0003936215    
0.3939238800    0.0147816730    0.0003892611    
0.3941654700    0.0159810180    0.0004047449    
0.3944070600    0.0150711060    0.0003938897    
0.3946486500    0.0145276850    0.0003877152    
0.3948902400    0.0157777150    0.0004011427    
0.3951318300    0.0150078650    0.0003909040    
0.3953734100    0.0163867100    0.0004091566    
0.3956150000    0.0156898590    0.0004013815    
0.3958565900    0.0153725320    0.0003961256    
0.3960981800    0.0158914220    0.0004042951    
0.3963397700    0.0151252290    0.0003954393    
0.3965813600    0.0156214770    0.0004018740    
0.3968229500    0.0151774020    0.0003974831    
0.3970645300    0.0154027390    0.0004014616    
0.3973061200    0.0154543670    0.0004002326    
0.3975477100    0.0155476000    0.0004002384    
0.3977893000    0.0152005830    0.0003972736    
0.3980308900    0.0152132880    0.0003969284    
0.3982724800    0.0149929240    0.0003945506    
0.3985140700    0.0155565830    0.0004020715    
0.3987556500    0.0150367490    0.0003959782    
0.3989972400    0.0152995510    0.0003989076    
0.3992388300    0.0153703270    0.0004022598    
0.3994804200    0.0159565020    0.0004096801    
0.3997220100    0.0150752200    0.0004004781    
0.3999636000    0.0152842550    0.0003990517    
0.4002051800    0.0154516160    0.0004031466    
0.4004467700    0.0149483880    0.0003944729    
0.4006883600    0.0150517220    0.0003985900    
0.4009299500    0.0151071360    0.0003994976    
0.4011715400    0.0152527790    0.0004019460    
0.4014131300    0.0149612380    0.0003984354    
0.4016547200    0.0153006800    0.0004056096    
0.4018963000    0.0152858090    0.0004037991    
0.4021378900    0.0147436970    0.0003999417    
0.4023794800    0.0153284770    0.0004043623    
0.4026210700    0.0147702340    0.0003974573    
0.4028626600    0.0149344070    0.0003984280    
0.4031042500    0.0157714220    0.0004110711    
0.4033458400    0.0152035650    0.0004036029    
0.4035874200    0.0161215310    0.0004187764    
0.4038290100    0.0155387690    0.0004094825    
0.4040706000    0.0147389340    0.0003995186    
0.4043121900    0.0154343670    0.0004103086    
0.4045537800    0.0144545960    0.0003981514    
0.4047953700    0.0149489900    0.0004073128    
0.4050369600    0.0149498270    0.0004027278    
0.4052785400    0.0151672370    0.0004071100    
0.4055201300    0.0152954640    0.0004086425    
0.4057617200    0.0152702330    0.0004109120    
0.4060033100    0.0145749070    0.0003989010    
0.4062449000    0.0154262040    0.0004137630    
0.4064864900    0.0160884780    0.0004217776    
0.4067280800    0.0149706850    0.0004083589    
0.4069696600    0.0150846720    0.0004116213    
0.4072112500    0.0153787250    0.0004171676    
0.4074528400    0.0155988640    0.0004211298    
0.4076944300    0.0148738540    0.0004089249    
0.4079360200    0.0157717390    0.0004197225    
0.4081776100    0.0152056920    0.0004138465    
0.4084191900    0.0156695910    0.0004208972    
0.4086607800    0.0154858670    0.0004168655    
0.4089023700    0.0159088560    0.0004260961    
0.4091439600    0.0155305940    0.0004215976    
0.4093855500    0.0153514950    0.0004201555    
0.4096271400    0.0153008550    0.0004206644    
0.4098687300    0.0153514730    0.0004277521    
0.4101103100    0.0158944700    0.0004251013    
0.4103519000    0.0162068900    0.0004331473    
0.4105934900    0.0149456860    0.0004151579    
0.4108350800    0.0148128600    0.0004154953    
0.4110766700    0.0160211330    0.0004319008    
0.4113182600    0.0156762210    0.0004288823    
0.4115598500    0.0157834870    0.0004318170    
0.4118014300    0.0150386710    0.0004231631    
0.4120430200    0.0153581840    0.0004259594    
0.4122846100    0.0142503140    0.0004139666    
0.4125262000    0.0152881150    0.0004331067    
0.4127677900    0.0152343860    0.0004246544    
0.4130093800    0.0162297220    0.0004402520    
0.4132509700    0.0159905070    0.0004376446    
0.4134925500    0.0147849320    0.0004239870    
0.4137341400    0.0152642510    0.0004295105    
0.4139757300    0.0156489730    0.0004377442    
0.4142173200    0.0156495990    0.0004355521    
0.4144589100    0.0154875210    0.0004377032    
0.4147005000    0.0156707670    0.0004393865    
0.4149420800    0.0155924430    0.0004419056    
0.4151836700    0.0154235490    0.0004374705    
0.4154252600    0.0154285650    0.0004346506    
0.4156668500    0.0161384020    0.0004411969    
0.4159084400    0.0157644930    0.0004360559    
0.4161500300    0.0147594320    0.0004206691    
0.4163916200    0.0153173750    0.0004289723    
0.4166332000    0.0157340010    0.0004324095    
0.4168747900    0.0146257160    0.0004156778    
0.4171163800    0.0152636250    0.0004286453    
0.4173579700    0.0147925280    0.0004190669    
0.4175995600    0.0155999930    0.0004370586    
0.4178411500    0.0154507500    0.0004278689    
0.4180827400    0.0152711820    0.0004268425    
0.4183243200    0.0149901200    0.0004241543    
0.4185659100    0.0155749900    0.0004336436    
0.4188075000    0.0149443050    0.0004245610    
0.4190490900    0.0158043890    0.0004396899    
0.4192906800    0.0162119410    0.0004448729    
0.4195322700    0.0151753820    0.0004339367    
0.4197738600    0.0153490990    0.0004364133    
0.4200154400    0.0154358270    0.0004417454    
0.4202570300    0.0158775530    0.0004487262    
0.4204986200    0.0151509250    0.0004353786    
0.4207402100    0.0151039660    0.0004376582    
0.4209818000    0.0154183970    0.0004403459    
0.4212233900    0.0155333170    0.0004445354    
0.4214649800    0.0154492450    0.0004445021    
0.4217065600    0.0149914220    0.0004390294    
0.4219481500    0.0153853410    0.0004461863    
0.4221897400    0.0149961980    0.0004424062    
0.4224313300    0.0153324180    0.0004507586    
0.4226729200    0.0156395460    0.0004562525    
0.4229145100    0.0152577060    0.0004518943    
0.4231560900    0.0153395540    0.0004513586    
0.4233976800    0.0150571680    0.0004479237    
0.4236392700    0.0158054220    0.0004606996    
0.4238808600    0.0148570410    0.0004481604    
0.4241224500    0.0147518730    0.0004468214    
0.4243640400    0.0154405590    0.0004607583    
0.4246056300    0.0153868340    0.0004610061    
0.4248472100    0.0153932300    0.0004634917    
0.4250888000    0.0156552090    0.0004690469    
0.4253303900    0.0161867350    0.0004843203    
0.4255719800    0.0150014920    0.0004596843    
0.4258135700    0.0152378880    0.0004641041    
0.4260551600    0.0153805040    0.0004704156    
0.4262967500    0.0154531560    0.0004695728    
0.4265383300    0.0155864970    0.0004758266    
0.4267799200    0.0152391400    0.0004727730    
0.4270215100    0.0150633480    0.0004689015    
0.4272631000    0.0147383060    0.0004686509    
0.4275046900    0.0147463690    0.0004708153    
0.4277462800    0.0158480960    0.0004933297    
0.4279878700    0.0155232150    0.0004913788    
0.4282294500    0.0153237670    0.0004826533    
0.4284710400    0.0148547130    0.0004767104    
0.4287126300    0.0149639960    0.0004812097    
0.4289542200    0.0151422240    0.0004859371    
0.4291958100    0.0151543460    0.0004883420    
0.4294374000    0.0145862010    0.0004835278    
0.4296789900    0.0149041160    0.0004871563    
0.4299205700    0.0149973400    0.0004939111    
0.4301621600    0.0149909280    0.0004988668    
0.4304037500    0.0161031190    0.0005191854    
0.4306453400    0.0149445100    0.0005057950    
0.4308869300    0.0159698060    0.0005159610    
0.4311285200    0.0145501130    0.0004955788    
0.4313701000    0.0144309530    0.0004970284    
0.4316116900    0.0147386700    0.0005055322    
0.4318532800    0.0151550960    0.0005141014    
0.4320948700    0.0150717980    0.0005160485    
0.4323364600    0.0155747380    0.0005292511    
0.4325780500    0.0145974980    0.0005154556    
0.4328196400    0.0145657780    0.0005192139    
0.4330612200    0.0148923430    0.0005332314    
0.4333028100    0.0151071360    0.0005357949    
0.4335444000    0.0151260200    0.0005344517    
0.4337859900    0.0153505690    0.0005413728    
0.4340275800    0.0151507850    0.0005421377    
0.4342691700    0.0153098840    0.0005503024    
0.4345107600    0.0143743650    0.0005371952    
0.4347523400    0.0153099170    0.0005571849    
0.4349939300    0.0158392910    0.0005715512    
0.4352355200    0.0161001190    0.0005847826    
0.4354771100    0.0156098070    0.0005809368    
0.4357187000    0.0151973280    0.0005853792    
0.4359602900    0.0152603970    0.0005780288    
0.4362018800    0.0151572150    0.0005808258    
0.4364434600    0.0157678970    0.0005968237    
0.4366850500    0.0153502400    0.0005961539    
0.4369266400    0.0153579270    0.0006056575    
0.4371682300    0.0138913430    0.0005783042    
0.4374098200    0.0149644410    0.0006093991    
0.4376514100    0.0156223690    0.0006304675    
0.4378930000    0.0153033330    0.0006327150    
0.4381345800    0.0153374690    0.0006446819    
0.4383761700    0.0150437500    0.0006510067    
0.4386177600    0.0153793370    0.0006470136    
0.4388593500    0.0164320780    0.0006788029    
0.4391009400    0.0153607330    0.0006672276    
0.4393425300    0.0147945750    0.0006636274    
0.4395841100    0.0152155980    0.0006866703    
0.4398257000    0.0154969980    0.0007095588    
0.4400672900    0.0157080360    0.0007292273    
0.4403088800    0.0147754070    0.0007279321    
0.4405504700    0.0144261160    0.0007439701    
0.4407920600    0.0155328360    0.0008031838    
0.4410336500    0.0149862790    0.0008115525    
0.4412752300    0.0153616890    0.0008246587    
0.4415168200    0.0154618790    0.0008697986    
0.4417584100    0.0141601220    0.0011301008    
0.4420000000    0.0141694520    0.0017182985    