# Diamond Light Source Ltd.
# Data extracted from: /dls/b21/data/2017/mx13440-2/processed/b21-369037_00553.dat
q(1/A)          Column          Error           
0.0040000000    0.7829939500    0.0202709450    
0.0042415885    0.8374918800    0.0197179760    
0.0044831771    0.6570256900    0.0162588290    
0.0047247656    0.5205309200    0.0140122210    
0.0049663541    0.4248068700    0.0119344720    
0.0052079426    0.3400979500    0.0109880660    
0.0054495312    0.2806340600    0.0092023533    
0.0056911197    0.2475749000    0.0081490270    
0.0059327082    0.1958068000    0.0072471347    
0.0061742967    0.1611013200    0.0062995600    
0.0064158853    0.1446019800    0.0059082767    
0.0066574738    0.1332041800    0.0053582581    
0.0068990623    0.1092909200    0.0048974431    
0.0071406509    0.0940211450    0.0044620461    
0.0073822394    0.0848877220    0.0040984178    
0.0076238279    0.0788340300    0.0038558984    
0.0078654164    0.0658025060    0.0035791845    
0.0081070050    0.0641999060    0.0033512078    
0.0083485935    0.0592096270    0.0031076995    
0.0085901820    0.0567137910    0.0030622569    
0.0088317705    0.0548649190    0.0029326533    
0.0090733591    0.0499833480    0.0027811479    
0.0093149476    0.0425333750    0.0024722022    
0.0095565361    0.0455509460    0.0025583960    
0.0097981247    0.0432518440    0.0024929949    
0.0100397130    0.0418436450    0.0023689299    
0.0102813020    0.0357897900    0.0022412436    
0.0105228900    0.0389205010    0.0021894493    
0.0107644790    0.0368395070    0.0021521870    
0.0110060670    0.0344182300    0.0020281137    
0.0112476560    0.0337257880    0.0019977433    
0.0114892440    0.0336818350    0.0019677138    
0.0117308330    0.0322253760    0.0019155998    
0.0119724210    0.0300096000    0.0018229534    
0.0122140100    0.0274028030    0.0017262143    
0.0124555980    0.0257772130    0.0016238118    
0.0126971870    0.0290339220    0.0017768472    
0.0129387760    0.0286182490    0.0016690502    
0.0131803640    0.0273593060    0.0016589016    
0.0134219530    0.0267604700    0.0015823798    
0.0136635410    0.0255550500    0.0015523588    
0.0139051300    0.0254607510    0.0015494920    
0.0141467180    0.0253115620    0.0015099612    
0.0143883070    0.0247528250    0.0014714027    
0.0146298950    0.0239656330    0.0014478168    
0.0148714840    0.0248505810    0.0014851063    
0.0151130720    0.0246615840    0.0014633958    
0.0153546610    0.0219679130    0.0013295586    
0.0155962490    0.0244690070    0.0014174515    
0.0158378380    0.0209270480    0.0012807145    
0.0160794260    0.0250027270    0.0013998840    
0.0163210150    0.0244404470    0.0013536312    
0.0165626030    0.0219601260    0.0013077065    
0.0168041920    0.0234900700    0.0013029946    
0.0170457800    0.0225311930    0.0012838339    
0.0172873690    0.0211772020    0.0012371853    
0.0175289580    0.0230692370    0.0012836067    
0.0177705460    0.0246233750    0.0013032072    
0.0180121350    0.0233313830    0.0012543029    
0.0182537230    0.0220958720    0.0012072264    
0.0184953120    0.0223037820    0.0012095924    
0.0187369000    0.0208605960    0.0011698041    
0.0189784890    0.0203452690    0.0011250960    
0.0192200770    0.0202241430    0.0011395014    
0.0194616660    0.0210315520    0.0011323007    
0.0197032540    0.0200552380    0.0011141799    
0.0199448430    0.0188791590    0.0010810175    
0.0201864310    0.0199952150    0.0011040510    
0.0204280200    0.0210936970    0.0011117354    
0.0206696080    0.0216923470    0.0011113326    
0.0209111970    0.0202756960    0.0010979905    
0.0211527850    0.0192789230    0.0010379423    
0.0213943740    0.0199861420    0.0010592634    
0.0216359620    0.0187571050    0.0010309837    
0.0218775510    0.0193685920    0.0010427700    
0.0221191400    0.0192691500    0.0010212629    
0.0223607280    0.0197076730    0.0010259405    
0.0226023170    0.0200604690    0.0010662019    
0.0228439050    0.0189083820    0.0009897099    
0.0230854940    0.0205813780    0.0010303577    
0.0233270820    0.0189529110    0.0009866491    
0.0235686710    0.0188338020    0.0009898827    
0.0238102590    0.0189034580    0.0009710054    
0.0240518480    0.0176373920    0.0009321651    
0.0242934360    0.0210976360    0.0010343967    
0.0245350250    0.0189463850    0.0009681151    
0.0247766130    0.0179832540    0.0009374419    
0.0250182020    0.0195518620    0.0009875181    
0.0252597900    0.0171074860    0.0009016437    
0.0255013790    0.0190411040    0.0009438325    
0.0257429670    0.0203832780    0.0009784286    
0.0259845560    0.0193675250    0.0009427964    
0.0262261450    0.0183839680    0.0009238292    
0.0264677330    0.0196028640    0.0009431432    
0.0267093220    0.0189995180    0.0009216120    
0.0269509100    0.0196198590    0.0009417834    
0.0271924990    0.0182167730    0.0009007614    
0.0274340870    0.0172496940    0.0008814182    
0.0276756760    0.0177786100    0.0008801724    
0.0279172640    0.0197987360    0.0009271608    
0.0281588530    0.0180418950    0.0008741327    
0.0284004410    0.0203901550    0.0009375403    
0.0286420300    0.0195779150    0.0009011466    
0.0288836180    0.0201594890    0.0009240087    
0.0291252070    0.0191417600    0.0008820058    
0.0293667950    0.0193956950    0.0008984882    
0.0296083840    0.0196294490    0.0008931708    
0.0298499720    0.0181258810    0.0008611866    
0.0300915610    0.0187759940    0.0008735383    
0.0303331490    0.0178656160    0.0008450146    
0.0305747380    0.0180275500    0.0008378113    
0.0308163270    0.0177160590    0.0008305417    
0.0310579150    0.0190686870    0.0008658645    
0.0312995040    0.0193434010    0.0008650632    
0.0315410920    0.0203853650    0.0008838177    
0.0317826810    0.0180102320    0.0008281113    
0.0320242690    0.0184230620    0.0008297330    
0.0322658580    0.0172597350    0.0008145372    
0.0325074460    0.0183839680    0.0008262979    
0.0327490350    0.0188990350    0.0008352272    
0.0329906230    0.0187197790    0.0008224999    
0.0332322120    0.0170447010    0.0007895805    
0.0334738000    0.0199035040    0.0008418285    
0.0337153890    0.0192769510    0.0008272531    
0.0339569770    0.0180876200    0.0008025084    
0.0341985660    0.0188910630    0.0008213506    
0.0344401540    0.0187141550    0.0008068245    
0.0346817430    0.0185478820    0.0008102680    
0.0349233310    0.0174387510    0.0007822349    
0.0351649200    0.0181899490    0.0007842244    
0.0354065090    0.0186012280    0.0007975211    
0.0356480970    0.0189533360    0.0007938679    
0.0358896860    0.0183944300    0.0007908383    
0.0361312740    0.0182873040    0.0007776553    
0.0363728630    0.0183849800    0.0007776018    
0.0366144510    0.0176540410    0.0007682935    
0.0368560400    0.0175862710    0.0007553950    
0.0370976280    0.0177562830    0.0007683895    
0.0373392170    0.0164743040    0.0007330969    
0.0375808050    0.0172751920    0.0007427185    
0.0378223940    0.0181054230    0.0007603563    
0.0380639820    0.0171558940    0.0007431043    
0.0383055710    0.0180125750    0.0007466452    
0.0385471590    0.0191502670    0.0007728419    
0.0387887480    0.0185140520    0.0007628582    
0.0390303360    0.0188271830    0.0007604228    
0.0392719250    0.0182892350    0.0007485285    
0.0395135140    0.0185036810    0.0007529041    
0.0397551020    0.0184079760    0.0007656709    
0.0399966910    0.0178250620    0.0007252915    
0.0402382790    0.0170721110    0.0007150720    
0.0404798680    0.0177955500    0.0007246908    
0.0407214560    0.0192341900    0.0007608928    
0.0409630450    0.0185719070    0.0007358458    
0.0412046330    0.0193006470    0.0007547150    
0.0414462220    0.0176992120    0.0007166201    
0.0416878100    0.0170778570    0.0007030842    
0.0419293990    0.0190294640    0.0007412827    
0.0421709870    0.0181197580    0.0007207653    
0.0424125760    0.0177146590    0.0007160726    
0.0426541640    0.0172071700    0.0006949910    
0.0428957530    0.0164594760    0.0006805156    
0.0431373410    0.0167580430    0.0006858610    
0.0433789300    0.0174133200    0.0006943145    
0.0436205180    0.0181605390    0.0007074341    
0.0438621070    0.0190466840    0.0007261480    
0.0441036960    0.0177747300    0.0006998793    
0.0443452840    0.0173866310    0.0006867306    
0.0445868730    0.0170811100    0.0006876596    
0.0448284610    0.0169578010    0.0006766899    
0.0450700500    0.0168926200    0.0006984239    
0.0453116380    0.0177282270    0.0007172073    
0.0455532270    0.0193800200    0.0007715064    
0.0457948150    0.0186568570    0.0007560140    
0.0460364040    0.0184749220    0.0007542355    
0.0462779920    0.0175336730    0.0007462827    
0.0465195810    0.0172477980    0.0007401738    
0.0467611690    0.0176091650    0.0007508573    
0.0470027580    0.0171289150    0.0007405476    
0.0472443460    0.0171051240    0.0007552096    
0.0474859350    0.0184145000    0.0007740192    
0.0477275230    0.0179896810    0.0007713012    
0.0479691120    0.0180391030    0.0007734202    
0.0482107000    0.0174461220    0.0007680227    
0.0484522890    0.0180552700    0.0007769751    
0.0486938780    0.0179358970    0.0007798216    
0.0489354660    0.0180713260    0.0007849683    
0.0491770550    0.0193612910    0.0008218410    
0.0494186430    0.0167642810    0.0007497214    
0.0496602320    0.0171074860    0.0007361890    
0.0499018200    0.0172432600    0.0007286607    
0.0501434090    0.0174646550    0.0007214582    
0.0503849970    0.0154897080    0.0006728299    
0.0506265860    0.0178893680    0.0007178756    
0.0508681740    0.0173492470    0.0007036049    
0.0511097630    0.0176107390    0.0007055594    
0.0513513510    0.0179010730    0.0006983874    
0.0515929400    0.0182320340    0.0007162220    
0.0518345280    0.0178193330    0.0006967911    
0.0520761170    0.0193737780    0.0007348893    
0.0523177050    0.0172919910    0.0006736003    
0.0525592940    0.0177375930    0.0006951911    
0.0528008830    0.0176531110    0.0006754775    
0.0530424710    0.0175851520    0.0006763520    
0.0532840600    0.0193278930    0.0007052848    
0.0535256480    0.0167800080    0.0006571559    
0.0537672370    0.0168781510    0.0006535246    
0.0540088250    0.0186263510    0.0006879800    
0.0542504140    0.0180413560    0.0006799592    
0.0544920020    0.0159761140    0.0006344926    
0.0547335910    0.0193472220    0.0006931861    
0.0549751790    0.0172678930    0.0006521993    
0.0552167680    0.0188335890    0.0006818217    
0.0554583560    0.0184916720    0.0006681313    
0.0556999450    0.0177334760    0.0006523365    
0.0559415330    0.0172293540    0.0006475188    
0.0561831220    0.0170081250    0.0006369593    
0.0564247100    0.0173584410    0.0006415864    
0.0566662990    0.0173877940    0.0006396204    
0.0569078870    0.0174935100    0.0006479078    
0.0571494760    0.0175524960    0.0006426425    
0.0573910650    0.0166337160    0.0006160635    
0.0576326530    0.0189047030    0.0006617970    
0.0578742420    0.0182785150    0.0006494988    
0.0581158300    0.0166674060    0.0006143688    
0.0583574190    0.0175301110    0.0006288892    
0.0585990070    0.0184134550    0.0006481843    
0.0588405960    0.0177303580    0.0006348487    
0.0590821840    0.0179380900    0.0006326277    
0.0593237730    0.0184195200    0.0006428457    
0.0595653610    0.0183992690    0.0006448940    
0.0598069500    0.0176944280    0.0006186712    
0.0600485380    0.0176899610    0.0006219459    
0.0602901270    0.0178315960    0.0006249971    
0.0605317150    0.0161876140    0.0005922738    
0.0607733040    0.0174396250    0.0006120109    
0.0610148920    0.0178883320    0.0006231696    
0.0612564810    0.0175782900    0.0006149865    
0.0614980690    0.0179788120    0.0006159439    
0.0617396580    0.0166821450    0.0006067237    
0.0619812470    0.0176869280    0.0006241581    
0.0622228350    0.0171158770    0.0006101151    
0.0624644240    0.0190594690    0.0006392341    
0.0627060120    0.0178439730    0.0006235189    
0.0629476010    0.0183150530    0.0006357248    
0.0631891890    0.0178221850    0.0006231381    
0.0634307780    0.0154387330    0.0005773759    
0.0636723660    0.0169630570    0.0006046677    
0.0639139550    0.0176543980    0.0006157678    
0.0641555430    0.0194722670    0.0006398984    
0.0643971320    0.0181161430    0.0006232143    
0.0646387200    0.0175060430    0.0006015147    
0.0648803090    0.0175376570    0.0006072794    
0.0651218970    0.0183379330    0.0006089011    
0.0653634860    0.0180233120    0.0006082573    
0.0656050740    0.0175233540    0.0005982374    
0.0658466630    0.0185805510    0.0006129158    
0.0660882520    0.0174616750    0.0005926879    
0.0663298400    0.0179843170    0.0006024973    
0.0665714290    0.0179655360    0.0005991842    
0.0668130170    0.0169386290    0.0005837437    
0.0670546060    0.0175983520    0.0005915621    
0.0672961940    0.0173165160    0.0005844041    
0.0675377830    0.0170963320    0.0005759901    
0.0677793710    0.0177515710    0.0005907353    
0.0680209600    0.0182493450    0.0005917756    
0.0682625480    0.0177017990    0.0005832941    
0.0685041370    0.0179144380    0.0005849271    
0.0687457250    0.0177619600    0.0005904275    
0.0689873140    0.0172487000    0.0005730497    
0.0692289020    0.0174200440    0.0005758889    
0.0694704910    0.0176207110    0.0005787401    
0.0697120790    0.0173781840    0.0005729418    
0.0699536680    0.0176954530    0.0005808817    
0.0701952560    0.0180483080    0.0005861818    
0.0704368450    0.0180096270    0.0005874093    
0.0706784340    0.0177343300    0.0005885344    
0.0709200220    0.0180190700    0.0005880301    
0.0711616110    0.0182778560    0.0005917674    
0.0714031990    0.0182417010    0.0005959304    
0.0716447880    0.0181447400    0.0005972414    
0.0718863760    0.0166994550    0.0005651909    
0.0721279650    0.0177581440    0.0005773671    
0.0723695530    0.0180682840    0.0005792426    
0.0726111420    0.0175413910    0.0005742794    
0.0728527300    0.0171650000    0.0005598606    
0.0730943190    0.0175130170    0.0005693973    
0.0733359070    0.0168069530    0.0005544102    
0.0735774960    0.0184463390    0.0005830330    
0.0738190840    0.0180242330    0.0005702615    
0.0740606730    0.0177791990    0.0005676462    
0.0743022610    0.0168983950    0.0005538225    
0.0745438500    0.0186900490    0.0005798327    
0.0747854380    0.0171274660    0.0005493637    
0.0750270270    0.0175502620    0.0005606225    
0.0752686160    0.0164197760    0.0005355540    
0.0755102040    0.0180791450    0.0005627792    
0.0757517930    0.0180877770    0.0005649672    
0.0759933810    0.0180541330    0.0005555775    
0.0762349700    0.0174562950    0.0005534017    
0.0764765580    0.0178040970    0.0005536811    
0.0767181470    0.0187664560    0.0005676389    
0.0769597350    0.0187478190    0.0005629696    
0.0772013240    0.0185010320    0.0005580808    
0.0774429120    0.0177219750    0.0005435575    
0.0776845010    0.0181219580    0.0005473938    
0.0779260890    0.0179966060    0.0005488914    
0.0781676780    0.0174201750    0.0005363228    
0.0784092660    0.0174919610    0.0005385329    
0.0786508550    0.0177955100    0.0005387634    
0.0788924430    0.0177064060    0.0005425698    
0.0791340320    0.0185810180    0.0005520197    
0.0793756210    0.0174293550    0.0005360976    
0.0796172090    0.0178226520    0.0005366419    
0.0798587980    0.0172409080    0.0005328277    
0.0801003860    0.0172667520    0.0005328635    
0.0803419750    0.0172501120    0.0005251474    
0.0805835630    0.0172038070    0.0005286602    
0.0808251520    0.0179677090    0.0005395441    
0.0810667400    0.0173196400    0.0005297244    
0.0813083290    0.0174172750    0.0005249121    
0.0815499170    0.0168430120    0.0005237927    
0.0817915060    0.0185956280    0.0005466938    
0.0820330940    0.0179244480    0.0005311093    
0.0822746830    0.0177653040    0.0005301305    
0.0825162710    0.0177292070    0.0005271789    
0.0827578600    0.0171035110    0.0005194821    
0.0829994480    0.0186051480    0.0005348604    
0.0832410370    0.0166340130    0.0005116342    
0.0834826250    0.0177594600    0.0005225631    
0.0837242140    0.0183964580    0.0005308389    
0.0839658030    0.0175357800    0.0005195929    
0.0842073910    0.0179141960    0.0005235026    
0.0844489800    0.0175842410    0.0005154032    
0.0846905680    0.0183956460    0.0005232459    
0.0849321570    0.0178847180    0.0005217509    
0.0851737450    0.0172962840    0.0005067454    
0.0854153340    0.0174966480    0.0005128358    
0.0856569220    0.0181943930    0.0005194160    
0.0858985110    0.0177192350    0.0005180266    
0.0861400990    0.0179571400    0.0005160183    
0.0863816880    0.0174630690    0.0005107558    
0.0866232760    0.0177638110    0.0005193298    
0.0868648650    0.0178095830    0.0005132637    
0.0871064530    0.0174282370    0.0005093016    
0.0873480420    0.0176073780    0.0005078582    
0.0875896300    0.0175019090    0.0005075683    
0.0878312190    0.0185606280    0.0005220585    
0.0880728080    0.0180981260    0.0005139522    
0.0883143960    0.0172307650    0.0005011824    
0.0885559850    0.0171656440    0.0005020568    
0.0887975730    0.0175964350    0.0005058620    
0.0890391620    0.0171954200    0.0005003661    
0.0892807500    0.0178813640    0.0005084120    
0.0895223390    0.0176234750    0.0005035279    
0.0897639270    0.0183042280    0.0005098295    
0.0900055160    0.0180768880    0.0005078499    
0.0902471040    0.0178248860    0.0005063970    
0.0904886930    0.0172291260    0.0004934707    
0.0907302810    0.0174456550    0.0004922576    
0.0909718700    0.0177241810    0.0005049645    
0.0912134580    0.0175415860    0.0004941782    
0.0914550470    0.0176840350    0.0005025983    
0.0916966350    0.0177086490    0.0004965259    
0.0919382240    0.0172712980    0.0004920618    
0.0921798120    0.0173164250    0.0004895867    
0.0924214010    0.0178562660    0.0004971596    
0.0926629900    0.0176948690    0.0004920940    
0.0929045780    0.0186502620    0.0005104395    
0.0931461670    0.0184740860    0.0005022432    
0.0933877550    0.0185506950    0.0005041396    
0.0936293440    0.0184506830    0.0005047882    
0.0938709320    0.0188477870    0.0005090280    
0.0941125210    0.0181460180    0.0004955266    
0.0943541090    0.0169416960    0.0004788006    
0.0945956980    0.0176777360    0.0004899155    
0.0948372860    0.0172317390    0.0004812659    
0.0950788750    0.0179383370    0.0004896727    
0.0953204630    0.0179033540    0.0004911022    
0.0955620520    0.0178973150    0.0004901994    
0.0958036400    0.0178129710    0.0004866133    
0.0960452290    0.0180921300    0.0004904115    
0.0962868170    0.0183200060    0.0004956787    
0.0965284060    0.0191024180    0.0005039181    
0.0967699940    0.0181585960    0.0004913115    
0.0970115830    0.0182161000    0.0004870197    
0.0972531720    0.0200253970    0.0005122942    
0.0974947600    0.0191842950    0.0005008766    
0.0977363490    0.0193643670    0.0005013244    
0.0979779370    0.0181119620    0.0004866768    
0.0982195260    0.0189432740    0.0004979902    
0.0984611140    0.0189916120    0.0004956770    
0.0987027030    0.0179433620    0.0004823206    
0.0989442910    0.0189490450    0.0004959192    
0.0991858800    0.0194852520    0.0005012724    
0.0994274680    0.0191155420    0.0004943858    
0.0996690570    0.0191459650    0.0004914070    
0.0999106450    0.0200786960    0.0005072254    
0.1001522300    0.0187171350    0.0004858726    
0.1003938200    0.0192235120    0.0004942120    
0.1006354100    0.0190755820    0.0004902469    
0.1008770000    0.0186115150    0.0004852610    
0.1011185900    0.0206738370    0.0005114404    
0.1013601800    0.0206919120    0.0005122012    
0.1016017700    0.0193749920    0.0004922841    
0.1018433500    0.0203612450    0.0005160123    
0.1020849400    0.0205114150    0.0005250714    
0.1023265300    0.0206724060    0.0005312857    
0.1025681200    0.0209371410    0.0005319756    
0.1028097100    0.0197412460    0.0005242476    
0.1030513000    0.0213508010    0.0005470969    
0.1032928800    0.0217693610    0.0005576391    
0.1035344700    0.0208170650    0.0005380326    
0.1037760600    0.0206014830    0.0005444111    
0.1040176500    0.0214131450    0.0005573619    
0.1042592400    0.0214696310    0.0005597811    
0.1045008300    0.0207949180    0.0005476141    
0.1047424200    0.0211597040    0.0005574136    
0.1049840000    0.0194696320    0.0005373106    
0.1052255900    0.0202762840    0.0005500202    
0.1054671800    0.0194539350    0.0005354519    
0.1057087700    0.0180157920    0.0005187758    
0.1059503600    0.0195652950    0.0005426436    
0.1061919500    0.0186540720    0.0005295266    
0.1064335400    0.0186345710    0.0005162347    
0.1066751200    0.0184383960    0.0005057788    
0.1069167100    0.0176570980    0.0004935309    
0.1071583000    0.0183742490    0.0004969645    
0.1073998900    0.0178650860    0.0004884016    
0.1076414800    0.0180986500    0.0004951570    
0.1078830700    0.0177171210    0.0004829149    
0.1081246600    0.0181853590    0.0004922158    
0.1083662400    0.0183327970    0.0004880510    
0.1086078300    0.0172356720    0.0004783997    
0.1088494200    0.0184741300    0.0004888773    
0.1090910100    0.0185558070    0.0004886492    
0.1093326000    0.0177361850    0.0004752090    
0.1095741900    0.0180478240    0.0004806349    
0.1098157700    0.0173651460    0.0004667780    
0.1100573600    0.0186783800    0.0004876679    
0.1102989500    0.0180741530    0.0004754710    
0.1105405400    0.0178180350    0.0004718458    
0.1107821300    0.0183765950    0.0004814323    
0.1110237200    0.0175365370    0.0004656994    
0.1112653100    0.0178781580    0.0004751067    
0.1115068900    0.0178110260    0.0004674182    
0.1117484800    0.0179036400    0.0004679191    
0.1119900700    0.0179052630    0.0004660554    
0.1122316600    0.0184597130    0.0004748896    
0.1124732500    0.0172294520    0.0004562593    
0.1127148400    0.0182199760    0.0004687223    
0.1129564300    0.0177046990    0.0004636708    
0.1131980100    0.0177688020    0.0004621904    
0.1134396000    0.0183772760    0.0004712122    
0.1136811900    0.0183098000    0.0004691737    
0.1139227800    0.0181769860    0.0004656176    
0.1141643700    0.0180290290    0.0004603198    
0.1144059600    0.0178936640    0.0004588119    
0.1146475500    0.0178854230    0.0004611851    
0.1148891300    0.0169633260    0.0004434951    
0.1151307200    0.0172466440    0.0004519849    
0.1153723100    0.0181343550    0.0004581077    
0.1156139000    0.0180936590    0.0004613688    
0.1158554900    0.0175065160    0.0004490327    
0.1160970800    0.0183463590    0.0004643532    
0.1163386700    0.0179088760    0.0004550327    
0.1165802500    0.0179323310    0.0004548951    
0.1168218400    0.0176727150    0.0004485981    
0.1170634300    0.0186188090    0.0004608842    
0.1173050200    0.0177726870    0.0004515724    
0.1175466100    0.0167706190    0.0004374117    
0.1177882000    0.0167561260    0.0004349674    
0.1180297800    0.0173369030    0.0004426483    
0.1182713700    0.0166294070    0.0004353606    
0.1185129600    0.0172207200    0.0004405443    
0.1187545500    0.0170219050    0.0004371783    
0.1189961400    0.0185137320    0.0004550876    
0.1192377300    0.0173918270    0.0004386508    
0.1194793200    0.0186239820    0.0004533006    
0.1197209000    0.0183428530    0.0004500721    
0.1199624900    0.0176267930    0.0004403947    
0.1202040800    0.0184145000    0.0004468802    
0.1204456700    0.0170071160    0.0004343698    
0.1206872600    0.0177689310    0.0004391744    
0.1209288500    0.0171803290    0.0004349799    
0.1211704400    0.0176420200    0.0004385903    
0.1214120200    0.0181866130    0.0004437079    
0.1216536100    0.0185472820    0.0004470847    
0.1218952000    0.0176789110    0.0004341734    
0.1221367900    0.0171644600    0.0004308655    
0.1223783800    0.0171609320    0.0004279547    
0.1226199700    0.0180248110    0.0004401535    
0.1228615600    0.0179820380    0.0004392400    
0.1231031400    0.0179822570    0.0004388528    
0.1233447300    0.0172600750    0.0004297595    
0.1235863200    0.0178463120    0.0004389470    
0.1238279100    0.0176354950    0.0004315483    
0.1240695000    0.0176589590    0.0004307063    
0.1243110900    0.0176645950    0.0004305877    
0.1245526800    0.0166915960    0.0004196572    
0.1247942600    0.0178976730    0.0004311754    
0.1250358500    0.0170681330    0.0004228881    
0.1252774400    0.0175159930    0.0004274737    
0.1255190300    0.0170208620    0.0004203002    
0.1257606200    0.0181158830    0.0004352969    
0.1260022100    0.0176877660    0.0004297504    
0.1262437900    0.0179809870    0.0004318063    
0.1264853800    0.0181002520    0.0004326788    
0.1267269700    0.0183050590    0.0004328998    
0.1269685600    0.0180644370    0.0004302276    
0.1272101500    0.0180234520    0.0004297393    
0.1274517400    0.0178976730    0.0004311754    
0.1276933300    0.0179894600    0.0004259128    
0.1279349100    0.0170677300    0.0004197970    
0.1281765000    0.0181979550    0.0004325496    
0.1284180900    0.0171038030    0.0004170419    
0.1286596800    0.0179315290    0.0004282786    
0.1289012700    0.0180241420    0.0004279350    
0.1291428600    0.0170391980    0.0004169567    
0.1293844500    0.0178342940    0.0004231891    
0.1296260300    0.0179280680    0.0004262551    
0.1298676200    0.0170868980    0.0004161352    
0.1301092100    0.0175987320    0.0004202102    
0.1303508000    0.0175313610    0.0004183631    
0.1305923900    0.0183549770    0.0004323908    
0.1308339800    0.0173155890    0.0004187350    
0.1310755700    0.0184568870    0.0004305124    
0.1313171500    0.0177304140    0.0004210799    
0.1315587400    0.0176365770    0.0004194432    
0.1318003300    0.0172375270    0.0004158755    
0.1320419200    0.0176366260    0.0004172086    
0.1322835100    0.0182696110    0.0004263762    
0.1325251000    0.0177972030    0.0004206542    
0.1327666900    0.0176746950    0.0004183433    
0.1330082700    0.0174073470    0.0004151673    
0.1332498600    0.0181998000    0.0004252104    
0.1334914500    0.0174682970    0.0004186501    
0.1337330400    0.0182373650    0.0004221884    
0.1339746300    0.0170496420    0.0004092045    
0.1342162200    0.0175853220    0.0004154142    
0.1344578000    0.0179473830    0.0004210403    
0.1346993900    0.0177882980    0.0004166209    
0.1349409800    0.0180017940    0.0004215056    
0.1351825700    0.0177309620    0.0004152781    
0.1354241600    0.0180517560    0.0004196948    
0.1356657500    0.0176554770    0.0004155668    
0.1359073400    0.0175657760    0.0004170523    
0.1361489200    0.0178818990    0.0004168739    
0.1363905100    0.0175717690    0.0004129108    
0.1366321000    0.0176546050    0.0004137167    
0.1368736900    0.0181587460    0.0004195821    
0.1371152800    0.0176877160    0.0004121231    
0.1373568700    0.0180231480    0.0004176772    
0.1375984600    0.0179449400    0.0004177763    
0.1378400400    0.0181684410    0.0004196941    
0.1380816300    0.0177696040    0.0004129118    
0.1383232200    0.0176352150    0.0004134894    
0.1385648100    0.0177658250    0.0004151846    
0.1388064000    0.0178184910    0.0004128236    
0.1390479900    0.0171714700    0.0004035044    
0.1392895800    0.0168674450    0.0004039021    
0.1395311600    0.0174211240    0.0004069068    
0.1397727500    0.0181149270    0.0004149303    
0.1400143400    0.0173124500    0.0004054761    
0.1402559300    0.0175920000    0.0004128167    
0.1404975200    0.0179679380    0.0004127562    
0.1407391100    0.0176353370    0.0004092398    
0.1409806900    0.0169253680    0.0004037869    
0.1412222800    0.0174159630    0.0004055711    
0.1414638700    0.0169818340    0.0004012701    
0.1417054600    0.0171019000    0.0003995597    
0.1419470500    0.0175090650    0.0004087379    
0.1421886400    0.0174972310    0.0004046211    
0.1424302300    0.0171317100    0.0004014632    
0.1426718100    0.0179165300    0.0004113583    
0.1429134000    0.0176021030    0.0004069375    
0.1431549900    0.0168152170    0.0003986709    
0.1433965800    0.0181527200    0.0004143852    
0.1436381700    0.0175406500    0.0004046525    
0.1438797600    0.0170288840    0.0003983978    
0.1441213500    0.0176052220    0.0004057106    
0.1443629300    0.0176533700    0.0004056371    
0.1446045200    0.0175219790    0.0004044371    
0.1448461100    0.0181287610    0.0004113803    
0.1450877000    0.0173815750    0.0004003441    
0.1453292900    0.0172941730    0.0004027350    
0.1455708800    0.0183698370    0.0004128314    
0.1458124700    0.0178787510    0.0004109244    
0.1460540500    0.0178036660    0.0004034841    
0.1462956400    0.0184762460    0.0004138663    
0.1465372300    0.0171656000    0.0003976972    
0.1467788200    0.0169241350    0.0003944388    
0.1470204100    0.0177092230    0.0004039455    
0.1472620000    0.0179261620    0.0004059476    
0.1475035900    0.0173493120    0.0003987557    
0.1477451700    0.0177357360    0.0004048664    
0.1479867600    0.0173841280    0.0003984001    
0.1482283500    0.0180268040    0.0004083314    
0.1484699400    0.0171698850    0.0003968391    
0.1487115300    0.0173856360    0.0004005439    
0.1489531200    0.0184837450    0.0004080387    
0.1491947000    0.0180139820    0.0004058603    
0.1494362900    0.0176481470    0.0003997543    
0.1496778800    0.0180780740    0.0004059671    
0.1499194700    0.0174328320    0.0003980555    
0.1501610600    0.0181647250    0.0004070926    
0.1504026500    0.0180828530    0.0004040420    
0.1506442400    0.0177055320    0.0004034417    
0.1508858200    0.0182194660    0.0004077055    
0.1511274100    0.0180290290    0.0004025380    
0.1513690000    0.0176245890    0.0003979974    
0.1516105900    0.0181189850    0.0004047483    
0.1518521800    0.0175690660    0.0003979631    
0.1520937700    0.0184103190    0.0004063187    
0.1523353600    0.0188598160    0.0004115549    
0.1525769400    0.0178387020    0.0004016055    
0.1528185300    0.0175641550    0.0003980561    
0.1530601200    0.0171714130    0.0003927011    
0.1533017100    0.0172704860    0.0003958997    
0.1535433000    0.0175980440    0.0003957866    
0.1537848900    0.0173093360    0.0003923819    
0.1540264800    0.0180116130    0.0004011505    
0.1542680600    0.0175210890    0.0003953579    
0.1545096500    0.0169832230    0.0003873855    
0.1547512400    0.0175746160    0.0003959613    
0.1549928300    0.0176733870    0.0003967793    
0.1552344200    0.0173410310    0.0003925964    
0.1554760100    0.0175939710    0.0003955949    
0.1557176000    0.0179486080    0.0004010424    
0.1559591800    0.0180299280    0.0004001713    
0.1562007700    0.0182678230    0.0004004523    
0.1564423600    0.0181010470    0.0003980416    
0.1566839500    0.0177126030    0.0003976597    
0.1569255400    0.0184619850    0.0004031616    
0.1571671300    0.0180173190    0.0003984222    
0.1574087100    0.0173515750    0.0003888690    
0.1576503000    0.0181054230    0.0004017480    
0.1578918900    0.0175836530    0.0003910376    
0.1581334800    0.0173400340    0.0003905770    
0.1583750700    0.0183835610    0.0004028926    
0.1586166600    0.0178880660    0.0004067571    
0.1588582500    0.0187052460    0.0004154670    
0.1590998300    0.0182943160    0.0004156726    
0.1593414200    0.0180910650    0.0004161340    
0.1595830100    0.0180909040    0.0004184616    
0.1598246000    0.0183368020    0.0004204539    
0.1600661900    0.0177319130    0.0004174816    
0.1603077800    0.0178076370    0.0004204313    
0.1605493700    0.0177170230    0.0004200517    
0.1607909500    0.0170545280    0.0004131473    
0.1610325400    0.0179990100    0.0004270976    
0.1612741300    0.0176185550    0.0004227371    
0.1615157200    0.0178190100    0.0004269328    
0.1617573100    0.0174132020    0.0004225808    
0.1619989000    0.0176989110    0.0004295144    
0.1622404900    0.0181209110    0.0004325551    
0.1624820700    0.0173892110    0.0004279631    
0.1627236600    0.0181473340    0.0004360526    
0.1629652500    0.0177344320    0.0004305032    
0.1632068400    0.0174506430    0.0004208947    
0.1634484300    0.0177070150    0.0004173584    
0.1636900200    0.0172320450    0.0004112203    
0.1639316100    0.0162745380    0.0003970581    
0.1641731900    0.0176798680    0.0004135147    
0.1644147800    0.0177817720    0.0004114211    
0.1646563700    0.0171898460    0.0004059587    
0.1648979600    0.0179168250    0.0004110402    
0.1651395500    0.0174581210    0.0004076597    
0.1653811400    0.0177808520    0.0004089984    
0.1656227200    0.0177537690    0.0004107732    
0.1658643100    0.0174878740    0.0004045129    
0.1661059000    0.0178580430    0.0004082972    
0.1663474900    0.0176773010    0.0004034273    
0.1665890800    0.0172222320    0.0003980490    
0.1668306700    0.0181844050    0.0004110585    
0.1670722600    0.0171394330    0.0003970910    
0.1673138400    0.0177331110    0.0004037558    
0.1675554300    0.0175774620    0.0004000046    
0.1677970200    0.0171868320    0.0003973369    
0.1680386100    0.0177693700    0.0004044766    
0.1682802000    0.0178279980    0.0004026934    
0.1685217900    0.0171748550    0.0003939146    
0.1687633800    0.0175690660    0.0003979631    
0.1690049600    0.0180323810    0.0004057603    
0.1692465500    0.0163251460    0.0003812039    
0.1694881400    0.0175370910    0.0003977493    
0.1697297300    0.0178274300    0.0003998348    
0.1699713200    0.0175575970    0.0003987275    
0.1702129100    0.0174565790    0.0003939022    
0.1704545000    0.0184315260    0.0004057997    
0.1706960800    0.0173127480    0.0003949020    
0.1709376700    0.0175111530    0.0003926425    
0.1711792600    0.0174801810    0.0003937337    
0.1714208500    0.0168685700    0.0003846703    
0.1716624400    0.0177368310    0.0003969054    
0.1719040300    0.0176210410    0.0003921601    
0.1721456200    0.0169617380    0.0003862930    
0.1723872000    0.0175687710    0.0003931446    
0.1726287900    0.0178025690    0.0003953199    
0.1728703800    0.0170870760    0.0003881422    
0.1731119700    0.0171846600    0.0003872738    
0.1733535600    0.0179045430    0.0003954452    
0.1735951500    0.0169139360    0.0003821444    
0.1738367300    0.0172097180    0.0003868574    
0.1740783200    0.0168432560    0.0003809366    
0.1743199100    0.0173542680    0.0003870867    
0.1745615000    0.0175466140    0.0003883934    
0.1748030900    0.0175318710    0.0003874033    
0.1750446800    0.0173395420    0.0003895789    
0.1752862700    0.0175087280    0.0003863264    
0.1755278500    0.0174348520    0.0003909317    
0.1757694400    0.0177458830    0.0003897606    
0.1760110300    0.0175513070    0.0003883071    
0.1762526200    0.0174849090    0.0003855194    
0.1764942100    0.0164315980    0.0003741224    
0.1767358000    0.0177779350    0.0003888733    
0.1769773900    0.0173473250    0.0003833253    
0.1772189700    0.0175529100    0.0003862683    
0.1774605600    0.0172762320    0.0003842960    
0.1777021500    0.0176053200    0.0003863009    
0.1779437400    0.0171681310    0.0003816083    
0.1781853300    0.0184208190    0.0003962612    
0.1784269200    0.0173771880    0.0003813869    
0.1786685100    0.0169488630    0.0003775748    
0.1789100900    0.0170905170    0.0003778352    
0.1791516800    0.0173510310    0.0003813644    
0.1793932700    0.0175895630    0.0003841102    
0.1796348600    0.0170081250    0.0003760137    
0.1798764500    0.0170663150    0.0003766563    
0.1801180400    0.0179432110    0.0003863448    
0.1803596200    0.0181391390    0.0003910169    
0.1806012100    0.0173463640    0.0003793425    
0.1808428000    0.0172432600    0.0003780835    
0.1810843900    0.0172773940    0.0003772932    
0.1813259800    0.0170389390    0.0003753216    
0.1815675700    0.0171867630    0.0003763024    
0.1818091600    0.0169082680    0.0003729866    
0.1820507400    0.0167830480    0.0003718564    
0.1822923300    0.0179454160    0.0003837330    
0.1825339200    0.0173954070    0.0003789678    
0.1827755100    0.0163693990    0.0003661224    
0.1830171000    0.0167702890    0.0003735040    
0.1832586900    0.0176650210    0.0003795639    
0.1835002800    0.0175456300    0.0003786631    
0.1837418600    0.0174348520    0.0003764477    
0.1839834500    0.0180235350    0.0003841758    
0.1842250400    0.0170288840    0.0003726670    
0.1844666300    0.0175723120    0.0003781835    
0.1847082200    0.0172966740    0.0003749530    
0.1849498100    0.0169407470    0.0003714504    
0.1851914000    0.0176240930    0.0003808001    
0.1854329800    0.0174620010    0.0003771218    
0.1856745700    0.0171546540    0.0003741671    
0.1859161600    0.0176226120    0.0003765722    
0.1861577500    0.0172524570    0.0003725963    
0.1863993400    0.0171912530    0.0003729306    
0.1866409300    0.0172718840    0.0003720627    
0.1868825200    0.0167321330    0.0003692809    
0.1871241000    0.0168663140    0.0003677905    
0.1873656900    0.0181094760    0.0003831460    
0.1876072800    0.0172033450    0.0003705862    
0.1878488700    0.0174511080    0.0003766231    
0.1880904600    0.0169000130    0.0003697582    
0.1883320500    0.0170816400    0.0003689072    
0.1885736300    0.0174455170    0.0003735563    
0.1888152200    0.0172421180    0.0003712492    
0.1890568100    0.0168437490    0.0003679113    
0.1892984000    0.0173023280    0.0003709156    
0.1895399900    0.0173210150    0.0003723443    
0.1897815800    0.0176011610    0.0003753433    
0.1900231700    0.0172089570    0.0003711379    
0.1902647500    0.0174445830    0.0003726829    
0.1905063400    0.0180449510    0.0003814395    
0.1907479300    0.0176227710    0.0003749526    
0.1909895200    0.0173337170    0.0003703988    
0.1912311100    0.0174031090    0.0003716272    
0.1914727000    0.0168461220    0.0003652718    
0.1917142900    0.0170816400    0.0003689072    
0.1919558700    0.0174513880    0.0003697195    
0.1921974600    0.0172648850    0.0003708807    
0.1924390500    0.0170822470    0.0003695241    
0.1926806400    0.0171378970    0.0003686635    
0.1929222300    0.0173137340    0.0003711601    
0.1931638200    0.0174087600    0.0003691479    
0.1934054100    0.0175321640    0.0003736172    
0.1936469900    0.0175097470    0.0003704574    
0.1938885800    0.0177173370    0.0003745980    
0.1941301700    0.0168261930    0.0003633904    
0.1943717600    0.0167383030    0.0003642206    
0.1946133500    0.0166229030    0.0003596717    
0.1948549400    0.0168826170    0.0003649496    
0.1950965300    0.0174479750    0.0003706467    
0.1953381100    0.0165288160    0.0003605167    
0.1955797000    0.0171620620    0.0003680779    
0.1958212900    0.0167235090    0.0003613414    
0.1960628800    0.0175780810    0.0003705785    
0.1963044700    0.0171242260    0.0003651727    
0.1965460600    0.0177532080    0.0003748541    
0.1967876400    0.0175976500    0.0003693531    
0.1970292300    0.0170413120    0.0003638185    
0.1972708200    0.0171021790    0.0003661205    
0.1975124100    0.0174165870    0.0003692309    
0.1977540000    0.0174209450    0.0003691574    
0.1979955900    0.0168905820    0.0003632593    
0.1982371800    0.0169046730    0.0003642369    
0.1984787600    0.0173802850    0.0003651933    
0.1987203500    0.0175348990    0.0003689310    
0.1989619400    0.0174642140    0.0003684236    
0.1992035300    0.0171415040    0.0003643008    
0.1994451200    0.0168999450    0.0003619571    
0.1996867100    0.0173293110    0.0003658220    
0.1999283000    0.0165743500    0.0003584534    
0.2001698800    0.0172310470    0.0003659560    
0.2004114700    0.0171907710    0.0003665918    
0.2006530600    0.0171861120    0.0003636102    
0.2008946500    0.0172940410    0.0003655665    
0.2011362400    0.0173314920    0.0003635266    
0.2013778300    0.0172177880    0.0003653449    
0.2016194200    0.0169442310    0.0003597834    
0.2018610000    0.0169307470    0.0003611289    
0.2021025900    0.0173491010    0.0003659138    
0.2023441800    0.0168385040    0.0003595706    
0.2025857700    0.0180938840    0.0003730896    
0.2028273600    0.0169651070    0.0003627707    
0.2030689500    0.0173775090    0.0003658626    
0.2033105400    0.0174847750    0.0003649002    
0.2035521200    0.0172992020    0.0003644563    
0.2037937100    0.0177035910    0.0003681066    
0.2040353000    0.0174519370    0.0003662948    
0.2042768900    0.0174144930    0.0003646265    
0.2045184800    0.0173179020    0.0003621281    
0.2047600700    0.0171411840    0.0003629034    
0.2050016500    0.0179360700    0.0003715774    
0.2052432400    0.0177558380    0.0003693526    
0.2054848300    0.0176329750    0.0003665590    
0.2057264200    0.0174571470    0.0003670515    
0.2059680100    0.0177655220    0.0003663189    
0.2062096000    0.0171356930    0.0003610115    
0.2064511900    0.0174424290    0.0003635418    
0.2066927700    0.0181092450    0.0003720642    
0.2069343600    0.0179643620    0.0003701043    
0.2071759500    0.0178463390    0.0003687701    
0.2074175400    0.0182348020    0.0003725269    
0.2076591300    0.0174264220    0.0003636032    
0.2079007200    0.0171882050    0.0003639805    
0.2081423100    0.0181810510    0.0003708103    
0.2083838900    0.0178585480    0.0003683154    
0.2086254800    0.0174805730    0.0003649715    
0.2088670700    0.0163642980    0.0003523484    
0.2091086600    0.0178380430    0.0003691508    
0.2093502500    0.0178743220    0.0003680151    
0.2095918400    0.0175386710    0.0003665042    
0.2098334300    0.0172814090    0.0003631157    
0.2100750100    0.0170918880    0.0003622659    
0.2103166000    0.0170630250    0.0003623058    
0.2105581900    0.0176015480    0.0003651962    
0.2107997800    0.0178793450    0.0003701640    
0.2110413700    0.0177187500    0.0003665251    
0.2112829600    0.0171597900    0.0003632159    
0.2115245400    0.0171058770    0.0003599045    
0.2117661300    0.0177373330    0.0003688081    
0.2120077200    0.0174027790    0.0003635851    
0.2122493100    0.0179778380    0.0003728430    
0.2124909000    0.0177086760    0.0003675772    
0.2127324900    0.0178773170    0.0003717992    
0.2129740800    0.0170475610    0.0003601955    
0.2132156600    0.0185772750    0.0003760089    
0.2134572500    0.0165947210    0.0003567314    
0.2136988400    0.0167038610    0.0003576754    
0.2139404300    0.0173396580    0.0003625830    
0.2141820200    0.0173252150    0.0003640362    
0.2144236100    0.0172630420    0.0003644231    
0.2146652000    0.0174416730    0.0003658377    
0.2149067800    0.0179571120    0.0003695630    
0.2151483700    0.0173216390    0.0003684621    
0.2153899600    0.0174223510    0.0003741770    
0.2156315500    0.0173884170    0.0003774743    
0.2158731400    0.0170734220    0.0003754441    
0.2161147300    0.0173436240    0.0003831500    
0.2163563200    0.0173866500    0.0003845701    
0.2165979000    0.0173715360    0.0003872793    
0.2168394900    0.0170938020    0.0003844460    
0.2170810800    0.0173228440    0.0003913830    
0.2173226700    0.0169531390    0.0003869007    
0.2175642600    0.0176501090    0.0003969575    
0.2178058500    0.0173139290    0.0003946211    
0.2180474400    0.0163298470    0.0003851122    
0.2182890200    0.0171549350    0.0003978775    
0.2185306100    0.0160876360    0.0003828220    
0.2187722000    0.0171992180    0.0004008499    
0.2190137900    0.0166396800    0.0003935149    
0.2192553800    0.0172093970    0.0004039497    
0.2194969700    0.0165556700    0.0003937365    
0.2197385500    0.0172128700    0.0003990066    
0.2199801400    0.0169780790    0.0003920919    
0.2202217300    0.0165200330    0.0003830491    
0.2204633200    0.0167681910    0.0003840827    
0.2207049100    0.0165510490    0.0003791090    
0.2209465000    0.0168289260    0.0003822782    
0.2211880900    0.0166181310    0.0003779777    
0.2214296700    0.0163223130    0.0003740660    
0.2216712600    0.0168659110    0.0003797050    
0.2219128500    0.0164818850    0.0003742984    
0.2221544400    0.0170924120    0.0003830608    
0.2223960300    0.0171534010    0.0003818472    
0.2226376200    0.0169571060    0.0003826317    
0.2228792100    0.0170038720    0.0003803132    
0.2231207900    0.0163999320    0.0003734982    
0.2233623800    0.0165640890    0.0003730045    
0.2236039700    0.0169492170    0.0003789013    
0.2238455600    0.0164068600    0.0003709719    
0.2240871500    0.0172300330    0.0003808265    
0.2243287400    0.0160437290    0.0003655756    
0.2245703300    0.0167126980    0.0003755900    
0.2248119100    0.0167081660    0.0003750149    
0.2250535000    0.0168731610    0.0003767307    
0.2252950900    0.0163084430    0.0003718005    
0.2255366800    0.0163543590    0.0003688432    
0.2257782700    0.0165673820    0.0003721363    
0.2260198600    0.0164783420    0.0003698565    
0.2262614500    0.0167656630    0.0003729388    
0.2265030300    0.0170671640    0.0003757610    
0.2267446200    0.0168467130    0.0003747417    
0.2269862100    0.0166336380    0.0003698191    
0.2272278000    0.0160799310    0.0003646065    
0.2274693900    0.0165319320    0.0003685612    
0.2277109800    0.0160769800    0.0003667143    
0.2279525600    0.0166849070    0.0003701365    
0.2281941500    0.0170205000    0.0003747337    
0.2284357400    0.0167025720    0.0003707109    
0.2286773300    0.0164858350    0.0003695595    
0.2289189200    0.0162437360    0.0003645908    
0.2291605100    0.0159860870    0.0003637902    
0.2294021000    0.0168244950    0.0003716816    
0.2296436800    0.0165757410    0.0003722302    
0.2298852700    0.0165064390    0.0003679015    
0.2301268600    0.0164396910    0.0003709564    
0.2303684500    0.0165873310    0.0003704412    
0.2306100400    0.0169232820    0.0003746878    
0.2308516300    0.0167381190    0.0003718664    
0.2310932200    0.0162022250    0.0003677578    
0.2313348000    0.0163114150    0.0003672215    
0.2315763900    0.0167177960    0.0003721504    
0.2318179800    0.0162944630    0.0003691863    
0.2320595700    0.0169149860    0.0003745959    
0.2323011600    0.0168032350    0.0003745166    
0.2325427500    0.0167865400    0.0003743305    
0.2327843400    0.0159731470    0.0003665456    
0.2330259200    0.0160854480    0.0003645442    
0.2332675100    0.0167509340    0.0003725190    
0.2335091000    0.0160659040    0.0003660809    
0.2337506900    0.0157276930    0.0003603442    
0.2339922800    0.0168566290    0.0003752409    
0.2342338700    0.0166902870    0.0003727405    
0.2344754600    0.0156637250    0.0003622215    
0.2347170400    0.0160467650    0.0003646051    
0.2349586300    0.0166236920    0.0003719961    
0.2352002200    0.0159385280    0.0003673018    
0.2354418100    0.0164115690    0.0003705106    
0.2356834000    0.0166227410    0.0003726285    
0.2359249900    0.0162119650    0.0003657248    
0.2361665700    0.0153942260    0.0003594663    
0.2364081600    0.0163621220    0.0003685499    
0.2366497500    0.0162503940    0.0003693271    
0.2368913400    0.0161325560    0.0003664598    
0.2371329300    0.0154924430    0.0003613659    
0.2373745200    0.0164032040    0.0003704161    
0.2376161100    0.0164784860    0.0003712652    
0.2378576900    0.0160880940    0.0003681187    
0.2380992800    0.0167018050    0.0003729978    
0.2383408700    0.0159317670    0.0003653076    
0.2385824600    0.0158666470    0.0003630517    
0.2388240500    0.0164373770    0.0003711878    
0.2390656400    0.0158532540    0.0003646595    
0.2393072300    0.0160825870    0.0003662709    
0.2395488100    0.0164032040    0.0003704161    
0.2397904000    0.0165734910    0.0003735005    
0.2400319900    0.0158601820    0.0003658851    
0.2402735800    0.0168780800    0.0003779727    
0.2405151700    0.0167684980    0.0003760850    
0.2407567600    0.0164125890    0.0003694992    
0.2409983500    0.0164525940    0.0003720060    
0.2412399300    0.0164996670    0.0003709898    
0.2414815200    0.0162344870    0.0003703070    
0.2417231100    0.0159636540    0.0003640346    
0.2419647000    0.0159500160    0.0003671767    
0.2422062900    0.0165882090    0.0003739271    
0.2424478800    0.0165576270    0.0003737128    
0.2426894600    0.0166445530    0.0003765389    
0.2429310500    0.0157098590    0.0003633855    
0.2431726400    0.0160909120    0.0003675104    
0.2434142300    0.0164685630    0.0003703841    
0.2436558200    0.0157763690    0.0003661998    
0.2438974100    0.0160018880    0.0003654771    
0.2441390000    0.0160291320    0.0003674435    
0.2443805800    0.0160599700    0.0003680538    
0.2446221700    0.0165163380    0.0003736384    
0.2448637600    0.0163004020    0.0003721010    
0.2451053500    0.0164968920    0.0003722472    
0.2453469400    0.0163596500    0.0003746266    
0.2455885300    0.0167488810    0.0003750794    
0.2458301200    0.0162978580    0.0003723341    
0.2460717000    0.0164564320    0.0003711453    
0.2463132900    0.0159539100    0.0003658153    
0.2465548800    0.0169560740    0.0003792442    
0.2467964700    0.0169706820    0.0003776862    
0.2470380600    0.0164264110    0.0003727503    
0.2472796500    0.0160429940    0.0003682454    
0.2475212400    0.0166212320    0.0003770742    
0.2477628200    0.0160221180    0.0003710056    
0.2480044100    0.0162368020    0.0003696872    
0.2482460000    0.0162144400    0.0003695614    
0.2484875900    0.0161078170    0.0003692473    
0.2487291800    0.0163024990    0.0003714720    
0.2489707700    0.0160291320    0.0003674435    
0.2492123600    0.0163409120    0.0003732203    
0.2494539400    0.0161955680    0.0003707721    
0.2496955300    0.0161504970    0.0003709085    
0.2499371200    0.0164264110    0.0003727503    
0.2501787100    0.0158660230    0.0003703821    
0.2504203000    0.0160036750    0.0003675366    
0.2506618900    0.0166780250    0.0003731186    
0.2509034700    0.0161755320    0.0003700226    
0.2511450600    0.0164901480    0.0003729505    
0.2513866500    0.0160965350    0.0003693771    
0.2516282400    0.0167596370    0.0003742893    
0.2518698300    0.0158063220    0.0003655190    
0.2521114200    0.0158890330    0.0003655792    
0.2523530100    0.0161893710    0.0003696627    
0.2525945900    0.0162029050    0.0003689154    
0.2528361800    0.0154373450    0.0003627550    
0.2530777700    0.0157533090    0.0003631299    
0.2533193600    0.0162635570    0.0003685807    
0.2535609500    0.0159395010    0.0003661594    
0.2538025400    0.0162814320    0.0003699370    
0.2540441300    0.0153736390    0.0003594759    
0.2542857100    0.0155512880    0.0003611699    
0.2545273000    0.0161728220    0.0003702513    
0.2547688900    0.0166028980    0.0003722773    
0.2550104800    0.0164101590    0.0003729581    
0.2552520700    0.0167856360    0.0003786662    
0.2554936600    0.0164427230    0.0003711193    
0.2557352500    0.0163244230    0.0003712014    
0.2559768300    0.0161802050    0.0003680172    
0.2562184200    0.0163557390    0.0003718174    
0.2564600100    0.0160825640    0.0003666509    
0.2567016000    0.0163363570    0.0003718575    
0.2569431900    0.0164044960    0.0003712032    
0.2571847800    0.0158396280    0.0003642497    
0.2574263700    0.0161945050    0.0003688197    
0.2576679500    0.0158322290    0.0003654348    
0.2579095400    0.0160345410    0.0003681484    
0.2581511300    0.0160518860    0.0003664279    
0.2583927200    0.0163608250    0.0003695534    
0.2586343100    0.0162679200    0.0003673612    
0.2588759000    0.0164135640    0.0003716940    
0.2591174800    0.0159225000    0.0003631906    
0.2593590700    0.0156232950    0.0003601329    
0.2596006600    0.0158401560    0.0003638772    
0.2598422500    0.0163170780    0.0003696987    
0.2600838400    0.0154254680    0.0003597058    
0.2603254300    0.0164372070    0.0003726118    
0.2605670200    0.0156435550    0.0003622397    
0.2608086000    0.0160249090    0.0003637331    
0.2610501900    0.0156071170    0.0003608160    
0.2612917800    0.0158003350    0.0003639239    
0.2615333700    0.0162661020    0.0003683547    
0.2617749600    0.0159039780    0.0003648623    
0.2620165500    0.0160603890    0.0003657653    
0.2622581400    0.0163045810    0.0003708461    
0.2624997200    0.0160686150    0.0003666188    
0.2627413100    0.0171287110    0.0003822459    
0.2629829000    0.0155780270    0.0003589941    
0.2632244900    0.0157350750    0.0003636771    
0.2634660800    0.0162823940    0.0003681577    
0.2637076700    0.0162693680    0.0003689019    
0.2639492600    0.0154328970    0.0003592934    
0.2641908400    0.0164518450    0.0003716093    
0.2644324300    0.0150857470    0.0003564667    
0.2646740200    0.0159885580    0.0003643184    
0.2649156100    0.0159382010    0.0003676850    
0.2651572000    0.0160489430    0.0003670308    
0.2653987900    0.0158873070    0.0003670975    
0.2656403800    0.0164640670    0.0003722654    
0.2658819600    0.0157264260    0.0003623177    
0.2661235500    0.0161527530    0.0003691154    
0.2663651400    0.0160156930    0.0003658878    
0.2666067300    0.0158474910    0.0003647200    
0.2668483200    0.0153766350    0.0003587623    
0.2670899100    0.0163519120    0.0003730825    
0.2673314900    0.0157289560    0.0003624722    
0.2675730800    0.0160965350    0.0003693771    
0.2678146700    0.0154202970    0.0003625546    
0.2680562600    0.0157584240    0.0003634409    
0.2682978500    0.0158806220    0.0003654824    
0.2685394400    0.0159210780    0.0003646792    
0.2687810300    0.0164172720    0.0003722556    
0.2690226100    0.0157720570    0.0003622173    
0.2692642000    0.0160396460    0.0003700253    
0.2695057900    0.0162139370    0.0003687844    
0.2697473800    0.0160993050    0.0003676062    
0.2699889700    0.0157796440    0.0003659801    
0.2702305600    0.0157501420    0.0003662824    
0.2704721500    0.0157796440    0.0003659801    
0.2707137300    0.0162246660    0.0003682672    
0.2709553200    0.0158141870    0.0003659946    
0.2711969100    0.0157031670    0.0003638152    
0.2714385000    0.0169520780    0.0003770855    
0.2716800900    0.0163557390    0.0003718174    
0.2719216800    0.0161408020    0.0003775174    
0.2721632700    0.0164220310    0.0003834663    
0.2724048500    0.0161855690    0.0003855893    
0.2726464400    0.0163953870    0.0003952130    
0.2728880300    0.0162877250    0.0003942245    
0.2731296200    0.0161708980    0.0003950000    
0.2733712100    0.0158943360    0.0003947761    
0.2736128000    0.0163019340    0.0004052750    
0.2738543800    0.0163725610    0.0004037994    
0.2740959700    0.0159380510    0.0004022401    
0.2743375600    0.0163237180    0.0004100194    
0.2745791500    0.0163291600    0.0004118486    
0.2748207400    0.0159567870    0.0004099578    
0.2750623300    0.0158514610    0.0004086025    
0.2753039200    0.0165562960    0.0004220305    
0.2755455000    0.0167209220    0.0004228067    
0.2757870900    0.0165635990    0.0004271012    
0.2760286800    0.0159628660    0.0004171962    
0.2762702700    0.0153734900    0.0004170256    
0.2765118600    0.0161597810    0.0004105913    
0.2767534500    0.0160039930    0.0004070274    
0.2769950400    0.0165011450    0.0004099742    
0.2772366200    0.0155517110    0.0003938720    
0.2774782100    0.0158603710    0.0003982555    
0.2777198000    0.0164622170    0.0004067536    
0.2779613900    0.0157303680    0.0003966199    
0.2782029800    0.0160905040    0.0003933885    
0.2784445700    0.0167653680    0.0004049558    
0.2786861600    0.0160872250    0.0003955609    
0.2789277400    0.0153232660    0.0003817716    
0.2791693300    0.0161667470    0.0003924476    
0.2794109200    0.0163213300    0.0003962001    
0.2796525100    0.0163078240    0.0003954065    
0.2798941000    0.0165685240    0.0003940422    
0.2801356900    0.0155995480    0.0003862647    
0.2803772800    0.0162364760    0.0003975518    
0.2806188600    0.0164985430    0.0003926000    
0.2808604500    0.0160721440    0.0003854109    
0.2811020400    0.0161868440    0.0003882731    
0.2813436300    0.0159997040    0.0003878218    
0.2815852200    0.0162442040    0.0003868764    
0.2818268100    0.0159819480    0.0003858079    
0.2820683900    0.0154694380    0.0003806006    
0.2823099800    0.0164552260    0.0003922360    
0.2825515700    0.0153955810    0.0003760617    
0.2827931600    0.0156923080    0.0003842278    
0.2830347500    0.0158178350    0.0003835261    
0.2832763400    0.0156057420    0.0003790527    
0.2835179300    0.0160200540    0.0003840514    
0.2837595100    0.0155628410    0.0003807156    
0.2840011000    0.0158976720    0.0003852354    
0.2842426900    0.0158954360    0.0003813928    
0.2844842800    0.0154740090    0.0003783162    
0.2847258700    0.0155215850    0.0003794793    
0.2849674600    0.0158947150    0.0003850507    
0.2852090500    0.0156812080    0.0003805491    
0.2854506300    0.0165686970    0.0003928261    
0.2856922200    0.0156524900    0.0003806375    
0.2859338100    0.0155335250    0.0003797712    
0.2861754000    0.0147158230    0.0003676659    
0.2864169900    0.0156317040    0.0003787904    
0.2866585800    0.0154792340    0.0003786703    
0.2869001700    0.0156295860    0.0003796318    
0.2871417500    0.0158974450    0.0003824331    
0.2873833400    0.0161060800    0.0003865583    
0.2876249300    0.0159759200    0.0003854378    
0.2878665200    0.0156574720    0.0003839508    
0.2881081100    0.0145606870    0.0003637899    
0.2883497000    0.0157290580    0.0003802574    
0.2885912900    0.0159191770    0.0003824030    
0.2888328700    0.0161978960    0.0003858830    
0.2890744600    0.0167373360    0.0003913627    
0.2893160500    0.0153263230    0.0003749296    
0.2895576400    0.0163718270    0.0003895846    
0.2897992300    0.0156513750    0.0003771689    
0.2900408200    0.0157406700    0.0003791007    
0.2902824000    0.0149534290    0.0003723262    
0.2905239900    0.0159221090    0.0003825838    
0.2907655800    0.0159849680    0.0003805945    
0.2910071700    0.0157312390    0.0003775618    
0.2912487600    0.0160512940    0.0003819572    
0.2914903500    0.0155150590    0.0003745371    
0.2917319400    0.0157434560    0.0003760184    
0.2919735200    0.0158106240    0.0003779462    
0.2922151100    0.0165347560    0.0003857831    
0.2924567000    0.0159371090    0.0003794550    
0.2926982900    0.0153975210    0.0003731157    
0.2929398800    0.0157251740    0.0003790575    
0.2931814700    0.0164220310    0.0003834663    
0.2934230600    0.0153941140    0.0003723777    
0.2936646400    0.0156940310    0.0003733501    
0.2939062300    0.0147304490    0.0003650806    
0.2941478200    0.0158137670    0.0003758796    
0.2943894100    0.0156065680    0.0003752186    
0.2946310000    0.0158125180    0.0003767021    
0.2948725900    0.0156760420    0.0003759124    
0.2951141800    0.0163451740    0.0003831368    
0.2953557600    0.0161847370    0.0003838308    
0.2955973500    0.0154052560    0.0003711302    
0.2958389400    0.0163015620    0.0003810690    
0.2960805300    0.0156922590    0.0003741559    
0.2963221200    0.0154122750    0.0003701197    
0.2965637100    0.0158894290    0.0003756671    
0.2968053000    0.0152890240    0.0003676904    
0.2970468800    0.0164910120    0.0003829944    
0.2972884700    0.0158903270    0.0003748511    
0.2975300600    0.0152713390    0.0003674777    
0.2977716500    0.0155622010    0.0003723270    
0.2980132400    0.0151124580    0.0003677226    
0.2982548300    0.0153301390    0.0003675120    
0.2984964100    0.0154787750    0.0003687514    
0.2987380000    0.0157054840    0.0003722557    
0.2989795900    0.0153294340    0.0003669682    
0.2992211800    0.0161463030    0.0003762082    
0.2994627700    0.0159849680    0.0003754161    
0.2997043600    0.0151631810    0.0003665771    
0.2999459500    0.0154620050    0.0003700357    
0.3001875300    0.0159200580    0.0003749270    
0.3004291200    0.0162169060    0.0003823424    
0.3006707100    0.0158833340    0.0003731321    
0.3009123000    0.0156984460    0.0003727176    
0.3011538900    0.0154304110    0.0003669749    
0.3013954800    0.0161731190    0.0003777570    
0.3016370700    0.0157706610    0.0003727549    
0.3018786500    0.0157001770    0.0003719210    
0.3021202400    0.0160584930    0.0003760039    
0.3023618300    0.0156673860    0.0003730330    
0.3026034200    0.0154216640    0.0003692819    
0.3028450100    0.0154974270    0.0003704594    
0.3030866000    0.0153541090    0.0003691489    
0.3033281900    0.0158159290    0.0003724748    
0.3035697700    0.0164258110    0.0003805576    
0.3038113600    0.0154785690    0.0003696918    
0.3040529500    0.0157693810    0.0003717912    
0.3042945400    0.0160557530    0.0003750157    
0.3045361300    0.0155290700    0.0003711097    
0.3047777200    0.0152726020    0.0003665542    
0.3050193100    0.0160173520    0.0003756590    
0.3052608900    0.0160287680    0.0003767566    
0.3055024800    0.0157395030    0.0003780870    
0.3057440700    0.0155875080    0.0003688383    
0.3059856600    0.0156378960    0.0003702379    
0.3062272500    0.0150746370    0.0003644365    
0.3064688400    0.0149218090    0.0003635143    
0.3067104200    0.0152338290    0.0003643664    
0.3069520100    0.0155830780    0.0003703963    
0.3071936000    0.0149353160    0.0003634123    
0.3074351900    0.0151365950    0.0003662556    
0.3076767800    0.0158219750    0.0003724106    
0.3079183700    0.0147992930    0.0003638926    
0.3081599600    0.0157029990    0.0003748384    
0.3084015400    0.0160324830    0.0003744722    
0.3086431300    0.0157385300    0.0003707548    
0.3088847200    0.0153332370    0.0003682217    
0.3091263100    0.0162315380    0.0003778866    
0.3093679000    0.0157848940    0.0003731956    
0.3096094900    0.0152406960    0.0003648439    
0.3098510800    0.0156628400    0.0003736669    
0.3100926600    0.0156904840    0.0003722139    
0.3103342500    0.0159465470    0.0003752388    
0.3105758400    0.0156340600    0.0003741534    
0.3108174300    0.0157572050    0.0003719178    
0.3110590200    0.0160759850    0.0003774496    
0.3113006100    0.0153693180    0.0003662477    
0.3115422000    0.0150479730    0.0003651818    
0.3117837800    0.0160467890    0.0003757299    
0.3120253700    0.0154329710    0.0003695526    
0.3122669600    0.0156388870    0.0003698470    
0.3125085500    0.0155848640    0.0003719125    
0.3127501400    0.0155366200    0.0003706557    
0.3129917300    0.0160758670    0.0003787015    
0.3132333100    0.0153097330    0.0003686150    
0.3134749000    0.0157603900    0.0003734522    
0.3137164900    0.0161200640    0.0003763126    
0.3139580800    0.0153446200    0.0003670164    
0.3141996700    0.0148131280    0.0003608667    
0.3144412600    0.0161583190    0.0003773084    
0.3146828500    0.0158311840    0.0003742900    
0.3149244300    0.0153885120    0.0003675409    
0.3151660200    0.0154049080    0.0003696232    
0.3154076100    0.0153637960    0.0003698095    
0.3156492000    0.0161714860    0.0003809540    
0.3158907900    0.0154801150    0.0003683654    
0.3161323800    0.0159036490    0.0003735063    
0.3163739700    0.0156079720    0.0003701524    
0.3166155500    0.0152896150    0.0003682374    
0.3168571400    0.0155867520    0.0003701700    
0.3170987300    0.0160966530    0.0003770008    
0.3173403200    0.0157434620    0.0003728418    
0.3175819100    0.0151743220    0.0003668464    
0.3178235000    0.0156728240    0.0003720044    
0.3180650900    0.0153419170    0.0003698190    
0.3183066700    0.0156000190    0.0003719566    
0.3185482600    0.0150434770    0.0003653956    
0.3187898500    0.0160266040    0.0003745392    
0.3190314400    0.0152466720    0.0003667779    
0.3192730300    0.0153629780    0.0003677712    
0.3195146200    0.0165646300    0.0003824418    
0.3197562100    0.0153933460    0.0003678663    
0.3199977900    0.0157848940    0.0003731956    
0.3202393800    0.0146656590    0.0003610436    
0.3204809700    0.0147446430    0.0003625488    
0.3207225600    0.0159306380    0.0003764310    
0.3209641500    0.0155189340    0.0003713982    
0.3212057400    0.0150483210    0.0003635879    
0.3214473200    0.0156245050    0.0003707531    
0.3216889100    0.0159823550    0.0003748382    
0.3219305000    0.0154733570    0.0003703074    
0.3221720900    0.0156666250    0.0003720669    
0.3224136800    0.0153135680    0.0003663785    
0.3226552700    0.0152872320    0.0003701173    
0.3228968600    0.0161437810    0.0003776904    
0.3231384400    0.0153490750    0.0003718326    
0.3233800300    0.0158565210    0.0003732238    
0.3236216200    0.0147183540    0.0003598415    
0.3238632100    0.0159730360    0.0003755504    
0.3241048000    0.0151055510    0.0003656115    
0.3243463900    0.0153420800    0.0003683278    
0.3245879800    0.0152666550    0.0003671524    
0.3248295600    0.0161701220    0.0003775840    
0.3250711500    0.0154471400    0.0003690464    
0.3253127400    0.0153162210    0.0003685577    
0.3255543300    0.0151900680    0.0003674419    
0.3257959200    0.0156293530    0.0003747928    
0.3260375100    0.0155402690    0.0003694831    
0.3262791000    0.0156011050    0.0003715602    
0.3265206800    0.0155327790    0.0003699329    
0.3267622700    0.0157658090    0.0003737905    
0.3270038600    0.0157134730    0.0003727593    
0.3272454500    0.0151650000    0.0003656606    
0.3274870400    0.0157876110    0.0003733642    
0.3277286300    0.0161352190    0.0003788403    
0.3279702200    0.0158688710    0.0003752859    
0.3282118000    0.0150788450    0.0003685449    
0.3284533900    0.0150966760    0.0003649693    
0.3286949800    0.0159581240    0.0003885298    
0.3289365700    0.0154620120    0.0003876421    
0.3291781600    0.0164891320    0.0004037381    
0.3294197500    0.0151156760    0.0003910680    
0.3296613300    0.0159009700    0.0004051942    
0.3299029200    0.0163145490    0.0004109576    
0.3301445100    0.0162996750    0.0004167093    
0.3303861000    0.0157734190    0.0004126679    
0.3306276900    0.0155894110    0.0004134090    
0.3308692800    0.0160644480    0.0004198511    
0.3311108700    0.0167779150    0.0004326275    
0.3313524500    0.0156868030    0.0004230416    
0.3315940400    0.0148916110    0.0004115967    
0.3318356300    0.0150469960    0.0004191055    
0.3320772200    0.0158831810    0.0004310103    
0.3323188100    0.0155853200    0.0004309351    
0.3325604000    0.0158481850    0.0004339120    
0.3328019900    0.0152849800    0.0004306055    
0.3330435700    0.0155868210    0.0004303191    
0.3332851600    0.0158545410    0.0004283447    
0.3335267500    0.0152209410    0.0004066515    
0.3337683400    0.0152643980    0.0004072316    
0.3340099300    0.0160579770    0.0004148919    
0.3342515200    0.0165598380    0.0004172687    
0.3344931100    0.0153556230    0.0003976753    
0.3347346900    0.0158863160    0.0004058764    
0.3349762800    0.0159294880    0.0004043486    
0.3352178700    0.0153297680    0.0003951549    
0.3354594600    0.0153273420    0.0003931380    
0.3357010500    0.0156072500    0.0003977096    
0.3359426400    0.0156515750    0.0003996183    
0.3361842300    0.0153282770    0.0003878402    
0.3364258100    0.0154937820    0.0003892959    
0.3366674000    0.0160904410    0.0003972040    
0.3369089900    0.0160904650    0.0003957602    
0.3371505800    0.0163263900    0.0003978498    
0.3373921700    0.0159086120    0.0003936762    
0.3376337600    0.0151924100    0.0003844025    
0.3378753400    0.0160515280    0.0003952811    
0.3381169300    0.0156084560    0.0003879149    
0.3383585200    0.0151248020    0.0003860429    
0.3386001100    0.0151595860    0.0003807788    
0.3388417000    0.0153648040    0.0003847217    
0.3390832900    0.0150453520    0.0003769593    
0.3393248800    0.0159051610    0.0003904945    
0.3395664600    0.0154125280    0.0003836384    
0.3398080500    0.0152998210    0.0003817803    
0.3400496400    0.0161567730    0.0003909405    
0.3402912300    0.0159836940    0.0003882329    
0.3405328200    0.0155053030    0.0003846392    
0.3407744100    0.0146963320    0.0003746189    
0.3410160000    0.0152577550    0.0003821611    
0.3412575800    0.0160031900    0.0003871110    
0.3414991700    0.0159783980    0.0003865113    
0.3417407600    0.0157740910    0.0003850777    
0.3419823500    0.0157664010    0.0003821666    
0.3422239400    0.0151439070    0.0003761373    
0.3424655300    0.0156275430    0.0003829866    
0.3427071200    0.0157454680    0.0003832387    
0.3429487000    0.0148097030    0.0003721078    
0.3431902900    0.0153330300    0.0003802487    
0.3434318800    0.0153848200    0.0003839014    
0.3436734700    0.0158289700    0.0003823378    
0.3439150600    0.0156187430    0.0003789216    
0.3441566500    0.0151972020    0.0003760716    
0.3443982300    0.0158492090    0.0003836108    
0.3446398200    0.0157550890    0.0003814445    
0.3448814100    0.0154871000    0.0003792033    
0.3451230000    0.0153461030    0.0003779095    
0.3453645900    0.0149738500    0.0003732978    
0.3456061800    0.0150162810    0.0003723935    
0.3458477700    0.0160656390    0.0003877152    
0.3460893500    0.0150201730    0.0003744527    
0.3463309400    0.0156463210    0.0003792560    
0.3465725300    0.0153086500    0.0003752842    
0.3468141200    0.0161678740    0.0003871504    
0.3470557100    0.0153437350    0.0003761443    
0.3472973000    0.0154977610    0.0003788968    
0.3475388900    0.0162797820    0.0003859763    
0.3477804700    0.0155083720    0.0003785909    
0.3480220600    0.0160197150    0.0003849292    
0.3482636500    0.0155123430    0.0003783498    
0.3485052400    0.0158052020    0.0003856074    
0.3487468300    0.0162502270    0.0003868005    
0.3489884200    0.0153638500    0.0003759602    
0.3492300100    0.0165806600    0.0003890845    
0.3494715900    0.0160412570    0.0003853356    
0.3497131800    0.0154485000    0.0003755659    
0.3499547700    0.0155334460    0.0003787519    
0.3501963600    0.0157947740    0.0003801833    
0.3504379500    0.0156306470    0.0003792104    
0.3506795400    0.0153990610    0.0003768218    
0.3509211300    0.0150785960    0.0003735944    
0.3511627100    0.0150345880    0.0003731919    
0.3514043000    0.0156402370    0.0003778893    
0.3516458900    0.0153630110    0.0003753781    
0.3518874800    0.0155580640    0.0003768953    
0.3521290700    0.0163556430    0.0003865816    
0.3523706600    0.0152094730    0.0003736396    
0.3526122400    0.0160112250    0.0003830700    
0.3528538300    0.0154256920    0.0003765726    
0.3530954200    0.0155465970    0.0003786226    
0.3533370100    0.0149179130    0.0003701818    
0.3535786000    0.0150110760    0.0003737615    
0.3538201900    0.0159601010    0.0003813016    
0.3540617800    0.0154031900    0.0003765847    
0.3543033600    0.0157086490    0.0003780008    
0.3545449500    0.0154261860    0.0003755788    
0.3547865400    0.0154423260    0.0003746416    
0.3550281300    0.0157474430    0.0003804796    
0.3552697200    0.0152365580    0.0003734047    
0.3555113100    0.0157143140    0.0003797900    
0.3557529000    0.0150671690    0.0003721707    
0.3559944800    0.0146678000    0.0003649881    
0.3562360700    0.0151157930    0.0003752076    
0.3564776600    0.0146444270    0.0003649719    
0.3567192500    0.0152337170    0.0003726642    
0.3569608400    0.0156459900    0.0003768204    
0.3572024300    0.0160297000    0.0003828551    
0.3574440200    0.0156813610    0.0003776723    
0.3576856000    0.0152755920    0.0003740245    
0.3579271900    0.0149671500    0.0003692499    
0.3581687800    0.0152737260    0.0003744280    
0.3584103700    0.0147505410    0.0003667066    
0.3586519600    0.0156579930    0.0003809967    
0.3588935500    0.0150604200    0.0003710994    
0.3591351400    0.0153854890    0.0003753675    
0.3593767200    0.0153374260    0.0003730862    
0.3596183100    0.0160424360    0.0003809921    
0.3598599000    0.0159630390    0.0003814806    
0.3601014900    0.0156037160    0.0003774479    
0.3603430800    0.0152361080    0.0003728343    
0.3605846700    0.0157113930    0.0003781763    
0.3608262500    0.0157124140    0.0003791908    
0.3610678400    0.0154798630    0.0003756629    
0.3613094300    0.0154385180    0.0003774484    
0.3615510200    0.0155631140    0.0003762457    
0.3617926100    0.0151286920    0.0003705387    
0.3620342000    0.0159539230    0.0003813717    
0.3622757900    0.0158905670    0.0003801832    
0.3625173700    0.0146665310    0.0003655228    
0.3627589600    0.0154028490    0.0003750106    
0.3630005500    0.0152514560    0.0003723191    
0.3632421400    0.0157485850    0.0003781960    
0.3634837300    0.0158250740    0.0003806921    
0.3637253200    0.0149249270    0.0003701280    
0.3639669100    0.0152510270    0.0003744345    
0.3642084900    0.0158037330    0.0003784308    
0.3644500800    0.0156567760    0.0003775184    
0.3646916700    0.0153455890    0.0003741714    
0.3649332600    0.0153178920    0.0003717322    
0.3651748500    0.0160634580    0.0003818145    
0.3654164400    0.0155385440    0.0003770869    
0.3656580300    0.0157196490    0.0003787043    
0.3658996100    0.0155941870    0.0003763376    
0.3661412000    0.0149784540    0.0003695287    
0.3663827900    0.0151111000    0.0003748603    
0.3666243800    0.0151866420    0.0003693090    
0.3668659700    0.0151286920    0.0003705387    
0.3671075600    0.0157122560    0.0003777596    
0.3673491500    0.0150199910    0.0003686512    
0.3675907300    0.0152750240    0.0003734513    
0.3678323200    0.0152324070    0.0003709708    
0.3680739100    0.0153530330    0.0003746872    
0.3683155000    0.0150514960    0.0003698703    
0.3685570900    0.0156850090    0.0003774319    
0.3687986800    0.0151798520    0.0003737021    
0.3690402600    0.0156711580    0.0003794124    
0.3692818500    0.0151397630    0.0003697026    
0.3695234400    0.0149493490    0.0003684744    
0.3697650300    0.0156054730    0.0003756268    
0.3700066200    0.0160208870    0.0003818829    
0.3702482100    0.0153112930    0.0003717911    
0.3704898000    0.0150583350    0.0003698152    
0.3707313800    0.0161575730    0.0003839431    
0.3709729700    0.0150560890    0.0003696485    
0.3712145600    0.0154114100    0.0003761119    
0.3714561500    0.0149752400    0.0003710336    
0.3716977400    0.0149428640    0.0003679794    
0.3719393300    0.0161660410    0.0003823137    
0.3721809200    0.0149066170    0.0003675328    
0.3724225000    0.0151965940    0.0003710904    
0.3726640900    0.0145641420    0.0003634228    
0.3729056800    0.0158972240    0.0003796910    
0.3731472700    0.0157654510    0.0003774059    
0.3733888600    0.0147049580    0.0003661395    
0.3736304500    0.0150718380    0.0003713808    
0.3738720400    0.0150786530    0.0003724544    
0.3741136200    0.0154616300    0.0003754416    
0.3743552100    0.0158484890    0.0003793937    
0.3745968000    0.0160666460    0.0003807091    
0.3748383900    0.0153934580    0.0003733462    
0.3750799800    0.0155046940    0.0003748333    
0.3753215700    0.0156968200    0.0003777161    
0.3755631500    0.0146852080    0.0003645196    
0.3758047400    0.0152672270    0.0003723714    
0.3760463300    0.0153861940    0.0003743832    
0.3762879200    0.0154693320    0.0003759612    
0.3765295100    0.0148139470    0.0003693114    
0.3767711000    0.0152123590    0.0003711435    
0.3770126900    0.0151443610    0.0003700356    
0.3772542700    0.0153728710    0.0003729566    
0.3774958600    0.0143796930    0.0003601683    
0.3777374500    0.0153662930    0.0003730166    
0.3779790400    0.0149012460    0.0003682970    
0.3782206300    0.0151151200    0.0003706512    
0.3784622200    0.0154477880    0.0003740045    
0.3787038100    0.0152178610    0.0003726109    
0.3789453900    0.0150901400    0.0003716062    
0.3791869800    0.0150236490    0.0003712090    
0.3794285700    0.0150268230    0.0003685969    
0.3796701600    0.0151332980    0.0003708741    
0.3799117500    0.0151397630    0.0003697026    
0.3801533400    0.0157513550    0.0003783717    
0.3803949300    0.0158242840    0.0003769824    
0.3806365100    0.0155809790    0.0003754725    
0.3808781000    0.0150268230    0.0003685969    
0.3811196900    0.0150169320    0.0003707037    
0.3813612800    0.0155888920    0.0003759909    
0.3816028700    0.0151860780    0.0003725033    
0.3818444600    0.0156540730    0.0003773436    
0.3820860500    0.0158180910    0.0003770489    
0.3823276300    0.0155035270    0.0003732811    
0.3825692200    0.0154320790    0.0003714531    
0.3828108100    0.0160015930    0.0003776861    
0.3830524000    0.0149552860    0.0003666216    
0.3832939900    0.0160757880    0.0003795430    
0.3835355800    0.0154216450    0.0003717408    
0.3837771600    0.0154424670    0.0003711660    
0.3840187500    0.0152566210    0.0003705728    
0.3842603400    0.0153408230    0.0003722887    
0.3845019300    0.0158229300    0.0003737816    
0.3847435200    0.0154379090    0.0003698830    
0.3849851100    0.0157430710    0.0003746227    
0.3852267000    0.0154132540    0.0003799089    
0.3854682800    0.0149710430    0.0003817455    
0.3857098700    0.0153368270    0.0003908185    
0.3859514600    0.0144721260    0.0003837802    
0.3861930500    0.0152320370    0.0003960718    
0.3864346400    0.0149301400    0.0003962048    
0.3866762300    0.0158022600    0.0004104829    
0.3869178200    0.0151632920    0.0004042467    
0.3871594000    0.0158767240    0.0004185338    
0.3874009900    0.0153984850    0.0004133170    
0.3876425800    0.0157634280    0.0004212953    
0.3878841700    0.0156357280    0.0004213579    
0.3881257600    0.0153809880    0.0004204905    
0.3883673500    0.0156272250    0.0004269033    
0.3886089400    0.0161645030    0.0004367190    
0.3888505200    0.0153913950    0.0004280344    
0.3890921100    0.0158730830    0.0004370578    
0.3893337000    0.0145310940    0.0004228374    
0.3895752900    0.0152427590    0.0004346213    
0.3898168800    0.0153559540    0.0004185567    
0.3900584700    0.0158848430    0.0004178775    
0.3903000600    0.0158825250    0.0004165214    
0.3905416400    0.0150905300    0.0004020212    
0.3907832300    0.0154077360    0.0004053264    
0.3910248200    0.0146960980    0.0003944639    
0.3912664100    0.0157753340    0.0004069107    
0.3915080000    0.0153243720    0.0003991480    
0.3917495900    0.0154889720    0.0004030253    
0.3919911700    0.0153114740    0.0004014075    
0.3922327600    0.0156090000    0.0003984014    
0.3924743500    0.0150929760    0.0003932543    
0.3927159400    0.0153741540    0.0003947285    
0.3929575300    0.0145562470    0.0003866914    
0.3931991200    0.0156730480    0.0003993862    
0.3934407100    0.0152247840    0.0003929713    
0.3936822900    0.0152154990    0.0003941786    
0.3939238800    0.0160732340    0.0004056518    
0.3941654700    0.0160834720    0.0004057810    
0.3944070600    0.0148462410    0.0003906906    
0.3946486500    0.0154288790    0.0003993047    
0.3948902400    0.0152890240    0.0003946294    
0.3951318300    0.0158632180    0.0004016326    
0.3953734100    0.0148863410    0.0003897268    
0.3956150000    0.0154852390    0.0003985010    
0.3958565900    0.0156689390    0.0003996710    
0.3960981800    0.0157684110    0.0004024702    
0.3963397700    0.0155086090    0.0004001639    
0.3965813600    0.0158390190    0.0004044041    
0.3968229500    0.0163536210    0.0004123344    
0.3970645300    0.0160414570    0.0004094394    
0.3973061200    0.0155071030    0.0004006589    
0.3975477100    0.0158158770    0.0004034190    
0.3977893000    0.0152745060    0.0003979842    
0.3980308900    0.0154834720    0.0004001819    
0.3982724800    0.0149737860    0.0003940470    
0.3985140700    0.0162320900    0.0004104460    
0.3987556500    0.0157673920    0.0004052256    
0.3989972400    0.0156228090    0.0004028424    
0.3992388300    0.0144885440    0.0003903014    
0.3994804200    0.0150642160    0.0003978066    
0.3997220100    0.0151409790    0.0004010943    
0.3999636000    0.0149837980    0.0003948578    
0.4002051800    0.0155054280    0.0004035902    
0.4004467700    0.0160105380    0.0004079863    
0.4006883600    0.0154330940    0.0004033504    
0.4009299500    0.0148557320    0.0003959066    
0.4011715400    0.0151698370    0.0004005958    
0.4014131300    0.0150163210    0.0003989134    
0.4016547200    0.0147979080    0.0003986353    
0.4018963000    0.0155006710    0.0004063675    
0.4021378900    0.0159167360    0.0004152820    
0.4023794800    0.0149680020    0.0003993242    
0.4026210700    0.0144629750    0.0003930505    
0.4028626600    0.0153293640    0.0004034043    
0.4031042500    0.0154516730    0.0004066230    
0.4033458400    0.0157940930    0.0004111038    
0.4035874200    0.0154490920    0.0004096879    
0.4038290100    0.0150878530    0.0004032398    
0.4040706000    0.0155421110    0.0004099979    
0.4043121900    0.0156979030    0.0004135325    
0.4045537800    0.0153014370    0.0004093870    
0.4047953700    0.0151405010    0.0004096518    
0.4050369600    0.0150390950    0.0004036705    
0.4052785400    0.0156062420    0.0004126961    
0.4055201300    0.0150687710    0.0004053441    
0.4057617200    0.0156151680    0.0004152618    
0.4060033100    0.0154067830    0.0004098650    
0.4062449000    0.0155173510    0.0004147186    
0.4064864900    0.0150630050    0.0004078537    
0.4067280800    0.0160640440    0.0004227380    
0.4069696600    0.0149756750    0.0004098697    
0.4072112500    0.0151443610    0.0004137124    
0.4074528400    0.0155221780    0.0004198251    
0.4076944300    0.0151917130    0.0004130074    
0.4079360200    0.0155173400    0.0004160579    
0.4081776100    0.0155575020    0.0004183394    
0.4084191900    0.0152318150    0.0004147111    
0.4086607800    0.0158023190    0.0004208344    
0.4089023700    0.0148171550    0.0004109539    
0.4091439600    0.0159451170    0.0004269142    
0.4093855500    0.0145854030    0.0004092763    
0.4096271400    0.0151311670    0.0004180582    
0.4098687300    0.0151295150    0.0004243774    
0.4101103100    0.0153518550    0.0004175154    
0.4103519000    0.0155734390    0.0004243271    
0.4105934900    0.0154218590    0.0004214504    
0.4108350800    0.0160044720    0.0004316085    
0.4110766700    0.0150820380    0.0004187840    
0.4113182600    0.0153515240    0.0004241465    
0.4115598500    0.0151851940    0.0004232832    
0.4118014300    0.0160897450    0.0004374217    
0.4120430200    0.0161527040    0.0004365596    
0.4122846100    0.0153370650    0.0004291873    
0.4125262000    0.0150480270    0.0004294181    
0.4127677900    0.0152267610    0.0004242771    
0.4130093800    0.0153741040    0.0004282165    
0.4132509700    0.0149173850    0.0004224346    
0.4134925500    0.0152639280    0.0004305253    
0.4137341400    0.0161741780    0.0004418449    
0.4139757300    0.0144060710    0.0004197328    
0.4142173200    0.0142736840    0.0004156992    
0.4144589100    0.0159372200    0.0004437289    
0.4147005000    0.0155769390    0.0004377894    
0.4149420800    0.0151222500    0.0004349139    
0.4151836700    0.0155525710    0.0004390160    
0.4154252600    0.0152621200    0.0004320237    
0.4156668500    0.0149854600    0.0004248737    
0.4159084400    0.0155516310    0.0004328255    
0.4161500300    0.0152195720    0.0004269035    
0.4163916200    0.0160177200    0.0004383894    
0.4166332000    0.0158326020    0.0004334853    
0.4168747900    0.0150436070    0.0004213053    
0.4171163800    0.0150277420    0.0004250487    
0.4173579700    0.0148447870    0.0004195385    
0.4175995600    0.0149930760    0.0004281989    
0.4178411500    0.0148630140    0.0004193842    
0.4180827400    0.0159189510    0.0004355231    
0.4183243200    0.0153905090    0.0004295072    
0.4185659100    0.0154586430    0.0004317450    
0.4188075000    0.0156359540    0.0004339973    
0.4190490900    0.0151978050    0.0004308942    
0.4192906800    0.0154231380    0.0004336382    
0.4195322700    0.0148709840    0.0004292883    
0.4197738600    0.0156269260    0.0004400642    
0.4200154400    0.0155676340    0.0004433442    
0.4202570300    0.0148820370    0.0004341537    
0.4204986200    0.0153190120    0.0004375075    
0.4207402100    0.0148440410    0.0004335991    
0.4209818000    0.0148837510    0.0004323677    
0.4212233900    0.0147130390    0.0004323626    
0.4214649800    0.0152762510    0.0004417242    
0.4217065600    0.0162306770    0.0004565235    
0.4219481500    0.0152881620    0.0004444909    
0.4221897400    0.0148858120    0.0004404935    
0.4224313300    0.0150878530    0.0004468636    
0.4226729200    0.0148751600    0.0004446790    
0.4229145100    0.0153852650    0.0004534896    
0.4231560900    0.0142057940    0.0004340810    
0.4233976800    0.0160759660    0.0004625339    
0.4236392700    0.0154097270    0.0004546058    
0.4238808600    0.0150135950    0.0004502278    
0.4241224500    0.0155981020    0.0004591651    
0.4243640400    0.0158740000    0.0004668824    
0.4246056300    0.0159741560    0.0004694222    
0.4248472100    0.0147324340    0.0004531448    
0.4250888000    0.0151299580    0.0004608168    
0.4253303900    0.0154569080    0.0004729737    
0.4255719800    0.0151089550    0.0004610333    
0.4258135700    0.0161501790    0.0004774900    
0.4260551600    0.0147142490    0.0004598203    
0.4262967500    0.0156471900    0.0004722100    
0.4265383300    0.0153634960    0.0004721088    
0.4267799200    0.0148681270    0.0004666843    
0.4270215100    0.0151461630    0.0004698885    
0.4272631000    0.0147790260    0.0004689982    
0.4275046900    0.0145023540    0.0004666056    
0.4277462800    0.0151683720    0.0004823262    
0.4279878700    0.0159072960    0.0004971030    
0.4282294500    0.0156837750    0.0004879782    
0.4284710400    0.0154316260    0.0004855691    
0.4287126300    0.0155785460    0.0004906781    
0.4289542200    0.0151073210    0.0004850668    
0.4291958100    0.0156693640    0.0004962537    
0.4294374000    0.0158482480    0.0005036904    
0.4296789900    0.0161732240    0.0005071496    
0.4299205700    0.0146207990    0.0004873600    
0.4301621600    0.0144743900    0.0004898839    
0.4304037500    0.0145779580    0.0004936720    
0.4306453400    0.0150280140    0.0005068823    
0.4308869300    0.0145842300    0.0004927555    
0.4311285200    0.0148855570    0.0005009389    
0.4313701000    0.0144467260    0.0004969825    
0.4316116900    0.0144947290    0.0005010111    
0.4318532800    0.0159892050    0.0005277224    
0.4320948700    0.0146643340    0.0005087001    
0.4323364600    0.0147106560    0.0005140319    
0.4325780500    0.0145061520    0.0005135122    
0.4328196400    0.0139926550    0.0005085717    
0.4330612200    0.0156551370    0.0005463680    
0.4333028100    0.0154104860    0.0005408020    
0.4335444000    0.0161817220    0.0005524349    
0.4337859900    0.0145873080    0.0005274052    
0.4340275800    0.0146470840    0.0005327093    
0.4342691700    0.0148754870    0.0005420929    
0.4345107600    0.0166417510    0.0005776436    
0.4347523400    0.0158979390    0.0005674218    
0.4349939300    0.0151187490    0.0005580432    
0.4352355200    0.0151674020    0.0005672287    
0.4354771100    0.0145318420    0.0005601614    
0.4357187000    0.0162813690    0.0006055106    
0.4359602900    0.0146505240    0.0005659991    
0.4362018800    0.0158714210    0.0005939730    
0.4364434600    0.0145520220    0.0005729853    
0.4366850500    0.0160937090    0.0006100305    
0.4369266400    0.0154814490    0.0006077000    
0.4371682300    0.0161337830    0.0006228378    
0.4374098200    0.0161598030    0.0006328667    
0.4376514100    0.0155261940    0.0006281226    
0.4378930000    0.0151531680    0.0006292011    
0.4381345800    0.0146954330    0.0006306414    
0.4383761700    0.0149682750    0.0006489570    
0.4386177600    0.0156043740    0.0006513140    
0.4388593500    0.0141426740    0.0006293407    
0.4391009400    0.0142701420    0.0006426949    
0.4393425300    0.0151027170    0.0006700747    
0.4395841100    0.0151342770    0.0006843956    
0.4398257000    0.0154123230    0.0007071659    
0.4400672900    0.0156541750    0.0007275112    
0.4403088800    0.0156519680    0.0007487352    
0.4405504700    0.0158254810    0.0007787210    
0.4407920600    0.0159692740    0.0008138695    
0.4410336500    0.0140454190    0.0007851628    
0.4412752300    0.0156957880    0.0008330459    
0.4415168200    0.0165660960    0.0008997468    
0.4417584100    0.0170245020    0.0012383503    
0.4420000000    0.0172729900    0.0018959570    